repeatability libsurvive; 20211016-001439; x y z w i j k;  frequency = 150 duration = 2 sys.args = ['repeatability.py']
1.126153718483017124e-01 -1.002053564045327083e-01 -5.699882195323895118e-02 6.107141770295905492e-02 6.756434179198282930e-01 -7.283481093613897173e-01 9.636018550756389467e-02
1.126146746340140892e-01 -1.001993210189074668e-01 -5.699827741609078680e-02 6.101668869752036733e-02 6.756501340747791406e-01 -7.283556848093102332e-01 9.629047944155041949e-02
1.125930664661768527e-01 -1.002103612001903343e-01 -5.690144142015463036e-02 6.104723250194399320e-02 6.755981380272293446e-01 -7.283936886400474986e-01 9.634845949645499952e-02
1.126008629695153807e-01 -1.001654387488069009e-01 -5.692416828281980645e-02 6.104771914782265024e-02 6.755105748315834990e-01 -7.284769221381410809e-01 9.633282508933806165e-02
1.126005685966684211e-01 -1.001628410606575786e-01 -5.692392193498741620e-02 6.102375275891813722e-02 6.755135277425429186e-01 -7.284801470667277012e-01 9.630291151196820887e-02
1.126755342614566696e-01 -1.001085799130235349e-01 -5.715372937790043351e-02 6.105709711940179862e-02 6.754802427414493549e-01 -7.285074883491858833e-01 9.630842110877650686e-02
1.126169334623604162e-01 -1.001420950021128520e-01 -5.697920149442711746e-02 6.103612451367411429e-02 6.755762935518674350e-01 -7.284163548863040738e-01 9.633730860482965508e-02
1.126162121630985974e-01 -1.001393569376552856e-01 -5.697902017474945624e-02 6.101675181647138457e-02 6.755803427586983823e-01 -7.284196044602069264e-01 9.629660593106197097e-02
1.126580091555400703e-01 -1.000561348477086027e-01 -5.714133630496349980e-02 6.105342560147622444e-02 6.754873577300347653e-01 -7.285025570054147748e-01 9.629814746812818960e-02
1.126030994210457797e-01 -1.000688796225230603e-01 -5.693514023889665460e-02 6.103929432966320734e-02 6.754906943114157292e-01 -7.284974160406321175e-01 9.632258960669823344e-02
1.126020735003940149e-01 -1.000663296074113529e-01 -5.693504019301673380e-02 6.102613995612650444e-02 6.754953539255991180e-01 -7.285002176177978184e-01 9.627704813612568413e-02
1.126214276148593679e-01 -9.995339829659874442e-02 -5.708267877119542477e-02 6.105375189243497647e-02 6.754665277030417192e-01 -7.285237032097138243e-01 9.628407549671767762e-02
1.125469161920392702e-01 -1.000021626242352385e-01 -5.688377767310950905e-02 6.103668604393384933e-02 6.755270974662812566e-01 -7.284655275316651579e-01 9.631011755557422616e-02
1.125462042376275673e-01 -9.999931554225234553e-02 -5.688356501164523737e-02 6.101542331995915558e-02 6.755311951682642091e-01 -7.284689644359066962e-01 9.626884400106001938e-02
1.126144923313681240e-01 -9.996072501600497540e-02 -5.706813159961336701e-02 6.103636637303494483e-02 6.754591638018689892e-01 -7.285316639403381922e-01 9.628652373192564395e-02
1.125238117620736278e-01 -1.000624842595907171e-01 -5.685513826033405937e-02 6.101415252808787409e-02 6.754892700971665276e-01 -7.285009468780048181e-01 9.632180216714561483e-02
1.125232904652214011e-01 -1.000600766184383816e-01 -5.685494436751213632e-02 6.099472258663751062e-02 6.754925670611174882e-01 -7.285038727466796038e-01 9.628885218368012089e-02
1.125081262534441406e-01 -9.992265279066266104e-02 -5.698432203437173160e-02 6.101644287990885818e-02 6.754922378578955833e-01 -7.285012212520870500e-01 9.629746064270221229e-02
1.124395224089616424e-01 -9.994972725705525418e-02 -5.678254995591827670e-02 6.099922848380062712e-02 6.755565397148869389e-01 -7.284395864468715676e-01 9.632354161854857211e-02
1.124387328456276786e-01 -9.994729890892750657e-02 -5.678240366892008811e-02 6.098328928556472767e-02 6.755605389762903146e-01 -7.284423363614900282e-01 9.628478177879973288e-02
1.125223031598831941e-01 -9.994949182146624367e-02 -5.698185251964748427e-02 6.103076623268693240e-02 6.754445439478602431e-01 -7.285459891309874481e-01 9.628424245570742224e-02
1.124639579302568193e-01 -9.994334093539276875e-02 -5.678945694234388553e-02 6.102733551850060556e-02 6.754763314497230775e-01 -7.285121222554576947e-01 9.631966412724358995e-02
1.124632432999689013e-01 -9.994043069798008716e-02 -5.678921411013979764e-02 6.100475179434416279e-02 6.754805592595366504e-01 -7.285156531210473796e-01 9.627760631916332246e-02
1.125283443226118008e-01 -9.987761784860330061e-02 -5.700301786558641115e-02 6.104473379516842796e-02 6.753937781850912758e-01 -7.285912427189268348e-01 9.628907465561464818e-02
1.124492230885327931e-01 -9.992328820761378627e-02 -5.678997589243019867e-02 6.104223489740957104e-02 6.754380239700286115e-01 -7.285450987141767198e-01 9.632943721284326077e-02
1.124483515776930342e-01 -9.992098692512527136e-02 -5.678986770585110061e-02 6.102884934750310575e-02 6.754421635950486058e-01 -7.285476305624716264e-01 9.628973562726045321e-02
1.125001103554736925e-01 -9.986044328623321087e-02 -5.696720038393150026e-02 6.106080058590510062e-02 6.753170068505525148e-01 -7.286585608081579402e-01 9.630794697844477503e-02
1.124580728464248669e-01 -9.990519415008185244e-02 -5.682571965956978444e-02 6.105998918339284459e-02 6.753579406144694097e-01 -7.286176945193287846e-01 9.633060263096519804e-02
1.124574223207533002e-01 -9.990260916527426982e-02 -5.682552554906836195e-02 6.104000695525625686e-02 6.753617185054004990e-01 -7.286208781483625163e-01 9.629269263367458420e-02
1.125329721766225449e-01 -9.988062122982650781e-02 -5.701337264699572749e-02 6.108870806409921750e-02 6.751924586687255703e-01 -7.287739367174933536e-01 9.629051181309267182e-02
1.124911966584130479e-01 -9.986108621256974127e-02 -5.685276289455080262e-02 6.108047194405946678e-02 6.752592900097068584e-01 -7.287100209014912844e-01 9.631081268697627706e-02
1.124904735579071863e-01 -9.985904159315435458e-02 -5.685267291550516466e-02 6.106793882794082223e-02 6.752629257515606609e-01 -7.287122912207446568e-01 9.627608517467706184e-02
1.125341303448030711e-01 -9.978219141189070829e-02 -5.703776748909144406e-02 6.110532295723195007e-02 6.751977745658450658e-01 -7.287686145761113066e-01 9.628297428121895818e-02
1.124753338450639045e-01 -9.978741438078825299e-02 -5.686679253545723345e-02 6.107857536412070187e-02 6.752967575793417110e-01 -7.286747865638343313e-01 9.631589827472669674e-02
1.124747626528603550e-01 -9.978460789798268560e-02 -5.686655544619810543e-02 6.105514340291551267e-02 6.753005215046503640e-01 -7.286783778901541053e-01 9.627718688749922760e-02
1.124735276388469096e-01 -9.978038083420981419e-02 -5.686631743426903696e-02 6.102573411008622994e-02 6.753073113368207592e-01 -7.286833133862977707e-01 9.621083007502695406e-02
1.124620737245252550e-01 -9.980254501924659682e-02 -5.690153260121136314e-02 6.110165542752740708e-02 6.751640804559196907e-01 -7.287955794889893202e-01 9.631747236839502402e-02
1.124613990319591611e-01 -9.979996193298729112e-02 -5.690137060885188530e-02 6.108228848611942097e-02 6.751680032994545888e-01 -7.287987035214509302e-01 9.627861184800280692e-02
1.124600753926312119e-01 -9.979501901402942909e-02 -5.690106780521947405e-02 6.104563609081805481e-02 6.751755443120883715e-01 -7.288047627772135106e-01 9.620307911076578233e-02
1.124565419687412332e-01 -9.980978945659607637e-02 -5.694501228752549271e-02 6.112364195729828864e-02 6.750382610004013184e-01 -7.289110970756679242e-01 9.631126174739955415e-02
1.124558274196137825e-01 -9.980744091847423838e-02 -5.694489850013877835e-02 6.110738944588341159e-02 6.750421218808581036e-01 -7.289138360984239728e-01 9.627377724997433772e-02
1.124544788487158581e-01 -9.980206282109084504e-02 -5.694454641126767136e-02 6.106557443249739647e-02 6.750501798643550044e-01 -7.289204931225621298e-01 9.619337290215007608e-02
1.124323406788394070e-01 -9.988656646476225254e-02 -5.696606002594607060e-02 6.113895619919633428e-02 6.749279299845830637e-01 -7.290131049852744960e-01 9.630270048823923179e-02
1.124317223065737503e-01 -9.988448481548778402e-02 -5.696596045009333364e-02 6.112413113380191221e-02 6.749312659169467432e-01 -7.290155739743728880e-01 9.627003575204992614e-02
1.124305430310473669e-01 -9.987965090182641947e-02 -5.696564262902681364e-02 6.108555124455029156e-02 6.749383344570398791e-01 -7.290216606512329722e-01 9.619884828221628159e-02
1.123934994367227075e-01 -9.994827667348628319e-02 -5.693694995456268643e-02 6.114411203796239758e-02 6.748466102628069008e-01 -7.290864670307962703e-01 9.631393342834568272e-02
1.124210309819181353e-01 -9.986358790508184646e-02 -5.707825418926308625e-02 6.119849025579499058e-02 6.747061774544905743e-01 -7.292084479032265865e-01 9.633980694255091237e-02
1.124202933068243343e-01 -9.986100213736776032e-02 -5.707813303012014561e-02 6.117940317017855900e-02 6.747101416135254937e-01 -7.292117058182582268e-01 9.629949911200511026e-02
1.123666692208810519e-01 -9.993933282418078490e-02 -5.692709349167680843e-02 6.118112851701365540e-02 6.747160364369449992e-01 -7.292020082798894576e-01 9.633052895515355207e-02
1.123986281275363985e-01 -9.987334678046098924e-02 -5.707128575388251135e-02 6.121784530964723137e-02 6.746426561066003469e-01 -7.292658169913498467e-01 9.633810328740378959e-02
1.123978594928630309e-01 -9.987067147053604876e-02 -5.707116272524023759e-02 6.119784382853051680e-02 6.746468524013492507e-01 -7.292691513047249163e-01 9.629617547429875080e-02
1.123545244015635991e-01 -9.985813389143602392e-02 -5.693873871146642313e-02 6.117274158650709559e-02 6.747979537677649686e-01 -7.291285714324010625e-01 9.631792978762454549e-02
1.123902501841331086e-01 -9.978854759268872276e-02 -5.708833210126339208e-02 6.119481438740929230e-02 6.747864488950140460e-01 -7.291361046934731194e-01 9.632748264216053902e-02
1.123895785306924938e-01 -9.978584151322972273e-02 -5.708818813788830993e-02 6.117309852562426847e-02 6.747904809496633183e-01 -7.291395268692010267e-01 9.628711852295614160e-02
1.123516199233724616e-01 -9.984187566485197562e-02 -5.695987405654000246e-02 6.117096942804728377e-02 6.748327734325876293e-01 -7.290977559969068489e-01 9.630837243349975318e-02
1.124075811740589126e-01 -9.978643110323047460e-02 -5.715146131441722899e-02 6.121885805610677994e-02 6.747478969168273499e-01 -7.291715477562389358e-01 9.631397077992194522e-02
1.124068355044010870e-01 -9.978376229710965439e-02 -5.715136055063445297e-02 6.119863242369399242e-02 6.747521389277472137e-01 -7.291748689725301436e-01 9.627195261753652977e-02
1.123904259733552874e-01 -9.980316800886147866e-02 -5.706320939554308802e-02 6.118315859873370288e-02 6.748503177559213029e-01 -7.290815999202127085e-01 9.630000200621553763e-02
1.124633030536773548e-01 -9.978150419685226369e-02 -5.724300326746865897e-02 6.121152636690835314e-02 6.747569089618232763e-01 -7.291646525300850001e-01 9.630769620751683524e-02
1.124628024967049833e-01 -9.977860739681762570e-02 -5.724281054035198352e-02 6.118480174910521929e-02 6.747606794390765828e-01 -7.291686158832677567e-01 9.626824569253326913e-02
1.124082904805333988e-01 -9.977395237548829232e-02 -5.708031508948821497e-02 6.116252887476993083e-02 6.748363867206224054e-01 -7.290960069543614974e-01 9.630165555536028543e-02
1.124897187572137386e-01 -9.978401990606761141e-02 -5.725181693435466707e-02 6.120204030249958016e-02 6.747466338429713995e-01 -7.291751798431070908e-01 9.630600957968724063e-02
1.124892548151815441e-01 -9.978152853608397710e-02 -5.725167299247999053e-02 6.117975382450359378e-02 6.747500734598967931e-01 -7.291784869803498159e-01 9.627102478360127780e-02
1.124077729092727851e-01 -9.982925103229951802e-02 -5.705714712528420912e-02 6.114571475067775291e-02 6.747905687907219674e-01 -7.291390591819478795e-01 9.630743592260385122e-02
1.124569496472937191e-01 -9.977817288034417087e-02 -5.722307826575974421e-02 6.119244620947963953e-02 6.747569029326385692e-01 -7.291661950014043381e-01 9.630818521199367710e-02
1.124564150724428474e-01 -9.977545121045075516e-02 -5.722291797541895209e-02 6.116848648082544998e-02 6.747607262954360419e-01 -7.291697662964956583e-01 9.626957167254104886e-02
1.123792558665916153e-01 -9.981748927854797171e-02 -5.703064763034666751e-02 6.114875075408220118e-02 6.747899141825682845e-01 -7.291398943579346925e-01 9.630377175581950056e-02
1.124133692589185107e-01 -9.974730702866725640e-02 -5.719953178971792784e-02 6.117172367546275247e-02 6.747435005138966435e-01 -7.291811367369920305e-01 9.630212128387408144e-02
1.124130750436836274e-01 -9.974512011110528431e-02 -5.719936245344599268e-02 6.115029134634401148e-02 6.747461410369161028e-01 -7.291841492641573108e-01 9.627441760901322976e-02
1.123380264701823866e-01 -9.975341960451476753e-02 -5.700414278506525656e-02 6.113821559820602908e-02 6.747983815052300827e-01 -7.291313514935204854e-01 9.631580960891879262e-02
1.124405786454448219e-01 -9.976512597457784515e-02 -5.721635753282985210e-02 6.119008116856901325e-02 6.746905100332140082e-01 -7.292267537906850228e-01 9.631630803558073606e-02
1.124397925841546103e-01 -9.976226551396877307e-02 -5.721625005131997233e-02 6.116830137893239372e-02 6.746950919663904367e-01 -7.292303962591579758e-01 9.627045733033352815e-02
1.123957557625027276e-01 -9.978045947425012718e-02 -5.709093509683933754e-02 6.117739498857642511e-02 6.745864231274586453e-01 -7.293278783505592333e-01 9.628774550888946626e-02
1.124585805713315123e-01 -9.974614682922473829e-02 -5.726379134130474280e-02 6.121295193414266061e-02 6.744870941250774576e-01 -7.294165548029020174e-01 9.628927226686431751e-02
1.124578931561763667e-01 -9.974351028478008196e-02 -5.726368565315152759e-02 6.119219929508163541e-02 6.744912822181833301e-01 -7.294199230472895312e-01 9.624760162616062542e-02
1.123962044780828090e-01 -9.980158227612456745e-02 -5.710772429720065158e-02 6.117926014578160820e-02 6.745453885971366415e-01 -7.293673054628394548e-01 9.627538923437148344e-02
1.124597287502741016e-01 -9.975790621145999570e-02 -5.728157061630925750e-02 6.122237962450978455e-02 6.744648095136274168e-01 -7.294370637329252727e-01 9.628401224267250924e-02
1.124591222190762657e-01 -9.975589743613604010e-02 -5.728154233169148457e-02 6.120795940894215026e-02 6.744682030746950163e-01 -7.294395734834138167e-01 9.625038899932136793e-02
1.124070618130611349e-01 -9.977895740663401958e-02 -5.714735664719922115e-02 6.119293383184016416e-02 6.745728328145161878e-01 -7.293410227543998259e-01 9.627351975084752489e-02
1.124651954425437000e-01 -9.973080448802348896e-02 -5.732177706461702438e-02 6.123635006426210448e-02 6.744880399500157164e-01 -7.294143002059185754e-01 9.628484849810572954e-02
1.124647144739096827e-01 -9.972801667132095982e-02 -5.732158946876449168e-02 6.121045077297814635e-02 6.744917632115775552e-01 -7.294181608068646128e-01 9.624598049288474177e-02
1.124172541213926124e-01 -9.967917724357742981e-02 -5.714319446198872637e-02 6.119330696205438347e-02 6.744929260629348722e-01 -7.294134819450251994e-01 9.628418473946029343e-02
1.124167709581377350e-01 -9.967640164126223556e-02 -5.714296866626399074e-02 6.116736654232033527e-02 6.744965117445396174e-01 -7.294174215518615112e-01 9.624569627448056885e-02
1.124807795381562031e-01 -9.964395376074804134e-02 -5.731900462051182921e-02 6.121168689652378703e-02 6.744753669257915751e-01 -7.294321581886691330e-01 9.625401496987558148e-02
1.124505107750583266e-01 -9.965823111115638955e-02 -5.722491794019621270e-02 6.118745970442758531e-02 6.746229362371126692e-01 -7.292965529739953157e-01 9.626279913852488213e-02
1.124501489163377138e-01 -9.965623823044296448e-02 -5.722479633067848598e-02 6.116939629526010891e-02 6.746258264630313750e-01 -7.292990902156600841e-01 9.623479743084439875e-02
1.124982433560055839e-01 -9.959445420639660707e-02 -5.740011760510761729e-02 6.120898951438168145e-02 6.745345789627478217e-01 -7.293802948174020750e-01 9.623381379876989883e-02
1.124615954947499469e-01 -9.961622817367758731e-02 -5.726951480699785796e-02 6.121371012062182260e-02 6.745529188138376098e-01 -7.293537125133874310e-01 9.630370426904427683e-02
1.124602837036019209e-01 -9.961111112408174706e-02 -5.726932084544049395e-02 6.117296830699102406e-02 6.745610888497088897e-01 -7.293603017641882014e-01 9.622242757725171791e-02
1.125377420024469416e-01 -9.958789757508897111e-02 -5.745169379861661541e-02 6.121726208090589455e-02 6.744421524232011578e-01 -7.294654994407216986e-01 9.623053041408258235e-02
1.124713271801264791e-01 -9.962281608737005856e-02 -5.729841003960439022e-02 6.120403469457445789e-02 6.745108484930728565e-01 -7.294000014788747377e-01 9.625393106194518600e-02
1.124708019099858042e-01 -9.962043943641671340e-02 -5.729829800756260083e-02 6.118379120838202817e-02 6.745143225948593280e-01 -7.294032589288351742e-01 9.621776432531403689e-02
1.125530364839822800e-01 -9.959837447130594212e-02 -5.748265959372135525e-02 6.122055842267516701e-02 6.744496417934155996e-01 -7.294591132032056668e-01 9.622435282163255277e-02
1.125530364839822800e-01 -9.959837447130594212e-02 -5.748265959372135525e-02 6.122055842267516701e-02 6.744496417934155996e-01 -7.294591132032056668e-01 9.622435282163255277e-02
1.124739193065290160e-01 -9.968091878900332825e-02 -5.731331589153654954e-02 6.121661560861547946e-02 6.744691079610550810e-01 -7.294321324877213186e-01 9.629492444600043499e-02
1.125159303652485537e-01 -9.966814512851836227e-02 -5.740153694085883829e-02 6.122299073954730331e-02 6.744209264999813103e-01 -7.294806484779414735e-01 9.626080614670788627e-02
1.124275595117862903e-01 -9.977822658613080820e-02 -5.722506523735978318e-02 6.120726693510103456e-02 6.744051888733412214e-01 -7.294917962783404874e-01 9.629657760091044072e-02
1.124268977174194967e-01 -9.977572141096230363e-02 -5.722495462262371102e-02 6.118636684452390118e-02 6.744093242113099462e-01 -7.294951454552865977e-01 9.625551769317870765e-02
1.124416837954480136e-01 -9.971354822858456701e-02 -5.733232817989428881e-02 6.121597838209861392e-02 6.743670601558832134e-01 -7.295301648685317275e-01 9.626739174989008829e-02
1.123791046080883371e-01 -9.971612378866048787e-02 -5.716802202615785949e-02 6.120161837964730595e-02 6.744437221345519484e-01 -7.294549010120916499e-01 9.630978647283455762e-02
1.123786329604076623e-01 -9.971397701539996827e-02 -5.716788702309615749e-02 6.118209174821942486e-02 6.744469615274550911e-01 -7.294578823768420595e-01 9.627692129471727978e-02
1.124232976392007533e-01 -9.966380713220550358e-02 -5.731715559524791503e-02 6.121848535207467107e-02 6.744172208847599714e-01 -7.294803886591051389e-01 9.629159769697262505e-02
1.123594794665223884e-01 -9.966787747836820810e-02 -5.716243936048021057e-02 6.120800747517592816e-02 6.744962629634815299e-01 -7.294046046665142446e-01 9.631870929628760791e-02
1.123589353154798715e-01 -9.966546405190741809e-02 -5.716228555603801442e-02 6.118627886105050540e-02 6.744999128933125698e-01 -7.294079923466822990e-01 9.628129354570250098e-02
1.124300846896630068e-01 -9.966785452320850447e-02 -5.731504010355943646e-02 6.122400693079572964e-02 6.744188807134279262e-01 -7.294803527780950869e-01 9.627673251274652955e-02
1.123803848901664404e-01 -9.966293538165663102e-02 -5.718225504364242429e-02 6.120788943012622774e-02 6.745276294701206821e-01 -7.293762624957420559e-01 9.631375322699951835e-02
1.123797954175328878e-01 -9.966072271609488498e-02 -5.718216448147524222e-02 6.118967145984820916e-02 6.745313016154415031e-01 -7.293792399649657865e-01 9.627705622703075505e-02
1.124357391354129099e-01 -9.963327331412151489e-02 -5.734143898955404439e-02 6.125027361654872271e-02 6.744478268524974895e-01 -7.294512039282787796e-01 9.627810718655666067e-02
1.124087008466858190e-01 -9.960008362856725972e-02 -5.722135445634297934e-02 6.122751768973618697e-02 6.745179648602496192e-01 -7.293829444731324552e-01 9.631835998418693257e-02
1.124082680703392539e-01 -9.959802335773292048e-02 -5.722123251298147362e-02 6.120891693696561137e-02 6.745211169443764421e-01 -7.293857645186594407e-01 9.628674779555836116e-02
1.124683009021981428e-01 -9.957333866045844917e-02 -5.737820461571277453e-02 6.126119723254411231e-02 6.744439182565924451e-01 -7.294523417570293322e-01 9.628991611542907225e-02
1.123854428045854559e-01 -9.961350815115824209e-02 -5.718767859423835170e-02 6.124717071950670777e-02 6.744469252449215579e-01 -7.294462916969161048e-01 9.632360373316699309e-02
1.123847415423253060e-01 -9.961144531051202566e-02 -5.718766068400998187e-02 6.123267544754250336e-02 6.744508215592848188e-01 -7.294488924160911214e-01 9.628583545090857454e-02
1.124161311322890155e-01 -9.955597949880441722e-02 -5.731487312920682808e-02 6.125940244040214283e-02 6.744579056244150994e-01 -7.294404264749663191e-01 9.628334942964836274e-02
1.123308618952736093e-01 -9.958309642304748188e-02 -5.712498359990232644e-02 6.125785775492565560e-02 6.744558247038109355e-01 -7.294355986202825104e-01 9.633547037228636090e-02
1.123303950678504470e-01 -9.958077863287274900e-02 -5.712479877407596052e-02 6.123603676933288276e-02 6.744592984268134028e-01 -7.294388019791164801e-01 9.630076185403052547e-02
1.123548137429612181e-01 -9.952102388786106257e-02 -5.725384316454011635e-02 6.127371195855652042e-02 6.744549074518872978e-01 -7.294405190932188310e-01 9.629454367668710546e-02
1.123056598847551879e-01 -9.951810505106498117e-02 -5.712281773293984705e-02 6.125152296204230962e-02 6.745588921084447742e-01 -7.293415556661853039e-01 9.632988731793876158e-02
1.123048183085407492e-01 -9.951590890648367993e-02 -5.712282380165093626e-02 6.123752867383285697e-02 6.745632513874068037e-01 -7.293442520124607809e-01 9.628783420534425819e-02
1.123034406390528567e-01 -9.944077300519901796e-02 -5.721975187994994549e-02 6.125397191389349294e-02 6.746327938952761949e-01 -7.292770409797048048e-01 9.629923066001991327e-02
1.122565705594226193e-01 -9.943193408905957875e-02 -5.708542275885471889e-02 6.122992988333396391e-02 6.747386897956949570e-01 -7.291778071565105934e-01 9.632404543878736458e-02
1.122561061407509192e-01 -9.942948238049900689e-02 -5.708521103013909637e-02 6.120645384703939096e-02 6.747422677310960237e-01 -7.291812082455430000e-01 9.628814925076784048e-02
1.123275031103049132e-01 -9.943489548618177076e-02 -5.723124877180771342e-02 6.123814801456456403e-02 6.746557143966420700e-01 -7.292558308067415007e-01 9.630934271435953598e-02
1.122923983743671916e-01 -9.942654772116338302e-02 -5.710544071692397194e-02 6.121446830546839468e-02 6.746864394640635920e-01 -7.292242280766585427e-01 9.634844295257112556e-02
1.122918740975072244e-01 -9.942435341408946414e-02 -5.710531023160218822e-02 6.119537836341139292e-02 6.746899324997649439e-01 -7.292272010844904617e-01 9.631360157787607901e-02
1.123895005144577436e-01 -9.947408032727617089e-02 -5.726245811107423533e-02 6.124254756852971771e-02 6.746166099725372511e-01 -7.292912788622919473e-01 9.631204749085389705e-02
1.123288650478165146e-01 -9.950351449097041834e-02 -5.711704480746614826e-02 6.121644410828223221e-02 6.746734130278834174e-01 -7.292360059752437396e-01 9.634926213167832598e-02
1.123281795110131487e-01 -9.950152530435737996e-02 -5.711702664994375983e-02 6.120259670488222004e-02 6.746772758545529491e-01 -7.292384639192298623e-01 9.631239973534530541e-02
1.123721477496052862e-01 -9.945422340551736406e-02 -5.725706805471907079e-02 6.123463267228962392e-02 6.746487701401359116e-01 -7.292607332360158123e-01 9.632310039632356602e-02
1.123124159710931214e-01 -9.948426923181813430e-02 -5.710941976898598060e-02 6.120213792325429614e-02 6.746924703407933821e-01 -7.292182655573837824e-01 9.635917162648094392e-02
1.123119255835188512e-01 -9.948184400744684852e-02 -5.710922987493009806e-02 6.117939527423260637e-02 6.746961352557991898e-01 -7.292216682474390588e-01 9.632219486281026755e-02
1.123842465942161556e-01 -9.948328165051624483e-02 -5.725894447722425923e-02 6.121757653028597757e-02 6.746736428198111257e-01 -7.292384787046072292e-01 9.632821593175441843e-02
1.123040350222465761e-01 -9.952087000383900983e-02 -5.707922906151766118e-02 6.120200409567148198e-02 6.746762256759818444e-01 -7.292333604640558464e-01 9.635876290501768637e-02
1.123035086035058666e-01 -9.951885644834418398e-02 -5.707911996117519260e-02 6.118493360652967755e-02 6.746796040440553588e-01 -7.292360613320412188e-01 9.632550357746705316e-02
1.123733231143419914e-01 -9.950248223115151780e-02 -5.724341037466337823e-02 6.123919299611512573e-02 6.745623184946881734e-01 -7.293399206383401889e-01 9.632611209591739054e-02
1.122973311976951799e-01 -9.957436688876677988e-02 -5.710032428110753400e-02 6.123421445406461439e-02 6.745880107656427871e-01 -7.293126702509176162e-01 9.635567301888894876e-02
1.122968179643227260e-01 -9.957160477173582214e-02 -5.710006784403909297e-02 6.120706653713397366e-02 6.745919226125248747e-01 -7.293168094515736222e-01 9.631419627050449850e-02
1.123647132892780370e-01 -9.953919600965527303e-02 -5.726624399521626496e-02 6.126970560442007718e-02 6.744803153676474095e-01 -7.294129884054390001e-01 9.632766841439538430e-02
1.123110538338585457e-01 -9.955063116303643211e-02 -5.715001648755174690e-02 6.127626201179156573e-02 6.744361833089900227e-01 -7.294498227644224952e-01 9.635356986856906392e-02
1.123104960963455801e-01 -9.954844049113878435e-02 -5.714989310479876017e-02 6.125733810985586891e-02 6.744397799514120218e-01 -7.294528882088989752e-01 9.631721357307414244e-02
1.123491191941748679e-01 -9.953602399420639901e-02 -5.723033943878637342e-02 6.128579528250836794e-02 6.743973323466205816e-01 -7.294882483709889121e-01 9.632852593587562517e-02
1.122840808683370356e-01 -9.957747495570723473e-02 -5.707551146798343911e-02 6.126680422367152684e-02 6.744086030422743461e-01 -7.294744139621717194e-01 9.636645794742332294e-02
1.122833896303349899e-01 -9.957495039963609740e-02 -5.707537048860427537e-02 6.124533589878963097e-02 6.744128832408017304e-01 -7.294779655778088623e-01 9.632325516683072630e-02
1.123357789466148809e-01 -9.953869106875733175e-02 -5.721753641122176437e-02 6.129927110059213424e-02 6.742736723788546049e-01 -7.296005499029092345e-01 9.633510097903870417e-02
1.122899269266166983e-01 -9.954526073945356435e-02 -5.707898873588980460e-02 6.127996264074844768e-02 6.742842433861581108e-01 -7.295869430554813295e-01 9.637643811047558184e-02
1.123564881356080708e-01 -9.955185219617086745e-02 -5.721638923358808582e-02 6.132290274109378214e-02 6.741965441417359095e-01 -7.296627061706789652e-01 9.638909010063387295e-02
1.123559861537682114e-01 -9.954946598447406148e-02 -5.721622056432035947e-02 6.130046828374074996e-02 6.742002772841874103e-01 -7.296661440099061480e-01 9.635121682591070436e-02
1.122998087389843330e-01 -9.956690839360023138e-02 -5.707712633232045474e-02 6.128120509004991723e-02 6.742319254235175086e-01 -7.296351133734368943e-01 9.637699920073951321e-02
1.123894573999439650e-01 -9.957705606815918375e-02 -5.725081636868378787e-02 6.133218765866466082e-02 6.741337810690628540e-01 -7.297210370273639057e-01 9.638057946619632554e-02
1.123890746960045511e-01 -9.957499981878434325e-02 -5.725066994681167476e-02 6.131225366847643798e-02 6.741368773886639021e-01 -7.297240425001484398e-01 9.634884478806926555e-02
1.123222029433397218e-01 -9.963010674893671426e-02 -5.710335328043827929e-02 6.130012162674983861e-02 6.741448460684298372e-01 -7.297123960998586067e-01 9.638900656258486688e-02
1.124037769009880311e-01 -9.965018069424183556e-02 -5.725588421356847535e-02 6.135664238159785344e-02 6.740820252267218926e-01 -7.297669665381694148e-01 9.637925218415110962e-02
1.124031970613973280e-01 -9.964802645963133365e-02 -5.725580670632784974e-02 6.133844892013430583e-02 6.740857417801414675e-01 -7.297700405448231953e-01 9.634155560294585530e-02
1.123322577427037089e-01 -9.972924708913759317e-02 -5.712094089011067466e-02 6.132313240461678000e-02 6.741050174007150453e-01 -7.297489307451048290e-01 9.637633020427685548e-02
1.123886255023364006e-01 -9.969318130971800695e-02 -5.726353077191213142e-02 6.136460178209000860e-02 6.740328898751248854e-01 -7.298095878654523583e-01 9.639509569668008870e-02
1.123882582955763043e-01 -9.969084732668440085e-02 -5.726332310774025214e-02 6.134023866646977352e-02 6.740361316762031318e-01 -7.298132334704446889e-01 9.636032672596542281e-02
1.123171425512049793e-01 -9.974699525138834566e-02 -5.712442941806454566e-02 6.132283912436822804e-02 6.740668048969774562e-01 -7.297816739109401762e-01 9.639585240793879795e-02
1.123673033923435483e-01 -9.972324988798460244e-02 -5.724579000088911296e-02 6.135819167193388990e-02 6.740188092029814060e-01 -7.298218151300139844e-01 9.640505855854621109e-02
1.123667519687178290e-01 -9.972127705706859691e-02 -5.724572490563745175e-02 6.134133337292557719e-02 6.740222628830799811e-01 -7.298246504982123239e-01 9.637016905228489028e-02
1.123259205271509159e-01 -9.972038263525465074e-02 -5.711458451854416890e-02 6.132311210467425444e-02 6.740413024583806756e-01 -7.298033543065487461e-01 9.640986746654786610e-02
1.123943399660256026e-01 -9.972091465117163822e-02 -5.724491671398029835e-02 6.135723480140636843e-02 6.739589874282898574e-01 -7.298765751865257112e-01 9.640932525511747286e-02
1.123938833684331590e-01 -9.971865235856169907e-02 -5.724475536094009859e-02 6.133505455216684693e-02 6.739625316348778483e-01 -7.298799451125493887e-01 9.637314334341717803e-02
1.123578938659860194e-01 -9.974272083431701130e-02 -5.713814821392734777e-02 6.132091054632798910e-02 6.740065985455058195e-01 -7.298375939701492454e-01 9.639469629990066180e-02
1.123965000743796655e-01 -9.969801255102392346e-02 -5.724562436423538681e-02 6.134226181189209037e-02 6.740012639437584774e-01 -7.298392817532780574e-01 9.640563224146557475e-02
1.123959528497022881e-01 -9.969582222914179226e-02 -5.724551865465074552e-02 6.132232662534007478e-02 6.740049608310236806e-01 -7.298425145170712725e-01 9.636798760908063533e-02
1.123391448735273912e-01 -9.972360676483342512e-02 -5.712197740523991540e-02 6.130676867289237830e-02 6.740671650941211235e-01 -7.297827537661782937e-01 9.639538039925442392e-02
1.123818952259254683e-01 -9.966482595219364193e-02 -5.726249780916586873e-02 6.136432908863667657e-02 6.739464885373757097e-01 -7.298888060067418859e-01 9.639958801620948647e-02
1.123811128006775156e-01 -9.966271492279099586e-02 -5.726253030761196267e-02 6.134932303987541968e-02 6.739507661776816816e-01 -7.298917293391157246e-01 9.635708989700657312e-02
1.123249618467376393e-01 -9.968571183943136793e-02 -5.713311689609706229e-02 6.132645878727510658e-02 6.739995590863703256e-01 -7.298429957429439785e-01 9.639948842683893071e-02
1.123624396348485571e-01 -9.963829685841181505e-02 -5.725356054936441008e-02 6.137168013351264328e-02 6.739097552573396488e-01 -7.299222139104121210e-01 9.639875666576294688e-02
1.123620538772995558e-01 -9.963589832460531537e-02 -5.725334240764731741e-02 6.134619570496022134e-02 6.739131968475425838e-01 -7.299259839091278845e-01 9.636236506824347181e-02
1.122973053703183316e-01 -9.964128279805507804e-02 -5.709889977507667802e-02 6.132479731962367508e-02 6.739245298203080381e-01 -7.299134955313493212e-01 9.639131901468525609e-02
1.122950728274233895e-01 -9.957185995327509642e-02 -5.718558514039371460e-02 6.133928777738557880e-02 6.739943340328140575e-01 -7.298479198053245964e-01 9.639057745685968015e-02
1.122946719123419090e-01 -9.956945263827718384e-02 -5.718535156989641710e-02 6.131381525716658731e-02 6.739978121319183391e-01 -7.298516302940899481e-01 9.635436189948096142e-02
1.122205267822644903e-01 -9.957824513503643615e-02 -5.701748968804576378e-02 6.129748152370886882e-02 6.740174202688383742e-01 -7.298299517855062479e-01 9.639179119487413516e-02
1.122764067379955211e-01 -9.956034178349480734e-02 -5.715266122363404228e-02 6.135444319019150300e-02 6.739439306461025847e-01 -7.298932649908722592e-01 9.639000138534681295e-02
1.122757801246893061e-01 -9.955804723779301812e-02 -5.715254740543450340e-02 6.133392301196165242e-02 6.739477965753668531e-01 -7.298967764005999115e-01 9.634943268739688815e-02
1.122068863185468057e-01 -9.959345609845379754e-02 -5.701568949799788733e-02 6.131787340389831947e-02 6.739897386382085465e-01 -7.298540719037505120e-01 9.638975224129321673e-02
1.122342950001374018e-01 -9.952741222265604204e-02 -5.714026265865098514e-02 6.135298299842835423e-02 6.738914350963697286e-01 -7.299415478685838954e-01 9.639233307771891135e-02
1.122335007774634547e-01 -9.952504594400113369e-02 -5.714021617897364902e-02 6.133435238474151119e-02 6.738958985845181493e-01 -7.299449332170943050e-01 9.634733810127199538e-02
1.121574224361499145e-01 -9.958109226452765972e-02 -5.699149079147129704e-02 6.131692172273126018e-02 6.739030371207068715e-01 -7.299354853846772295e-01 9.638007494379274842e-02
1.121733972308281146e-01 -9.954202316882659884e-02 -5.708405549856794547e-02 6.134152070390139211e-02 6.739207113765527390e-01 -7.299184530628071155e-01 9.636983186585157402e-02
1.121196531627138698e-01 -9.954424815700224638e-02 -5.695835357109634012e-02 6.133661645414970748e-02 6.739937071699283466e-01 -7.298420185181215825e-01 9.644133026191308022e-02
1.121185613002019382e-01 -9.954007687819360628e-02 -5.695802223977586287e-02 6.129715155727080700e-02 6.740006471027578661e-01 -7.298482268209783852e-01 9.637091222097271537e-02
1.121475941697408912e-01 -9.951221913637751937e-02 -5.706478909828734125e-02 6.134408687729341059e-02 6.739853262279461577e-01 -7.298584377096665188e-01 9.637086664861339858e-02
1.121053902012115883e-01 -9.950717147940098262e-02 -5.695641757289111873e-02 6.135057320113511403e-02 6.740856389819331884e-01 -7.297564521398669513e-01 9.643743591803476123e-02
1.121046114280948719e-01 -9.950321411059209753e-02 -5.695599787903873890e-02 6.130923672533347690e-02 6.740916187718886121e-01 -7.297624706699297192e-01 9.637636326077018978e-02
1.121625164968607369e-01 -9.949033297133820508e-02 -5.708850995570952103e-02 6.135608712602126646e-02 6.740172004620592627e-01 -7.298265016291848317e-01 9.638216418807879493e-02
1.120995038565698321e-01 -9.951945398131405163e-02 -5.695192296951543526e-02 6.135643191104570709e-02 6.740573659869055767e-01 -7.297799660739074934e-01 9.645339153760372486e-02
1.120979721678035529e-01 -9.951549341320442554e-02 -5.695187755401122376e-02 6.132742806672721037e-02 6.740656009686368799e-01 -7.297852609814052816e-01 9.637419266490944436e-02
1.121882638723710468e-01 -9.956383662464829420e-02 -5.708662145900777335e-02 6.136485224936444327e-02 6.739890735152891388e-01 -7.298529546430698733e-01 9.637296451389701368e-02
1.121562180850072116e-01 -9.956762669604674043e-02 -5.699354834220564381e-02 6.135599609986568115e-02 6.740889614534961716e-01 -7.297525725982406675e-01 9.644011911745910270e-02
1.121548299889614519e-01 -9.956340914519735963e-02 -5.699342439405941790e-02 6.132181415645933387e-02 6.740970329099258418e-01 -7.297586315999038398e-01 9.635956068824143295e-02
1.121949470541702548e-01 -9.954864622455392165e-02 -5.709938214099682940e-02 6.134657009685230700e-02 6.741451447504100969e-01 -7.297102427109607437e-01 9.637366771847671876e-02
1.121645287345886532e-01 -9.954387073985693224e-02 -5.699035285186838939e-02 6.135375778026439658e-02 6.741759879957907042e-01 -7.296706520431810450e-01 9.645306196808409172e-02
1.121635617646648542e-01 -9.954006068929489859e-02 -5.699009914295426193e-02 6.131820133622313540e-02 6.741825950135255097e-01 -7.296762294887820799e-01 9.638727553340864507e-02
1.122498372384754667e-01 -9.954677181480003911e-02 -5.715016502960783285e-02 6.139676871240015710e-02 6.740944468537092282e-01 -7.297460123477499394e-01 9.642546849886307614e-02
1.121750087361488568e-01 -9.958105801379774080e-02 -5.699784519485662226e-02 6.137954403532468878e-02 6.740979605474847203e-01 -7.297398445255036670e-01 9.645854276128590366e-02
1.121741879102857720e-01 -9.957718764572150161e-02 -5.699750427007775622e-02 6.134058694403470013e-02 6.741042030939272678e-01 -7.297457110347408404e-01 9.639529548096648082e-02
1.122394642862935138e-01 -9.956477132817569131e-02 -5.714148488604965659e-02 6.141860305594040031e-02 6.739899625388986459e-01 -7.298392746445817592e-01 9.643608651195662018e-02
1.121642704092390974e-01 -9.959761943080421009e-02 -5.699086144665792969e-02 6.140399950698510745e-02 6.740037128646141351e-01 -7.298224304980862609e-01 9.647675280152750998e-02
1.121633235236206561e-01 -9.959377472273898968e-02 -5.699057365431924038e-02 6.136720581772466682e-02 6.740102434867143444e-01 -7.298282175548894690e-01 9.641073895452761944e-02
1.121790653544620375e-01 -9.952818763290749438e-02 -5.709707486122095332e-02 6.142885874419197478e-02 6.739442897853926695e-01 -7.298796173860981895e-01 9.644342229188929139e-02
1.121361188771092116e-01 -9.954227736918369596e-02 -5.699828673061320405e-02 6.140802835010136101e-02 6.740345826690881115e-01 -7.297942847829632651e-01 9.647143265435875747e-02
1.121350262062884712e-01 -9.953791544240672695e-02 -5.699798947810899574e-02 6.136680549032691445e-02 6.740420447197174036e-01 -7.298008636667258076e-01 9.639572877091499847e-02
1.121930020569791853e-01 -9.952258491122800699e-02 -5.712584612008596296e-02 6.143360978184676802e-02 6.739739483263520459e-01 -7.298530110283062422e-01 9.643448998918750792e-02
1.121599361768310377e-01 -9.952578232230059607e-02 -5.702859268216836641e-02 6.140955812041216932e-02 6.740171702834506506e-01 -7.298109864327274598e-01 9.646576810783660805e-02
1.121588587415127264e-01 -9.952146321659884054e-02 -5.702831200725280020e-02 6.136871309293807919e-02 6.740245035671299512e-01 -7.298176431340626102e-01 9.639013131354634556e-02
1.122396221259384236e-01 -9.955066051069243194e-02 -5.715895791552511040e-02 6.145115004320894636e-02 6.739028487466671713e-01 -7.299175433722296935e-01 9.643177114905052139e-02
1.121759690098635687e-01 -9.958807989791199078e-02 -5.702612890140304480e-02 6.142834440277940289e-02 6.739247780057339154e-01 -7.298943287494675802e-01 9.646875635779617042e-02
1.121752038924156147e-01 -9.958445021867477764e-02 -5.702583225697176184e-02 6.139152278453345601e-02 6.739307910544990454e-01 -7.298998541621222191e-01 9.640836422720823473e-02
1.122447467267221471e-01 -9.959648458474090749e-02 -5.714355110493293116e-02 6.145391884731407628e-02 6.738418436193032157e-01 -7.299712329374120623e-01 9.644990787906825014e-02
1.121924009502730663e-01 -9.959462120919060357e-02 -5.701759953474809517e-02 6.143211356027818149e-02 6.738820822441140557e-01 -7.299328529872453064e-01 9.647312985362727078e-02
1.121916640368331997e-01 -9.959040335841395919e-02 -5.701716518562971459e-02 6.138696219215870886e-02 6.738885555353852919e-01 -7.299395541166248114e-01 9.640592786376503409e-02
1.122112808664982725e-01 -9.954304312816042444e-02 -5.711736088436313030e-02 6.144963566137336131e-02 6.738123277643311981e-01 -7.299990145478483239e-01 9.644857691572367164e-02
1.121491466941080400e-01 -9.954738350565567329e-02 -5.697842682348004673e-02 6.143509480529600608e-02 6.738576715366398906e-01 -7.299539704423643194e-01 9.648196034964286183e-02
1.121484057056861550e-01 -9.954301140287892535e-02 -5.697793849509380504e-02 6.138749465688698309e-02 6.738641921344877828e-01 -7.299610680272884400e-01 9.641299302036622498e-02
1.121904094527369777e-01 -9.950683553459969966e-02 -5.709318495637009938e-02 6.143915151142534392e-02 6.738280576035750036e-01 -7.299838817297393812e-01 9.645989769085885901e-02
1.121187751799741922e-01 -9.954808848115009878e-02 -5.695042449300975057e-02 6.142858608904223916e-02 6.738260744119159984e-01 -7.299809527793565955e-01 9.650263640476930416e-02
1.121174656252989649e-01 -9.954344139022588966e-02 -5.695015665953663542e-02 6.138590111700652219e-02 6.738344244861298460e-01 -7.299881522456095340e-01 9.641699592156971477e-02
1.122039897772082739e-01 -9.955552217224752920e-02 -5.710243083727001984e-02 6.146035786507723919e-02 6.737470666990669210e-01 -7.300566388457986333e-01 9.646148766567311239e-02
1.121721272557943544e-01 -9.957127461648340727e-02 -5.700676807663462853e-02 6.143702172423544383e-02 6.737790851955327565e-01 -7.300266868712056434e-01 9.647939246583875361e-02
1.121713492153867675e-01 -9.956783895657937700e-02 -5.700651293925010354e-02 6.140289056274026575e-02 6.737849593095658340e-01 -7.300318688937152967e-01 9.642086930896327790e-02
1.122286317028423075e-01 -9.956073796581574320e-02 -5.713424336844080687e-02 6.146836003727910308e-02 6.737555531573329315e-01 -7.300483153638994693e-01 9.646010853361206006e-02
1.122005029762797867e-01 -9.955244844274371840e-02 -5.703088367034669232e-02 6.144539246281177647e-02 6.737897899729766715e-01 -7.300143479712344341e-01 9.649266515853195669e-02
1.121989789517377628e-01 -9.954840281637190869e-02 -5.703091304169488618e-02 6.141536804038136288e-02 6.737984053044139277e-01 -7.300201230745980707e-01 9.640789119072046276e-02
1.122683350082404607e-01 -9.954033034020952353e-02 -5.716564623389305821e-02 6.148633104627560658e-02 6.736828494543656287e-01 -7.301152921047462385e-01 9.644951881847477204e-02
1.122212575989639666e-01 -9.956176640204333905e-02 -5.706886951981769013e-02 6.146886585451197954e-02 6.737734414396147065e-01 -7.300286926904334672e-01 9.648334566066130158e-02
1.122202899597496972e-01 -9.955760833528436160e-02 -5.706861378082972447e-02 6.142841034791231974e-02 6.737806192060330490e-01 -7.300351654354487740e-01 9.640998294834496329e-02
1.122930363544671212e-01 -9.956057218527092356e-02 -5.720600828254732151e-02 6.150030589185152829e-02 6.737243263360928047e-01 -7.300760617647068518e-01 9.644785387100436591e-02
1.122602888167537755e-01 -9.954240794742506837e-02 -5.710203184891429057e-02 6.147235230087747665e-02 6.737437586353057783e-01 -7.300554554649849592e-01 9.648590336614445984e-02
1.122592746369679567e-01 -9.953828064628483796e-02 -5.710181597379592605e-02 6.143338946077965546e-02 6.737510224264465775e-01 -7.300618859886893741e-01 9.641131191575001702e-02
1.122717984811837377e-01 -9.946794128191846496e-02 -5.718095307617548917e-02 6.149458056292943925e-02 6.736670818737962030e-01 -7.301282753380163859e-01 9.645610873846770239e-02
1.122501943237312894e-01 -9.944494837129469467e-02 -5.709314415927958797e-02 6.147118526860308185e-02 6.737152729417993369e-01 -7.300819160131402086e-01 9.648533721354819737e-02
1.122488101186521064e-01 -9.944123692311065965e-02 -5.709322891686896551e-02 6.144432292773090165e-02 6.737234133517576717e-01 -7.300869857254906892e-01 9.640721319422396185e-02
1.122769560617984802e-01 -9.939785474834848811e-02 -5.719481077001387775e-02 6.150061128876387062e-02 6.737277220767128316e-01 -7.300726521780376288e-01 9.644974783874737945e-02
1.122362083153773671e-01 -9.939917958263823350e-02 -5.708014167603686628e-02 6.147961922034893278e-02 6.737471867436523043e-01 -7.300525868930097806e-01 9.647903993282284929e-02
1.122352995725617170e-01 -9.939484828700487218e-02 -5.707981700258617924e-02 6.143608150145270230e-02 6.737544909965567097e-01 -7.300592251074882189e-01 9.640550600028824357e-02
1.122976722167558089e-01 -9.941757271776027749e-02 -5.717754100259060668e-02 6.148934641370578519e-02 6.737037987105223280e-01 -7.300965856534459286e-01 9.644287167960063911e-02
1.122567923376329296e-01 -9.941999565312567566e-02 -5.706359837378787575e-02 6.147301313581592097e-02 6.737241679217739199e-01 -7.300753056542993447e-01 9.647208035436229123e-02
1.122557939703214130e-01 -9.941582614523394867e-02 -5.706333472441154492e-02 6.143268683486123594e-02 6.737316028488864461e-01 -7.300816764233860612e-01 9.639760402488485591e-02
1.122927564315022303e-01 -9.938448342567196558e-02 -5.715376600298360810e-02 6.148065709696495795e-02 6.736765955680316109e-01 -7.301229134004723065e-01 9.643912439668103631e-02
1.122471883043097418e-01 -9.940323461168153185e-02 -5.705688593727195612e-02 6.145281368253479454e-02 6.737567751053491483e-01 -7.300476477081939697e-01 9.646653184328859987e-02
1.122460988030606066e-01 -9.940008976402013585e-02 -5.705690189982401406e-02 6.142826721332452639e-02 6.737635520733508132e-01 -7.300519145051500569e-01 9.640252077634911543e-02
1.122917142799727680e-01 -9.936838597633516901e-02 -5.718889256977631452e-02 6.149703049582073977e-02 6.737356786596950808e-01 -7.300672639777809891e-01 9.643723663167171056e-02
1.122679308997124314e-01 -9.933201684634250517e-02 -5.709620205089024902e-02 6.147732764134932609e-02 6.737924062149156512e-01 -7.300123565554336169e-01 9.646911832070834136e-02
1.122666021121315055e-01 -9.932819044239277195e-02 -5.709623072802276489e-02 6.144800942409558986e-02 6.738004671969715087e-01 -7.300177695350267282e-01 9.639050111947718158e-02
1.123103845803665873e-01 -9.929253552057001886e-02 -5.720517606745138817e-02 6.151911871851303837e-02 6.737530800560096456e-01 -7.300492519846738526e-01 9.643793249420090641e-02
1.122570525092527194e-01 -9.930176625640407817e-02 -5.707594649679981202e-02 6.149447310747008927e-02 6.737442278780686467e-01 -7.300548788975591563e-01 9.647289244181439516e-02
1.122560704859053571e-01 -9.929816290132527368e-02 -5.707579528798308044e-02 6.146168965327503814e-02 6.737510135872065709e-01 -7.300602471033930119e-01 9.640574668819637538e-02
1.123172187671547112e-01 -9.926465321391611529e-02 -5.721338365075188948e-02 6.151787172042782331e-02 6.736553307239688815e-01 -7.301434249410193589e-01 9.640863997364092219e-02
1.122429429903036707e-01 -9.929772598869984757e-02 -5.707012377821153726e-02 6.152209803918964881e-02 6.736576971166428063e-01 -7.301318451480350857e-01 9.647708157424453312e-02
1.122418701489994869e-01 -9.929403645922013633e-02 -5.706999719228317974e-02 6.148936017446397784e-02 6.736647926228288563e-01 -7.301373107138637852e-01 9.640701877613852555e-02
1.122672947197100729e-01 -9.924933819598889817e-02 -5.716457559352226131e-02 6.153304663350799703e-02 6.736162033280580497e-01 -7.301771302130597441e-01 9.641707991694806190e-02
1.122253273257728251e-01 -9.923935551208822037e-02 -5.704731091877730809e-02 6.153691274340450379e-02 6.736416506058318099e-01 -7.301442827917999923e-01 9.648554941289926024e-02
1.122242648023901723e-01 -9.923544021119422298e-02 -5.704711741669361846e-02 6.150071818911380384e-02 6.736489888862909892e-01 -7.301501184485925666e-01 9.641320430422029020e-02
1.122353825615671347e-01 -9.917951080139512932e-02 -5.713417316189076112e-02 6.152713232957218031e-02 6.736670650180256459e-01 -7.301303538035998075e-01 9.641972802247869567e-02
1.121747497654033004e-01 -9.918529165445713613e-02 -5.699880581551532155e-02 6.151585097726808976e-02 6.736938983324894936e-01 -7.300964279324645423e-01 9.649630743386802822e-02
1.121732525376172990e-01 -9.918105707060351217e-02 -5.699875279809210604e-02 6.148190135482320406e-02 6.737027387941691980e-01 -7.301025125758615619e-01 9.641014820777620009e-02
1.122131785159402179e-01 -9.914132568923987587e-02 -5.710757802937133087e-02 6.152331911912861662e-02 6.736631697109121131e-01 -7.301342600528847315e-01 9.641979711988195312e-02
1.121755258488189300e-01 -9.918355324882176249e-02 -5.702740213896222154e-02 6.153272262665877151e-02 6.736855526422378393e-01 -7.301051651991903313e-01 9.647770704539057607e-02
1.121745885314075902e-01 -9.917914546994859026e-02 -5.702700326883883286e-02 6.148654545304174657e-02 6.736928364817568182e-01 -7.301122633553452923e-01 9.640253990196985534e-02
1.121853767671441571e-01 -9.912598240567820074e-02 -5.711499163636980791e-02 6.151344468635666640e-02 6.737213529242640497e-01 -7.300838121316081120e-01 9.640156637781716054e-02
1.121293764687271294e-01 -9.915157930688561772e-02 -5.700513924158313872e-02 6.150039169988689297e-02 6.737733074054864657e-01 -7.300268703251429070e-01 9.647798014007873124e-02
1.121280995314822004e-01 -9.914739462773854151e-02 -5.700497175621666024e-02 6.146265350689773810e-02 6.737814033875237918e-01 -7.300331631811183275e-01 9.639783881810132238e-02
1.121821301661582448e-01 -9.914885685901593526e-02 -5.709942411386396272e-02 6.150579694811190989e-02 6.736807210393966905e-01 -7.301210109536783177e-01 9.640867391264643094e-02
1.121271418792620100e-01 -9.915735544398018853e-02 -5.698429472866421708e-02 6.149331542312113513e-02 6.737419892514374675e-01 -7.300550077796778004e-01 9.648828785714372303e-02
1.121262756909923997e-01 -9.915265397958797355e-02 -5.698377534310539866e-02 6.144152702623875695e-02 6.737494188382731064e-01 -7.300627426420078780e-01 9.641084574778245597e-02
1.121832473048345186e-01 -9.913891677688989323e-02 -5.709563045861719421e-02 6.149772275785196640e-02 6.736258701454573838e-01 -7.301717541628413022e-01 9.641279266328267594e-02
1.121220166031666743e-01 -9.916372134155809759e-02 -5.697149379157200044e-02 6.149874702670582449e-02 6.736575580395844920e-01 -7.301331570450373398e-01 9.648301194374089840e-02
1.121210245825901008e-01 -9.915989995984764160e-02 -5.697123767100842340e-02 6.146116743652667302e-02 6.736645234894134138e-01 -7.301391287003187180e-01 9.641310818483167511e-02
1.121896800338977040e-01 -9.914621907721093974e-02 -5.710680432998198330e-02 6.151361840941194092e-02 6.736227778473462546e-01 -7.301729818405390260e-01 9.641495996732939167e-02
1.121473008541479660e-01 -9.912246552772535635e-02 -5.698568290838343375e-02 6.151258549180127488e-02 6.736323874023671943e-01 -7.301537054801475746e-01 9.649442907396649227e-02
1.121461671065466098e-01 -9.911841932237142050e-02 -5.698546932414955829e-02 6.147477850725318466e-02 6.736400166643867760e-01 -7.301599363827416811e-01 9.641808366400698993e-02
1.121907172344862175e-01 -9.913794867174470504e-02 -5.708828399093482386e-02 6.150144347991826771e-02 6.736371412181212381e-01 -7.301596704867169274e-01 9.642318194341181758e-02
1.121625887166297214e-01 -9.912138643823435735e-02 -5.698646271506931094e-02 6.150640327227955423e-02 6.736750770190322868e-01 -7.301130373938310436e-01 9.650805970209497264e-02
1.121615673468512181e-01 -9.911763983362610608e-02 -5.698626238535826893e-02 6.147129951342861220e-02 6.736820969920971347e-01 -7.301187644097605345e-01 9.643807020687193698e-02
1.121757035317506729e-01 -9.909446342581158806e-02 -5.706284188266025348e-02 6.152749970499103715e-02 6.735501255156369771e-01 -7.302348003359936390e-01 9.644548499630965777e-02
1.121556159002432690e-01 -9.907470823027128559e-02 -5.697938075161035343e-02 6.152375122968885279e-02 6.736151631460925993e-01 -7.301658607363806786e-01 9.651557298897882331e-02
1.121545127593834290e-01 -9.907060158979873188e-02 -5.697914687874645195e-02 6.148488200503918893e-02 6.736228825906601658e-01 -7.301721581103888248e-01 9.643879331209537220e-02
1.121334536314860381e-01 -9.904176664396675822e-02 -5.703973606827750925e-02 6.150612536250392448e-02 6.736526785212024748e-01 -7.301437879406225129e-01 9.643191481983920399e-02
1.121453713290559567e-01 -9.901543871112593320e-02 -5.702391278769664007e-02 6.153616363874471473e-02 6.736917391196065585e-01 -7.300985225040207416e-01 9.648258207610091453e-02
1.121444004449321241e-01 -9.901094428381998491e-02 -5.702353536989091670e-02 6.148992687178726768e-02 6.736995625963339007e-01 -7.301056202016596997e-01 9.640369080466101859e-02
1.121444004449321241e-01 -9.901094428381998491e-02 -5.702353536989091670e-02 6.148992687178726768e-02 6.736995625963339007e-01 -7.301056202016596997e-01 9.640369080466101859e-02
1.121202709900263467e-01 -9.900750194486916678e-02 -5.701162124598593145e-02 6.153565576439926077e-02 6.737131858101289561e-01 -7.300801641239387241e-01 9.647206998906363018e-02
1.121194107877248047e-01 -9.900291699857811933e-02 -5.701114660810023549e-02 6.148600330728813679e-02 6.737207068000150567e-01 -7.300875724118983667e-01 9.639511002060846545e-02
1.121595972707953304e-01 -9.902278149550139408e-02 -5.707583227801636683e-02 6.151589895759475290e-02 6.736994191838401314e-01 -7.301008382100437899e-01 9.642433723799609391e-02
1.121713516067122524e-01 -9.900974857999887691e-02 -5.706422684321434818e-02 6.153282584898703972e-02 6.737299927400685062e-01 -7.300646490805806632e-01 9.647391558527138034e-02
1.121702782428047329e-01 -9.900596794765897934e-02 -5.706411205705563816e-02 6.149856936520527173e-02 6.737375080636369695e-01 -7.300702811215690202e-01 9.640062664374587920e-02
1.121702782428047329e-01 -9.900596794765897934e-02 -5.706411205705563816e-02 6.149856936520527173e-02 6.737375080636369695e-01 -7.300702811215690202e-01 9.640062664374587920e-02
1.121702782428047329e-01 -9.900596794765897934e-02 -5.706411205705563816e-02 6.149856936520527173e-02 6.737375080636369695e-01 -7.300702811215690202e-01 9.640062664374587920e-02
1.121594801313257894e-01 -9.896325758383595073e-02 -5.707246244812304997e-02 6.149190588683108027e-02 6.737574155372917373e-01 -7.300518420486926674e-01 9.640538595029210511e-02
1.121327609234432504e-01 -9.897059613905453967e-02 -5.708129496379973217e-02 6.151108902443003235e-02 6.737131856181369782e-01 -7.300821509077466409e-01 9.647270275683506036e-02
1.121406006168258612e-01 -9.896543616307948432e-02 -5.707266244607230726e-02 6.151235876998992214e-02 6.737523014063978577e-01 -7.300437327223184836e-01 9.648945217482884917e-02
1.121401480496024838e-01 -9.896309764918138907e-02 -5.707245418429651718e-02 6.148699457722536788e-02 6.737563481267969667e-01 -7.300475343586492194e-01 9.644858958823346318e-02
1.121309560759802398e-01 -9.901976177168296533e-02 -5.707509706609006916e-02 6.151642904464044159e-02 6.736698117855531853e-01 -7.301218798205281191e-01 9.647152042831844132e-02
1.121382274217071623e-01 -9.901496306742388342e-02 -5.706691173292684216e-02 6.152892494458730988e-02 6.737105287960611921e-01 -7.300826476880405425e-01 9.647612310471156971e-02
1.121379924632534969e-01 -9.901264990141506184e-02 -5.706656186585026824e-02 6.149988587200486134e-02 6.737138141318825824e-01 -7.300867475845147503e-01 9.644066407416884701e-02
1.121555499053319555e-01 -9.904717878635255213e-02 -5.710020327616228270e-02 6.152728522727195226e-02 6.736336482975011641e-01 -7.301539207977193469e-01 9.647462359438510604e-02
1.121683478187437688e-01 -9.900330342454764787e-02 -5.707883658781690017e-02 6.153283725044904340e-02 6.736862051289963516e-01 -7.301029013453227412e-01 9.649020886050263535e-02
