repeatability libsurvive; 20211016-001331; x y z w i j k;  frequency = 150 duration = 2 sys.args = ['repeatability.py']
1.124686049685723749e-01 -1.013143943845913053e-01 -5.633979427702960618e-02 6.088576686943862615e-02 6.780864842557928762e-01 -7.260386701504223383e-01 9.674447120401789835e-02
1.124673224427531759e-01 -1.013082772986876878e-01 -5.633918639236726311e-02 6.083434326061527841e-02 6.780950717366324154e-01 -7.260465370563757848e-01 9.665755218805027749e-02
1.124435544161764555e-01 -1.011830343326597381e-01 -5.632583401737274731e-02 6.088902768159253076e-02 6.780731539068205471e-01 -7.260482324964654399e-01 9.676408604232281108e-02
1.124431484098759038e-01 -1.011799683811760858e-01 -5.632548598358235598e-02 6.085999464384207747e-02 6.780767225217554373e-01 -7.260523661750519775e-01 9.672632008773000833e-02
1.124416591354185646e-01 -1.011748926957493633e-01 -5.632507362805667939e-02 6.082372580036132792e-02 6.780850676085318218e-01 -7.260583895993902859e-01 9.664538456871576977e-02
1.125107875511530409e-01 -1.012169158141402320e-01 -5.639280375144702095e-02 6.090050006611608113e-02 6.780099411846244317e-01 -7.261076413544437225e-01 9.675402789137878268e-02
1.125102148735281915e-01 -1.012141161845884901e-01 -5.639253741537739867e-02 6.087702919117758682e-02 6.780138584939986446e-01 -7.261112062342613971e-01 9.671458622132557414e-02
1.125090708367286613e-01 -1.012088604158307426e-01 -5.639205880933524651e-02 6.083394401049847799e-02 6.780215892945707923e-01 -7.261177084626275757e-01 9.663865253393470744e-02
1.124500102694312581e-01 -1.012043941433414390e-01 -5.619818734027257762e-02 6.084157739923391761e-02 6.780718357222533799e-01 -7.260611505437434277e-01 9.670622384790994452e-02
1.124824859079004702e-01 -1.011113903129059327e-01 -5.639544135568703986e-02 6.088516436759427997e-02 6.780011256142370879e-01 -7.261234204790782965e-01 9.670702486128922304e-02
1.123952876598062062e-01 -1.011328138299465856e-01 -5.616048717264571222e-02 6.088180078976116599e-02 6.780075261550567722e-01 -7.261141857906963093e-01 9.673360327833360750e-02
1.124833252098097203e-01 -1.011020890102884984e-01 -5.639180007344549161e-02 6.091247294237613075e-02 6.779270512106185809e-01 -7.261848784824384007e-01 9.674764152353167168e-02
1.124828167266546802e-01 -1.010995975749169468e-01 -5.639157242807903148e-02 6.089173613643898697e-02 6.779305596819286128e-01 -7.261879621133296991e-01 9.671295880763149111e-02
1.124095124916964922e-01 -1.011591417447594565e-01 -5.619818434064239449e-02 6.088277502291621068e-02 6.779491609398087260e-01 -7.261677986443431099e-01 9.673960460197800204e-02
1.125034961106600589e-01 -1.011569660673908022e-01 -5.641887210469573311e-02 6.092864798555055333e-02 6.778542970025661640e-01 -7.262515289032079879e-01 9.674693098782234657e-02
1.125031659054612637e-01 -1.011541749567497206e-01 -5.641856600884986861e-02 6.090167980563174210e-02 6.778575076428784429e-01 -7.262553226951283802e-01 9.671293081089069044e-02
1.124421680525241191e-01 -1.011738158460660231e-01 -5.622338461660510156e-02 6.090715666318309574e-02 6.778102093351814350e-01 -7.262959056508208056e-01 9.673621774215683533e-02
1.125464162834070164e-01 -1.012325183773998272e-01 -5.640080544712863797e-02 6.094846984691901226e-02 6.777490985628163989e-01 -7.263498744412913988e-01 9.673315522471766237e-02
1.125458873760171868e-01 -1.012297684396375325e-01 -5.640053264819081674e-02 6.092463351593643828e-02 6.777528311388789639e-01 -7.263535081348999611e-01 9.669472650722460427e-02
1.124986380544639730e-01 -1.012717373114032787e-01 -5.624150682214884567e-02 6.092033414194238106e-02 6.777595028239510322e-01 -7.263438880200022707e-01 9.672293190268274610e-02
1.125377819785813582e-01 -1.012102670610010441e-01 -5.642087640010512439e-02 6.095817398368022499e-02 6.776749590231417875e-01 -7.264196816364962839e-01 9.672226769823823178e-02
1.125369781594632440e-01 -1.012082688683727388e-01 -5.642078398238888071e-02 6.094691531780621618e-02 6.776789316556049991e-01 -7.264218923509452308e-01 9.668491824805908186e-02
1.124718752829595436e-01 -1.012519936698938888e-01 -5.625983022080624507e-02 6.094068246904436881e-02 6.777427919933601830e-01 -7.263574829219244799e-01 9.672511630687402606e-02
1.125271990612079220e-01 -1.011973627596027131e-01 -5.642459554455789283e-02 6.097875242221593994e-02 6.776124732391879402e-01 -7.264744417417591249e-01 9.673579151327724168e-02
1.125264811396526343e-01 -1.011948613090810495e-01 -5.642440963738716564e-02 6.096030798530413519e-02 6.776165438638138694e-01 -7.264775895137091100e-01 9.669525462372829949e-02
1.124967276434031827e-01 -1.012061008086550806e-01 -5.628014464915313125e-02 6.095004041495012681e-02 6.776357081204457122e-01 -7.264565971816610013e-01 9.672513667480622801e-02
1.125671171747063271e-01 -1.011615573619393665e-01 -5.650293451415872026e-02 6.099919309042096255e-02 6.775388834980848873e-01 -7.265410154729337044e-01 9.673837204565902126e-02
1.125666444134044986e-01 -1.011589630693053576e-01 -5.650269861906849489e-02 6.097621414564545483e-02 6.775424236167029157e-01 -7.265444249929041698e-01 9.670245095031876348e-02
1.125153515109071911e-01 -1.011510617024555941e-01 -5.633433114566472472e-02 6.096848327937898215e-02 6.775373025022578544e-01 -7.265458639010944353e-01 9.673239071163497460e-02
1.125960874112132276e-01 -1.011112900782807494e-01 -5.655064136772475214e-02 6.100845068534437032e-02 6.774574654479700309e-01 -7.266171580446227907e-01 9.673084869338391401e-02
1.125954646870660353e-01 -1.011086385281189520e-01 -5.655043463750229066e-02 6.098707302348848475e-02 6.774614375103861219e-01 -7.266205781570007627e-01 9.669081139991871077e-02
1.125574031631773469e-01 -1.011336460053758046e-01 -5.641821254065421121e-02 6.097665157725917773e-02 6.774920754869250272e-01 -7.265890771477214738e-01 9.671943230016720461e-02
1.126123464539476038e-01 -1.010606667380660184e-01 -5.661156197078709429e-02 6.102231896399194777e-02 6.773853084727253782e-01 -7.266838059232924030e-01 9.672676290668555388e-02
1.126116961068136108e-01 -1.010580426164873064e-01 -5.661137683394443232e-02 6.100151888071225770e-02 6.773893407413906775e-01 -7.266872027686683833e-01 9.668611625480869054e-02
1.125768507894206322e-01 -1.010323810555079638e-01 -5.645627286644316900e-02 6.098534563928062480e-02 6.774259111612174200e-01 -7.266512117837858886e-01 9.671059361728351345e-02
1.125711942320406916e-01 -1.009013353440617877e-01 -5.659261723357172924e-02 6.101662817596822941e-02 6.773739081472391899e-01 -7.266959712604322830e-01 9.671879342314085304e-02
1.125706186622132954e-01 -1.008987853298311810e-01 -5.659242518869547073e-02 6.099561030951844431e-02 6.773776422091644100e-01 -7.266993077557517555e-01 9.668082263527687237e-02
1.125013515281784587e-01 -1.009543086386253119e-01 -5.640654405124048698e-02 6.097509563887432843e-02 6.773832463992144337e-01 -7.266915070922320696e-01 9.671312594219949599e-02
1.125286182839025095e-01 -1.008644648338100636e-01 -5.655904078230254706e-02 6.099977946047104027e-02 6.773699685225155198e-01 -7.267012420303315956e-01 9.671741043448964237e-02
1.125278294950258495e-01 -1.008618499688871684e-01 -5.655888264275040628e-02 6.098072355064496769e-02 6.773744160386842017e-01 -7.267044540197629132e-01 9.667413490344574367e-02
1.124665525652358833e-01 -1.008869909235448059e-01 -5.639552061855505893e-02 6.096532306050175820e-02 6.774191939071930735e-01 -7.266608087175139286e-01 9.669816019069987778e-02
1.125173229661300817e-01 -1.008331895516418331e-01 -5.655247806641162944e-02 6.100785985537161837e-02 6.772919297189720078e-01 -7.267740907986700583e-01 9.671144667093214964e-02
1.125167701655756525e-01 -1.008303894933050560e-01 -5.655223360358177520e-02 6.098309813120136869e-02 6.772957909297777634e-01 -7.267778776766655735e-01 9.667155657652722056e-02
1.124568056500696023e-01 -1.008305530607413181e-01 -5.637915188280488710e-02 6.097142361049778803e-02 6.773304031301049521e-01 -7.267423129568948426e-01 9.670377994980935976e-02
1.125234850681101073e-01 -1.007858381845879309e-01 -5.655153318863861966e-02 6.101728448094072971e-02 6.771552963251608048e-01 -7.269011833180027971e-01 9.670711113585628294e-02
1.125226680837101007e-01 -1.007835520189273859e-01 -5.655144549994010200e-02 6.100245530720602161e-02 6.771594308875388268e-01 -7.269040620161382193e-01 9.666586900760283652e-02
1.124578654671890138e-01 -1.008534508925438000e-01 -5.640407499049760603e-02 6.098545247308337358e-02 6.772001611671056853e-01 -7.268630540951468433e-01 9.669962199189324759e-02
1.124710404402605585e-01 -1.007621973831098749e-01 -5.654756264492622614e-02 6.101824455955789234e-02 6.770957007441290587e-01 -7.269579057469038874e-01 9.669741018642841190e-02
1.124703640367712976e-01 -1.007598061240224663e-01 -5.654742190218750575e-02 6.099993328008256055e-02 6.770995845774464561e-01 -7.269610065178861991e-01 9.665844871182649456e-02
1.124216166372689896e-01 -1.007726267543622434e-01 -5.639546056319949541e-02 6.098603439412713517e-02 6.771090749994201907e-01 -7.269504813968883372e-01 9.667989325159551117e-02
1.124336961565367832e-01 -1.006715889968067407e-01 -5.651097561574894290e-02 6.102035542092761056e-02 6.770053955504991006e-01 -7.270434094437474570e-01 9.668552841158478683e-02
1.124331118791841028e-01 -1.006693151774710610e-01 -5.651082715641277815e-02 6.100199665917446779e-02 6.770089993513089821e-01 -7.270462986224511814e-01 9.665014671653124334e-02
1.123760979726815268e-01 -1.007138340696366458e-01 -5.635612032743574085e-02 6.099292163683942003e-02 6.770475944587848183e-01 -7.270077063354296598e-01 9.667581536595837299e-02
1.124013899469711725e-01 -1.006487724750323026e-01 -5.645898095007160361e-02 6.103778163207423946e-02 6.769188652914448490e-01 -7.271222317444182570e-01 9.668763689838853759e-02
1.124008771803224893e-01 -1.006464470591779681e-01 -5.645879896382800800e-02 6.101743328021344559e-02 6.769222348963568336e-01 -7.271253780885713613e-01 9.665322176921038733e-02
1.123310267346589869e-01 -1.007335391535174457e-01 -5.629920646530139211e-02 6.100892949408666388e-02 6.769315325688457508e-01 -7.271139211150983162e-01 9.667965895991677272e-02
1.123624693989585116e-01 -1.006617046201936649e-01 -5.643228328230810720e-02 6.105357484166844956e-02 6.768380614986252430e-01 -7.271961129980787364e-01 9.668770731753624503e-02
1.123617479497625027e-01 -1.006591509405281720e-01 -5.643212466153291890e-02 6.103305799165326812e-02 6.768423353279052757e-01 -7.271993935056498826e-01 9.664606057708648168e-02
1.122910498071972712e-01 -1.006720323398528488e-01 -5.625654783939453701e-02 6.101191590390054459e-02 6.768815642013362721e-01 -7.271600088559144748e-01 9.668099959533887899e-02
1.123007631482911967e-01 -1.005734000738381928e-01 -5.637903799951363149e-02 6.103980172695362694e-02 6.768504315567679397e-01 -7.271864263357560310e-01 9.668266266287503519e-02
1.123002413742837102e-01 -1.005708549502446619e-01 -5.637881208535552857e-02 6.101642320593374247e-02 6.768540408814023301e-01 -7.271899062134343783e-01 9.664597116780290764e-02
1.122502568644176274e-01 -1.005884385217911264e-01 -5.623523987288753939e-02 6.099593345601228567e-02 6.768727134542396051e-01 -7.271708787027885146e-01 9.667129382365284573e-02
1.122645813910070484e-01 -1.004951693065199853e-01 -5.635528776974983028e-02 6.102121314571942734e-02 6.768408952269122647e-01 -7.271981090740107234e-01 9.667328614379380736e-02
1.122639720660535689e-01 -1.004926109581916194e-01 -5.635508078513087882e-02 6.099896645202153300e-02 6.768448053142482879e-01 -7.272014637834698370e-01 9.663470744034663440e-02
1.122105030700172035e-01 -1.004982246482428454e-01 -5.618424118471550266e-02 6.098945785675682213e-02 6.768314329393412265e-01 -7.272104345365528744e-01 9.666685738542894757e-02
1.122303858016630157e-01 -1.004168248722004664e-01 -5.632983013964100449e-02 6.102474789441095226e-02 6.768094002783964225e-01 -7.272273679998644269e-01 9.667145944492010201e-02
1.122294680931546079e-01 -1.004142930790549310e-01 -5.632971803710629805e-02 6.100731378378553005e-02 6.768140678873568739e-01 -7.272305204441533721e-01 9.662605916201238987e-02
1.121695653783031932e-01 -1.004210722697108926e-01 -5.617720934418081458e-02 6.098068084795089938e-02 6.768827148247900105e-01 -7.271646125932297311e-01 9.665802153406785613e-02
1.122161728260600566e-01 -1.003718549563043655e-01 -5.632556554541157112e-02 6.101942061114634663e-02 6.767590264996573568e-01 -7.272742543203725152e-01 9.667476073030752126e-02
1.122157193379372114e-01 -1.003692543152290423e-01 -5.632529905988472446e-02 6.099413543229957602e-02 6.767624014190473103e-01 -7.272779960370990837e-01 9.663893598675277197e-02
1.121791827920726875e-01 -1.003513740477725569e-01 -5.619767643871099311e-02 6.097987759654430184e-02 6.768160696796464704e-01 -7.272263291330670620e-01 9.666089471627348217e-02
1.122083077621261332e-01 -1.002995225931360423e-01 -5.633352078907046673e-02 6.100642596353164637e-02 6.767812364817991089e-01 -7.272552023998049009e-01 9.667080489859447567e-02
1.122075461843369398e-01 -1.002970689837639207e-01 -5.633338059343417914e-02 6.098769056159793200e-02 6.767853727841494083e-01 -7.272584651054284643e-01 9.662911423519857101e-02
1.121506736399335846e-01 -1.002993831064737523e-01 -5.617569392747683715e-02 6.096355819910506679e-02 6.768179247680610189e-01 -7.272270220126568763e-01 9.665298618750584048e-02
1.122035698371508378e-01 -1.002646430203082972e-01 -5.630977018575521881e-02 6.101658249086705510e-02 6.766218958443133147e-01 -7.274032396745179208e-01 9.666599006992154797e-02
1.122026646683434992e-01 -1.002624653131337501e-01 -5.630973007939749087e-02 6.100364232706463608e-02 6.766262631106330083e-01 -7.274058824724226602e-01 9.662369189949238102e-02
1.121365716752997094e-01 -1.003222569015228410e-01 -5.615186953683855287e-02 6.099084365880644981e-02 6.766340711255330875e-01 -7.273973490200003056e-01 9.664133391334114864e-02
1.122061146231665973e-01 -1.003141167000020512e-01 -5.631934707009379759e-02 6.103648632863529350e-02 6.765926046006774941e-01 -7.274333113465087930e-01 9.663214930745846198e-02
1.122052909359522593e-01 -1.003118043630615019e-01 -5.631925633488076011e-02 6.102039229221613292e-02 6.765968878209225323e-01 -7.274362685978318366e-01 9.659005251064406439e-02
1.121421898088748453e-01 -1.003562664410180688e-01 -5.615884168098964069e-02 6.100370810759901674e-02 6.766082683239185158e-01 -7.274226697623497051e-01 9.662328057278335436e-02
1.122482317194066492e-01 -1.003891957476659713e-01 -5.635149987147193562e-02 6.105081732614666551e-02 6.764848041526274613e-01 -7.275340214268244399e-01 9.661964148610598102e-02
1.122477618848166520e-01 -1.003865476958811925e-01 -5.635123849310003097e-02 6.102515931195374999e-02 6.764883930825594804e-01 -7.275378673074457403e-01 9.658175598559243236e-02
1.121724476316790231e-01 -1.004253509143172018e-01 -5.617273365796746076e-02 6.101215033236124380e-02 6.764940249598659916e-01 -7.275300760007059608e-01 9.660921394892091341e-02
1.122564160287231050e-01 -1.004126864014275727e-01 -5.634784796344788349e-02 6.106016007545579660e-02 6.763593032897405877e-01 -7.276494338657464311e-01 9.662324306208640301e-02
1.122562013975627188e-01 -1.004105498720687661e-01 -5.634759055615887191e-02 6.103699419529723391e-02 6.763617654487230624e-01 -7.276526108463986509e-01 9.659671581947897046e-02
1.121790463796165926e-01 -1.004769609986255890e-01 -5.618017630085245934e-02 6.102548076175640795e-02 6.763641281719555698e-01 -7.276478120594687127e-01 9.662359145185525633e-02
1.122648950200492712e-01 -1.004573467311496715e-01 -5.638163220875103826e-02 6.107722256085947737e-02 6.762547819759472389e-01 -7.277443830566883154e-01 9.662895874609975233e-02
1.122644508048473017e-01 -1.004553706297208471e-01 -5.638148266543384357e-02 6.105946043693483150e-02 6.762577572527780356e-01 -7.277471312478712706e-01 9.659865944766951595e-02
1.122215798174228396e-01 -1.004890541210624877e-01 -5.625372829643097983e-02 6.105987554826163011e-02 6.762717466121209720e-01 -7.277313168451625680e-01 9.661959850375959058e-02
1.122771424713888827e-01 -1.004653550114731342e-01 -5.639183037641964935e-02 6.109482026682831746e-02 6.762118737242195365e-01 -7.277823679790157430e-01 9.663203211047913244e-02
1.122764143077641802e-01 -1.004632417894015667e-01 -5.639175828976827898e-02 6.107954900510552398e-02 6.762158510612810147e-01 -7.277850736365431006e-01 9.659346799163920361e-02
1.122222410614638066e-01 -1.004658717518286948e-01 -5.625189859004922632e-02 6.105971934705885229e-02 6.762870056134585584e-01 -7.277162706424670224e-01 9.662621877037300133e-02
1.123074615066424198e-01 -1.004745963672425829e-01 -5.641658775794927000e-02 6.110907019456471995e-02 6.761445837429315153e-01 -7.278430454091171509e-01 9.663687010988797343e-02
1.123068170486928585e-01 -1.004727620200271399e-01 -5.641654809467622905e-02 6.109631355067886294e-02 6.761480994450264070e-01 -7.278453721794698739e-01 9.660280681390552571e-02
1.122825142856805347e-01 -1.004261897904145523e-01 -5.630546023352811513e-02 6.107509403785116309e-02 6.762046170099524911e-01 -7.277914640638680766e-01 9.662677505982755766e-02
1.123020938265135993e-01 -1.003439236910711324e-01 -5.642485644873378170e-02 6.111761927098213754e-02 6.760566264429173078e-01 -7.279240912032983735e-01 9.663639015982236624e-02
1.123014082309299472e-01 -1.003415950811806512e-01 -5.642475173732641736e-02 6.109944155933115517e-02 6.760606429528791539e-01 -7.279272719309954898e-01 9.659581807912846763e-02
1.122430588695308429e-01 -1.003748612054521511e-01 -5.629056079427505188e-02 6.107250910848127656e-02 6.761130264273562673e-01 -7.278778000930719028e-01 9.661900567748334112e-02
1.122649314493955885e-01 -1.002955811151342441e-01 -5.641829684741715700e-02 6.109587361791926630e-02 6.760742757664915947e-01 -7.279124753800823022e-01 9.661416076185705415e-02
1.122641725098083715e-01 -1.002936798696075910e-01 -5.641829219214877789e-02 6.108416872220836374e-02 6.760781200578569461e-01 -7.279148685435773425e-01 9.657662276004964907e-02
1.121889780115311458e-01 -1.003321946957900501e-01 -5.624829917633078491e-02 6.106390561858963950e-02 6.760599064238060896e-01 -7.279298074295968979e-01 9.660433640550752932e-02
1.122758228411192410e-01 -1.003505323224933576e-01 -5.641433803302629835e-02 6.110797952091972379e-02 6.759818637651180406e-01 -7.279977964751388475e-01 9.661026356889054756e-02
1.122753449506469492e-01 -1.003485324891960767e-01 -5.641420715127118402e-02 6.109060684767060601e-02 6.759850458745747526e-01 -7.280005342498836463e-01 9.657834975198262284e-02
1.122029742845071232e-01 -1.003813294714960419e-01 -5.624314983265825407e-02 6.108779015871192153e-02 6.759929456261583036e-01 -7.279879256797519016e-01 9.661987073934116821e-02
1.122259578755569892e-01 -1.003235284204111871e-01 -5.633240569093515837e-02 6.112258576321981385e-02 6.758758739705712504e-01 -7.280921956035810716e-01 9.663119162719099875e-02
1.122254764254686510e-01 -1.003212641505632496e-01 -5.633220907806069100e-02 6.110141233983659714e-02 6.758791891331427104e-01 -7.280955186919261246e-01 9.659634965948668550e-02
1.121496696959261713e-01 -1.003911602466194403e-01 -5.617730668242013059e-02 6.109239540300261118e-02 6.758825807908590555e-01 -7.280894749401038979e-01 9.662387225139959512e-02
1.121961632719479379e-01 -1.003612845691079086e-01 -5.630517002741142196e-02 6.113566605605581794e-02 6.757609248802641799e-01 -7.281983541944134775e-01 9.662690975810010741e-02
1.121957941950478543e-01 -1.003593167919913376e-01 -5.630498162818124708e-02 6.111625533451790770e-02 6.757637417494030130e-01 -7.282012105510082822e-01 9.659795868846446365e-02
1.121222948377060685e-01 -1.004208959988684979e-01 -5.614933370574927418e-02 6.109972120893412267e-02 6.757697254576486845e-01 -7.281928674548994174e-01 9.662944691395000674e-02
1.121501763572181481e-01 -1.003833137409875509e-01 -5.625017323421429433e-02 6.111601576628244992e-02 6.758005341143629163e-01 -7.281624836905086218e-01 9.663264486325010005e-02
1.121491329884966026e-01 -1.003786685376381327e-01 -5.624974630304461348e-02 6.107223899608223150e-02 6.758075863897664570e-01 -7.281692223167034461e-01 9.656019610963421929e-02
1.120754658437783102e-01 -1.004493531861843508e-01 -5.609905096584272277e-02 6.108593497543092499e-02 6.758085373090425563e-01 -7.281584703263958014e-01 9.662593616784796724e-02
1.120843052060469941e-01 -1.003658314373669924e-01 -5.620548894146452923e-02 6.112632200422075945e-02 6.757827481201151842e-01 -7.281785873288553201e-01 9.662916256086451217e-02
1.120830274009822630e-01 -1.003616872484721645e-01 -5.620522207795664027e-02 6.109199559098198867e-02 6.757898560646342645e-01 -7.281844070904792687e-01 9.655727722517583322e-02
1.120437290126533175e-01 -1.003921321821712731e-01 -5.608801300286410385e-02 6.110399473605512138e-02 6.758055193262383353e-01 -7.281598706409797561e-01 9.662507264473835233e-02
1.120832697761795088e-01 -1.003367015405941393e-01 -5.622486638766087397e-02 6.116134109664780882e-02 6.757463003067150087e-01 -7.282105382193525545e-01 9.662111572180896724e-02
1.120819563989306072e-01 -1.003321983906582532e-01 -5.622456014614687220e-02 6.112288919735389681e-02 6.757539492074166043e-01 -7.282168637880588324e-01 9.654424810123060641e-02
1.120404544527526941e-01 -1.003438144729347919e-01 -5.611298606211000822e-02 6.112019267976969567e-02 6.758297602987214381e-01 -7.281378779947621505e-01 9.661101267787886027e-02
1.120850497716809058e-01 -1.002938955140252747e-01 -5.624785542712290587e-02 6.114893120677671046e-02 6.757776637297920885e-01 -7.281834561363857983e-01 9.661372379450722248e-02
1.120838137706446774e-01 -1.002894552434275138e-01 -5.624756406392843189e-02 6.111040069192941182e-02 6.757850194771268804e-01 -7.281898061078646567e-01 9.653876246441993325e-02
1.120485547571682672e-01 -1.002903062995207373e-01 -5.615547721962418914e-02 6.112871536056593835e-02 6.757578786413641625e-01 -7.282048003536821801e-01 9.660402866518635889e-02
1.120545602162818788e-01 -1.002142776228617110e-01 -5.626550753984388420e-02 6.116032190332855445e-02 6.757765848222977434e-01 -7.281845567898839189e-01 9.660576423440510319e-02
1.120532234062159571e-01 -1.002101392601937035e-01 -5.626531852720317861e-02 6.112753445058576041e-02 6.757840946547407635e-01 -7.281901426343523331e-01 9.653185025589454404e-02
1.119835745245348207e-01 -1.002474219985301368e-01 -5.610896560003729439e-02 6.113275047424664849e-02 6.757909379808686445e-01 -7.281739267198704679e-01 9.660293684850294882e-02
1.120219714280192430e-01 -1.002031353700873761e-01 -5.623822416481957798e-02 6.118783060214995351e-02 6.756731858218480991e-01 -7.282794303683211012e-01 9.659641116496285596e-02
1.120207188756642408e-01 -1.001992614939445081e-01 -5.623803991350104226e-02 6.115674974406153097e-02 6.756802696386706719e-01 -7.282846288991127182e-01 9.652732510039535585e-02
1.119568753566677205e-01 -1.002364176207191371e-01 -5.609897439667586860e-02 6.115874182338620901e-02 6.756989726139708274e-01 -7.282586226652317807e-01 9.659133098132705042e-02
1.119813969959939787e-01 -1.001907209171771784e-01 -5.619204616733911029e-02 6.119562218736204762e-02 6.756598678915924916e-01 -7.282912543607671374e-01 9.659548419795697949e-02
1.119806814059689792e-01 -1.001870321348213022e-01 -5.619165883453283716e-02 6.115806215794516998e-02 6.756650804953568956e-01 -7.282967863805565045e-01 9.654108648674823712e-02
1.119108081992938597e-01 -1.002625573096228989e-01 -5.605057431089532916e-02 6.116913013796352466e-02 6.756634626610437122e-01 -7.282875342905933413e-01 9.661516516562539125e-02
1.119764042091901668e-01 -1.002636833923854776e-01 -5.619033484841309822e-02 6.122032083911748551e-02 6.755716225076057180e-01 -7.283684093810827154e-01 9.661529586182496243e-02
1.119750626121533144e-01 -1.002592833792293886e-01 -5.619005865224851320e-02 6.118292110613110513e-02 6.755794516869333410e-01 -7.283745588814408700e-01 9.653785059534823743e-02
1.119283029426837300e-01 -1.002418564065852141e-01 -5.604512035842869333e-02 6.118188225077637876e-02 6.755633958210462975e-01 -7.283804018064504726e-01 9.660675843470914459e-02
1.119989198459379748e-01 -1.002418291338293826e-01 -5.620673238925404103e-02 6.122631744593130809e-02 6.754704649221943136e-01 -7.284641568183647387e-01 9.659690109270381575e-02
1.119983967136493896e-01 -1.002398475251789767e-01 -5.620658244931000386e-02 6.120837477048508141e-02 6.754738001197001518e-01 -7.284669379535607669e-01 9.656397111951296741e-02
1.119285062239868817e-01 -1.002738832563849769e-01 -5.605609191041860395e-02 6.119160136529233629e-02 6.754962677702518459e-01 -7.284430318020155282e-01 9.659777207523492781e-02
1.119907104017634630e-01 -1.002621153741839050e-01 -5.619870034367722977e-02 6.123535205830242523e-02 6.754397860045497914e-01 -7.284905419934611936e-01 9.660671491411389200e-02
1.119900653435590976e-01 -1.002596812263807091e-01 -5.619850349938676493e-02 6.121321660510445350e-02 6.754437786704666769e-01 -7.284941387504152432e-01 9.656569667593731254e-02
1.119525687774519940e-01 -1.002549868062342642e-01 -5.607647366822524765e-02 6.119392529586195617e-02 6.754710129233335580e-01 -7.284670994105824082e-01 9.659140377664431065e-02
1.119899000315275339e-01 -1.002147653157892115e-01 -5.617946548642184512e-02 6.122904725564062844e-02 6.753817726880479988e-01 -7.285454939123338081e-01 9.660190574181180823e-02
1.119892467639431455e-01 -1.002127646724221832e-01 -5.617936583568378106e-02 6.121270419996886758e-02 6.753853904901823135e-01 -7.285483860895132224e-01 9.656515045976264700e-02
1.119230038498280899e-01 -1.002348033757542722e-01 -5.602775040910359244e-02 6.120838919073255668e-02 6.754038738444717582e-01 -7.285277814909020266e-01 9.659405719039443339e-02
1.119373878649412846e-01 -1.001989201274318536e-01 -5.608992596486517268e-02 6.124647616790720311e-02 6.753055311627831347e-01 -7.286150422281074679e-01 9.659932182421664126e-02
1.119365068019310960e-01 -1.001971486828027585e-01 -5.608995184270783307e-02 6.123651698580181990e-02 6.753096334442207915e-01 -7.286172962568195910e-01 9.655994801304357278e-02
1.119020426472218527e-01 -1.001902760939341747e-01 -5.597152633114962916e-02 6.122572225504167159e-02 6.753388775484401307e-01 -7.285870793747730723e-01 9.659026438570139650e-02
1.119072010201493245e-01 -1.001246557197309900e-01 -5.606947526886901789e-02 6.126362298900905889e-02 6.752886723441406946e-01 -7.286300482706223880e-01 9.659311703790816883e-02
1.119066780282067797e-01 -1.001227289819710126e-01 -5.606931424042996964e-02 6.124565499514801614e-02 6.752918652539755540e-01 -7.286329625501988261e-01 9.656020065918623219e-02
1.118586679099248526e-01 -1.001194653802310736e-01 -5.595050810177978201e-02 6.123422108640916295e-02 6.753700084160840778e-01 -7.285583335391710991e-01 9.658403869493759064e-02
1.118794829580335715e-01 -1.000576114020227947e-01 -5.606905790837658082e-02 6.127759876163715175e-02 6.753527302232972263e-01 -7.285691345914083739e-01 9.659586839338520081e-02
1.118787954150220754e-01 -1.000555921781898783e-01 -5.606895466985623022e-02 6.126116708903542318e-02 6.753564242304833654e-01 -7.285721188360898548e-01 9.655794794938096781e-02
1.118200098683519023e-01 -1.000992676531659714e-01 -5.594279825041054144e-02 6.123880519331483668e-02 6.753844199834491135e-01 -7.285448609686271393e-01 9.658198350789358455e-02
1.118288350288585697e-01 -1.000336776408200373e-01 -5.604527494993304104e-02 6.125772561900391655e-02 6.754012272987868215e-01 -7.285275929689324359e-01 9.658270807019611603e-02
1.118281184490406560e-01 -1.000314543646885768e-01 -5.604513700763283368e-02 6.123881698721375666e-02 6.754052945392796659e-01 -7.285308037319997432e-01 9.654202927182403693e-02
1.117867663072223960e-01 -1.000583702426219301e-01 -5.593585379025171195e-02 6.121784649046598664e-02 6.754269000287842495e-01 -7.285093054256722711e-01 9.656640149027502507e-02
1.117981149892507825e-01 -9.999505142621945009e-02 -5.603825700500010554e-02 6.124721238888135300e-02 6.754500583497607957e-01 -7.284840384349082765e-01 9.657641221055478231e-02
1.117976617141131362e-01 -9.999369409718572577e-02 -5.603818859566327831e-02 6.123579278551859184e-02 6.754525863552754972e-01 -7.284858904124228429e-01 9.655200017564430359e-02
1.117291969368211513e-01 -1.000445722059293413e-01 -5.590262588376160302e-02 6.122949554117115140e-02 6.754683489962279852e-01 -7.284673427674450696e-01 9.658565577466038388e-02
1.117837477388872874e-01 -1.000165189562011309e-01 -5.603758411199442901e-02 6.128132545266378600e-02 6.753143982592030303e-01 -7.286049819448443543e-01 9.659111211559968935e-02
1.117831059013001810e-01 -1.000140968172532063e-01 -5.603736919087155821e-02 6.125832867036423712e-02 6.753184273254754233e-01 -7.286086475403573681e-01 9.654987111628521301e-02
1.117186456381046022e-01 -1.000172213814903704e-01 -5.588800246633140317e-02 6.125496056170985637e-02 6.753494888673163832e-01 -7.285757176350239339e-01 9.658323542855502819e-02
1.117494648847996846e-01 -9.996231788292610221e-02 -5.599543627542588609e-02 6.129282617000672562e-02 6.752799036866242721e-01 -7.286360442294866901e-01 9.659066304090963007e-02
1.117486552178474646e-01 -9.995967554901451224e-02 -5.599524522248915115e-02 6.126953799235278220e-02 6.752844919854583683e-01 -7.286400735487269520e-01 9.654295322316669425e-02
1.117125912377536917e-01 -9.997323757516346499e-02 -5.588760140185766723e-02 6.124689348838392722e-02 6.753063968511038295e-01 -7.286183313041159071e-01 9.656819195577515114e-02
1.117554634824385190e-01 -9.994921947068288737e-02 -5.601035917166099359e-02 6.128944996255605848e-02 6.752356661517548986e-01 -7.286794091932357054e-01 9.657492996466539303e-02
1.117547035742185724e-01 -9.994690417567261842e-02 -5.601022581508798004e-02 6.126984612597341506e-02 6.752400206254705051e-01 -7.286827148014557443e-01 9.653197216981451723e-02
1.117133712954195696e-01 -9.995287334698105264e-02 -5.590440318414605092e-02 6.125200562333955184e-02 6.752545720453829725e-01 -7.286676724044331976e-01 9.655505130044050865e-02
1.117935572358875890e-01 -9.998304247572914472e-02 -5.602552729458872005e-02 6.129114730908018227e-02 6.751468605954947799e-01 -7.287638474430023772e-01 9.655758152344412482e-02
1.117926736301445706e-01 -9.998094211173805257e-02 -5.602550691774086516e-02 6.127659020584645677e-02 6.751513901094368109e-01 -7.287667236262724835e-01 9.651343150602369192e-02
1.117581332342262035e-01 -9.999171022705637124e-02 -5.591970352588600257e-02 6.126472060397861186e-02 6.751736514865914751e-01 -7.287446289985936021e-01 9.653206748682760518e-02
1.118547191995067080e-01 -1.000228496511079562e-01 -5.607834021042876205e-02 6.131987777617899094e-02 6.750563582937310070e-01 -7.288481317343842303e-01 9.653593415934835775e-02
1.118540905721652629e-01 -1.000210987066145196e-01 -5.607829508955907566e-02 6.130610551619749410e-02 6.750599365083241876e-01 -7.288505707402115341e-01 9.650123874584277950e-02
1.118199388368468633e-01 -9.999977113035456167e-02 -5.596155466601396983e-02 6.128861772154396703e-02 6.750991386413649487e-01 -7.288113829273797917e-01 9.653406890289924214e-02
1.119158963315071004e-01 -1.000348812055480430e-01 -5.611800258992576118e-02 6.134921258702266678e-02 6.749745145752162889e-01 -7.289222946407859505e-01 9.652961806883192386e-02
1.119156169555499819e-01 -1.000326554593839318e-01 -5.611770005048787036e-02 6.132338491954765491e-02 6.749775226827203767e-01 -7.289259946874320217e-01 9.649704971678930987e-02
1.118775582299782745e-01 -1.000439648256220282e-01 -5.602155398774101569e-02 6.129869258068521010e-02 6.750571834245217007e-01 -7.288509679284390641e-01 9.652220441239311999e-02
1.119454657109995449e-01 -1.000274153553433326e-01 -5.617487851496374279e-02 6.135220565091616118e-02 6.749902225289803326e-01 -7.289086751165548828e-01 9.652072156730999442e-02
1.119451786098569490e-01 -1.000252993912927324e-01 -5.617462096011315020e-02 6.132833186165041056e-02 6.749932126794624399e-01 -7.289121044248111358e-01 9.648908005944832611e-02
1.118885125446628520e-01 -1.000274624303114923e-01 -5.604088685365381239e-02 6.130946434790905675e-02 6.750138751455023733e-01 -7.288912817017545454e-01 9.651381974410710995e-02
1.119194792291732105e-01 -9.997385941041143920e-02 -5.616584901964578880e-02 6.134388426307654796e-02 6.749529020920478350e-01 -7.289460437347291544e-01 9.650478301373002776e-02
1.119189069635853212e-01 -9.997130714597048107e-02 -5.616562901951781261e-02 6.131865488899251176e-02 6.749570995364730930e-01 -7.289500205873286065e-01 9.646141111164370507e-02
1.118834672106672479e-01 -9.995043245562665324e-02 -5.604560188803121151e-02 6.129490976305033978e-02 6.749803545437097485e-01 -7.289251393021429770e-01 9.650179433844187360e-02
1.119481191515817181e-01 -9.991824093919705885e-02 -5.619447105201601234e-02 6.134368635726558661e-02 6.748610351558580467e-01 -7.290315634083315288e-01 9.650137266831554372e-02
1.119474602031466370e-01 -9.991635951669612659e-02 -5.619445133225918487e-02 6.132942707015824613e-02 6.748649114148668193e-01 -7.290341550092911405e-01 9.646374213215459792e-02
1.118902257303442810e-01 -9.994279504189243490e-02 -5.606869815615944663e-02 6.131477961282960631e-02 6.748921223626326293e-01 -7.290045753903844350e-01 9.650621759128576171e-02
1.119010677811921040e-01 -9.986832240990581311e-02 -5.617850158901986635e-02 6.136911081227136577e-02 6.748158051273724922e-01 -7.290708271064547663e-01 9.650487267862258023e-02
1.119005762574873108e-01 -9.986620722822771301e-02 -5.617833685112476327e-02 6.134842584165221824e-02 6.748192216902443308e-01 -7.290742337779149151e-01 9.646839029065659710e-02
1.118394452866579014e-01 -9.991187284984327788e-02 -5.606452565794697168e-02 6.132261173271920385e-02 6.748574897974068953e-01 -7.290363822411306538e-01 9.650315602810596860e-02
1.118749331486279808e-01 -9.989096684626416756e-02 -5.616075286485495283e-02 6.135878450220182134e-02 6.748074667189288833e-01 -7.290789451195552884e-01 9.650841521935127343e-02
1.118741963187723093e-01 -9.988910193948648264e-02 -5.616075766981254436e-02 6.134552502188746204e-02 6.748114228826217476e-01 -7.290815732139265259e-01 9.646932002883804036e-02
1.118251619838455252e-01 -9.992482823019591121e-02 -5.605880551526674221e-02 6.132649066445271246e-02 6.748779279336309944e-01 -7.290183703280971317e-01 9.649383221199750449e-02
1.118833794149741018e-01 -9.989242743332121810e-02 -5.618806658056393899e-02 6.137647028455756049e-02 6.747868494563539210e-01 -7.290985647172928408e-01 9.649310661057772243e-02
1.118453658588472871e-01 -9.989114773166796191e-02 -5.608185459729222999e-02 6.135749920962439707e-02 6.748132146656291575e-01 -7.290708956918459105e-01 9.652984853645024677e-02
1.118450957871806872e-01 -9.988890183490438390e-02 -5.608152618920550503e-02 6.133073918930768281e-02 6.748163021785905658e-01 -7.290745690476717611e-01 9.649752075808987195e-02
1.118580675485631309e-01 -9.980782861977247067e-02 -5.618538099828888910e-02 6.138013338814154313e-02 6.746876615297243696e-01 -7.291872233279163007e-01 9.651441312119929394e-02
1.118573399414517361e-01 -9.980624104304698652e-02 -5.618545638725648550e-02 6.137066928186955123e-02 6.746913907767414509e-01 -7.291892853192029067e-01 9.647877662632245443e-02
1.118224577849348256e-01 -9.981639779133942569e-02 -5.608320141629448419e-02 6.134834570422549593e-02 6.747123578724226745e-01 -7.291697723565163658e-01 9.649382205683783298e-02
1.118597467913659826e-01 -9.979665464418976950e-02 -5.617628363888527154e-02 6.138079258743974614e-02 6.746368671705726960e-01 -7.292361791294392770e-01 9.649917514833489252e-02
1.118396168977524585e-01 -9.977180721367230609e-02 -5.609138214672333700e-02 6.136177451290079909e-02 6.747084961980414075e-01 -7.291672220934934945e-01 9.653154930520742305e-02
1.118389072710180843e-01 -9.976950387405614240e-02 -5.609126642992677547e-02 6.134161334316265424e-02 6.747127629286229222e-01 -7.291707856823778089e-01 9.648761226720023454e-02
1.118965873636848657e-01 -9.976281588459995353e-02 -5.621676807340748871e-02 6.139753695777780407e-02 6.746226056840449736e-01 -7.292501451078073904e-01 9.648268350242729385e-02
1.118555225979174367e-01 -9.976069975353150932e-02 -5.611873511670321946e-02 6.136955971328378334e-02 6.746893574397013760e-01 -7.291866119381348321e-01 9.651390090751066353e-02
1.118550792274631972e-01 -9.975897022960204807e-02 -5.611862643026432895e-02 6.135321992534399638e-02 6.746924866274156551e-01 -7.291891783733619459e-01 9.648301942045595103e-02
1.119008922476539686e-01 -9.973849374862417405e-02 -5.622600784189729639e-02 6.140066719089530556e-02 6.745841698412163856e-01 -7.292850109409064752e-01 9.648589889238506911e-02
1.118636489638903248e-01 -9.972125673959626735e-02 -5.611125657631216984e-02 6.138948381064175674e-02 6.745870309353442229e-01 -7.292782918634473921e-01 9.652378975170988751e-02
1.118631243726418700e-01 -9.971918568695516127e-02 -5.611110628472658346e-02 6.136969553984313736e-02 6.745906880361025593e-01 -7.292814862484502392e-01 9.648667213442521651e-02
1.118945963493326312e-01 -9.967964044819442593e-02 -5.620832874130972379e-02 6.139777523492179895e-02 6.745242217387639183e-01 -7.293403257982971066e-01 9.648873845351454981e-02
1.118368024029083724e-01 -9.970489417273617483e-02 -5.608604144561479821e-02 6.137537065440479972e-02 6.745498002968268736e-01 -7.293126223158525878e-01 9.653356787833052011e-02
1.118362705636056637e-01 -9.970277353666419373e-02 -5.608587921906592333e-02 6.135489021829746564e-02 6.745535259864104960e-01 -7.293158769550577292e-01 9.649595663485943664e-02
1.118633369922717030e-01 -9.965089985000152861e-02 -5.617975602161084936e-02 6.139484777809846305e-02 6.744267449234588874e-01 -7.294283108813818250e-01 9.650687894127490951e-02
1.118046903711339551e-01 -9.965753790464236539e-02 -5.605693082493647811e-02 6.136476127235403200e-02 6.744781009959420759e-01 -7.293797332122031740e-01 9.653425366257312179e-02
1.118040109633876289e-01 -9.965555533665243493e-02 -5.605686475567322330e-02 6.134845368822804124e-02 6.744820463939739108e-01 -7.293826898455368912e-01 9.649470491146110163e-02
1.118134545665895735e-01 -9.960068537385287357e-02 -5.615056971797282442e-02 6.138432136878312767e-02 6.745044738661045702e-01 -7.293582555163382608e-01 9.649981831520308695e-02
1.117646882714198181e-01 -9.961914907884600323e-02 -5.604896342810956889e-02 6.136933213188151826e-02 6.745719265548697496e-01 -7.292949751630461996e-01 9.651611357524655932e-02
1.117643294076379468e-01 -9.961727895377853192e-02 -5.604875646323373428e-02 6.134920544500944983e-02 6.745749027073555393e-01 -7.292979081913665285e-01 9.648594061481197137e-02
1.117874374107623303e-01 -9.956852757423143019e-02 -5.615519842884178492e-02 6.138039787007549403e-02 6.745647219798499572e-01 -7.293045302922559481e-01 9.648722564542296098e-02
1.117554844284288640e-01 -9.960984258951130488e-02 -5.607706591811340013e-02 6.137583646143893179e-02 6.745880822840594204e-01 -7.292790242790856414e-01 9.651958705629931634e-02
1.117549913029294018e-01 -9.960792537259852142e-02 -5.607692111640631694e-02 6.135709921064230743e-02 6.745914642849060172e-01 -7.292819765467219995e-01 9.648555008138852418e-02
1.118113799279467774e-01 -9.960857480294622868e-02 -5.618351561480229572e-02 6.140167433779976369e-02 6.745449225460239395e-01 -7.293210055467664876e-01 9.648757808208539843e-02
1.117621162318423733e-01 -9.962433043985527426e-02 -5.607812706282777615e-02 6.138141096937353713e-02 6.745968437203812007e-01 -7.292698582247701955e-01 9.652406287932534246e-02
1.117616220323890547e-01 -9.962224808635690432e-02 -5.607794630329469843e-02 6.136030877365902803e-02 6.746003404315394913e-01 -7.292732290902801395e-01 9.648756670726209295e-02
1.118229133755351684e-01 -9.961373888408361910e-02 -5.620180932748930491e-02 6.141730707716146209e-02 6.745154595141483744e-01 -7.293468868197606758e-01 9.648796792414149337e-02
1.117843947888963463e-01 -9.963478045587578769e-02 -5.610187130387885024e-02 6.139517703556921641e-02 6.745169862298954211e-01 -7.293415779828845702e-01 9.653149822491152721e-02
1.117837289888290453e-01 -9.963277603788786574e-02 -5.610179877742871302e-02 6.137794153117161200e-02 6.745209300298604660e-01 -7.293446613674328116e-01 9.649159642099840173e-02
1.118579238846900553e-01 -9.962696157184164347e-02 -5.623680957958704374e-02 6.143084580992951016e-02 6.744011261226950937e-01 -7.294501713894229189e-01 9.649777058284318698e-02
1.117986441485433330e-01 -9.964896624594500596e-02 -5.611634940707002639e-02 6.141292000584785971e-02 6.744422200457640404e-01 -7.294102782249941574e-01 9.652352612619020944e-02
1.117980979957099025e-01 -9.964689339909173216e-02 -5.611620249431954754e-02 6.139270904025587172e-02 6.744458980816716576e-01 -7.294136155609264316e-01 9.648545627110194367e-02
1.118920407846811099e-01 -9.967565614580625732e-02 -5.626128544967223116e-02 6.145181265028541728e-02 6.743373214794577963e-01 -7.295097128335464864e-01 9.648020762530007399e-02
1.118508710323782851e-01 -9.968493997619468083e-02 -5.616246306658338738e-02 6.142989012458834053e-02 6.743604918026846473e-01 -7.294857429657636283e-01 9.651345245410256068e-02
1.118503483348271821e-01 -9.968316291142154117e-02 -5.616237912976374674e-02 6.141357072894325364e-02 6.743638719917579571e-01 -7.294885260504709867e-01 9.647917828897709103e-02
1.119088366452863081e-01 -9.965276728066330136e-02 -5.628476848894482798e-02 6.145633743173398167e-02 6.742786237768447766e-01 -7.295614705105568643e-01 9.649620123898557111e-02
1.118589743909383788e-01 -9.968393855400992098e-02 -5.618516926836755049e-02 6.143404779250404013e-02 6.743234732783102148e-01 -7.295177854987040522e-01 9.652725935595325713e-02
1.118583796723352231e-01 -9.968182086130066011e-02 -5.618505768881769391e-02 6.141406621446349190e-02 6.743274925916640239e-01 -7.295210777614989928e-01 9.648700590103086172e-02
1.119206954546562299e-01 -9.966422628097496017e-02 -5.630332690829665393e-02 6.145136685881811417e-02 6.742417866925479730e-01 -7.295972310442505604e-01 9.648638785541828466e-02
1.118631099961238384e-01 -9.968115271925788445e-02 -5.618445822409302848e-02 6.144108111694879248e-02 6.742836089261801114e-01 -7.295549890843759933e-01 9.652008177971373171e-02
1.118626530593788415e-01 -9.967869743607681021e-02 -5.618419321285788443e-02 6.141386685369124715e-02 6.742874240187420876e-01 -7.295592196315195954e-01 9.647876356429165023e-02
1.119137636743999381e-01 -9.965803944284937210e-02 -5.628953653724313999e-02 6.145739788169088391e-02 6.742404035538092089e-01 -7.295977974272450650e-01 9.648792904047902297e-02
1.118628577631197579e-01 -9.964921745349542004e-02 -5.618720748790123620e-02 6.145789037506086544e-02 6.742015316651055468e-01 -7.296299945967683609e-01 9.651576760194380267e-02
1.118622888161260182e-01 -9.964698942072092169e-02 -5.618704750346964483e-02 6.143583944122180118e-02 6.742055938177045071e-01 -7.296335260447178728e-01 9.647472502485267276e-02
1.118880865524565366e-01 -9.959246588870283856e-02 -5.628205895183268498e-02 6.148276116701568983e-02 6.741385533400880981e-01 -7.296912596095516124e-01 9.647666365105467268e-02
1.118307737500377486e-01 -9.959604934438397172e-02 -5.615741300775724948e-02 6.145907721608892538e-02 6.741855213340245401e-01 -7.296443425995144949e-01 9.651838148165700626e-02
1.118301134980741740e-01 -9.959376873324723989e-02 -5.615728048554180507e-02 6.143768965030435569e-02 6.741897418048161672e-01 -7.296480344908363724e-01 9.647459820723441881e-02
1.118676651579339903e-01 -9.955592947524319336e-02 -5.626462915578062107e-02 6.148754418592367044e-02 6.740940456723100160e-01 -7.297305761305218352e-01 9.648723106887399648e-02
1.118101878125224991e-01 -9.957264101981909421e-02 -5.614496584020194081e-02 6.146321531003173799e-02 6.741338147550999249e-01 -7.296906650069953093e-01 9.652671324114388274e-02
1.118095800629723274e-01 -9.957078538162193737e-02 -5.614489819195724041e-02 6.144687533290560388e-02 6.741374415328876823e-01 -7.296935993303573786e-01 9.648959804881862556e-02
1.118355292584206212e-01 -9.952081542557369986e-02 -5.623440804015929911e-02 6.148793378662635589e-02 6.740176334640455291e-01 -7.298005407828713764e-01 9.649162891778412243e-02
1.118244269966842536e-01 -9.951022444290376356e-02 -5.617378005595849433e-02 6.147374601485300349e-02 6.741039469314062949e-01 -7.297194766578920522e-01 9.651079042538748820e-02
1.118241557977794759e-01 -9.950807145029987033e-02 -5.617347969912483974e-02 6.144759890143248332e-02 6.741070305212752967e-01 -7.297232347020856658e-01 9.647748300490564810e-02
1.118442069079942647e-01 -9.946210346178593897e-02 -5.626915209292836229e-02 6.149806675741316397e-02 6.740289084435029388e-01 -7.297914269560985545e-01 9.647534145543121276e-02
1.118438512693485931e-01 -9.945994476073025115e-02 -5.626891857645295592e-02 6.147347457490769801e-02 6.740321711282988293e-01 -7.297952270739591629e-01 9.643946675416797953e-02
1.117919191612613411e-01 -9.950026014615231951e-02 -5.617426912929229799e-02 6.145196004954815716e-02 6.740705880481990819e-01 -7.297565203442396564e-01 9.647756189649031588e-02
1.118152444285414326e-01 -9.945134193135789225e-02 -5.627569474163052199e-02 6.148434121236555361e-02 6.740626143386314606e-01 -7.297606237447421540e-01 9.648160326370933126e-02
1.118146527482059005e-01 -9.944866197041064837e-02 -5.627547500762984656e-02 6.145611478009914419e-02 6.740672348325983387e-01 -7.297650610426521522e-01 9.643373145681011227e-02
1.117484742476429482e-01 -9.948371109040320126e-02 -5.615134441546296845e-02 6.143716765290745813e-02 6.740746349575165164e-01 -7.297541111920741175e-01 9.647693058936593347e-02
1.117965528001714365e-01 -9.944949048854549722e-02 -5.627677121491312523e-02 6.149010665954487975e-02 6.740046298627790922e-01 -7.298142714765878392e-01 9.647722454358444166e-02
1.117961271491488273e-01 -9.944754455263175863e-02 -5.627661883846787200e-02 6.146943710528815497e-02 6.740079776384306776e-01 -7.298174780346625701e-01 9.644274538209959835e-02
1.117387959963071359e-01 -9.946855964296527630e-02 -5.616115991271490582e-02 6.144475559700571243e-02 6.740344453277494763e-01 -7.297906508622670207e-01 9.647649680293186869e-02
1.117434797115158251e-01 -9.940391970369805152e-02 -5.624771472087720242e-02 6.147552967122101031e-02 6.740050235609574836e-01 -7.298150419073765605e-01 9.647793567427906392e-02
1.117432023579220529e-01 -9.940202713425412562e-02 -5.624748151385694506e-02 6.145290970950784831e-02 6.740078375347083872e-01 -7.298183079621617386e-01 9.644797661573123460e-02
1.116780986733077186e-01 -9.942383007991262289e-02 -5.612131831917715336e-02 6.143085362341365457e-02 6.740270047513162721e-01 -7.297979044798638126e-01 9.648246320377235064e-02
1.117419523486872374e-01 -9.943027502757301184e-02 -5.623508965273242566e-02 6.147963057297668038e-02 6.739409208704632004e-01 -7.298730525528662749e-01 9.648428554973792481e-02
1.117411837282690085e-01 -9.942845346772785642e-02 -5.623514216782406899e-02 6.146625630286554204e-02 6.739450973955598556e-01 -7.298757321880920967e-01 9.644335433556990023e-02
1.116835657801253101e-01 -9.944850201496935327e-02 -5.612574858502461517e-02 6.144757729466455987e-02 6.739857728686867722e-01 -7.298348270938918025e-01 9.648055957572007624e-02
1.117210962806335500e-01 -9.942353832848041528e-02 -5.621379719531949259e-02 6.148718285153072227e-02 6.739258993165883060e-01 -7.298863922867264709e-01 9.648348527067650282e-02
1.117203673481618198e-01 -9.942169991335958468e-02 -5.621381965533274461e-02 6.147273211520141306e-02 6.739299494809560809e-01 -7.298891942131395805e-01 9.644319867042365491e-02
1.116814853250544665e-01 -9.943845852934378449e-02 -5.612093054169915718e-02 6.145074762460618623e-02 6.739544409771399680e-01 -7.298644946159198454e-01 9.647298379658184042e-02
1.117460357155943690e-01 -9.944734541956441742e-02 -5.623718551630463303e-02 6.148682282414100198e-02 6.739137143477560432e-01 -7.298987927730278269e-01 9.647501511521137940e-02
1.117454749137874875e-01 -9.944547585137228363e-02 -5.623710963670726370e-02 6.146910017796033271e-02 6.739174529254902124e-01 -7.299017159541852928e-01 9.643807035018558960e-02
1.116981230660172297e-01 -9.945899683997166951e-02 -5.614100117118980826e-02 6.144801470019484180e-02 6.739816708663672884e-01 -7.298405243546638443e-01 9.646583765921372400e-02
1.117718071207669667e-01 -9.946973093056325765e-02 -5.627012545841195840e-02 6.149724033695859460e-02 6.739068813550941339e-01 -7.299062313699729021e-01 9.645982635518771109e-02
1.117713236131718524e-01 -9.946749113929678754e-02 -5.626992930527380948e-02 6.147285424207817039e-02 6.739107266682502484e-01 -7.299101036275095211e-01 9.641919567846161943e-02
1.117128703325896838e-01 -9.950316333493752774e-02 -5.616591556263218765e-02 6.144626395465170587e-02 6.739294964824931178e-01 -7.298910887016741844e-01 9.644889346567495081e-02
1.117594788717463095e-01 -9.948249982745790976e-02 -5.626743467562253520e-02 6.149230159730331713e-02 6.738648407555102304e-01 -7.299469535122449226e-01 9.644852666583164646e-02
1.117589953046277812e-01 -9.948047352163576218e-02 -5.626728947479493759e-02 6.147094849819429579e-02 6.738684551140157186e-01 -7.299504088041337546e-01 9.641072751338503055e-02
1.117166807585455723e-01 -9.951685630711316899e-02 -5.618428933077625198e-02 6.146166597606592119e-02 6.738739499456384285e-01 -7.299435274086539804e-01 9.643033752051977103e-02
1.117822607328331774e-01 -9.949482354291268316e-02 -5.631582126253270593e-02 6.151018599085489313e-02 6.737680898905746840e-01 -7.300364268118674227e-01 9.643585221450440281e-02
1.117818442103412496e-01 -9.949238783678100717e-02 -5.631555181633371432e-02 6.148152031657035110e-02 6.737719797236535468e-01 -7.300407748380449702e-01 9.639403027521206702e-02
1.117457173640354906e-01 -9.952033491340477045e-02 -5.624693258312656735e-02 6.144709575693176745e-02 6.738630397719836962e-01 -7.299567346996725936e-01 9.641588831148206751e-02
1.118039198773965320e-01 -9.949586195727573579e-02 -5.636275250024221084e-02 6.149927194045599205e-02 6.737827013500126139e-01 -7.300261820388990186e-01 9.641827860930546334e-02
1.117527981683191785e-01 -9.951762293616653321e-02 -5.626856256078921481e-02 6.149948540026704130e-02 6.738187398525001814e-01 -7.299837134281129680e-01 9.648780880916428548e-02
1.117516841399182892e-01 -9.951362052049517182e-02 -5.626838171740805583e-02 6.145976863972332782e-02 6.738265322767920118e-01 -7.299902035112530996e-01 9.640956392487337601e-02
1.117900871206507218e-01 -9.947495979939371957e-02 -5.637452885786532059e-02 6.150852884600027659e-02 6.737695533948094839e-01 -7.300380447646053206e-01 9.641443353373886638e-02
1.117323560530186360e-01 -9.949561582606257504e-02 -5.626600419315197499e-02 6.150477054365124235e-02 6.738044786102400652e-01 -7.299974092003256310e-01 9.648041441643770422e-02
1.117310659167620734e-01 -9.949208085151883818e-02 -5.626601997390798943e-02 6.147475251911653504e-02 6.738121941040117191e-01 -7.300028655500616637e-01 9.640434724715235548e-02
1.117567608465308143e-01 -9.946916670713584763e-02 -5.634640171035194822e-02 6.149362212592014709e-02 6.738754179158553681e-01 -7.299432243362224959e-01 9.640199589326584051e-02
1.116931911612335376e-01 -9.947416815533252632e-02 -5.621651877401583064e-02 6.149137700471966200e-02 6.738974871842002834e-01 -7.299127953000351665e-01 9.647952413944088645e-02
1.116919895572792976e-01 -9.947040336167851937e-02 -5.621637879435591179e-02 6.145591728630701855e-02 6.739050404159003804e-01 -7.299188825812790160e-01 9.640327579413177084e-02
1.117407948399489759e-01 -9.944165681749057850e-02 -5.633696948418193129e-02 6.151351998023188439e-02 6.738375692558131735e-01 -7.299787402798391112e-01 9.638493584849300300e-02
1.116778865252163744e-01 -9.944606433909143617e-02 -5.620813442227520079e-02 6.151798510438071660e-02 6.738605201997563965e-01 -7.299467621832509412e-01 9.646378181991135947e-02
1.116769545921433848e-01 -9.944213938225582305e-02 -5.620778612549014869e-02 6.147547237730736913e-02 6.738674342295617459e-01 -7.299534464479913165e-01 9.639197787966452546e-02
1.116822679318105749e-01 -9.938268638730481108e-02 -5.629151029637641246e-02 6.152014627839960670e-02 6.738388056847203211e-01 -7.299749474080894363e-01 9.640078688387983263e-02
1.116271356970311573e-01 -9.938540738678849906e-02 -5.617386325597180374e-02 6.150495732069904964e-02 6.738815313316330879e-01 -7.299272827360082649e-01 9.647271050789334168e-02
1.116260771574912464e-01 -9.938120079505755045e-02 -5.617350200724437193e-02 6.146029188933862381e-02 6.738890424322078188e-01 -7.299344083820126228e-01 9.639476370986460596e-02
1.116949554430867325e-01 -9.939968240095711782e-02 -5.628448118121823218e-02 6.150562225820050549e-02 6.738556183053214799e-01 -7.299635475786100391e-01 9.637885305104339217e-02
1.116399813671341279e-01 -9.940295368839632828e-02 -5.617260397561121832e-02 6.149483735515971772e-02 6.739016075708766929e-01 -7.299122539906179874e-01 9.645262964992787347e-02
1.116390665578040481e-01 -9.939903741217984146e-02 -5.617223350643357760e-02 6.145229115012770804e-02 6.739085131107229731e-01 -7.299188538545554605e-01 9.638152653359804978e-02
1.117076719133342777e-01 -9.940639327383675450e-02 -5.628556782968488492e-02 6.149092874252629071e-02 6.738879292997226322e-01 -7.299344773508399387e-01 9.638248389136894190e-02
1.116825523814268389e-01 -9.938295871117773517e-02 -5.619366973127315479e-02 6.146618774723499462e-02 6.739359444563594037e-01 -7.298886198757928989e-01 9.640981853186401940e-02
1.116818550964516488e-01 -9.938083742061692982e-02 -5.619360086474001897e-02 6.144696719324133083e-02 6.739401525056357700e-01 -7.298921579918815628e-01 9.636585891998993014e-02
1.117318562610780525e-01 -9.937767222410920365e-02 -5.629744830756817919e-02 6.148553923897381174e-02 6.739371046250317576e-01 -7.298900382556385846e-01 9.637862589445921058e-02
