repeatability libsurvive; 20211016-001351; x y z w i j k;  frequency = 150 duration = 2 sys.args = ['repeatability.py']
1.124501171348004092e-01 -1.024565024107450956e-01 -5.597811112608633288e-02 6.095042352047329998e-02 6.771750381437960931e-01 -7.269345952341540462e-01 9.635926441904778261e-02
1.124649396125297074e-01 -1.023209269659200032e-01 -5.616878814508270701e-02 6.099480950018595221e-02 6.769876018555632813e-01 -7.271040772133315899e-01 9.636950268440122591e-02
1.124643053163753431e-01 -1.023181863790740276e-01 -5.616850700623254866e-02 6.097355544021591800e-02 6.769914566533805633e-01 -7.271074063176394819e-01 9.633074708185260238e-02
1.123706653133547950e-01 -1.023579147919001092e-01 -5.591353242445175342e-02 6.096501348905748741e-02 6.770146500310006976e-01 -7.270816592762259223e-01 9.636748164090667979e-02
1.124066300560129239e-01 -1.022819369834171987e-01 -5.610522525954388107e-02 6.099471161580163892e-02 6.769741194954883579e-01 -7.271156319402903856e-01 9.637709518493264849e-02
1.124058741813369899e-01 -1.022789090665022910e-01 -5.610489798870914313e-02 6.097178024850603145e-02 6.769784155695434125e-01 -7.271193778524873697e-01 9.633315741576251034e-02
1.123229291491739806e-01 -1.023144015213502678e-01 -5.588734875337556668e-02 6.095956467791531497e-02 6.770335102144766637e-01 -7.270653638641343397e-01 9.636137291496570112e-02
1.123698414020998376e-01 -1.022503586112031293e-01 -5.610295047957329639e-02 6.098999893087982127e-02 6.769371451256215311e-01 -7.271528470463960447e-01 9.635900898154313443e-02
1.123689930172558638e-01 -1.022479355119353256e-01 -5.610273278397023833e-02 6.097512943075358849e-02 6.769411515184471373e-01 -7.271556931919047617e-01 9.631878752549885570e-02
1.123093776385553078e-01 -1.022381364475382221e-01 -5.588032522167578342e-02 6.096891169478207972e-02 6.769376680979394267e-01 -7.271551674777713137e-01 9.635116879027465220e-02
1.123998415533354472e-01 -1.022341826363762085e-01 -5.609156058747867546e-02 6.101957271820888928e-02 6.767132763568761700e-01 -7.273586489960470747e-01 9.635947840391477504e-02
1.123503296220992737e-01 -1.022269968367156556e-01 -5.590105324561839978e-02 6.100468063750856540e-02 6.767474403801951865e-01 -7.273239654446288505e-01 9.639076806971648426e-02
1.123498698966526599e-01 -1.022243388464107311e-01 -5.590071303601576447e-02 6.098095832873427075e-02 6.767507785081932070e-01 -7.273274179850912624e-01 9.635628447072913660e-02
1.124226985099769371e-01 -1.021686727337704076e-01 -5.612371205159691345e-02 6.103348276839794251e-02 6.765634489519346539e-01 -7.274967467423396617e-01 9.636024596655412555e-02
1.123960174044062177e-01 -1.021833758439709694e-01 -5.600228305869154460e-02 6.102433211995866164e-02 6.766370860558648115e-01 -7.274268074809989715e-01 9.637699113970556175e-02
1.123951782934065058e-01 -1.021812564647472110e-01 -5.600211640979464722e-02 6.101237322331292540e-02 6.766409052443539407e-01 -7.274292772066054402e-01 9.633910071427814747e-02
1.124737940985408857e-01 -1.021232245899136443e-01 -5.626061958568831511e-02 6.105867031197301231e-02 6.764833374940086852e-01 -7.275706881459659270e-01 9.634846456226707490e-02
1.124238942595833790e-01 -1.021431802394841409e-01 -5.608249790069867735e-02 6.104879410319833527e-02 6.764953612580101305e-01 -7.275557362751516877e-01 9.638320158648770730e-02
1.124231104513816887e-01 -1.021410057066475530e-01 -5.608232770646826015e-02 6.103548078779863495e-02 6.764990629106724107e-01 -7.275583664480659296e-01 9.634579065743384407e-02
1.125153897369496753e-01 -1.021884260436915492e-01 -5.626392411736247379e-02 6.105356399840904114e-02 6.764779825175237793e-01 -7.275750817364591283e-01 9.635612034685608895e-02
1.124684239644565403e-01 -1.022003683580657574e-01 -5.608084236533951439e-02 6.103968227866379825e-02 6.764931324275852420e-01 -7.275577824610253153e-01 9.638917027357798983e-02
1.124676649995133421e-01 -1.021984462147187689e-01 -5.608070873509447829e-02 6.102872401933304158e-02 6.764966314685187943e-01 -7.275600521026802658e-01 9.635441370619347856e-02
1.125935749833216343e-01 -1.022485657843188595e-01 -5.633666681974228152e-02 6.107889900010061296e-02 6.763320630682625456e-01 -7.277081384352528381e-01 9.635960677515290063e-02
1.125426311591510992e-01 -1.021804683134650282e-01 -5.612895975521649261e-02 6.106327500651394236e-02 6.763572222025872049e-01 -7.276821468690083394e-01 9.638919829519185245e-02
1.125421121381255107e-01 -1.021773195066920104e-01 -5.612858350664233498e-02 6.103487576718979318e-02 6.763612364639358665e-01 -7.276863799905497476e-01 9.634705042350140414e-02
1.125875915739946165e-01 -1.020899523462728831e-01 -5.633316164859107633e-02 6.106280055751051039e-02 6.763055878555269684e-01 -7.277345280725407983e-01 9.635633281990388377e-02
1.125010015416239850e-01 -1.020948926259594991e-01 -5.608630609505776965e-02 6.105859824434566041e-02 6.763330755599388233e-01 -7.277047003629217858e-01 9.639132509608795696e-02
1.125003045531704077e-01 -1.020922430414511056e-01 -5.608603597268947694e-02 6.103846385723146750e-02 6.763370959390294646e-01 -7.277080400164479546e-01 9.635064650602595537e-02
1.125792639772728032e-01 -1.020337624763640039e-01 -5.632814419568069053e-02 6.107556348656486417e-02 6.761784785115624308e-01 -7.278505150068826923e-01 9.636424931893913803e-02
1.124985476649620203e-01 -1.020862113397948828e-01 -5.613208596999433309e-02 6.107531401582116243e-02 6.762070228733135790e-01 -7.278205575527117999e-01 9.639037419959901876e-02
1.124978884175894395e-01 -1.020839813562935544e-01 -5.613189187591829943e-02 6.105959057713921528e-02 6.762106860542503872e-01 -7.278231692717804791e-01 9.635491028366552357e-02
1.124812120751050581e-01 -1.019447819495214597e-01 -5.625278557754577469e-02 6.108736860680369363e-02 6.761194817767194332e-01 -7.279028613237028544e-01 9.637533001470456606e-02
1.124116338937095200e-01 -1.019559000178078545e-01 -5.603992884929338836e-02 6.108415942336271887e-02 6.761539406230516747e-01 -7.278668546084233748e-01 9.640755162278669133e-02
1.124109422589784496e-01 -1.019536392720744727e-01 -5.603972403015644588e-02 6.106812251981529049e-02 6.761575289389558652e-01 -7.278696994880330395e-01 9.637105913224369713e-02
1.124394216514783967e-01 -1.018448667118151824e-01 -5.620912386205197120e-02 6.109782262251384211e-02 6.760790438581877337e-01 -7.279372851090554208e-01 9.639238286630472108e-02
1.123577680957899283e-01 -1.018756973032927393e-01 -5.598457765927675883e-02 6.108430921985083528e-02 6.760974892318662999e-01 -7.279178152486330822e-01 9.641860020326500913e-02
1.123572744519316796e-01 -1.018734375138440063e-01 -5.598432527554714211e-02 6.106509770751784860e-02 6.761005757602678301e-01 -7.279207849887010529e-01 9.638670074257726927e-02
1.123887754673895817e-01 -1.018125254087765830e-01 -5.610577221999846209e-02 6.109073429001664335e-02 6.759722695658509917e-01 -7.280374954483189720e-01 9.638889035173089925e-02
1.123096918091461699e-01 -1.018677787607283336e-01 -5.589326862424837117e-02 6.107138206100214822e-02 6.759834619696988289e-01 -7.280266529341608006e-01 9.640455411495274518e-02
1.123090485107713921e-01 -1.018653982632803934e-01 -5.589301480673956185e-02 6.105257801215135949e-02 6.759870799067509983e-01 -7.280296948735637264e-01 9.636811661291130870e-02
1.124004721748700919e-01 -1.018640916376843258e-01 -5.612061611440120196e-02 6.108699633489149405e-02 6.758906360550450687e-01 -7.281157659573379570e-01 9.637249782093715300e-02
1.123229303757658920e-01 -1.018879166682934712e-01 -5.590198617792070668e-02 6.107363831398263110e-02 6.759124509935817704e-01 -7.280903071246204172e-01 9.642029851705309629e-02
1.123223909111263491e-01 -1.018858262432827400e-01 -5.590176046059915083e-02 6.105669237892220880e-02 6.759155125503215622e-01 -7.280930458106811276e-01 9.638888344465296187e-02
1.123976781716203993e-01 -1.018350600033703646e-01 -5.612927349389108811e-02 6.110657253686536255e-02 6.757629745902228313e-01 -7.282301943764447616e-01 9.639073069655637593e-02
1.123202810077259112e-01 -1.018630992807803420e-01 -5.591659378410783476e-02 6.110930534391501023e-02 6.757872035430917412e-01 -7.282034505467586127e-01 9.642117474697414758e-02
1.123194629037940623e-01 -1.018611811699997455e-01 -5.591646673405369083e-02 6.109858686434820746e-02 6.757908620590045157e-01 -7.282056931136940969e-01 9.638538248890099469e-02
1.123776628483381251e-01 -1.018115180643222872e-01 -5.611776399818751981e-02 6.115203070217774262e-02 6.756852485463705760e-01 -7.282988457816589323e-01 9.638809714343687940e-02
1.123259673418294941e-01 -1.018066953087580495e-01 -5.593041964734945387e-02 6.113784333372410812e-02 6.756900549592894656e-01 -7.282906473136151471e-01 9.642534302313229833e-02
1.123253877392090816e-01 -1.018042940550612785e-01 -5.593015199764214684e-02 6.111776508291098808e-02 6.756934075366062276e-01 -7.282939316343832736e-01 9.638976578129071493e-02
1.123782263698178546e-01 -1.017341077527685739e-01 -5.610558913110053753e-02 6.115353748216370566e-02 6.756192618435699071e-01 -7.283578951234102039e-01 9.640349833259515000e-02
1.123067825800605074e-01 -1.018017363431660549e-01 -5.593732091142893798e-02 6.113720992333827875e-02 6.756681017828320979e-01 -7.283114979850739967e-01 9.642209134172423368e-02
1.123062563268694553e-01 -1.017990336576831550e-01 -5.593699081301595211e-02 6.111260032781783147e-02 6.756716828054272206e-01 -7.283151799743853294e-01 9.638477968503743332e-02
1.123345968069298373e-01 -1.017142748729027713e-01 -5.608552931860082136e-02 6.114858336150030133e-02 6.755727180267890875e-01 -7.284036970977808556e-01 9.638675980165832546e-02
1.122685888401532134e-01 -1.017050298717510903e-01 -5.588886988045263515e-02 6.112424008081210336e-02 6.756360610710654413e-01 -7.283419505629347146e-01 9.642480648203775873e-02
1.122676880476284472e-01 -1.017025990398663787e-01 -5.588867530670223183e-02 6.110838285345106258e-02 6.756403591287795107e-01 -7.283449791619684976e-01 9.638185509172123022e-02
1.122481254685928770e-01 -1.015614303460742746e-01 -5.600977783827597312e-02 6.112551563226610585e-02 6.756359457248246603e-01 -7.283470079047184020e-01 9.638659792448048269e-02
1.121950751817132885e-01 -1.015415266660252003e-01 -5.583744641816226761e-02 6.110357128796915782e-02 6.757272074564767417e-01 -7.282592399696888874e-01 9.642392896837882754e-02
1.121945455966560923e-01 -1.015385440134902451e-01 -5.583706503080700101e-02 6.107565002482875927e-02 6.757309793074995907e-01 -7.282633781272630502e-01 9.638392322809444246e-02
1.122238100904534575e-01 -1.014606130469149214e-01 -5.599371744567516185e-02 6.109070619689903336e-02 6.757212562743114548e-01 -7.282708285504927437e-01 9.638625274285396449e-02
1.122047392558272183e-01 -1.014375995375707412e-01 -5.587776431405171162e-02 6.107237141175091144e-02 6.757941995988006045e-01 -7.281991803146289355e-01 9.642779178154076147e-02
1.122042421038332294e-01 -1.014345440582204855e-01 -5.587737873381165565e-02 6.104339048122142675e-02 6.757979781155587506e-01 -7.282034049993078018e-01 9.638774922620568786e-02
1.122566588653333558e-01 -1.013869307813915349e-01 -5.603148859628930001e-02 6.110451103057328720e-02 6.755959075672478553e-01 -7.283842715749172525e-01 9.639896956077123602e-02
1.122013229677597951e-01 -1.013765827634210137e-01 -5.586215000347023729e-02 6.108693053421007657e-02 6.756509270162899261e-01 -7.283329673193394971e-01 9.641213852903962600e-02
1.122007351243580892e-01 -1.013737406296672389e-01 -5.586182658965623687e-02 6.106181489978677879e-02 6.756547658486480312e-01 -7.283368557975246071e-01 9.637176263889987715e-02
1.122303322662512037e-01 -1.012745595928379178e-01 -5.603670030993090218e-02 6.110796852808644819e-02 6.755300609279296653e-01 -7.284467457976038229e-01 9.638615824878164762e-02
1.121573164581102511e-01 -1.013275384880385349e-01 -5.584663240113329347e-02 6.110549910828923237e-02 6.755432474562621525e-01 -7.284301159571139328e-01 9.642097780918756911e-02
1.121566247187253673e-01 -1.013251281056515990e-01 -5.584641846288750100e-02 6.108683145570703577e-02 6.755469381497685166e-01 -7.284333326803306141e-01 9.638263961628018572e-02
1.121967986190300359e-01 -1.012435537139356051e-01 -5.601576427901461264e-02 6.112099118567021483e-02 6.754306759906890667e-01 -7.285374861061455487e-01 9.638857663322916713e-02
1.121341553041423217e-01 -1.012114890665899991e-01 -5.582258763091762360e-02 6.109800412348004306e-02 6.754664768250678852e-01 -7.285005719942391211e-01 9.643126661889113438e-02
1.121336974654097290e-01 -1.012090793078164186e-01 -5.582230771946780634e-02 6.107606278760180363e-02 6.754695233200610494e-01 -7.285039412911306078e-01 9.639836691263581336e-02
1.122436328122370514e-01 -1.012510536233068442e-01 -5.603668295925054443e-02 6.112431052956632249e-02 6.753326994345928425e-01 -7.286265244242083883e-01 9.639995665024624072e-02
1.122571981751172288e-01 -1.012014064164621086e-01 -5.601135867592689499e-02 6.113247103981438169e-02 6.753797267486066902e-01 -7.285813079452083674e-01 9.640707128832903816e-02
1.122567512736691725e-01 -1.011988753545671749e-01 -5.601109190265805143e-02 6.110955665981919471e-02 6.753830887148566386e-01 -7.285847317886259278e-01 9.637216489898131622e-02
1.123044890552720304e-01 -1.011516894504723985e-01 -5.617050481363927705e-02 6.114309706854854920e-02 6.752845298383127748e-01 -7.286724295947247798e-01 9.637850274016457330e-02
1.123167666166569739e-01 -1.011104333816535833e-01 -5.614774870032572529e-02 6.114717655410316366e-02 6.753283275729521362e-01 -7.286298892079500211e-01 9.639064959731023785e-02
1.123164395937676224e-01 -1.011081974198872191e-01 -5.614752290684989905e-02 6.112634257677421190e-02 6.753312121957448788e-01 -7.286328940997920389e-01 9.636093458022244873e-02
1.123679687973479779e-01 -1.010866437095717801e-01 -5.627736465767363416e-02 6.116205130613153185e-02 6.752872648017200774e-01 -7.286700824739873461e-01 9.636505789958454971e-02
1.123025818755221394e-01 -1.011069373385535819e-01 -5.609589506320813990e-02 6.114108193968578742e-02 6.752982779056013740e-01 -7.286586261158676248e-01 9.638781325411523160e-02
1.123018868337030268e-01 -1.011048189226439187e-01 -5.609579108617342158e-02 6.112701013124025029e-02 6.753020810268536289e-01 -7.286611464193386567e-01 9.635103368449726702e-02
1.123139647794354490e-01 -1.010072836591184714e-01 -5.625142806381437655e-02 6.116815930776910160e-02 6.752778499274414425e-01 -7.286785072283868958e-01 9.636345151394710984e-02
1.122373311179133831e-01 -1.010700437246902922e-01 -5.606583253062961264e-02 6.115841238012025005e-02 6.752840593687280402e-01 -7.286702694267852554e-01 9.638841326182079339e-02
1.122367451305204405e-01 -1.010682696388738172e-01 -5.606574783024222824e-02 6.114633902401642174e-02 6.752871930070829531e-01 -7.286724233052996880e-01 9.635783153930385647e-02
1.122394611577662710e-01 -1.009697283097653192e-01 -5.619928397431850353e-02 6.117912471561366000e-02 6.753085391541387983e-01 -7.286485501430096656e-01 9.636795120279366411e-02
1.121743341120648441e-01 -1.010198001200794810e-01 -5.603247862797482159e-02 6.115885767018840874e-02 6.753399078677165823e-01 -7.286164572575655196e-01 9.640363677339076898e-02
1.121737222550587554e-01 -1.010177064774825800e-01 -5.603232997779689084e-02 6.114286788244584214e-02 6.753433091106166852e-01 -7.286191777755273158e-01 9.636938478763025506e-02
1.121802361156091499e-01 -1.009197867372268742e-01 -5.616118866275487953e-02 6.116894804165166899e-02 6.753501638141107266e-01 -7.286100731210590764e-01 9.637363424846287496e-02
1.121150434456549133e-01 -1.009671042683129155e-01 -5.600367941723743970e-02 6.115522176659658055e-02 6.753898292295905659e-01 -7.285711588996264254e-01 9.639856764266832578e-02
1.121144797141973709e-01 -1.009648838694203604e-01 -5.600348849817771146e-02 6.113665611197437871e-02 6.753932640484623384e-01 -7.285740609372138854e-01 9.636433929035767565e-02
1.122016217128540827e-01 -1.009727157036015982e-01 -5.619799878985773378e-02 6.118106658922042862e-02 6.753072189741433640e-01 -7.286491772988019644e-01 9.637122762626099126e-02
1.121329764251183109e-01 -1.010058806754596944e-01 -5.603821081874459792e-02 6.116189366293788010e-02 6.753633367220274186e-01 -7.285950804933833957e-01 9.639914344066058405e-02
1.121325462025951486e-01 -1.010031778659190721e-01 -5.603788548405526371e-02 6.113534638461502746e-02 6.753666896162834332e-01 -7.285990281672568569e-01 9.636264905503912070e-02
1.121968185464910089e-01 -1.010075889695534607e-01 -5.618325940916575612e-02 6.115642402132039079e-02 6.752990721676214170e-01 -7.286588352441608629e-01 9.637093312351439900e-02
1.121417197606894012e-01 -1.010294357753952765e-01 -5.603956906443765401e-02 6.114582900879494964e-02 6.753868320146060311e-01 -7.285762563619130328e-01 9.638699809497874860e-02
1.121412251317612518e-01 -1.010271189317577256e-01 -5.603933953951804187e-02 6.112511152351704502e-02 6.753902397275564073e-01 -7.285793513920196807e-01 9.635285956926908923e-02
1.122038133491756323e-01 -1.009947909824210760e-01 -5.620490264504425515e-02 6.117025718583978672e-02 6.752197642964012925e-01 -7.287315847163190474e-01 9.636776938464838849e-02
1.121610373456569110e-01 -1.009943103806181658e-01 -5.606439468146832278e-02 6.115400375480729844e-02 6.752499346914571099e-01 -7.287021789478710376e-01 9.638904460863192969e-02
1.121604410978343375e-01 -1.009918029944047030e-01 -5.606416791028267371e-02 6.113259107090146527e-02 6.752537179129060041e-01 -7.287055854158435153e-01 9.635036345291186910e-02
1.122566677300529114e-01 -1.010317948836853691e-01 -5.623547750844998250e-02 6.119378778228551363e-02 6.750930194336901558e-01 -7.288493633638610802e-01 9.635009586323256547e-02
1.122050756731974436e-01 -1.010448534930493553e-01 -5.608609406157905736e-02 6.117747088007702283e-02 6.751563944705513132e-01 -7.287868688672730633e-01 9.638910638074553450e-02
1.122044304914396884e-01 -1.010423955016568898e-01 -5.608590411179051327e-02 6.115751944664307715e-02 6.751603096641412005e-01 -7.287901892064729825e-01 9.634923033292877581e-02
1.122876422364301324e-01 -1.010471302957180184e-01 -5.627350828588842391e-02 6.119794235634902491e-02 6.750817121260586084e-01 -7.288600894908017214e-01 9.634554349713748966e-02
1.122228606672841800e-01 -1.011044068625259612e-01 -5.611779187024999727e-02 6.118159859725192523e-02 6.751128139468991485e-01 -7.288289382631160107e-01 9.637364363789210908e-02
1.122223704826860458e-01 -1.011019598852403029e-01 -5.611754893643883246e-02 6.115910206562551882e-02 6.751163286207214620e-01 -7.288323948562442922e-01 9.633715416346928795e-02
1.122290311606680413e-01 -1.010003600630548642e-01 -5.625858283489607037e-02 6.120866730662599675e-02 6.750309490201522600e-01 -7.289059654853624615e-01 9.634734241976218583e-02
1.121749711040173347e-01 -1.010484939271440868e-01 -5.612650145067699103e-02 6.118825482173016750e-02 6.750772040796342299e-01 -7.288606761004656764e-01 9.637884019984255257e-02
1.121745067809673119e-01 -1.010464854755031006e-01 -5.612633914697365278e-02 6.117071040336014009e-02 6.750802888399625168e-01 -7.288633968423807730e-01 9.634778955371633979e-02
1.122380945005975045e-01 -1.010221297851100347e-01 -5.629014462209942782e-02 6.120948108338779281e-02 6.749831129103187610e-01 -7.289498903950561992e-01 9.634964454752129037e-02
1.121626813206887119e-01 -1.010631176529136199e-01 -5.611661468092825344e-02 6.119961096951199303e-02 6.749880014508352621e-01 -7.289419807681536412e-01 9.638150335198321372e-02
1.121617916916628627e-01 -1.010611885838124391e-01 -5.611661197058741279e-02 6.118962192219543766e-02 6.749920530980794142e-01 -7.289443559318576904e-01 9.634149873521499763e-02
1.121903454840907643e-01 -1.009881422184727429e-01 -5.627328480879127681e-02 6.122633849852129884e-02 6.749242140827975689e-01 -7.290031321150030053e-01 9.634871086474419699e-02
1.121281498414050670e-01 -1.009827517534690744e-01 -5.610409550318778971e-02 6.120621472376513994e-02 6.749798446088868253e-01 -7.289488099394551002e-01 9.638278445242920434e-02
1.121275042465298133e-01 -1.009804384258603943e-01 -5.610393179980761869e-02 6.118754838314774402e-02 6.749836300517717547e-01 -7.289519352796455243e-01 9.634448161183020720e-02
1.121780100567157518e-01 -1.009421567824792532e-01 -5.624558482579407326e-02 6.122093891542164379e-02 6.749139600028001285e-01 -7.290137492416995935e-01 9.634363833804999999e-02
1.121166215099834995e-01 -1.009889569500847101e-01 -5.609747179449986465e-02 6.120579625011024483e-02 6.749503437269571693e-01 -7.289778390730787816e-01 9.637008949148417880e-02
1.121158147007973171e-01 -1.009865956731753750e-01 -5.609735584644044704e-02 6.118877730042200647e-02 6.749546867023390462e-01 -7.289808724998696476e-01 9.632752441724724835e-02
1.121412498850347106e-01 -1.009370605390079029e-01 -5.622854556080970900e-02 6.122509287271192535e-02 6.749263958527493834e-01 -7.290023087214916320e-01 9.634044873613828441e-02
1.120842950534856192e-01 -1.009732137367443799e-01 -5.607584759089295073e-02 6.123069538859333971e-02 6.749476762003500108e-01 -7.289723391275346742e-01 9.641454828451775927e-02
1.120826828272584313e-01 -1.009686237720665014e-01 -5.607562610567967676e-02 6.119787916692818325e-02 6.749560413583102214e-01 -7.289784088404562823e-01 9.633089464873470509e-02
1.121240275036692602e-01 -1.009167541808609625e-01 -5.622482519866792150e-02 6.123355546119389065e-02 6.749168983776465680e-01 -7.290119542379441819e-01 9.632861749268419038e-02
1.120524297087609755e-01 -1.009730554047765239e-01 -5.606478412279976287e-02 6.122523882292020547e-02 6.749356073313093063e-01 -7.289911013409003937e-01 9.636062605221233646e-02
1.120519798238072962e-01 -1.009706783983682077e-01 -5.606452202075180163e-02 6.120191720222953324e-02 6.749388934205134971e-01 -7.289945683251402020e-01 9.632618974872179940e-02
1.121363088510183431e-01 -1.009578884295567885e-01 -5.626336371252720070e-02 6.124152049893299282e-02 6.748306867985862656e-01 -7.290920512804175413e-01 9.632134281476721627e-02
1.120753091247922717e-01 -1.010079977305099741e-01 -5.611881093897222450e-02 6.122168059600516243e-02 6.748631750291080866e-01 -7.290593895802610636e-01 9.635355353846104809e-02
1.120746801130609177e-01 -1.010058236518668745e-01 -5.611866691967634657e-02 6.120372556847131218e-02 6.748667668710911505e-01 -7.290624289817332349e-01 9.631679810269076769e-02
1.121127960847757843e-01 -1.009652471439736188e-01 -5.626046573299910147e-02 6.123306457762182908e-02 6.747908109990623515e-01 -7.291289707668309195e-01 9.632661720501961566e-02
1.120423814072334656e-01 -1.009945894268965416e-01 -5.609563668809698644e-02 6.121901036560040144e-02 6.748187407967409790e-01 -7.290991170259042420e-01 9.636585179099568799e-02
1.120418420498488637e-01 -1.009925723418006738e-01 -5.609548265599975658e-02 6.120154064816785144e-02 6.748219056367203983e-01 -7.291019992492064894e-01 9.633297351336048142e-02
1.121184507498189237e-01 -1.009852361218254446e-01 -5.626391998044458220e-02 6.125820715314313908e-02 6.746830459042082451e-01 -7.292240190046213044e-01 9.634598970663144080e-02
1.120473749363604665e-01 -1.009947683444420291e-01 -5.609538550315494587e-02 6.124335370530941541e-02 6.747018280958555492e-01 -7.292034346745802642e-01 9.637969521549663576e-02
1.120468323018602302e-01 -1.009921216568993030e-01 -5.609510905770606626e-02 6.121800920041477190e-02 6.747054591432463111e-01 -7.292074609457128709e-01 9.633990685560006595e-02
1.120516486891669772e-01 -1.009160401372366095e-01 -5.621060382010874268e-02 6.123562220076469997e-02 6.747301341422577980e-01 -7.291819739259123301e-01 9.634881190531710549e-02
1.119889110183901748e-01 -1.009717697219462279e-01 -5.607378368602300434e-02 6.122595053109100571e-02 6.747705779825505790e-01 -7.291412149549298949e-01 9.638017806949641941e-02
1.119880727353943090e-01 -1.009696378319402538e-01 -5.607371695042735749e-02 6.121178542386908339e-02 6.747745433665176540e-01 -7.291441276901242663e-01 9.633936892432673482e-02
1.120151515747998816e-01 -1.009059089117461117e-01 -5.622204968182053370e-02 6.125547421941630877e-02 6.747199259283674921e-01 -7.291911626130888058e-01 9.633813782892344801e-02
1.119678593936692113e-01 -1.008839747944589860e-01 -5.608114393821257704e-02 6.123292523392998010e-02 6.747736407771283140e-01 -7.291399427107051467e-01 9.636392750144866237e-02
1.119671149408379834e-01 -1.008817658978219400e-01 -5.608103123658408906e-02 6.121641743323837787e-02 6.747775140322641585e-01 -7.291429558625704965e-01 9.632448654973814473e-02
1.120381949285765011e-01 -1.008830381146008509e-01 -5.622854953953333734e-02 6.125774389360727490e-02 6.747286731937353066e-01 -7.291840103559746877e-01 9.632956672000902998e-02
1.120182158759520652e-01 -1.008632524327940372e-01 -5.613280506264696490e-02 6.124316016429443010e-02 6.747999800512971547e-01 -7.291153818056060887e-01 9.635882040750091970e-02
1.120175718329984305e-01 -1.008610356183868989e-01 -5.613267009082625880e-02 6.122516916423095118e-02 6.748036687272688239e-01 -7.291184527699681173e-01 9.632117712817631072e-02
1.120823069874984368e-01 -1.008436258513414341e-01 -5.628108508162130152e-02 6.127816127730817408e-02 6.747116523604542726e-01 -7.291977649848566667e-01 9.633168046176349142e-02
1.120226903078918174e-01 -1.008619314681438728e-01 -5.613979238478301881e-02 6.126388411265022704e-02 6.747583992176658940e-01 -7.291516758250640162e-01 9.636219606331812570e-02
1.120219616470650714e-01 -1.008600544110362929e-01 -5.613976123939092011e-02 6.125160311664640256e-02 6.747622101623877988e-01 -7.291539250102444525e-01 9.632629181363383530e-02
1.120701496571623046e-01 -1.008137944956056520e-01 -5.627290255070167835e-02 6.128091210383346255e-02 6.747017251805137450e-01 -7.292063277925985298e-01 9.633464256119858571e-02
1.120036480958911396e-01 -1.008096808109266579e-01 -5.610428858303666277e-02 6.126352759985138896e-02 6.747356212663858654e-01 -7.291726866620352743e-01 9.636293170278628639e-02
1.120032222319486542e-01 -1.008077988445000434e-01 -5.610412590875060723e-02 6.124626581222247790e-02 6.747384565815431889e-01 -7.291753299148727718e-01 9.633404578627322024e-02
1.120771675077294194e-01 -1.008142532159831128e-01 -5.624737852210947436e-02 6.128033402731630774e-02 6.746897837347312077e-01 -7.292176718464397078e-01 9.633277454916563953e-02
1.120203467739270542e-01 -1.008250213155673786e-01 -5.610248852604739211e-02 6.126622885237904825e-02 6.747407302397792073e-01 -7.291681166820638271e-01 9.636002164813806115e-02
1.120198034924110575e-01 -1.008236755061435452e-01 -5.610248396590391401e-02 6.125784173846945263e-02 6.747435032532049792e-01 -7.291696749205736072e-01 9.633414150425410882e-02
1.120825511101743582e-01 -1.008384986574355213e-01 -5.622203428065490616e-02 6.128935093255347133e-02 6.746838207698284684e-01 -7.292216874879009492e-01 9.633840330309817457e-02
1.120174204980834975e-01 -1.008360446687621148e-01 -5.605682070065814288e-02 6.126753302082747765e-02 6.747166630389543895e-01 -7.291883780607189003e-01 9.637439139262100884e-02
1.120169315668606141e-01 -1.008339149029136572e-01 -5.605662389623468356e-02 6.124790504125382506e-02 6.747199393371035026e-01 -7.291914052743473373e-01 9.634101962827334997e-02
1.120505937417240472e-01 -1.007805137659358030e-01 -5.618811145100110344e-02 6.129669752538508681e-02 6.746098860959147681e-01 -7.292885021902880682e-01 9.634571618491719058e-02
1.120166797591066882e-01 -1.007461574696823514e-01 -5.605787108816548403e-02 6.128062472531942834e-02 6.746315479601436849e-01 -7.292651758949623142e-01 9.638082152100907463e-02
1.120161607018680255e-01 -1.007438243133748079e-01 -5.605764970919527301e-02 6.125896076095269094e-02 6.746350470517639142e-01 -7.292685649792638447e-01 9.634445053575969864e-02
1.120426521654661195e-01 -1.006878976092612094e-01 -5.617814239472615490e-02 6.129720315118435126e-02 6.746306699499768911e-01 -7.292677311135096208e-01 9.635708798651793083e-02
1.119955888684660839e-01 -1.007011418279117054e-01 -5.605949813777534596e-02 6.128117742346739227e-02 6.747039556160647766e-01 -7.291960307143843245e-01 9.639677567229801292e-02
1.119949488280340827e-01 -1.006991983502743965e-01 -5.605940850908418260e-02 6.126646487775837258e-02 6.747074768378219511e-01 -7.291986226056119680e-01 9.636186886212025349e-02
1.120306696880513098e-01 -1.006467905013228997e-01 -5.619582279177157830e-02 6.131001682889189452e-02 6.746637265321686616e-01 -7.292346403194562843e-01 9.636792669929818145e-02
1.119730509270547431e-01 -1.006443512036727661e-01 -5.605422524298299403e-02 6.128546298814985249e-02 6.747201397423316926e-01 -7.291785944367890071e-01 9.641266756814181882e-02
1.119723410563000926e-01 -1.006422223248718412e-01 -5.605412750118145271e-02 6.126955965443016405e-02 6.747239792099839484e-01 -7.291814649437141638e-01 9.637418804501718395e-02
1.120045661453351604e-01 -1.006115091651370724e-01 -5.616068052531685006e-02 6.131248902899698316e-02 6.746423413222175647e-01 -7.292532607190530536e-01 9.637516129674882082e-02
1.119584169486736169e-01 -1.005985798657317576e-01 -5.602832615404652883e-02 6.129321176150771822e-02 6.747144372456880257e-01 -7.291839117942339188e-01 9.640743303631930938e-02
1.119578390605402984e-01 -1.005960725980803577e-01 -5.602809280980695222e-02 6.127023256136897994e-02 6.747182070966533107e-01 -7.291876134047654556e-01 9.636765054319593182e-02
1.120165326688168650e-01 -1.005796364059596687e-01 -5.616331956632720362e-02 6.131652591776844130e-02 6.745619280199820489e-01 -7.293275639914233999e-01 9.637319812933485552e-02
1.119694410141379437e-01 -1.006035907719329409e-01 -5.603461737663278930e-02 6.130109146197522396e-02 6.745637870331199215e-01 -7.293215495688645245e-01 9.641551090761496523e-02
1.119687435497299516e-01 -1.006013571062439743e-01 -5.603449494541701964e-02 6.128358389198614031e-02 6.745678481128588588e-01 -7.293244881103566613e-01 9.637599120272245801e-02
1.120238455517130749e-01 -1.005958430361656997e-01 -5.617344873856915111e-02 6.132226443679349159e-02 6.744559229413673584e-01 -7.294253851636767205e-01 9.637113350207174300e-02
1.119595950915957538e-01 -1.005930823986963263e-01 -5.601617937598918351e-02 6.129407424036845131e-02 6.744684147176802647e-01 -7.294122955790964813e-01 9.640071093756649723e-02
1.119591156767232032e-01 -1.005908186437193125e-01 -5.601594643311438859e-02 6.127238559591897948e-02 6.744716912736037351e-01 -7.294157421277195352e-01 9.636548951869589041e-02
1.119630313583653419e-01 -1.005183840535896628e-01 -5.612264984111810240e-02 6.129892290909316060e-02 6.744940033897298681e-01 -7.293914027922554499e-01 9.637667235501559682e-02
1.119258080696786672e-01 -1.005336214479667645e-01 -5.601346720561792281e-02 6.128754858341442513e-02 6.745147476145652021e-01 -7.293684201552540491e-01 9.641265124102615935e-02
1.119251551070840206e-01 -1.005314346768531319e-01 -5.601332938117224713e-02 6.126966626396841004e-02 6.745185026528914829e-01 -7.293714891194713612e-01 9.637452170801086293e-02
1.119866869220717959e-01 -1.005533065182306479e-01 -5.612528961638914293e-02 6.130169605502279462e-02 6.744374675012037024e-01 -7.294423737179132061e-01 9.638479089626424134e-02
1.119399640384926981e-01 -1.005679846910349090e-01 -5.600572164135911302e-02 6.126754274001147693e-02 6.745040547869947112e-01 -7.293793090739560947e-01 9.641779803180647312e-02
1.119394030415168939e-01 -1.005658679735272482e-01 -5.600555498888758199e-02 6.124898153338306783e-02 6.745075278387320239e-01 -7.293823729978466952e-01 9.638210990653553467e-02
1.120151288770771664e-01 -1.005994150224485129e-01 -5.613173366174847162e-02 6.128355266450408873e-02 6.744024318229346893e-01 -7.294764218938474265e-01 9.638379544860595227e-02
1.119871314905967752e-01 -1.005692048233073066e-01 -5.602284526222417460e-02 6.126418446821688818e-02 6.744550331404237653e-01 -7.294254243435061014e-01 9.641399428656649562e-02
1.119864175696298619e-01 -1.005671564542666430e-01 -5.602277189976233307e-02 6.124945135670582796e-02 6.744589305329944384e-01 -7.294281707617181754e-01 9.637530509422867486e-02
1.120279595682850682e-01 -1.005459803036500704e-01 -5.612816575892430604e-02 6.127893107424954577e-02 6.744414249939219008e-01 -7.294422439064339736e-01 9.637255658802464098e-02
1.119715613281503513e-01 -1.005617799699863868e-01 -5.599699430350840029e-02 6.127277084207632951e-02 6.744717778807185482e-01 -7.294114323365175068e-01 9.639725500524891355e-02
1.119710322922205514e-01 -1.005596706506214078e-01 -5.599681585511566417e-02 6.125378656701150476e-02 6.744751352371380904e-01 -7.294145963820863887e-01 9.636188127472972154e-02
1.120151891677620831e-01 -1.005506647568709389e-01 -5.608673763365130960e-02 6.128192110420244143e-02 6.743242153862895050e-01 -7.295506390138779551e-01 9.637034711925368535e-02
1.119861919494535979e-01 -1.005464903758898076e-01 -5.598126272841076612e-02 6.126100119538861050e-02 6.743637432635453122e-01 -7.295113907652406304e-01 9.640416094693222970e-02
1.119854541350427668e-01 -1.005447112797317188e-01 -5.598125856853083948e-02 6.125003026420446084e-02 6.743674897967876225e-01 -7.295136754737984175e-01 9.636762835373310909e-02
1.120418734424369345e-01 -1.005636425238773252e-01 -5.609869284858617910e-02 6.129530020660058087e-02 6.743523542458881304e-01 -7.295242934712597993e-01 9.636437999006666755e-02
1.119954558316132998e-01 -1.005740031283651192e-01 -5.597926351091614405e-02 6.127864154556493526e-02 6.744129209786586809e-01 -7.294647764068474816e-01 9.640166019873121217e-02
1.119949927958578950e-01 -1.005723412526192684e-01 -5.597915839428488360e-02 6.126452849241661308e-02 6.744158939083668702e-01 -7.294670539377863250e-01 9.637259367531267329e-02
1.120808379560310625e-01 -1.005811862563319725e-01 -5.614693379888185953e-02 6.132227775234769251e-02 6.743024615630685004e-01 -7.295665494858930566e-01 9.637644137702189306e-02
1.120213207828818225e-01 -1.006292829794693811e-01 -5.602952177154281455e-02 6.130835791326381956e-02 6.743357194729229231e-01 -7.295328598810638665e-01 9.640761923556884216e-02
1.120208683059080584e-01 -1.006268365917427077e-01 -5.602924683726247940e-02 6.128335573831372729e-02 6.743393659832775944e-01 -7.295366540501783126e-01 9.636929071023055127e-02
1.121015041976529542e-01 -1.006317669648376240e-01 -5.617637594264562884e-02 6.133263715861068943e-02 6.742590734397673202e-01 -7.296047103367728770e-01 9.638452239706624125e-02
1.120449315878426499e-01 -1.006503778638476454e-01 -5.604672695961704365e-02 6.132539507117107380e-02 6.743074066231178332e-01 -7.295561756387545227e-01 9.641837936786019914e-02
1.120442645611031685e-01 -1.006482050843568316e-01 -5.604661825054886581e-02 6.130773611654304067e-02 6.743115340878194086e-01 -7.295591393529446966e-01 9.637831018951470430e-02
1.121032481515211177e-01 -1.006392304988312225e-01 -5.618464244947524860e-02 6.134436529456230303e-02 6.742781058233549007e-01 -7.295868920384489531e-01 9.637879341199571959e-02
1.120456256712802495e-01 -1.006208109140290935e-01 -5.604795643319748777e-02 6.132014978097852231e-02 6.743233285753045259e-01 -7.295431623422421463e-01 9.640882765411744326e-02
1.120449940331135069e-01 -1.006189596454575286e-01 -5.604790370092140039e-02 6.130637314477109523e-02 6.743269281230809264e-01 -7.295457008188726000e-01 9.637319667118737776e-02
1.120719951753987587e-01 -1.005687117850894707e-01 -5.617578143732465668e-02 6.135400616178510874e-02 6.742695063055071936e-01 -7.295956514548623817e-01 9.636650960049429615e-02
1.120115788330155460e-01 -1.005957438369726314e-01 -5.605325668044595921e-02 6.133982997913280805e-02 6.743215422179927865e-01 -7.295443739797188298e-01 9.639963357512720821e-02
1.120111476134011130e-01 -1.005937357750898709e-01 -5.605306618269918773e-02 6.132036435399768753e-02 6.743246846953308005e-01 -7.295474452758832218e-01 9.636678690019730154e-02
1.120478126496999710e-01 -1.005615056049964234e-01 -5.615449755702631163e-02 6.134739122553073409e-02 6.743043005693634129e-01 -7.295637956128772084e-01 9.636843858035262778e-02
1.119942100228859122e-01 -1.005533603720260433e-01 -5.601657684360693279e-02 6.132288035055301345e-02 6.743494741357293210e-01 -7.295192428311511046e-01 9.640521467971041591e-02
1.119936228015721014e-01 -1.005512359902440978e-01 -5.601642536782951154e-02 6.130444976408290503e-02 6.743531481528176608e-01 -7.295223550408800328e-01 9.636767876791067777e-02
1.120210330814489647e-01 -1.004955466897298755e-01 -5.614583346457124868e-02 6.134994754534932315e-02 6.743045386077202163e-01 -7.295629575618118867e-01 9.637149009366946517e-02
1.119730471424087853e-01 -1.004906795920729318e-01 -5.602470923600651881e-02 6.133278951730089523e-02 6.743847205236713771e-01 -7.294863716295275635e-01 9.640109574596540665e-02
1.119728583762688162e-01 -1.004884386281549719e-01 -5.602433818536804028e-02 6.130587908025911248e-02 6.743873433135508799e-01 -7.294901733644731934e-01 9.637109179291492023e-02
1.120209069269490487e-01 -1.004717882658707623e-01 -5.614136431858985504e-02 6.133519422283557898e-02 6.743396048493349726e-01 -7.295307624362077359e-01 9.637924019484322979e-02
1.120035443580203044e-01 -1.004560268766146180e-01 -5.605251253395517053e-02 6.131164090095512359e-02 6.744055992391402299e-01 -7.294680643366605599e-01 9.640702006521359446e-02
1.120028513840499174e-01 -1.004539982849788210e-01 -5.605245322967603722e-02 6.129662807063022967e-02 6.744096150711819115e-01 -7.294707548601785385e-01 9.636810826426092658e-02
1.120650770882752612e-01 -1.004410404847285165e-01 -5.618114891315979798e-02 6.133556589744240672e-02 6.743238554823992592e-01 -7.295454131155350019e-01 9.637829883057784375e-02
1.120220222374582464e-01 -1.004793889430701526e-01 -5.609334450394585364e-02 6.131447859361623121e-02 6.744107213327800165e-01 -7.294626286581216146e-01 9.641051320979276973e-02
1.120216675235342768e-01 -1.004777683478085687e-01 -5.609322033627128778e-02 6.129924503407185865e-02 6.744134371167594955e-01 -7.294649155969844534e-01 9.638389547894268827e-02
1.120876536855739125e-01 -1.004650808027823944e-01 -5.623913698440170805e-02 6.136789774070566805e-02 6.742941923456966524e-01 -7.295699114428956245e-01 9.637980915604907328e-02
1.120569082318938481e-01 -1.004995683508464049e-01 -5.615506426787436611e-02 6.134608664840382475e-02 6.743128641130488043e-01 -7.295510301401415543e-01 9.640598200340985691e-02
1.120563117267756592e-01 -1.004978582453130154e-01 -5.615505547335333802e-02 6.133364883041781540e-02 6.743163491581389835e-01 -7.295533066433703695e-01 9.637228618700546812e-02
1.121211436219621965e-01 -1.004839897686640449e-01 -5.630069699020939095e-02 6.139662804680529051e-02 6.741956986963369980e-01 -7.296597198299501486e-01 9.637067594200479648e-02
1.120919509906625616e-01 -1.004787387452497627e-01 -5.620383623013250340e-02 6.137786518389052454e-02 6.742352095016279634e-01 -7.296205776236730500e-01 9.640255516251526602e-02
1.120915195191421465e-01 -1.004765576025688362e-01 -5.620364959529047799e-02 6.135621494930963704e-02 6.742385931317171899e-01 -7.296240253370475104e-01 9.636657132958589833e-02
1.121495992861341329e-01 -1.004648453248384171e-01 -5.633739630969538531e-02 6.142229441803373491e-02 6.742134102748515989e-01 -7.296411164567869756e-01 9.637126298680695480e-02
1.121193997460442210e-01 -1.004438057044818589e-01 -5.623589362402629105e-02 6.140120172747175198e-02 6.742408137409452440e-01 -7.296135458756010106e-01 9.640171776064139497e-02
1.121189416859467713e-01 -1.004414908926624245e-01 -5.623569194438097357e-02 6.137827741209179316e-02 6.742444434121266372e-01 -7.296171693870389108e-01 9.636349788919501558e-02
1.121317811090133953e-01 -1.003580881831315774e-01 -5.632015377673829648e-02 6.140980487760965001e-02 6.741591293729827239e-01 -7.296924667227714378e-01 9.637016216647628641e-02
1.120764069155778392e-01 -1.003552195730378765e-01 -5.618432320344075165e-02 6.139029849289948104e-02 6.741995122443072974e-01 -7.296499906511013656e-01 9.642167849264350610e-02
1.120758625884886867e-01 -1.003532592467622636e-01 -5.618423015357988659e-02 6.137349842877851125e-02 6.742031342488755685e-01 -7.296527376529203801e-01 9.638625366308091469e-02
1.120855323655800956e-01 -1.002901127049275337e-01 -5.628001855736372572e-02 6.139906379988207402e-02 6.742225412584303967e-01 -7.296307324092929925e-01 9.640079951639886346e-02
1.120423456110038185e-01 -1.003186214876970461e-01 -5.618124656366532688e-02 6.138342852017877188e-02 6.742457822242329257e-01 -7.296066641043829071e-01 9.643036632935997332e-02
1.120420018872400059e-01 -1.003165457723336346e-01 -5.618101450122457013e-02 6.136131853006368542e-02 6.742489814025427464e-01 -7.296097892689569209e-01 9.639841839363283427e-02
1.120485235371631583e-01 -1.002511416866977978e-01 -5.627811459761387913e-02 6.140029382059843110e-02 6.742735087730965526e-01 -7.295845414282827734e-01 9.639313354406185697e-02
1.119969710877780633e-01 -1.002710877226695579e-01 -5.616924813866390476e-02 6.136542709172977672e-02 6.743337572000330793e-01 -7.295274089930745554e-01 9.642628161547972532e-02
1.119963353951434759e-01 -1.002691266574898543e-01 -5.616918551316554126e-02 6.134968383908324940e-02 6.743375720215817326e-01 -7.295301146034588458e-01 9.638914430342722384e-02
1.119702325813911603e-01 -1.001824901531431222e-01 -5.614589675917334988e-02 6.140393860043708019e-02 6.743211455012007027e-01 -7.295248383853510932e-01 9.650937380964273726e-02
1.119690662754003890e-01 -1.001784072198928788e-01 -5.614565610258062667e-02 6.136843029899621826e-02 6.743283522416330111e-01 -7.295308201175114693e-01 9.643636048914794312e-02
1.119686085516528734e-01 -1.001761741931962990e-01 -5.614542972673514099e-02 6.134582728887788550e-02 6.743318000166781401e-01 -7.295343264296292318e-01 9.640010125190409673e-02
1.119691853960128464e-01 -1.001492126059600335e-01 -5.613266376677243652e-02 6.140209713488052612e-02 6.743307656482304679e-01 -7.295145831579192830e-01 9.652084711417155405e-02
1.119686691200802164e-01 -1.001469000910073931e-01 -5.613245140229415620e-02 6.137951330834519326e-02 6.743344521774111699e-01 -7.295181658421799886e-01 9.648236967904008643e-02
1.119682805867804332e-01 -1.001448559404625044e-01 -5.613223345101173156e-02 6.135840850546733782e-02 6.743376360264580205e-01 -7.295212855785631056e-01 9.644994676890697449e-02
1.120094952030367963e-01 -1.001615142290768756e-01 -5.618970901596050810e-02 6.139889091591920617e-02 6.742978419443015348e-01 -7.295454450751546194e-01 9.651963589678191902e-02
1.120083358026011805e-01 -1.001577711318129699e-01 -5.618957135115253132e-02 6.136817243118079107e-02 6.743049224284033416e-01 -7.295507397364796587e-01 9.644966122925005547e-02
1.120077959883229307e-01 -1.001558734752524271e-01 -5.618947829929492321e-02 6.135174568191489874e-02 6.743083145281419943e-01 -7.295535649037647730e-01 9.641502059433559868e-02
1.120035760112136208e-01 -1.001206276249973354e-01 -5.618426188806253940e-02 6.141683028174504955e-02 6.742714361583065363e-01 -7.295670021859983478e-01 9.652975013172690466e-02
1.120025384164132776e-01 -1.001169717597366338e-01 -5.618407272261961849e-02 6.138505229720289669e-02 6.742781578680552279e-01 -7.295721726712326438e-01 9.646391055886543997e-02
1.120020615397235852e-01 -1.001151576885264405e-01 -5.618395978411787339e-02 6.136858018192681286e-02 6.742812891251358520e-01 -7.295749042425661024e-01 9.643183914895528397e-02
1.119632464623288998e-01 -1.000099716012559370e-01 -5.616070632458965844e-02 6.144046385062065796e-02 6.742223856816866867e-01 -7.296080912264234497e-01 9.654676206093211477e-02
1.119620589552179357e-01 -1.000062268084464245e-01 -5.616056475954442351e-02 6.140975865960248553e-02 6.742295662888856400e-01 -7.296133098082498991e-01 9.647668958832267272e-02
1.119616950836793412e-01 -1.000041644272367941e-01 -5.616033197300075025e-02 6.138778324629601268e-02 6.742326392909316901e-01 -7.296165900664975945e-01 9.644438647545247600e-02
1.119144215843874135e-01 -9.995264218038039938e-02 -5.614850485589199802e-02 6.146227492241233825e-02 6.741984392783887392e-01 -7.296272929267001439e-01 9.655499289214478087e-02
1.119128199780926036e-01 -9.994866888029002583e-02 -5.614851470583286097e-02 6.143503385738624534e-02 6.742068557136500218e-01 -7.296326702924961216e-01 9.647289135035180818e-02
1.119123902237637719e-01 -9.994681173783356853e-02 -5.614836070433800591e-02 6.141691700282136956e-02 6.742100457847197692e-01 -7.296353502859539431e-01 9.644185855699641263e-02
1.118683294482865354e-01 -9.993117692748634817e-02 -5.612208472990912189e-02 6.146936428573529509e-02 6.742170835811261975e-01 -7.296096272251811898e-01 9.655378460733879398e-02
1.118671397930067202e-01 -9.992614803865425277e-02 -5.612161693181906552e-02 6.141990073209827733e-02 6.742253584107182895e-01 -7.296173484211272431e-01 9.646909739870571099e-02
1.118665447027839266e-01 -9.992390053884359080e-02 -5.612144707356259143e-02 6.139888831845972950e-02 6.742292574750010647e-01 -7.296207238295752129e-01 9.642968545200439334e-02
1.118754968093330360e-01 -9.999802132397107857e-02 -5.610941933971144713e-02 6.146340438685864160e-02 6.741358932735302956e-01 -7.296875493390726497e-01 9.653562897197673354e-02
1.118743647719773887e-01 -9.999422460443216365e-02 -5.610919417354393035e-02 6.142963380608984503e-02 6.741428358764092188e-01 -7.296931323864319641e-01 9.646641630660679478e-02
1.119549971429018714e-01 -1.000087946339034972e-01 -5.623839128828524159e-02 6.150074348011089209e-02 6.740063534526108402e-01 -7.298076006051742448e-01 9.650886050423684859e-02
1.118907908147171448e-01 -1.000267511882127341e-01 -5.610454959236306494e-02 6.148141253771011172e-02 6.740278655057639901e-01 -7.297844777794120219e-01 9.654578409408927364e-02
1.118894275894339041e-01 -1.000223698155612018e-01 -5.610429972753581962e-02 6.144295414717090842e-02 6.740359534649524864e-01 -7.297911544121710170e-01 9.646329749708855428e-02
1.119726142296745830e-01 -1.000300857451433822e-01 -5.625545554302462115e-02 6.152852826988847168e-02 6.739300293513826867e-01 -7.298766965315904853e-01 9.650162489574265479e-02
1.119055935264207657e-01 -1.000422046050303548e-01 -5.612116832578131764e-02 6.149835289259040355e-02 6.739460881026745342e-01 -7.298585791441297710e-01 9.654572684646556269e-02
1.119044045363163375e-01 -1.000387310654352047e-01 -5.612104721701118015e-02 6.147001158363385453e-02 6.739529658701893799e-01 -7.298635470407857095e-01 9.647818495248541848e-02
1.119472983791797438e-01 -9.999693970737102977e-02 -5.625063661753340605e-02 6.154561761071211667e-02 6.738618172462884637e-01 -7.299354366386792137e-01 9.652277736133799135e-02
1.118875466859184376e-01 -1.000223923541591065e-01 -5.613854079260453822e-02 6.151282433903065144e-02 6.739130284717577135e-01 -7.298876874100977963e-01 9.654722297921704277e-02
1.118865475446246122e-01 -1.000181482072013406e-01 -5.613814758509716452e-02 6.147032545302795470e-02 6.739200022965607939e-01 -7.298944493326355865e-01 9.647446515379620724e-02
1.119522129590079518e-01 -1.000209147787142344e-01 -5.625355788631040965e-02 6.153698604185239840e-02 6.738292165007292445e-01 -7.299659758248930874e-01 9.652492153278231790e-02
1.119149234354004235e-01 -1.000340014306823899e-01 -5.615508826472610793e-02 6.152552621000190181e-02 6.738520616018889298e-01 -7.299423353178685625e-01 9.655151894280357416e-02
1.119137723723442335e-01 -1.000294143413175962e-01 -5.615471236794900706e-02 6.148070557071962094e-02 6.738599669861560226e-01 -7.299495271413924957e-01 9.647049062796861363e-02
1.119362912213039268e-01 -9.997157515519099202e-02 -5.624744294173296411e-02 6.154697238042918656e-02 6.737421262737939287e-01 -7.300462383426262747e-01 9.651946620579165970e-02
1.119195863385950285e-01 -9.995546980684807958e-02 -5.616692690858668402e-02 6.152306691920171600e-02 6.738100439072111092e-01 -7.299824748943524177e-01 9.654285739366746943e-02
1.119190165236728651e-01 -9.995323788813345600e-02 -5.616676276779304644e-02 6.150153973799715040e-02 6.738139264519800165e-01 -7.299859690064203210e-01 9.650304753207789021e-02
1.119548642495849095e-01 -9.993100773392617209e-02 -5.626139957253574464e-02 6.154823008206974921e-02 6.738056224080130052e-01 -7.299876835379633944e-01 9.651829084682927995e-02
1.119110618007184837e-01 -9.992459440886719557e-02 -5.614939047896372326e-02 6.152434156212216454e-02 6.738715562761627975e-01 -7.299230853269598196e-01 9.656174472357738348e-02
1.119098247082407488e-01 -9.992034774741619108e-02 -5.614915327473073148e-02 6.148594701531927276e-02 6.738795135059003627e-01 -7.299294522391125417e-01 9.648250800321038489e-02
1.119367067110133840e-01 -9.987780473347535048e-02 -5.625043218860437122e-02 6.154611091402345524e-02 6.738791839794391336e-01 -7.299199822827980855e-01 9.651808687931967556e-02
1.119256301686476079e-01 -9.986454652256179787e-02 -5.618588200675554700e-02 6.150838895078640511e-02 6.739627483396254393e-01 -7.298427284336392873e-01 9.654285935126756535e-02
1.119247921346859659e-01 -9.986029765010195902e-02 -5.618545265501927177e-02 6.146344095788582040e-02 6.739695566943509908e-01 -7.298495755410053798e-01 9.647216778662551229e-02
1.119478069863111686e-01 -9.984552090704323923e-02 -5.628460705112384166e-02 6.152108504835809843e-02 6.739493402628712326e-01 -7.298573095845219960e-01 9.651813560029341710e-02
1.119270605589200995e-01 -9.983681018107165572e-02 -5.620313872366752839e-02 6.149604610469751320e-02 6.740098951417748951e-01 -7.297992055487575458e-01 9.655059370539816055e-02
1.119258947689393408e-01 -9.983264224998986136e-02 -5.620292897540035693e-02 6.145806268452950333e-02 6.740176076982908882e-01 -7.298055167063569604e-01 9.647320264562983527e-02
1.119253001000310999e-01 -9.983071609835607318e-02 -5.620286557355607532e-02 6.144135557870181868e-02 6.740212426928219314e-01 -7.298085094109156845e-01 9.643580152045747034e-02
1.119243685161707830e-01 -9.988148128856003116e-02 -5.620806170407056934e-02 6.149612279167803591e-02 6.739238688335968952e-01 -7.298790000525946509e-01 9.654786988935606939e-02
1.119229993756595959e-01 -9.987739744778963147e-02 -5.620798825151857719e-02 6.146224147419356021e-02 6.739320820705967385e-01 -7.298850647606255349e-01 9.646623175150861873e-02
1.119202324663915310e-01 -9.986157843576873305e-02 -5.627861803026245474e-02 6.152504458266304377e-02 6.738563172928949685e-01 -7.299420549804838121e-01 9.652423998367934410e-02
1.119325754441718168e-01 -9.981441144077257688e-02 -5.625642776152324498e-02 6.153025435621990724e-02 6.739068323315448028e-01 -7.298924279390541781e-01 9.654352786673216225e-02
1.119317585038423629e-01 -9.981020054686642884e-02 -5.625604467935183678e-02 6.148577709268555902e-02 6.739139068381749809e-01 -7.298990350418964601e-01 9.647250401189164104e-02
1.119149452748625373e-01 -9.983145295281840859e-02 -5.628322436675654850e-02 6.153266792145764552e-02 6.738339905773782501e-01 -7.299607347969977456e-01 9.653398145554956122e-02
1.119274473802538278e-01 -9.978386658896599981e-02 -5.626086380726762204e-02 6.152041596678853308e-02 6.738852680650372351e-01 -7.299133353282178938e-01 9.654225403533353567e-02
1.119265466708337653e-01 -9.978010921023840185e-02 -5.626062989039385537e-02 6.148388638781914634e-02 6.738920467393615388e-01 -7.299190401521377103e-01 9.647505314570009594e-02
1.119210383287999599e-01 -9.980452633806358165e-02 -5.629666932428207399e-02 6.153825786071413784e-02 6.737834768956570963e-01 -7.300068767577048146e-01 9.653408190027346070e-02
1.119297639510667269e-01 -9.978158239340977065e-02 -5.628216790762913951e-02 6.154511478802168756e-02 6.738298496740744437e-01 -7.299605764686960541e-01 9.655614602619801146e-02
1.119289781068660283e-01 -9.977751332367282289e-02 -5.628180940124462295e-02 6.150213690188410104e-02 6.738365687515134317e-01 -7.299670841351058037e-01 9.648741808640209916e-02
1.119289781068660283e-01 -9.977751332367282289e-02 -5.628180940124462295e-02 6.150213690188410104e-02 6.738365687515134317e-01 -7.299670841351058037e-01 9.648741808640209916e-02
1.119425066342439185e-01 -9.977174883436142061e-02 -5.629833769394675114e-02 6.156527168034614528e-02 6.738323370955440206e-01 -7.299507913523315406e-01 9.659990171520481395e-02
1.119418488170419029e-01 -9.976945514539753423e-02 -5.629837785763674995e-02 6.154466332301903458e-02 6.738367722133189464e-01 -7.299540186433476352e-01 9.655770034553998182e-02
1.119324941431507070e-01 -9.979919867442334225e-02 -5.633556012659324957e-02 6.157736102775547560e-02 6.737797469254893645e-01 -7.300018925300287842e-01 9.657286443125362441e-02
1.119416247754651123e-01 -9.980318204113239333e-02 -5.633032495701947862e-02 6.157241031666169789e-02 6.738011568313913013e-01 -7.299807927640967753e-01 9.658613531960177911e-02
1.119409725568086822e-01 -9.979941186412821796e-02 -5.632995842648300805e-02 6.153053912336263476e-02 6.738073897073298957e-01 -7.299869258463705934e-01 9.652296319709871564e-02
1.119409725568086822e-01 -9.979941186412821796e-02 -5.632995842648300805e-02 6.153053912336263476e-02 6.738073897073298957e-01 -7.299869258463705934e-01 9.652296319709871564e-02
1.119656039058135599e-01 -9.981357872593568659e-02 -5.639319858372904282e-02 6.157338995230275669e-02 6.738117344895038219e-01 -7.299693528869296566e-01 9.659817782890822713e-02
1.119648123541201329e-01 -9.980963734615738714e-02 -5.639290127374052553e-02 6.153145673200349081e-02 6.738185395434644898e-01 -7.299757316893680237e-01 9.652920151188310038e-02
1.119648123541201329e-01 -9.980963734615738714e-02 -5.639290127374052553e-02 6.153145673200349081e-02 6.738185395434644898e-01 -7.299757316893680237e-01 9.652920151188310038e-02
1.119742891096344867e-01 -9.976164096968709316e-02 -5.639730531294074450e-02 6.155089662919599469e-02 6.737970173713745403e-01 -7.299844444254840470e-01 9.660112526466257954e-02
1.119734693532482422e-01 -9.975720086007364151e-02 -5.639691654993632397e-02 6.150265998170912490e-02 6.738043163515384792e-01 -7.299918404365950408e-01 9.652501736442685443e-02
