repeatability libsurvive; 20211016-001405; x y z w i j k;  frequency = 150 duration = 2 sys.args = ['repeatability.py']
1.124527147607995159e-01 -1.033091391445023627e-01 -5.599763418903622170e-02 6.099593577644019798e-02 6.774899482960203834e-01 -7.266017092206049632e-01 9.662723184644977925e-02
1.124527147607995159e-01 -1.033091391445023627e-01 -5.599763418903622170e-02 6.099593577644019798e-02 6.774899482960203834e-01 -7.266017092206049632e-01 9.662723184644977925e-02
1.124522589008071366e-01 -1.033066402031469766e-01 -5.599733743468782859e-02 6.097182465724712563e-02 6.774932599987105730e-01 -7.266051736007427264e-01 9.659317238252353166e-02
1.124507913887225208e-01 -1.033197162658541085e-01 -5.602151133749605494e-02 6.103009542549651945e-02 6.774208477353615976e-01 -7.266570695443949068e-01 9.667381127798366225e-02
1.124497064142249841e-01 -1.033241303218342400e-01 -5.603285269255088574e-02 6.117009010613339015e-02 6.773101328510044983e-01 -7.267241335516784195e-01 9.685678978432253616e-02
1.124084377326962786e-01 -1.033207593745330832e-01 -5.605770889450700789e-02 6.117254512785304243e-02 6.771520300795401681e-01 -7.268748582733745023e-01 9.682968703760175266e-02
1.124219881461199222e-01 -1.032329281142189276e-01 -5.602267966308899921e-02 6.121390898103670763e-02 6.771992401081446955e-01 -7.268138306928932924e-01 9.693142966930254345e-02
1.124203076705715953e-01 -1.032261643322902045e-01 -5.602209327129112348e-02 6.113509563059776886e-02 6.772131949237832904e-01 -7.268266232405301563e-01 9.678764617515976665e-02
1.124448255544763242e-01 -1.034032495202949625e-01 -5.599868498489267432e-02 6.116082552401620048e-02 6.770084329192249673e-01 -7.270098766899075748e-01 9.682754965814824311e-02
1.124572537751103718e-01 -1.033148182102376078e-01 -5.596436522801723212e-02 6.114897254544089666e-02 6.770644853737461943e-01 -7.269591116989992940e-01 9.682425171424277610e-02
1.124947263109075807e-01 -1.032370856916262486e-01 -5.599058031078651271e-02 6.119059940724807384e-02 6.769846267502122039e-01 -7.270199757813320396e-01 9.689933179836218713e-02
1.124933941107435081e-01 -1.032307879629486003e-01 -5.598982666774463685e-02 6.111470783210764396e-02 6.769966059040437578e-01 -7.270318867836531584e-01 9.677408579161099478e-02
1.124458280257015774e-01 -1.032479000778077360e-01 -5.596384309074456387e-02 6.116855646988853673e-02 6.769166146491991665e-01 -7.270880080585615524e-01 9.687792859413739410e-02
1.124581301460963606e-01 -1.031634816913221675e-01 -5.593056148720789572e-02 6.116945026574724387e-02 6.769720891655736095e-01 -7.270341632715576763e-01 9.689382994293847806e-02
1.124574028335404569e-01 -1.031603422908913270e-01 -5.593023333160704325e-02 6.113341394344270346e-02 6.769782887412705286e-01 -7.270398260575224869e-01 9.683074717675228815e-02
1.123935837201250343e-01 -1.031086703753684164e-01 -5.594229359433276066e-02 6.114690599556184963e-02 6.769595897712866739e-01 -7.270540635390105866e-01 9.684605513532031085e-02
1.124014052460398649e-01 -1.030829759475127561e-01 -5.592799633806398718e-02 6.113516942005402244e-02 6.770018141815173918e-01 -7.270226778731095907e-01 9.679390741740040438e-02
1.124007155166099892e-01 -1.030797842225738420e-01 -5.592762391973455510e-02 6.109766364138881356e-02 6.770078383754302154e-01 -7.270285353145751195e-01 9.673143808573686497e-02
1.124096663360221321e-01 -1.030111519642076257e-01 -5.592690560330804139e-02 6.113705329252732551e-02 6.770111250220195442e-01 -7.270026989959176289e-01 9.687761848733444925e-02
1.124080671747066523e-01 -1.030055444618338673e-01 -5.592655405784843770e-02 6.107933411785990835e-02 6.770229140392862721e-01 -7.270123320605627049e-01 9.675927780494260333e-02
1.124478127649644194e-01 -1.031228448624092464e-01 -5.597808182757749162e-02 6.116840463801351269e-02 6.768599110910088479e-01 -7.271451588567743318e-01 9.684526309049977522e-02
1.124597198984812613e-01 -1.030706233575240521e-01 -5.595486090738230334e-02 6.118003312646726199e-02 6.769030527347070780e-01 -7.271018302937035660e-01 9.686170104135467807e-02
1.124583833161296176e-01 -1.030640968466428331e-01 -5.595404656829247592e-02 6.110332090893356993e-02 6.769149749801280924e-01 -7.271137417297987016e-01 9.673731136042769407e-02
1.124145033092688178e-01 -1.030593797743094980e-01 -5.595433070023172334e-02 6.115124656707643380e-02 6.768544450865260353e-01 -7.271535528860814113e-01 9.683127457104093172e-02
1.124272771450457314e-01 -1.030014951915642629e-01 -5.592904206247446830e-02 6.115011320422758523e-02 6.768981993964190425e-01 -7.271110362380578396e-01 9.684540407171507437e-02
1.124263294977568689e-01 -1.029962154042218525e-01 -5.592830371857415717e-02 6.108635642452162062e-02 6.769073530069716904e-01 -7.271206224309932908e-01 9.674964051321562064e-02
1.124083275139029642e-01 -1.029555236095578280e-01 -5.597990317363691487e-02 6.115086685344957307e-02 6.768299986302346305e-01 -7.271758391288873913e-01 9.683503201046080033e-02
1.124214340533004064e-01 -1.029174759734690220e-01 -5.596113156488687068e-02 6.115365338311122556e-02 6.768593391625778999e-01 -7.271462869568818821e-01 9.685010599434849821e-02
1.124202851389424634e-01 -1.029111829003679091e-01 -5.596027743368521545e-02 6.107802333712090970e-02 6.768703176614233596e-01 -7.271576607700843686e-01 9.673564243614064806e-02
1.123493862647564484e-01 -1.028785494163716174e-01 -5.594230108130615609e-02 6.113544811703064408e-02 6.767289625678878373e-01 -7.272725506268992168e-01 9.682461107571889436e-02
1.123615991787837859e-01 -1.028234466060040375e-01 -5.591828232113668640e-02 6.114453767891196712e-02 6.767711287103715945e-01 -7.272308587345117648e-01 9.683730149269176302e-02
1.123606586446204147e-01 -1.028184872862785426e-01 -5.591764770508358962e-02 6.108604313748632747e-02 6.767798141805591028e-01 -7.272396699348679938e-01 9.674730448212612299e-02
1.123556757345300083e-01 -1.028662736914496834e-01 -5.594457210700262001e-02 6.114704149041295944e-02 6.767090045432678780e-01 -7.272906901612523622e-01 9.682052722330336536e-02
1.123688713375564086e-01 -1.028287354347009741e-01 -5.592585951835171709e-02 6.114555417415249577e-02 6.767374478052972098e-01 -7.272613567112226063e-01 9.684300169480508647e-02
1.123675326457463791e-01 -1.028234991140451610e-01 -5.592543754594843375e-02 6.109011564400151917e-02 6.767477953030216486e-01 -7.272702121494637462e-01 9.673912260908756888e-02
1.123622524535923262e-01 -1.028390111136963103e-01 -5.593389386070674735e-02 6.112999493248261196e-02 6.766818681139165070e-01 -7.273179618565182025e-01 9.681609084390287168e-02
1.123749976633010850e-01 -1.027867019604220278e-01 -5.591029427231795912e-02 6.112768162292089857e-02 6.767215222249011175e-01 -7.272767415026680782e-01 9.685003441548484249e-02
1.123735607191276575e-01 -1.027812707964014666e-01 -5.590987152093528784e-02 6.107114929274817805e-02 6.767321595258937172e-01 -7.272860585563313274e-01 9.674134595445681162e-02
1.124213034085938118e-01 -1.027488267474390149e-01 -5.595779053380008083e-02 6.118452754676238781e-02 6.766165520637644759e-01 -7.273637241227872696e-01 9.689431300366552202e-02
1.124208440664252046e-01 -1.027456149148797682e-01 -5.595727761435029257e-02 6.114443966938931663e-02 6.766215075711993210e-01 -7.273697289149257950e-01 9.683992176691051668e-02
1.124191375287718342e-01 -1.027405566102768536e-01 -5.595717245227440489e-02 6.109966632564596545e-02 6.766325263765119447e-01 -7.273779364422648941e-01 9.672948155152173710e-02
1.124224670724297270e-01 -1.027109956506181421e-01 -5.599117287860647108e-02 6.118381409550551625e-02 6.765703393255123599e-01 -7.274100080856071848e-01 9.687000038497245447e-02
1.124211743732653063e-01 -1.027061135542192555e-01 -5.599084120554999322e-02 6.113476811465692190e-02 6.765798533365665612e-01 -7.274181144936713306e-01 9.677359605341380455e-02
1.124204954013569430e-01 -1.027032732195285042e-01 -5.599058877754244101e-02 6.110470248597080906e-02 6.765851011323086306e-01 -7.274230182996621608e-01 9.671901936896415419e-02
1.124530472050915553e-01 -1.027048416742050163e-01 -5.603074838909706534e-02 6.121172381691528108e-02 6.764823498195240425e-01 -7.274922949358142432e-01 9.684893421736287533e-02
1.124514090437250258e-01 -1.027003727756657936e-01 -5.603076874323908996e-02 6.117519474247080924e-02 6.764925968602267803e-01 -7.274990792818616381e-01 9.674942679711909244e-02
1.124505513134008983e-01 -1.026979696939626652e-01 -5.603076209344574898e-02 6.115503604304893537e-02 6.764979580585058772e-01 -7.275028646815829836e-01 9.669620566152412056e-02
1.124338697407554488e-01 -1.026542735549632740e-01 -5.601902077000775471e-02 6.124364676308979155e-02 6.764631904578054522e-01 -7.275090758672394520e-01 9.683652315939503263e-02
1.124325879488183022e-01 -1.026489298907108660e-01 -5.601857382113593908e-02 6.118756880372235724e-02 6.764731291053527329e-01 -7.275181154392592608e-01 9.673457877104295333e-02
1.124318198947700659e-01 -1.026463603322097934e-01 -5.601846401601209141e-02 6.116333673794357995e-02 6.764783776708642726e-01 -7.275223143312279372e-01 9.668160597037174508e-02
1.124204922685817509e-01 -1.026243409822981123e-01 -5.605683303679582369e-02 6.123243250678549188e-02 6.764850208056623071e-01 -7.274923669217330247e-01 9.681664064342829223e-02
1.124188327653989072e-01 -1.026185618186528231e-01 -5.605653849980618553e-02 6.117669596799914927e-02 6.764965171219765594e-01 -7.275018667367600944e-01 9.670009352013790582e-02
1.124180557695676624e-01 -1.026164213742790515e-01 -5.605655104794279170e-02 6.115910032654685302e-02 6.765013972125838437e-01 -7.275050791696203722e-01 9.665290372810136921e-02
1.123990688421415418e-01 -1.026090474562363769e-01 -5.606153867643087763e-02 6.125673973729921923e-02 6.763923807588085868e-01 -7.275787674252366388e-01 9.679925764261429477e-02
1.123975416313994086e-01 -1.026038742505779172e-01 -5.606129870715927110e-02 6.120745305685038051e-02 6.764028701582038838e-01 -7.275870301303017929e-01 9.669497669581808563e-02
1.123966258965444776e-01 -1.026015343442788774e-01 -5.606134263868053913e-02 6.118910811846207942e-02 6.764083018358242327e-01 -7.275905638167823319e-01 9.664198725202499674e-02
1.123999433803849479e-01 -1.025754032314903502e-01 -5.604559432109473133e-02 6.127448317677600120e-02 6.763114266813688991e-01 -7.276559786795960827e-01 9.677328424451375755e-02
1.123986930372229132e-01 -1.025698292922252591e-01 -5.604505308727979890e-02 6.121422167978893963e-02 6.763213746684119121e-01 -7.276654283397677725e-01 9.667078995161651478e-02
1.123606692913668853e-01 -1.025756640062403663e-01 -5.604657010120819155e-02 6.124127063814706340e-02 6.763000209950761343e-01 -7.276776805448199603e-01 9.671081433632799929e-02
1.123694317937416615e-01 -1.025581368274550986e-01 -5.603382672659659725e-02 6.125010087578525164e-02 6.763356265870771322e-01 -7.276400678007465261e-01 9.673922204926474477e-02
1.123689052501156554e-01 -1.025557357713579726e-01 -5.603358380414032169e-02 6.122388193087099917e-02 6.763398848807041785e-01 -7.276440733597207000e-01 9.669590945507455793e-02
1.123268419462904733e-01 -1.025473985625922901e-01 -5.602977941686096419e-02 6.125112193935002003e-02 6.762599499787158575e-01 -7.277122754748343025e-01 9.672447590550400931e-02
1.123386091831208022e-01 -1.025003984851217409e-01 -5.600822151929322340e-02 6.125074317684160025e-02 6.763037603922870122e-01 -7.276698417863142199e-01 9.673764259179018499e-02
1.123378178248815168e-01 -1.024983449905700478e-01 -5.600822870416160421e-02 6.123433670728603562e-02 6.763083960194786748e-01 -7.276728850550858718e-01 9.669271863582384885e-02
1.123421853311698110e-01 -1.025180975378311155e-01 -5.606734983448800891e-02 6.125884428735095533e-02 6.762456311094265926e-01 -7.277278056527243244e-01 9.670285043297270622e-02
1.123543494851851343e-01 -1.024495015132180775e-01 -5.603897152545181393e-02 6.126575950897948653e-02 6.762990577993248653e-01 -7.276737477911476848e-01 9.673162826665487879e-02
1.123533484319276521e-01 -1.024450095673664907e-01 -5.603855805191171324e-02 6.121804322083790328e-02 6.763070090903666731e-01 -7.276811186953257016e-01 9.665076375163204891e-02
1.123439909098119249e-01 -1.024357185703616280e-01 -5.608079155935331850e-02 6.125493692638720594e-02 6.763521053030763230e-01 -7.276262700551557883e-01 9.672473044605585379e-02
1.123553363148287881e-01 -1.023528728078978017e-01 -5.604896149142049588e-02 6.125717686226599817e-02 6.763951368236162942e-01 -7.275843243546307182e-01 9.673793525624801992e-02
1.123538612241956614e-01 -1.023481439157752498e-01 -5.604881019064555936e-02 6.121551962453840312e-02 6.764046972848567485e-01 -7.275915347976188441e-01 9.664317947441714018e-02
1.123169534684382992e-01 -1.023034195432249299e-01 -5.606396359835340987e-02 6.126188267827667455e-02 6.762893586019882441e-01 -7.276842959776271824e-01 9.672254421782700007e-02
1.123271688750576147e-01 -1.022881345363196304e-01 -5.605232801517036345e-02 6.125876185337750940e-02 6.763167174740912779e-01 -7.276575478301182676e-01 9.673445532549591885e-02
1.122820346781269185e-01 -1.022878982620719218e-01 -5.605359971666856733e-02 6.124338804209077114e-02 6.762268342665006537e-01 -7.277439956637874463e-01 9.672224570561718804e-02
1.122894634630174499e-01 -1.022996277939660359e-01 -5.604993084266893938e-02 6.126821826566736240e-02 6.762425601937602782e-01 -7.277195646248012517e-01 9.678037236665755494e-02
1.122883074640732837e-01 -1.022945829993272271e-01 -5.604948176369586865e-02 6.121530628773711596e-02 6.762513971569811266e-01 -7.277277542474307470e-01 9.669048462656837373e-02
1.123094587909372610e-01 -1.023726118532320706e-01 -5.610552013506187041e-02 6.124806074168315240e-02 6.761179121640338296e-01 -7.278461958907644913e-01 9.671173162379884114e-02
1.123189898960181982e-01 -1.023528686753920752e-01 -5.609182258963370943e-02 6.126919760203951293e-02 6.761508029049814184e-01 -7.278058181879136779e-01 9.677224895584921049e-02
1.123172114535017363e-01 -1.023485588456739259e-01 -5.609194973202934198e-02 6.123813971842680115e-02 6.761607931300049890e-01 -7.278119444614794542e-01 9.667598241977838625e-02
1.123161994459551533e-01 -1.023458445374079984e-01 -5.609195298946903496e-02 6.121646726056798743e-02 6.761666392074230370e-01 -7.278161279783998960e-01 9.661730700865039934e-02
1.123200857622252691e-01 -1.023662803995464554e-01 -5.609825647524729897e-02 6.128138986453603859e-02 6.760737807456936865e-01 -7.278780933823906230e-01 9.675905858631733691e-02
1.123181899746184681e-01 -1.023618386202435199e-01 -5.609841435523757469e-02 6.125023270503780759e-02 6.760842046110402404e-01 -7.278843997884435479e-01 9.665845960728555730e-02
1.123175008891676707e-01 -1.023595327730148913e-01 -5.609831543753310279e-02 6.122876224637264359e-02 6.760886135991986956e-01 -7.278881625313360360e-01 9.661287741313683008e-02
1.123161116786072639e-01 -1.023351634144544220e-01 -5.609823963119155155e-02 6.132762140717154531e-02 6.759631365174787465e-01 -7.279787425507240339e-01 9.674560101760495967e-02
1.123140895971204145e-01 -1.023312420624974128e-01 -5.609858785031664880e-02 6.130667703726681850e-02 6.759734550986966628e-01 -7.279837622774351091e-01 9.664895867503908722e-02
1.123137159963631948e-01 -1.023293201800165447e-01 -5.609838963876030704e-02 6.128549131825740404e-02 6.759766114825025429e-01 -7.279869750815315399e-01 9.661611353265713020e-02
1.123264657929095994e-01 -1.022752614573315261e-01 -5.612172596806668662e-02 6.138225340373041489e-02 6.758358754920262834e-01 -7.280900212543210959e-01 9.676264421195250598e-02
1.123249835679689251e-01 -1.022707562561428613e-01 -5.612161437114251972e-02 6.134332044315370797e-02 6.758449921476803457e-01 -7.280969643846614270e-01 9.667137156237930184e-02
1.123241093313719768e-01 -1.022683197763252921e-01 -5.612159591216718535e-02 6.132353693506872871e-02 6.758501099236237097e-01 -7.281006937928991007e-01 9.662004156642653441e-02
1.123276107301920262e-01 -1.021962053195062392e-01 -5.612488823479436229e-02 6.140369158429495600e-02 6.757535706515103158e-01 -7.281655525359409520e-01 9.675549861161861220e-02
1.123261038052327937e-01 -1.021906186064961836e-01 -5.612452780822034526e-02 6.134977722447125525e-02 6.757638506999484873e-01 -7.281745081048366375e-01 9.665044577219855659e-02
1.123256442632879770e-01 -1.021884990036956431e-01 -5.612433873105485832e-02 6.132747850288060992e-02 6.757675604579228557e-01 -7.281778686867025341e-01 9.661333328334002768e-02
1.123236577615969317e-01 -1.021279882721184279e-01 -5.610968331285100252e-02 6.139950223331197554e-02 6.757655153705661721e-01 -7.281554351047546669e-01 9.675087435708280836e-02
1.123224515689583286e-01 -1.021227209225926968e-01 -5.610920713233845392e-02 6.134513416270745423e-02 6.757744610849031330e-01 -7.281641427174796455e-01 9.665729936474662387e-02
1.122619517012435619e-01 -1.020667535073372378e-01 -5.609632830047207863e-02 6.135550003515086170e-02 6.756871494882732421e-01 -7.282406577224267430e-01 9.668465789284202971e-02
1.122738444334956676e-01 -1.020106838816896289e-01 -5.607232982424524559e-02 6.138651393183341964e-02 6.757142846859084395e-01 -7.282055114810138674e-01 9.674003528727280476e-02
1.122724361805424592e-01 -1.020057377233882095e-01 -5.607202243596546426e-02 6.134023959698624295e-02 6.757234902114742647e-01 -7.282132588149421437e-01 9.664672508021140973e-02
1.122476720468775502e-01 -1.019760887310262043e-01 -5.608906631669498266e-02 6.133687131977821894e-02 6.757568462597838277e-01 -7.281791815566858173e-01 9.667239780395889270e-02
1.122600199824184131e-01 -1.019140676143518304e-01 -5.606272769292075520e-02 6.133708299667495201e-02 6.758098540745756111e-01 -7.281284234658853549e-01 9.668403346077439342e-02
1.122584921677371450e-01 -1.019098265934883785e-01 -5.606265753829139942e-02 6.130330087337366313e-02 6.758187849606638320e-01 -7.281345360740818506e-01 9.659695943714985411e-02
1.122584921677371450e-01 -1.019098265934883785e-01 -5.606265753829139942e-02 6.130330087337366313e-02 6.758187849606638320e-01 -7.281345360740818506e-01 9.659695943714985411e-02
1.122484482659503319e-01 -1.018581595656281313e-01 -5.608176988993021639e-02 6.135500958402270721e-02 6.758213482108267334e-01 -7.281175716340444470e-01 9.667403984104078196e-02
1.122473798129636907e-01 -1.018536228550400435e-01 -5.608136529792886321e-02 6.130872828133608621e-02 6.758291813213512800e-01 -7.281248004794309558e-01 9.659416358055081253e-02
1.122241320705973516e-01 -1.018515898408416942e-01 -5.609276931217947737e-02 6.134477163737692140e-02 6.757766583119531045e-01 -7.281624361038747661e-01 9.665502429133408790e-02
1.122362551716726692e-01 -1.018249146270672478e-01 -5.607778897694965653e-02 6.135049820471218107e-02 6.758074729538161574e-01 -7.281311041301944398e-01 9.667197664243079580e-02
1.122352107286376938e-01 -1.018197462039672763e-01 -5.607721056087987266e-02 6.129425870730646764e-02 6.758158107232543621e-01 -7.281396952193356364e-01 9.658461612433442978e-02
1.122352107286376938e-01 -1.018197462039672763e-01 -5.607721056087987266e-02 6.129425870730646764e-02 6.758158107232543621e-01 -7.281396952193356364e-01 9.658461612433442978e-02
1.121902026468832164e-01 -1.017813658256260662e-01 -5.604555973770247723e-02 6.133833069048677533e-02 6.757693083688787183e-01 -7.281669986456738020e-01 9.667612496424896062e-02
1.121893999027158001e-01 -1.017766317979693358e-01 -5.604492233134619750e-02 6.128397738176447063e-02 6.757765560698127949e-01 -7.281748368984216624e-01 9.660086588976077304e-02
1.121591538944658878e-01 -1.018191518050524241e-01 -5.604485665494590707e-02 6.131285861958423594e-02 6.757352016697872887e-01 -7.282023784998267191e-01 9.666419471232307048e-02
1.121674819121943611e-01 -1.018047142453876869e-01 -5.603345312705916570e-02 6.130708609842039358e-02 6.757709300025301902e-01 -7.281669407265992655e-01 9.668504429590651927e-02
1.121661083582742163e-01 -1.017997099532714361e-01 -5.603305447567796804e-02 6.125833258373470508e-02 6.757798975759882198e-01 -7.281749237232723049e-01 9.659310110900282131e-02
1.121305013152665286e-01 -1.018612087677004951e-01 -5.599014420039223616e-02 6.127420038951829351e-02 6.757494706560819298e-01 -7.281932805020414623e-01 9.665749586206554000e-02
1.121428593879432306e-01 -1.018184189578837384e-01 -5.596988118759908815e-02 6.126992565361132764e-02 6.757877447375162383e-01 -7.281546634505327020e-01 9.668353721406758305e-02
1.121418994853922019e-01 -1.018135551393316018e-01 -5.596924436770392419e-02 6.121553039059944579e-02 6.757953727322558724e-01 -7.281628369105884735e-01 9.660308470743961262e-02
1.121418994853922019e-01 -1.018135551393316018e-01 -5.596924436770392419e-02 6.121553039059944579e-02 6.757953727322558724e-01 -7.281628369105884735e-01 9.660308470743961262e-02
1.121512420651572528e-01 -1.017362234887456002e-01 -5.599331999318457598e-02 6.125119276647929267e-02 6.758107886183942759e-01 -7.281366057668223757e-01 9.667033006066791390e-02
1.121494658585433651e-01 -1.017317045037945400e-01 -5.599325198449379981e-02 6.121637800275783747e-02 6.758204430826060261e-01 -7.281432756023478170e-01 9.657460313631488491e-02
1.121390755724978594e-01 -1.017505269773324866e-01 -5.601866792883145735e-02 6.124467541032596607e-02 6.758436749554914691e-01 -7.281107211992411399e-01 9.663950761081449570e-02
1.122388101426884388e-01 -1.018324878771876552e-01 -5.611673395828736116e-02 6.128244933498851188e-02 6.757072414898513957e-01 -7.282363075531889107e-01 9.662331790503557449e-02
1.122378117920416335e-01 -1.018278326067923317e-01 -5.611627197819411134e-02 6.123314679378522030e-02 6.757150052795577455e-01 -7.282439266940199385e-01 9.654282265944474917e-02
1.121682505861013868e-01 -1.016982632368815531e-01 -5.603125687953604273e-02 6.128588754259668703e-02 6.757897197778667264e-01 -7.281467570583941562e-01 9.671915433879881008e-02
1.121673747677540967e-01 -1.016934328984027691e-01 -5.603063376473280122e-02 6.123149835020839232e-02 6.757971870157668537e-01 -7.281547415559226355e-01 9.664128507523406242e-02
1.121662389160043710e-01 -1.016888346858776382e-01 -5.603021217348863603e-02 6.118482858721209505e-02 6.758050746733714753e-01 -7.281621985456727675e-01 9.655946564477489724e-02
1.122435389755209872e-01 -1.016379333037934624e-01 -5.610204855309925548e-02 6.127816682966243100e-02 6.757632348235692588e-01 -7.281729584714242698e-01 9.671183630639473838e-02
1.122419908131391392e-01 -1.016336033359204333e-01 -5.610200457817639957e-02 6.124415790564459450e-02 6.757722614587001742e-01 -7.281792854197820519e-01 9.662262701333465542e-02
1.122408452516511501e-01 -1.016295486235816448e-01 -5.610179836063006187e-02 6.120706938470703296e-02 6.757799802516947230e-01 -7.281854009149979490e-01 9.654602447858035008e-02
1.122408452516511501e-01 -1.016295486235816448e-01 -5.610179836063006187e-02 6.120706938470703296e-02 6.757799802516947230e-01 -7.281854009149979490e-01 9.654602447858035008e-02
1.122443540742197043e-01 -1.016461210520647335e-01 -5.611497398056139452e-02 6.126320461463154177e-02 6.756967796699333562e-01 -7.282463047772851361e-01 9.663333421887465580e-02
1.122430984975995027e-01 -1.016418669041658229e-01 -5.611477942484033310e-02 6.122468459741146896e-02 6.757049844623954638e-01 -7.282527660486345367e-01 9.655164789445104534e-02
1.122430984975995027e-01 -1.016418669041658229e-01 -5.611477942484033310e-02 6.122468459741146896e-02 6.757049844623954638e-01 -7.282527660486345367e-01 9.655164789445104534e-02
1.122303611765636255e-01 -1.016212625597336383e-01 -5.610653618865238390e-02 6.124962584360485462e-02 6.756518900039799602e-01 -7.282878180241304511e-01 9.664295621368035327e-02
1.122292919938993744e-01 -1.016162906490161999e-01 -5.610604582304765109e-02 6.119705720478602062e-02 6.756601368105704664e-01 -7.282959839768538002e-01 9.655702686900469178e-02
1.122292919938993744e-01 -1.016162906490161999e-01 -5.610604582304765109e-02 6.119705720478602062e-02 6.756601368105704664e-01 -7.282959839768538002e-01 9.655702686900469178e-02
1.122162823726020331e-01 -1.016310627395220489e-01 -5.610302803509703562e-02 6.126130428776324632e-02 6.755616034718198160e-01 -7.283703924605551272e-01 9.664441990307970354e-02
1.122148425356029044e-01 -1.016271976063899962e-01 -5.610300869766719767e-02 6.123062027760806797e-02 6.755698297070940050e-01 -7.283760937433051419e-01 9.656335947548184973e-02
1.122252881916561695e-01 -1.015887272967680582e-01 -5.610797083440171446e-02 6.130330407951578575e-02 6.754620601617530307e-01 -7.284529270588201433e-01 9.669148489092535548e-02
1.122245792425978633e-01 -1.015867645006989783e-01 -5.610794426950348190e-02 6.128730303587943962e-02 6.754661020762733337e-01 -7.284558907127990368e-01 9.665105647791097376e-02
1.122234374071157254e-01 -1.015831305194725837e-01 -5.610780830125651486e-02 6.125482570004854577e-02 6.754732230963179651e-01 -7.284614279026514483e-01 9.658011838033052354e-02
1.122079444044103286e-01 -1.015477097772309323e-01 -5.612346012822205799e-02 6.132449561161808227e-02 6.754647586090247735e-01 -7.284483250361611928e-01 9.669386675091592998e-02
1.122070797387325208e-01 -1.015458863002660916e-01 -5.612356084503711262e-02 6.131323194122238751e-02 6.754692053718840405e-01 -7.284507606058173712e-01 9.665158848153224125e-02
1.122056900114069278e-01 -1.015416042308112804e-01 -5.612342115571351819e-02 6.127565204967148904e-02 6.754776350214966030e-01 -7.284573798256321897e-01 9.656658236278216345e-02
1.122348108768827374e-01 -1.015171469701297569e-01 -5.615614981281745466e-02 6.132837029136230245e-02 6.754802161530810700e-01 -7.284353652307682392e-01 9.668105949103801555e-02
1.122340630181333093e-01 -1.015147754504293759e-01 -5.615607306034017809e-02 6.130750655392584736e-02 6.754848356654137298e-01 -7.284390675567433693e-01 9.663411035070136601e-02
1.122328411423805933e-01 -1.015100428461439552e-01 -5.615576856948802098e-02 6.126138771983251352e-02 6.754934526946683171e-01 -7.284465296498661147e-01 9.654683413941149428e-02
1.121885823128507542e-01 -1.014198912834176625e-01 -5.610542585323018833e-02 6.131321835691325162e-02 6.754836377857024177e-01 -7.284316105408431552e-01 9.669505211428817970e-02
1.121878847950159713e-01 -1.014175049838845905e-01 -5.610530334653085482e-02 6.129111107665147912e-02 6.754880962741491857e-01 -7.284353882499920996e-01 9.664945235229606413e-02
1.121871841538470832e-01 -1.014133807935348186e-01 -5.610481467066814887e-02 6.124448674600862369e-02 6.754945353371568650e-01 -7.284421738008313163e-01 9.658284009686206317e-02
1.121255458548229972e-01 -1.013558859696734871e-01 -5.604381222363664927e-02 6.130399774285899550e-02 6.755631558999181108e-01 -7.283503214016070482e-01 9.675769512272541784e-02
1.121242297990741599e-01 -1.013513099594563066e-01 -5.604352182791173809e-02 6.126089212109744886e-02 6.755717103046104954e-01 -7.283573192873192825e-01 9.667255439482662360e-02
1.121227893589116786e-01 -1.013473872101373907e-01 -5.604346575598433133e-02 6.122923950114890490e-02 6.755799321473304753e-01 -7.283630635919374763e-01 9.659183767216948657e-02
1.120917813753432996e-01 -1.013524520202670337e-01 -5.602862363428175174e-02 6.129909340258815620e-02 6.754652167614200176e-01 -7.284477122020948103e-01 9.671138857964398095e-02
1.120913534756963620e-01 -1.013500446927667054e-01 -5.602831151513182339e-02 6.127166928267409329e-02 6.754688856445114631e-01 -7.284517507227941113e-01 9.667271558393607245e-02
1.120901320921677130e-01 -1.013461092398647151e-01 -5.602810950986551741e-02 6.123564143666283127e-02 6.754764695733834756e-01 -7.284577734554128492e-01 9.659714055240320452e-02
1.120837528623411378e-01 -1.013389552544198130e-01 -5.598531196082205674e-02 6.129379962998593445e-02 6.754230085272130424e-01 -7.284873949498404944e-01 9.671062546671221893e-02
1.120832596984596974e-01 -1.013368790212842430e-01 -5.598510579073122384e-02 6.127216693272627412e-02 6.754265758679612874e-01 -7.284907317104580837e-01 9.667427777134286748e-02
1.120820268781319018e-01 -1.013332008780027244e-01 -5.598495835463788983e-02 6.124008292206335746e-02 6.754340291795790652e-01 -7.284961925044389774e-01 9.660135597637214966e-02
1.120412637468025802e-01 -1.012976652670618261e-01 -5.593047889271446360e-02 6.130587373685740527e-02 6.753503041359772974e-01 -7.285457376198533064e-01 9.677119790902302676e-02
1.120401016628845836e-01 -1.012938991814260892e-01 -5.593023522048864299e-02 6.127066160721303389e-02 6.753575189869804873e-01 -7.285515003391476174e-01 9.669973592281244645e-02
1.120387785203047493e-01 -1.012900304887613817e-01 -5.593006837374418783e-02 6.123670424186951344e-02 6.753653714126864882e-01 -7.285573405490228804e-01 9.662237154165218000e-02
1.120602160913487938e-01 -1.013312001391041411e-01 -5.594326782239029960e-02 6.131609240503137215e-02 6.752646946204649003e-01 -7.286290794799213932e-01 9.673465535964936857e-02
1.120596637879339164e-01 -1.013294143417974857e-01 -5.594316003366766460e-02 6.129954099574946164e-02 6.752681807612076481e-01 -7.286318025427632739e-01 9.670029290774102837e-02
1.120582955837678141e-01 -1.013257456903001452e-01 -5.594308178158335920e-02 6.126965229779127164e-02 6.752760083821544024e-01 -7.286372356772492509e-01 9.662360475261316806e-02
1.120483322377407859e-01 -1.013116286051854165e-01 -5.596135600058095572e-02 6.134978570029925998e-02 6.752358363987356338e-01 -7.286465063592805214e-01 9.678345833789017694e-02
1.120474548509780149e-01 -1.013065183024513399e-01 -5.596064489149270293e-02 6.129046030567971565e-02 6.752435464764182660e-01 -7.286553706565663813e-01 9.670048206089261467e-02
1.120463724552681339e-01 -1.013024396148700795e-01 -5.596031013845167296e-02 6.124969064904402238e-02 6.752508939564182411e-01 -7.286619803111034077e-01 9.662517299107648006e-02
1.120442704589900418e-01 -1.012958308021115611e-01 -5.597244322584979392e-02 6.132763894620681111e-02 6.751452711892778069e-01 -7.287367473093486758e-01 9.674986621712040880e-02
1.120436179206754784e-01 -1.012938318313902908e-01 -5.597235127714806496e-02 6.130984845225018187e-02 6.751492897898185852e-01 -7.287397562081854296e-01 9.671042705261889694e-02
1.120422337691447529e-01 -1.012897645258230700e-01 -5.597220037947366056e-02 6.127455445728149930e-02 6.751575005579009137e-01 -7.287460349204467613e-01 9.662812739671944318e-02
1.120513885153689854e-01 -1.012928549185567600e-01 -5.598149254624116417e-02 6.135191230946437924e-02 6.750937875100530006e-01 -7.287828718733143640e-01 9.674630011213584957e-02
1.120508937642084729e-01 -1.012905436800215497e-01 -5.598123714054942940e-02 6.132683559387000494e-02 6.750975713139995005e-01 -7.287867749602335854e-01 9.670638595792813152e-02
1.120499229023818322e-01 -1.012861066590904080e-01 -5.598076085755939596e-02 6.127902996742998210e-02 6.751049627300077516e-01 -7.287942144606865957e-01 9.662899540094715967e-02
1.120329768458376146e-01 -1.012383486425811191e-01 -5.596654004208545530e-02 6.134951363387787515e-02 6.750440963741558553e-01 -7.288283820882324182e-01 9.675171621183487058e-02
1.120323362385381299e-01 -1.012361820247771327e-01 -5.596640146680588457e-02 6.132909716118986609e-02 6.750481845873285147e-01 -7.288318161076271506e-01 9.671025879400402259e-02
1.120307771783091294e-01 -1.012322985933776093e-01 -5.596640143228541475e-02 6.129974972462648442e-02 6.750566598285512310e-01 -7.288375833559467276e-01 9.662620655226591970e-02
1.120228905588947499e-01 -1.011797200644709571e-01 -5.597601095002580074e-02 6.135321830119674219e-02 6.751470740157515804e-01 -7.287357388289029680e-01 9.672866175828073732e-02
1.120223112174634772e-01 -1.011776010491250433e-01 -5.597586015104520640e-02 6.133265820220296094e-02 6.751509036151038812e-01 -7.287391695633190780e-01 9.668911588035353222e-02
1.120213673064166943e-01 -1.011734950258809385e-01 -5.597547452166809490e-02 6.128977514063450871e-02 6.751581292773376486e-01 -7.287457079021388839e-01 9.661654696865752678e-02
1.120034375269931548e-01 -1.011427387451493687e-01 -5.597299014096342867e-02 6.135889413682003163e-02 6.751432654381924747e-01 -7.287417210796736100e-01 9.670657269077433116e-02
1.120027563238463059e-01 -1.011405099357387816e-01 -5.597286804314966641e-02 6.133848635263307314e-02 6.751476310117495716e-01 -7.287451097085732021e-01 9.666349624873898927e-02
1.120020593251464663e-01 -1.011360499651375450e-01 -5.597224035997548641e-02 6.128595892612163920e-02 6.751544124926482926e-01 -7.287526859569649629e-01 9.659230425205519999e-02
1.120019141706770915e-01 -1.010949092442918196e-01 -5.597138663130182823e-02 6.137517457917755076e-02 6.751469454006476800e-01 -7.287297225297337810e-01 9.676095061173950462e-02
1.120007557129441833e-01 -1.010884958417358898e-01 -5.597059812631145770e-02 6.130300739464430992e-02 6.751569885017506545e-01 -7.287404728787094665e-01 9.665560175248000263e-02
1.120000698605949918e-01 -1.010868056816749405e-01 -5.597061982924636525e-02 6.129066739832379762e-02 6.751608483236231084e-01 -7.287427935410253355e-01 9.661896212864384825e-02
1.119893039179477023e-01 -1.011360407536972400e-01 -5.597214542161101092e-02 6.136387592941342645e-02 6.750000903642766614e-01 -7.288695594062566396e-01 9.673943410040740376e-02
1.119878942297712066e-01 -1.011321695125740883e-01 -5.597208006216698728e-02 6.133204691103168182e-02 6.750082468810725267e-01 -7.288753594920293066e-01 9.665897262856208705e-02
1.119874798378424630e-01 -1.011298817417675272e-01 -5.597179441330807359e-02 6.130593808626173119e-02 6.750118856384295096e-01 -7.288792467725565549e-01 9.662080431504238565e-02
1.119700353146878824e-01 -1.011437696982044054e-01 -5.598025132600828457e-02 6.140673237238658544e-02 6.749350240948824853e-01 -7.289221650571734434e-01 9.676984942506153264e-02
1.119686496616648791e-01 -1.011389608042003452e-01 -5.597993095266605434e-02 6.136032219821731942e-02 6.749440460876664494e-01 -7.289298650954957326e-01 9.667831857455591593e-02
1.119674397032738994e-01 -1.011349272405998589e-01 -5.597970533317225827e-02 6.132219666033548316e-02 6.749518630872626268e-01 -7.289361888237930742e-01 9.660022430008927130e-02
1.119391077416902053e-01 -1.011085270075481463e-01 -5.598731378438427664e-02 6.137642023051723822e-02 6.749420903477587608e-01 -7.289266498627584578e-01 9.670599173029775786e-02
1.119383868542102450e-01 -1.011065133129453730e-01 -5.598726672874196342e-02 6.135940008250848066e-02 6.749462027810120279e-01 -7.289297755384067656e-01 9.666452144678248926e-02
1.119372887612553047e-01 -1.011028136240337411e-01 -5.598705636949388720e-02 6.132418263726888141e-02 6.749533409580819043e-01 -7.289355433495751102e-01 9.659350803782727757e-02
1.119520059536599915e-01 -1.010681600355574777e-01 -5.602258787643556170e-02 6.142561225622233945e-02 6.749059794101289755e-01 -7.289518488046001776e-01 9.673683496868339116e-02
1.119507581344337671e-01 -1.010638308958637238e-01 -5.602234691120142052e-02 6.138467116679735547e-02 6.749141841372144901e-01 -7.289586489799640967e-01 9.665430292256918521e-02
1.119496199545152448e-01 -1.010601114015186597e-01 -5.602218801257688452e-02 6.135058702197454528e-02 6.749215206083698515e-01 -7.289643608744406089e-01 9.658160832510040428e-02
1.119803106959282868e-01 -1.010143896134218094e-01 -5.607103272749363460e-02 6.143304354800228212e-02 6.748414012256367389e-01 -7.290172771436401744e-01 9.668957533426854323e-02
1.119795502385153851e-01 -1.010123105052017356e-01 -5.607103205510979849e-02 6.141654118340328372e-02 6.748459328986119443e-01 -7.290202711499644828e-01 9.664584611715912321e-02
1.119783284494097059e-01 -1.010077892573787717e-01 -5.607076980418634199e-02 6.137290372283613071e-02 6.748544564340300811e-01 -7.290274103374363435e-01 9.656015894999576965e-02
1.119740228838760621e-01 -1.009554409278488885e-01 -5.607439710100362018e-02 6.143961460813274211e-02 6.748062271424400960e-01 -7.290526754773565266e-01 9.666398474042894873e-02
1.119728413665743300e-01 -1.009514580926205718e-01 -5.607423980804532998e-02 6.140311350715506322e-02 6.748140883050237626e-01 -7.290587818691464106e-01 9.658621255729737953e-02
1.119721401322897741e-01 -1.009491886032479330e-01 -5.607416154811431519e-02 6.138268477798561329e-02 6.748186773409152739e-01 -7.290622537236315370e-01 9.654091835446382275e-02
1.119587682268615991e-01 -1.009911220343448629e-01 -5.608257226870005940e-02 6.144252522522505172e-02 6.747909394747934053e-01 -7.290704530830918184e-01 9.663476878374817336e-02
1.119576857382241497e-01 -1.009871314229486283e-01 -5.608234630828146106e-02 6.140363051101652148e-02 6.747985485222627311e-01 -7.290767036184886418e-01 9.655917001047784054e-02
1.119570853486908241e-01 -1.009852102922079997e-01 -5.608228595495810126e-02 6.138624222792618546e-02 6.748024446292776313e-01 -7.290796537208388273e-01 9.652071548526081068e-02
1.119851127686073422e-01 -1.010176240900682865e-01 -5.614239166713796275e-02 6.146579532314723482e-02 6.747292492454933788e-01 -7.291258971831331426e-01 9.663240799440377116e-02
1.119839223130832118e-01 -1.010133129179346528e-01 -5.614218735000053861e-02 6.142401044491425932e-02 6.747375282725646128e-01 -7.291327651470317361e-01 9.654931211840388217e-02
1.119834267975814840e-01 -1.010113404852498453e-01 -5.614206984389748245e-02 6.140402940490604505e-02 6.747411666750058323e-01 -7.291359859586974412e-01 9.651226423067507665e-02
1.119913239728137361e-01 -1.010107456068840698e-01 -5.614295202081932140e-02 6.148455186478276463e-02 6.746888288052754756e-01 -7.291624141104612322e-01 9.662715982557268379e-02
1.119902622948712317e-01 -1.010067465057490343e-01 -5.614273952435785975e-02 6.144511485193357436e-02 6.746962873451751719e-01 -7.291689504607039574e-01 9.655081246424113139e-02
1.119898052740151001e-01 -1.010047539053447602e-01 -5.614259113502537146e-02 6.142419706527578460e-02 6.746998857939769945e-01 -7.291722076588370571e-01 9.651437044512353736e-02
1.119847862474197125e-01 -1.010692834920879635e-01 -5.617024831558681264e-02 6.150127993410567373e-02 6.746098982367682018e-01 -7.292356834303330704e-01 9.661467683193455946e-02
1.119836396531190131e-01 -1.010647877163711600e-01 -5.616995637325047919e-02 6.145499185818323329e-02 6.746182090809960119e-01 -7.292431738829875387e-01 9.652952552005553133e-02
1.119830030499434637e-01 -1.010629101717221839e-01 -5.616993882171647523e-02 6.143850036364479489e-02 6.746222103441195106e-01 -7.292460532808733298e-01 9.649029877532035171e-02
1.120194657877344041e-01 -1.010670323269870774e-01 -5.619813729614230036e-02 6.150285139989195016e-02 6.745482878186537246e-01 -7.292959674425568695e-01 9.658881168453622990e-02
1.120186422961756412e-01 -1.010638061676460697e-01 -5.619797628844618725e-02 6.147021968593625874e-02 6.745543163509259976e-01 -7.293012529406326383e-01 9.652755483964672867e-02
1.120180354211460227e-01 -1.010621174810183709e-01 -5.619799475197211763e-02 6.145609550371226165e-02 6.745580614994889368e-01 -7.293037932788311029e-01 9.649117628362845200e-02
1.120180354211460227e-01 -1.010621174810183709e-01 -5.619799475197211763e-02 6.145609550371226165e-02 6.745580614994889368e-01 -7.293037932788311029e-01 9.649117628362845200e-02
1.120180354211460227e-01 -1.010621174810183709e-01 -5.619799475197211763e-02 6.145609550371226165e-02 6.745580614994889368e-01 -7.293037932788311029e-01 9.649117628362845200e-02
1.120598812672218142e-01 -1.010809709567794812e-01 -5.628091460677520780e-02 6.153178188501954443e-02 6.745110517887945578e-01 -7.293326047886588004e-01 9.655377996235399440e-02
1.120635591333802028e-01 -1.010514382948166923e-01 -5.628402093796792266e-02 6.162064808765425200e-02 6.744404067012669257e-01 -7.293748204055353623e-01 9.667163439334312824e-02
1.120625311899530879e-01 -1.010478300664489071e-01 -5.628392365087987737e-02 6.158434259290005569e-02 6.744479911459986265e-01 -7.293808879962135894e-01 9.659604656704105785e-02
1.120625311899530879e-01 -1.010478300664489071e-01 -5.628392365087987737e-02 6.158434259290005569e-02 6.744479911459986265e-01 -7.293808879962135894e-01 9.659604656704105785e-02
1.120568162887313202e-01 -1.010237145339983461e-01 -5.629678186893833508e-02 6.163041533032599661e-02 6.744466521700320794e-01 -7.293688773663200564e-01 9.666667477595991542e-02
1.120556134800496373e-01 -1.010198949125115514e-01 -5.629674303387158241e-02 6.159362061329196752e-02 6.744550023561863838e-01 -7.293752318740901464e-01 9.658388491399366726e-02
1.120551333875486333e-01 -1.010179624184493197e-01 -5.629663445815476230e-02 6.157264867880161974e-02 6.744588011869625532e-01 -7.293786428409186895e-01 9.654496260117279016e-02
1.120615573348787419e-01 -1.009473412595976033e-01 -5.630734327870261235e-02 6.162769826683105190e-02 6.744942169111740604e-01 -7.293254716819268513e-01 9.666402906794915872e-02
1.120607258540510243e-01 -1.009428749041038492e-01 -5.630688658700042093e-02 6.157469663138925853e-02 6.745021781847269082e-01 -7.293335315115323514e-01 9.658140696701397743e-02
1.120600871945265642e-01 -1.009405622392538782e-01 -5.630679047312679708e-02 6.155085776553573251e-02 6.745069177013659489e-01 -7.293375263610195613e-01 9.653332338067735496e-02
1.120167181125686917e-01 -1.009085922072369690e-01 -5.627743006738967352e-02 6.160911265798019176e-02 6.745395799480712329e-01 -7.292868639285352561e-01 9.665062039251448578e-02
1.120150740984100918e-01 -1.009042187346873148e-01 -5.627751691255390709e-02 6.157160022798945087e-02 6.745497660405943563e-01 -7.292939455980945729e-01 9.654994611033008989e-02
1.120145459761218015e-01 -1.009026156110820194e-01 -5.627751587104751207e-02 6.155682122569169912e-02 6.745534338740012403e-01 -7.292964210820960247e-01 9.651503927486081158e-02
1.120115709384467834e-01 -1.008537560786629123e-01 -5.627352100860669171e-02 6.162289109708646295e-02 6.745062768464565872e-01 -7.293174965453421699e-01 9.664311160347907603e-02
1.120107477895076475e-01 -1.008502878548778459e-01 -5.627328727113969919e-02 6.158539801047020756e-02 6.745130417586060467e-01 -7.293233413028772372e-01 9.657566505208109442e-02
1.120104326547068790e-01 -1.008482805202244037e-01 -5.627303261348776120e-02 6.156067429209613473e-02 6.745164116910358221e-01 -7.293269875436391159e-01 9.654034897736703258e-02
1.119685321719111476e-01 -1.008134182819725860e-01 -5.624138837443473649e-02 6.162615035902039434e-02 6.744113240850483360e-01 -7.293994460977706318e-01 9.668521898431298167e-02
1.119675983694254501e-01 -1.008094526115261985e-01 -5.624107594757481871e-02 6.158237531191040892e-02 6.744187361657779656e-01 -7.294064320848823169e-01 9.660867555607866031e-02
1.119672058130664061e-01 -1.008071346164786941e-01 -5.624078174205231900e-02 6.155396974556315293e-02 6.744226694629855690e-01 -7.294106507354468638e-01 9.656745992659637734e-02
1.119769648486922536e-01 -1.008130079373716348e-01 -5.623428427664125401e-02 6.164384016611400285e-02 6.743188915976507936e-01 -7.294822866780584780e-01 9.669365453348698070e-02
1.119756683114723761e-01 -1.008084080476772532e-01 -5.623404888985579497e-02 6.159687100065205922e-02 6.743282313416997242e-01 -7.294901077805203693e-01 9.659940242500811292e-02
1.119751727580197975e-01 -1.008066077589513526e-01 -5.623395997719780881e-02 6.157843851266608243e-02 6.743319661080513505e-01 -7.294930425354425596e-01 9.656291362409641366e-02
1.120092720012906828e-01 -1.008092372194754061e-01 -5.628036593425320144e-02 6.167517533427741006e-02 6.741755171095892285e-01 -7.296147853163091890e-01 9.667372924088524222e-02
1.120084631114329765e-01 -1.008053376252371347e-01 -5.627999983928091976e-02 6.163064024991934953e-02 6.741826434718901639e-01 -7.296216728786526495e-01 9.660042385722737712e-02
1.120131330132785874e-01 -1.008449377689830534e-01 -5.630968665172533111e-02 6.171258368627251245e-02 6.740877613925975176e-01 -7.296863604347846310e-01 9.672157128024190531e-02
1.120123543777449965e-01 -1.008406034664865863e-01 -5.630919828653475206e-02 6.166059928232470871e-02 6.740952322482892667e-01 -7.296942659628322669e-01 9.664298514239422211e-02
1.120283403301520347e-01 -1.008326086263507670e-01 -5.633170147556118557e-02 6.170906555906584962e-02 6.740947808084956083e-01 -7.296810767251816765e-01 9.671475577052718320e-02
1.120277702252846508e-01 -1.008306471370278845e-01 -5.633163442248319275e-02 6.168934894525816837e-02 6.740988317449497780e-01 -7.296844239397598519e-01 9.667383682519722909e-02
1.120268492130881699e-01 -1.008267550163419041e-01 -5.633135786123982802e-02 6.164646938852177960e-02 6.741063416902195460e-01 -7.296912089353853048e-01 9.659758023560899298e-02
1.120527033875844958e-01 -1.008339545471205467e-01 -5.635503083503172472e-02 6.173946676420087598e-02 6.740315381219683655e-01 -7.297387834339780222e-01 9.670073325938795261e-02
1.120522953601081062e-01 -1.008317315923473317e-01 -5.635480022962549573e-02 6.171319172205921855e-02 6.740354589454509160e-01 -7.297427840619598038e-01 9.665997703895712334e-02
1.120508282391419752e-01 -1.008277274881076990e-01 -5.635488448601751188e-02 6.167851949870964412e-02 6.740447941500313789e-01 -7.297492192778796127e-01 9.656838341307302787e-02
1.120817113368312024e-01 -1.008732073940350193e-01 -5.640627493659007563e-02 6.176955159425349257e-02 6.739780258342341623e-01 -7.297888852628959810e-01 9.667639905981548210e-02
1.120813279479016267e-01 -1.008709634868537458e-01 -5.640603294630102543e-02 6.174238528763577316e-02 6.739818837998957646e-01 -7.297930323550803067e-01 9.663554260474400970e-02
1.120806834193986828e-01 -1.008688683075511933e-01 -5.640600045654647898e-02 6.172198360190837146e-02 6.739864440098238818e-01 -7.297965207674921295e-01 9.659041519168387602e-02
1.120804047895625072e-01 -1.008665489331836973e-01 -5.640566713771034968e-02 6.169173405414060674e-02 6.739901419703840935e-01 -7.298008946048446521e-01 9.655088145689411094e-02
1.120804047895625072e-01 -1.008665489331836973e-01 -5.640566713771034968e-02 6.169173405414060674e-02 6.739901419703840935e-01 -7.298008946048446521e-01 9.655088145689411094e-02
1.120867644183066031e-01 -1.008688016600798459e-01 -5.642531177987219343e-02 6.170434364457557525e-02 6.739906207464937404e-01 -7.298013629406114866e-01 9.653594030812520654e-02
1.120775846032555645e-01 -1.008718834655640134e-01 -5.642909166983481328e-02 6.177430345162267245e-02 6.739318470528042893e-01 -7.298351612434184066e-01 9.664594339058296679e-02
1.120770101110107331e-01 -1.008702409257652838e-01 -5.642912839499450439e-02 6.175971343281114190e-02 6.739356443176646172e-01 -7.298377995699049103e-01 9.660885794682858019e-02
1.120761628421734768e-01 -1.008660009323083667e-01 -5.642876126520970925e-02 6.171055997033577517e-02 6.739434864235008815e-01 -7.298453414508029313e-01 9.652855255335088258e-02
1.120810105699169557e-01 -1.008343797942552328e-01 -5.642815731246041827e-02 6.177234538225034183e-02 6.738925216503190985e-01 -7.298708537846105848e-01 9.665186705632668185e-02
1.120805362963399193e-01 -1.008324609268340250e-01 -5.642805621052313092e-02 6.175175029290548567e-02 6.738963489397226114e-01 -7.298741508315729209e-01 9.661343679511941174e-02
1.120799196221902994e-01 -1.008287588407853624e-01 -5.642766304174572783e-02 6.170670546550437868e-02 6.739027938274773089e-01 -7.298809107658842388e-01 9.654617067329779312e-02
1.120890542809246521e-01 -1.007829637661891292e-01 -5.644671967702868942e-02 6.176059097912398044e-02 6.738870485248312781e-01 -7.298759528059001189e-01 9.665903345306442462e-02
1.120886610319068444e-01 -1.007807806209291002e-01 -5.644650276463039629e-02 6.173453791994172601e-02 6.738908903635358882e-01 -7.298799322070066431e-01 9.661883498753050248e-02
1.120880567105814463e-01 -1.007769998982411819e-01 -5.644608841748340738e-02 6.168818788458228786e-02 6.738973820123904668e-01 -7.298868443169220788e-01 9.655092172241487580e-02
1.120901545171413410e-01 -1.007527311926721542e-01 -5.646234469651021520e-02 6.175676813524934999e-02 6.739252447291025350e-01 -7.298410482863008086e-01 9.665873133174116005e-02
1.120891943496987592e-01 -1.007485895798724551e-01 -5.646209476964444973e-02 6.171126158934156503e-02 6.739331387089408931e-01 -7.298484256951609517e-01 9.657701721042225018e-02
1.120888329025223340e-01 -1.007466875172134957e-01 -5.646193201012399826e-02 6.168903253792218377e-02 6.739365600937161638e-01 -7.298518595386631613e-01 9.654138678069473789e-02
1.120937653471834466e-01 -1.006817751212314566e-01 -5.647466887033608662e-02 6.174023419877402996e-02 6.739736987041714533e-01 -7.297973954051198975e-01 9.666105004603656181e-02
1.120926406275853243e-01 -1.006777668328134590e-01 -5.647457390057955551e-02 6.170009573349826554e-02 6.739820399991166555e-01 -7.298041504054993966e-01 9.657748182683957572e-02
1.120923666847926242e-01 -1.006760435657299280e-01 -5.647440279267852692e-02 6.167933629052301664e-02 6.739850472310970897e-01 -7.298072007490771229e-01 9.654670019453046037e-02
1.120975992829128937e-01 -1.006802851890182260e-01 -5.647587601091866305e-02 6.174398687726656565e-02 6.739235354437433934e-01 -7.298428257319816703e-01 9.666539291319140026e-02
1.120965540090263085e-01 -1.006763220585495666e-01 -5.647572250155431794e-02 6.170268038219445250e-02 6.739315010313349230e-01 -7.298497102410770321e-01 9.658422030704882921e-02
1.120964832172264281e-01 -1.006744579353886643e-01 -5.647536645095541097e-02 6.167584366287405528e-02 6.739339967235317141e-01 -7.298533809813895212e-01 9.655620455855727646e-02
1.120686382673561493e-01 -1.006831295424384931e-01 -5.646230223219028677e-02 6.173484998281211777e-02 6.738964646745817522e-01 -7.298656566395977929e-01 9.668757135613864628e-02
1.120678424733507206e-01 -1.006791558901368594e-01 -5.646194330300038922e-02 6.168837790306039293e-02 6.739036353851448613e-01 -7.298728187758847241e-01 9.661315986199497940e-02
1.120676750944609307e-01 -1.006769252704576983e-01 -5.646154836220208806e-02 6.165728883914844971e-02 6.739068267031957937e-01 -7.298771541491787529e-01 9.657798665809318173e-02
1.120504514070752300e-01 -1.006945081755104138e-01 -5.643673688235663344e-02 6.170551639471143213e-02 6.738772708686204815e-01 -7.298846056904385593e-01 9.669702906105684392e-02
1.120494383295972812e-01 -1.006909688146695320e-01 -5.643660385371224164e-02 6.166918803501276330e-02 6.738846813658853074e-01 -7.298905276927780683e-01 9.662383273219701807e-02
1.120488169835395093e-01 -1.006890037175841440e-01 -5.643656929112056408e-02 6.164999799762694438e-02 6.738889546834421207e-01 -7.298938075360760225e-01 9.658149006429692096e-02
1.120295565516018638e-01 -1.006485682711863033e-01 -5.642274637783345481e-02 6.172190784621214843e-02 6.738434887236608439e-01 -7.299131186140378480e-01 9.670676331921465585e-02
1.120282985329169728e-01 -1.006449178026468383e-01 -5.642274605885600619e-02 6.168820965498510167e-02 6.738516915261554274e-01 -7.299190612171472248e-01 9.662622153836025740e-02
1.120275269163578252e-01 -1.006429356129844160e-01 -5.642280296452086008e-02 6.167140832870324912e-02 6.738563717211475401e-01 -7.299222656507252660e-01 9.658009004384322804e-02
1.120039512638645457e-01 -1.006127207174170035e-01 -5.639133597307541268e-02 6.171523601955257454e-02 6.738360869166497569e-01 -7.299199698984953910e-01 9.671088436824340495e-02
1.120029661233818419e-01 -1.006089420314497662e-01 -5.639109851818589758e-02 6.167442923645298503e-02 6.738434544274796156e-01 -7.299266469703153959e-01 9.663515792024876538e-02
1.120022366078604198e-01 -1.006073304861846013e-01 -5.639121106470771499e-02 6.166256755359473402e-02 6.738476414345893062e-01 -7.299290337618395963e-01 9.659549454941870894e-02
1.119699578512820953e-01 -1.005998929964617983e-01 -5.637884249427695116e-02 6.172252119320696673e-02 6.737723364736966092e-01 -7.299780104703904593e-01 9.671232191411989476e-02
1.119688738878895917e-01 -1.005960084439010971e-01 -5.637862427957095190e-02 6.168125545693892847e-02 6.737801433031164189e-01 -7.299847632126499342e-01 9.663325873144931744e-02
1.119683525073639496e-01 -1.005948282818474038e-01 -5.637870034799789820e-02 6.167223805882361687e-02 6.737832417345277491e-01 -7.299864027462228400e-01 9.660502065708589936e-02
1.119537746471397921e-01 -1.005422641106356318e-01 -5.635364717755265984e-02 6.173713373534007315e-02 6.737422741605597620e-01 -7.300016576086845177e-01 9.673393518137571312e-02
1.119523691231196771e-01 -1.005382921614581121e-01 -5.635359927596806512e-02 6.170001965010085687e-02 6.737511217635325789e-01 -7.300082289478485587e-01 9.664636136960524926e-02
1.119520066109311179e-01 -1.005363062897074999e-01 -5.635335168169598730e-02 6.167547620971922107e-02 6.737545091765470007e-01 -7.300119179609834141e-01 9.661054100615037998e-02
1.119746444896779630e-01 -1.005270832863114083e-01 -5.636921000355391009e-02 6.173897856544285911e-02 6.736754257404135027e-01 -7.300626824557250316e-01 9.673778457624351845e-02
1.119736628151890012e-01 -1.005240950954897627e-01 -5.636915062973656132e-02 6.171000644482407815e-02 6.736819760717497330e-01 -7.300675432528158648e-01 9.667394948712998426e-02
1.119732735480499508e-01 -1.005217346560444425e-01 -5.636883160774653484e-02 6.168020120998440881e-02 6.736859043396774549e-01 -7.300719890141301738e-01 9.663201296505456728e-02
1.120025417220032599e-01 -1.005289673654951588e-01 -5.637185405120449105e-02 6.173388440480400557e-02 6.736414253497959859e-01 -7.300939373293430235e-01 9.674192598830499978e-02
1.120015973519379177e-01 -1.005251189270712775e-01 -5.637155798476956026e-02 6.169087797157869757e-02 6.736487361657941264e-01 -7.301009243585395714e-01 9.666569240495850868e-02
1.120010540509274455e-01 -1.005231619384802932e-01 -5.637145350933008003e-02 6.167019146779678662e-02 6.736527572466411984e-01 -7.301042960868058262e-01 9.662539507765444124e-02
1.119906207657966751e-01 -1.004880372103511971e-01 -5.635093984373902576e-02 6.171933246770609782e-02 6.736930067533074551e-01 -7.300496789382407981e-01 9.672601994086274524e-02
1.119892854738692989e-01 -1.004846147546811647e-01 -5.635101230095931890e-02 6.169015785394645762e-02 6.737012359005088991e-01 -7.300550415329025711e-01 9.664680803044674307e-02
