repeatability libsurvive; 20211016-000552; x y z w i j k;  frequency = 150 duration = 2 sys.args = ['repeatability.py']
5.869712202813863744e-01 4.078322172416405378e-01 -3.879765213615809505e-01 -3.725221473233240876e-02 7.937574173380901321e-01 -5.981380235707053350e-01 1.038861861713655244e-01
5.869705919296140939e-01 4.078286805182967378e-01 -3.879752597146418625e-01 -3.722087085951585744e-02 7.937703310789536726e-01 -5.981222851461088785e-01 1.038893655908262326e-01
5.869705919296140939e-01 4.078286805182967378e-01 -3.879752597146418625e-01 -3.722087085951585744e-02 7.937703310789536726e-01 -5.981222851461088785e-01 1.038893655908262326e-01
5.869705919296140939e-01 4.078286805182967378e-01 -3.879752597146418625e-01 -3.722087085951585744e-02 7.937703310789536726e-01 -5.981222851461088785e-01 1.038893655908262326e-01
5.869705919296140939e-01 4.078286805182967378e-01 -3.879752597146418625e-01 -3.722087085951585744e-02 7.937703310789536726e-01 -5.981222851461088785e-01 1.038893655908262326e-01
5.869705919296140939e-01 4.078286805182967378e-01 -3.879752597146418625e-01 -3.722087085951585744e-02 7.937703310789536726e-01 -5.981222851461088785e-01 1.038893655908262326e-01
5.869705919296140939e-01 4.078286805182967378e-01 -3.879752597146418625e-01 -3.722087085951585744e-02 7.937703310789536726e-01 -5.981222851461088785e-01 1.038893655908262326e-01
5.869584389533483160e-01 4.078418412006524774e-01 -3.879740658755331251e-01 -3.728518487951127530e-02 7.937626177619825363e-01 -5.981300323527334317e-01 1.038806335649898049e-01
5.869607523556159556e-01 4.078458757388048750e-01 -3.879640684191699718e-01 -3.737324309828738561e-02 7.937471081149124474e-01 -5.981483185801227398e-01 1.038622069826252436e-01
5.869599085186364418e-01 4.078444938972251022e-01 -3.879659446118962074e-01 -3.731991817225337876e-02 7.937527519430794820e-01 -5.981442419831032309e-01 1.038617266988333399e-01
5.869599085186364418e-01 4.078444938972251022e-01 -3.879659446118962074e-01 -3.731991817225337876e-02 7.937527519430794820e-01 -5.981442419831032309e-01 1.038617266988333399e-01
5.869599085186364418e-01 4.078444938972251022e-01 -3.879659446118962074e-01 -3.731991817225337876e-02 7.937527519430794820e-01 -5.981442419831032309e-01 1.038617266988333399e-01
5.869599085186364418e-01 4.078444938972251022e-01 -3.879659446118962074e-01 -3.731991817225337876e-02 7.937527519430794820e-01 -5.981442419831032309e-01 1.038617266988333399e-01
5.869649497936685334e-01 4.078549561037734805e-01 -3.879664259229339551e-01 -3.742132157924189101e-02 7.937222742349017146e-01 -5.981837293924602283e-01 1.038307370905470484e-01
5.869646927869133224e-01 4.078528251197942600e-01 -3.879681005799719973e-01 -3.736478303139630086e-02 7.937266017715567390e-01 -5.981764189284379807e-01 1.038601293429928241e-01
5.869546636350279067e-01 4.078641911171655421e-01 -3.879740919005834066e-01 -3.742247197121372632e-02 7.937240165213209631e-01 -5.981740521555097834e-01 1.038727467465984100e-01
5.869542751976413175e-01 4.078634513076969115e-01 -3.879749518318162949e-01 -3.739656500802129163e-02 7.937266768591695332e-01 -5.981719270861384219e-01 1.038739862225177002e-01
5.869626153412823566e-01 4.078691416725039876e-01 -3.879651232220811541e-01 -3.746862409011603168e-02 7.937195303782598188e-01 -5.981820225655010148e-01 1.038444855750885604e-01
5.869623814217381774e-01 4.078669921748372951e-01 -3.879666713112550069e-01 -3.741460009153833172e-02 7.937234627092767392e-01 -5.981753361413186809e-01 1.038724201942270442e-01
5.869579438809967575e-01 4.078675707412775520e-01 -3.879666725532140426e-01 -3.745855410251553580e-02 7.937002793491280128e-01 -5.982030550975094840e-01 1.038740976262662735e-01
5.869593780020339047e-01 4.078702630183382860e-01 -3.879650443240241220e-01 -3.747833765140032303e-02 7.937051174007891952e-01 -5.981949421152880086e-01 1.038767156121829793e-01
5.869592608776603715e-01 4.078694994078600478e-01 -3.879656693470402429e-01 -3.745766822300099913e-02 7.937069696107809103e-01 -5.981921239842014071e-01 1.038862468560505237e-01
5.869592608776603715e-01 4.078694994078600478e-01 -3.879656693470402429e-01 -3.745766822300099913e-02 7.937069696107809103e-01 -5.981921239842014071e-01 1.038862468560505237e-01
5.869695188390228191e-01 4.078738357403937087e-01 -3.879453364487202016e-01 -3.750008958724006941e-02 7.937000162492902078e-01 -5.982015245380021273e-01 1.038699356273779795e-01
5.869691821813362020e-01 4.078721437046050613e-01 -3.879466124842912422e-01 -3.745603689083807503e-02 7.937034448457470637e-01 -5.981968531718488968e-01 1.038865332741632924e-01
5.869617106239546356e-01 4.078821419902908252e-01 -3.879540870150131604e-01 -3.747207845061889531e-02 7.937028181291443385e-01 -5.981997666295716387e-01 1.038687587042953636e-01
5.869616888303478275e-01 4.078813853830004499e-01 -3.879545330625204791e-01 -3.745534998043454494e-02 7.937039141739694603e-01 -5.981974646321657207e-01 1.038796740965816784e-01
5.869613230968008244e-01 4.078795735037390457e-01 -3.879515878542890150e-01 -3.744963071045633030e-02 7.936942412994364426e-01 -5.982118281774285729e-01 1.038729277356767178e-01
5.869608360252882573e-01 4.078783528754789112e-01 -3.879527075059281405e-01 -3.741335790718749305e-02 7.936977915236784753e-01 -5.982084822507441890e-01 1.038781408372580900e-01
5.869608360252882573e-01 4.078783528754789112e-01 -3.879527075059281405e-01 -3.741335790718749305e-02 7.936977915236784753e-01 -5.982084822507441890e-01 1.038781408372580900e-01
5.869629602289437864e-01 4.078877374901718200e-01 -3.879490473329966216e-01 -3.743192049001829724e-02 7.936819644660674244e-01 -5.982296334953097761e-01 1.038705743595388226e-01
5.869673259190263392e-01 4.078781246217125789e-01 -3.879460078511401955e-01 -3.747809073696918569e-02 7.936794988371294046e-01 -5.982336179140648191e-01 1.038498157812672296e-01
5.869672615065263388e-01 4.078769788957475884e-01 -3.879466435874508456e-01 -3.745343077783439695e-02 7.936811811453103882e-01 -5.982303273172030478e-01 1.038648097129481751e-01
5.869669823837179168e-01 4.078758380450304144e-01 -3.879474654916556520e-01 -3.742439339427735406e-02 7.936835496725732630e-01 -5.982274564915877058e-01 1.038737120633503735e-01
5.869672814331029498e-01 4.078688614502578580e-01 -3.879358282528115875e-01 -3.744564656353186610e-02 7.936735256285459839e-01 -5.982362944516503855e-01 1.038917430335594000e-01
5.869671295980233294e-01 4.078682051202852654e-01 -3.879363097249056702e-01 -3.742880808670751014e-02 7.936750032868938876e-01 -5.982344059940943870e-01 1.038973963468301648e-01
5.869768098356602515e-01 4.078824934416499515e-01 -3.879203206942354876e-01 -3.745545116214249459e-02 7.936617164506162281e-01 -5.982518242264808217e-01 1.038889976301140827e-01
5.869764466012306059e-01 4.078809181858878974e-01 -3.879214217735698078e-01 -3.741591854547862694e-02 7.936650918966745571e-01 -5.982475792028704165e-01 1.039019004732173596e-01
5.869769218358451557e-01 4.078908874168193366e-01 -3.879138550881883196e-01 -3.741546445561626938e-02 7.936604664643402973e-01 -5.982524049420719914e-01 1.039096096239569278e-01
5.869766912201239695e-01 4.078895177239811876e-01 -3.879147434719453225e-01 -3.738282620649480137e-02 7.936630837082785384e-01 -5.982486584721433687e-01 1.039229353884978807e-01
5.869712579843879841e-01 4.079086680278939392e-01 -3.879219019058660622e-01 -3.742016307183609891e-02 7.936548226057534849e-01 -5.982572520386855164e-01 1.039231174158473242e-01
5.869709285719943992e-01 4.079069421289522324e-01 -3.879230278421376132e-01 -3.737870130956458953e-02 7.936581586088718998e-01 -5.982526830232710591e-01 1.039388628831504208e-01
5.869712563564458696e-01 4.079158822208029389e-01 -3.879093147430051625e-01 -3.739563152239032406e-02 7.936463969808195129e-01 -5.982689609324860491e-01 1.039288876451989474e-01
5.869711421173987587e-01 4.079163927054252903e-01 -3.879078058021724895e-01 -3.741053456138308114e-02 7.936543871729122568e-01 -5.982607996669393469e-01 1.039094856444539722e-01
5.869711868573798119e-01 4.079151826862497110e-01 -3.879083967251505394e-01 -3.738651898575866966e-02 7.936559434510362943e-01 -5.982570126165367430e-01 1.039280447141683050e-01
5.869788458230713601e-01 4.079159652521749391e-01 -3.879089509831662452e-01 -3.742429980123423983e-02 7.936277424235139710e-01 -5.982961866930788242e-01 1.039042887885980593e-01
5.869788451548486607e-01 4.079137299997992461e-01 -3.879100660236713960e-01 -3.737920656568403249e-02 7.936306124714701538e-01 -5.982898065804502785e-01 1.039353318492145933e-01
5.869795375984184771e-01 4.079092526618018910e-01 -3.879035915780454924e-01 -3.740580733595601920e-02 7.936164633358047116e-01 -5.983079819979955083e-01 1.039291748134313353e-01
5.869813166252471071e-01 4.079186759156446240e-01 -3.879050813211750715e-01 -3.740481648660534675e-02 7.936229525682154673e-01 -5.982999303990456097e-01 1.039263303740130262e-01
5.869810714398502327e-01 4.079175885750331854e-01 -3.879058365056028967e-01 -3.737766328891770073e-02 7.936253568167030981e-01 -5.982969134617948104e-01 1.039351078640451398e-01
5.869810714398502327e-01 4.079175885750331854e-01 -3.879058365056028967e-01 -3.737766328891770073e-02 7.936253568167030981e-01 -5.982969134617948104e-01 1.039351078640451398e-01
5.869628963171366065e-01 4.079217922183089318e-01 -3.879232471846255081e-01 -3.737828806369969392e-02 7.936287580599007407e-01 -5.982932403567358115e-01 1.039300558316213346e-01
5.869622854239759935e-01 4.079207052309637982e-01 -3.879242751404607392e-01 -3.734462876630618988e-02 7.936324001701661190e-01 -5.982906817983788539e-01 1.039290728125634167e-01
5.869643152306904810e-01 4.079327316244767965e-01 -3.879181543971826907e-01 -3.738566013594570026e-02 7.936228895183125021e-01 -5.983029128686191411e-01 1.039165343038797595e-01
5.869637762227750688e-01 4.079314119381151071e-01 -3.879192124366022121e-01 -3.734913873469183215e-02 7.936265122281914719e-01 -5.982996936084054029e-01 1.039205347964552995e-01
5.869637095971940166e-01 4.079309406684642481e-01 -3.879195118448877100e-01 -3.733809885434747483e-02 7.936275342748935202e-01 -5.982981301685799114e-01 1.039256977435157048e-01
5.869655837051567238e-01 4.079439984040337808e-01 -3.879150864342010285e-01 -3.737468845423924657e-02 7.936294089547764052e-01 -5.982964347677336425e-01 1.039079883803930293e-01
5.869655708182863751e-01 4.079426468865716693e-01 -3.879157432293762753e-01 -3.734762859775820482e-02 7.936311717149566736e-01 -5.982925963335301578e-01 1.039263541790649420e-01
5.869711008249387518e-01 4.079418578192520184e-01 -3.879107995918731899e-01 -3.738754516317632087e-02 7.936164164725548753e-01 -5.983113746050243709e-01 1.039165722595679076e-01
5.869703797666253609e-01 4.079405455030023497e-01 -3.879119756084093984e-01 -3.734776974185499698e-02 7.936206932517735346e-01 -5.983083019410488923e-01 1.039159042991134874e-01
5.869704973042992879e-01 4.079399227998766753e-01 -3.879121916690025929e-01 -3.733747934659562701e-02 7.936210858577561478e-01 -5.983063976561758812e-01 1.039275672845679788e-01
5.869704973042992879e-01 4.079399227998766753e-01 -3.879121916690025929e-01 -3.733747934659562701e-02 7.936210858577561478e-01 -5.983063976561758812e-01 1.039275672845679788e-01
5.869876903575355076e-01 4.079385157443156662e-01 -3.878930844289193436e-01 -3.739163700460499534e-02 7.936084784609246379e-01 -5.983265884877015939e-01 1.038881220627292934e-01
5.869947651649596310e-01 4.079490799521379718e-01 -3.878878783350351300e-01 -3.740696419726820265e-02 7.936096837187288644e-01 -5.983264079452353945e-01 1.038744361850174741e-01
5.869941674364018702e-01 4.079472547364964563e-01 -3.878893002377335475e-01 -3.735751723144457859e-02 7.936141623447233728e-01 -5.983217541637151360e-01 1.038848195196979546e-01
5.869939077409781492e-01 4.079464725804003433e-01 -3.878899226967088554e-01 -3.733611459241688302e-02 7.936160722611053098e-01 -5.983198239870202162e-01 1.038890399423307159e-01
5.870027875941572493e-01 4.079362008449478605e-01 -3.878809594851405640e-01 -3.739184767372116802e-02 7.936050735725598271e-01 -5.983358382496390959e-01 1.038607798619812506e-01
5.870027426067662146e-01 4.079344280640008202e-01 -3.878818814324155317e-01 -3.735493885345222975e-02 7.936074137476814006e-01 -5.983309010312920506e-01 1.038846199350678401e-01
5.870022094765667831e-01 4.079340568226562658e-01 -3.878825472134601049e-01 -3.733599584035060537e-02 7.936100061124603533e-01 -5.983301344428297863e-01 1.038760406947402820e-01
5.870039624465274164e-01 4.079378388963552649e-01 -3.878770522554353950e-01 -3.737800098121326492e-02 7.935929658747267190e-01 -5.983527394507009989e-01 1.038609105902928154e-01
5.870034273081091714e-01 4.079366960771257378e-01 -3.878780955469024461e-01 -3.734350894257072034e-02 7.935966074696489958e-01 -5.983496795932150558e-01 1.038631209006204426e-01
5.870035725628663936e-01 4.079364157062690954e-01 -3.878781516528936879e-01 -3.734004369166502718e-02 7.935966865699505268e-01 -5.983483733145156247e-01 1.038712874387017759e-01
5.870056923800266446e-01 4.079398374611721279e-01 -3.878725546142910430e-01 -3.738261785030805306e-02 7.935879625019143235e-01 -5.983572245167537718e-01 1.038716396487759791e-01
5.870046443427242577e-01 4.079375211988423566e-01 -3.878745691213770774e-01 -3.731485769887577658e-02 7.935947169728780892e-01 -5.983516601721069472e-01 1.038764523697921216e-01
5.869983871512940432e-01 4.079345833904876040e-01 -3.878865097042787369e-01 -3.734677653601271852e-02 7.935836026216480654e-01 -5.983656160135916169e-01 1.038695022857542977e-01
5.869983306655246480e-01 4.079337040527179492e-01 -3.878870422126892703e-01 -3.732701903430288293e-02 7.935852225443383867e-01 -5.983627388960167659e-01 1.038808014510996247e-01
5.869935127384986462e-01 4.079532658646696230e-01 -3.878851163414899772e-01 -3.738439808946228404e-02 7.935715165795007575e-01 -5.983751663995374726e-01 1.038932870282077148e-01
5.869933006242831208e-01 4.079524271895140775e-01 -3.878857569575787090e-01 -3.736232428720411697e-02 7.935736458218876077e-01 -5.983725752494649663e-01 1.038998872479587610e-01
5.869933504330375751e-01 4.079516169644733514e-01 -3.878861212792146795e-01 -3.734692473652533040e-02 7.935744621732733206e-01 -5.983702672862555305e-01 1.039124796494592939e-01
5.869944534294471161e-01 4.079619673004827862e-01 -3.878785974011297877e-01 -3.737101032912369669e-02 7.935726089486682122e-01 -5.983763562958465121e-01 1.038829059060769194e-01
5.869942085053726499e-01 4.079610809758643097e-01 -3.878792219169020505e-01 -3.734849370330708962e-02 7.935745040190631538e-01 -5.983742493593561251e-01 1.038886629648246018e-01
5.869697785824166125e-01 4.079683481926101862e-01 -3.879037835448205795e-01 -3.736260952293584542e-02 7.935859416454961179e-01 -5.983605055757251767e-01 1.038753772528902553e-01
5.869936187199397137e-01 4.079721374021955671e-01 -3.878735577153876735e-01 -3.734841296287646356e-02 7.935641030361952897e-01 -5.983871186512352836e-01 1.038940164484251499e-01
5.869756590276563601e-01 4.079750104772458252e-01 -3.878940531719300422e-01 -3.734626947473357328e-02 7.935806981929556247e-01 -5.983695937612900639e-01 1.038689601076780988e-01
5.869959371526635161e-01 4.079805385214802516e-01 -3.878677918330605268e-01 -3.736048535777712620e-02 7.935660259927678206e-01 -5.983892256871662374e-01 1.038628475701995485e-01
5.869952573672466700e-01 4.079793558493596817e-01 -3.878689305068717119e-01 -3.732285102313387393e-02 7.935700076035986372e-01 -5.983864809486026948e-01 1.038617698745639834e-01
5.869753909642587697e-01 4.079747234467486217e-01 -3.878974832589838218e-01 -3.732243527966336294e-02 7.935835170470558753e-01 -5.983658305997481275e-01 1.038776687584681974e-01
5.869928654421724401e-01 4.079776127048749257e-01 -3.878737483646601536e-01 -3.733776874647648514e-02 7.935689333498610054e-01 -5.983856106128588870e-01 1.038696301065634986e-01
5.869921442465451111e-01 4.079769288490511236e-01 -3.878747074964950525e-01 -3.730884930359842921e-02 7.935725825574199144e-01 -5.983841293168714603e-01 1.038606747449576373e-01
5.869696353000245503e-01 4.079783603405793269e-01 -3.878981619975279127e-01 -3.732926139852785208e-02 7.935840667318186936e-01 -5.983689806558911695e-01 1.038528683362107685e-01
5.869845752112103909e-01 4.079825567475178771e-01 -3.878778095423208172e-01 -3.734773573114566481e-02 7.935814426476430761e-01 -5.983744424856110022e-01 1.038348067898055560e-01
5.869838721953877236e-01 4.079810584728971734e-01 -3.878790733743088248e-01 -3.730443638646026294e-02 7.935858376099161893e-01 -5.983708434882596405e-01 1.038375222836385725e-01
5.869568934064777199e-01 4.079832945078335493e-01 -3.879069430423760512e-01 -3.731686447853325289e-02 7.935949720070065716e-01 -5.983564360069770771e-01 1.038462686846168548e-01
5.869755038185120455e-01 4.079741286977067172e-01 -3.878761500310204946e-01 -3.733507263516581270e-02 7.935768835326917348e-01 -5.983812361144146275e-01 1.038350544857213897e-01
5.869751103528066949e-01 4.079734320973028017e-01 -3.878768401817860867e-01 -3.731273435729511728e-02 7.935795780842168634e-01 -5.983789838325617172e-01 1.038354699029633565e-01
5.869501107033625598e-01 4.079676882064348087e-01 -3.879089698805811559e-01 -3.732931941452222180e-02 7.935896068532717340e-01 -5.983653385458458374e-01 1.038314953828234910e-01
5.869697614235626082e-01 4.079697648517246478e-01 -3.878832559387900281e-01 -3.732227432609517420e-02 7.935755126064970577e-01 -5.983854599557357767e-01 1.038257913238582464e-01
5.869613419237422747e-01 4.079711858405576930e-01 -3.878947684055902845e-01 -3.733137448721667723e-02 7.935953347153937854e-01 -5.983599758512240241e-01 1.038178813893823327e-01
5.869610290328388658e-01 4.079702295118340372e-01 -3.878954414175601606e-01 -3.730688678267528313e-02 7.935975767604357411e-01 -5.983575962238871782e-01 1.038232603982392754e-01
5.869810893252788153e-01 4.079686489390372262e-01 -3.878672750207607933e-01 -3.730849292135490769e-02 7.935819951347315993e-01 -5.983771763922716147e-01 1.038289368467600893e-01
5.869812011015074216e-01 4.079679837483696780e-01 -3.878675062683664687e-01 -3.729752425461582699e-02 7.935824416480308230e-01 -5.983752039874004058e-01 1.038408313018679280e-01
5.869816877643130315e-01 4.079643196870568755e-01 -3.878684373889170200e-01 -3.734082555206774678e-02 7.935749928209241411e-01 -5.983816706749490733e-01 1.038449311069967740e-01
5.869816627324854208e-01 4.079638436825630543e-01 -3.878686953173680618e-01 -3.733075485763638623e-02 7.935758196657567431e-01 -5.983801601908450563e-01 1.038509367967366537e-01
5.869701060330848597e-01 4.079626860258637744e-01 -3.878851288502065398e-01 -3.733750125492175248e-02 7.935860175285029960e-01 -5.983694340159847469e-01 1.038323852113547108e-01
5.869876601202450583e-01 4.079624466741614275e-01 -3.878606671701057551e-01 -3.734094796441635861e-02 7.935761403870948971e-01 -5.983823266916061812e-01 1.038323365651582647e-01
5.869878772963980085e-01 4.079618402408267674e-01 -3.878607937440105013e-01 -3.733317473479554061e-02 7.935762173630916960e-01 -5.983803147144348689e-01 1.038461374445966284e-01
5.869759243383977365e-01 4.079600683424315366e-01 -3.878779512824764297e-01 -3.733499109063921628e-02 7.935920886251888184e-01 -5.983576837344364296e-01 1.038545984910267672e-01
5.869985079307605824e-01 4.079681316261625224e-01 -3.878507323496167558e-01 -3.734097277190499137e-02 7.935704766841644719e-01 -5.983871860789429231e-01 1.038476086592281938e-01
5.869985997125779509e-01 4.079674495931230327e-01 -3.878509851671791409e-01 -3.732935841076520656e-02 7.935710445136259228e-01 -5.983851676614841963e-01 1.038590748703786121e-01
5.869833889846923780e-01 4.079625196030413070e-01 -3.878720524509103873e-01 -3.732650775841832302e-02 7.935809811159372229e-01 -5.983724078240689748e-01 1.038576900592982355e-01
5.869995520094708485e-01 4.079638476122922075e-01 -3.878492195917224716e-01 -3.733773452228295736e-02 7.935629253271299088e-01 -5.983964636274652360e-01 1.038530184690610175e-01
5.869992751439508938e-01 4.079631955887338401e-01 -3.878497405115699515e-01 -3.731944024326921266e-02 7.935647827121109499e-01 -5.983948195962720540e-01 1.038548742204918329e-01
5.869858963577446742e-01 4.079674270932366897e-01 -3.878641918256552912e-01 -3.731275798978254260e-02 7.935747088468586563e-01 -5.983809727382597421e-01 1.038612104427514005e-01
5.870043073214953333e-01 4.079682028193531984e-01 -3.878384562052771267e-01 -3.732143174997137880e-02 7.935631561521679922e-01 -5.983961952405379980e-01 1.038586609368232078e-01
5.870042980214791317e-01 4.079677651372296543e-01 -3.878386957650113431e-01 -3.731215269096546661e-02 7.935638465958114729e-01 -5.983948688803312210e-01 1.038643612377048858e-01
5.870040380607410846e-01 4.079673643871374322e-01 -3.878391089540392245e-01 -3.729868052996140187e-02 7.935653811710465799e-01 -5.983938671546775723e-01 1.038632465757036161e-01
5.869974728643889694e-01 4.079668368863358374e-01 -3.878496136892400914e-01 -3.732364884955974293e-02 7.935468875414369849e-01 -5.984180911717413842e-01 1.038560093024093745e-01
5.869972420565044979e-01 4.079665370677104108e-01 -3.878499638980461572e-01 -3.731264300061391814e-02 7.935482590614932885e-01 -5.984172321578956621e-01 1.038544340375757852e-01
5.869969422355729716e-01 4.079659325479025878e-01 -3.878504800706782385e-01 -3.729487047397776062e-02 7.935501806424342108e-01 -5.984156688061557094e-01 1.038551431849702028e-01
5.869936794402681457e-01 4.079689268005364799e-01 -3.878508084458355265e-01 -3.731590792243869720e-02 7.935473225393360197e-01 -5.984183260939753835e-01 1.038541135509788438e-01
5.869935857958352710e-01 4.079686654607191376e-01 -3.878510375180700964e-01 -3.730831373853453481e-02 7.935482026778055697e-01 -5.984173821357112732e-01 1.038555559931847311e-01
5.869715918896294404e-01 4.079657421253207739e-01 -3.878777233769118982e-01 -3.732685099595730444e-02 7.935577030176379498e-01 -5.984054583151259266e-01 1.038450077507814262e-01
5.869905709877104583e-01 4.079691935106583567e-01 -3.878544352240239634e-01 -3.732424815017192088e-02 7.935427306572800932e-01 -5.984260506095160359e-01 1.038416923634662009e-01
5.869904833784090892e-01 4.079691665514534882e-01 -3.878545717324074493e-01 -3.732096874762784455e-02 7.935434089589730178e-01 -5.984255945144525413e-01 1.038403159641506091e-01
5.869687838185442263e-01 4.079667184926388246e-01 -3.878811731206699975e-01 -3.733267707180664557e-02 7.935563549170675524e-01 -5.984082476408102425e-01 1.038371414708822160e-01
5.869847938555666778e-01 4.079647045676483841e-01 -3.878581030166949328e-01 -3.733766852337266212e-02 7.935396438542710040e-01 -5.984305195442558567e-01 1.038347023825244436e-01
5.869845297545538410e-01 4.079641709343634903e-01 -3.878585608026940412e-01 -3.732207744394452908e-02 7.935413099364564404e-01 -5.984291815605503606e-01 1.038352859887761992e-01
5.869843855815297662e-01 4.079633733261310846e-01 -3.878590301725141076e-01 -3.730400734491902404e-02 7.935427593207350361e-01 -5.984271604910789133e-01 1.038423504752698789e-01
5.869776797648349476e-01 4.079726579902901440e-01 -3.878596452607707690e-01 -3.734218017454870447e-02 7.935472411580788421e-01 -5.984177286494638537e-01 1.038487345528580352e-01
5.869775964347538899e-01 4.079717551912916407e-01 -3.878601067115041157e-01 -3.732345531481939815e-02 7.935485253395125893e-01 -5.984154598885462750e-01 1.038587260716559713e-01
5.869637967641552212e-01 4.079715275836087174e-01 -3.878781921277911771e-01 -3.733803627002087872e-02 7.935666063981515750e-01 -5.983916907818084274e-01 1.038522828853960106e-01
5.869841472078678457e-01 4.079714791451509170e-01 -3.878516278300232489e-01 -3.735088051178873936e-02 7.935421871536219030e-01 -5.984234181115958284e-01 1.038514399903743834e-01
5.869839111511201413e-01 4.079707949513187715e-01 -3.878521244101219567e-01 -3.733309619087357006e-02 7.935437883309677254e-01 -5.984218788135371447e-01 1.038544697517426452e-01
5.869837429241081539e-01 4.079701472868736412e-01 -3.878525571260540428e-01 -3.731721283315149462e-02 7.935451686974456242e-01 -5.984202710401782532e-01 1.038588950042678982e-01
5.869798701197118662e-01 4.079674877704901892e-01 -3.878618575195184603e-01 -3.735084341268342378e-02 7.935479083021802493e-01 -5.984143289674995758e-01 1.038601107835567250e-01
5.869798742077940723e-01 4.079667163236527228e-01 -3.878622067171799692e-01 -3.733610905917258277e-02 7.935488328763632415e-01 -5.984121885504735117e-01 1.038706763004650924e-01
5.869796369720192697e-01 4.079662086985136327e-01 -3.878626403286092872e-01 -3.732144155806647184e-02 7.935503999973287925e-01 -5.984108386194585405e-01 1.038717521122254905e-01
5.869739045142335909e-01 4.079594731393115792e-01 -3.878648099326122978e-01 -3.735589823841566764e-02 7.935472647803014645e-01 -5.984142630639674998e-01 1.038635893280788480e-01
5.869737106409592675e-01 4.079592438049042813e-01 -3.878650995649184363e-01 -3.734712476673834186e-02 7.935484448929670531e-01 -5.984134908267996211e-01 1.038621773125097542e-01
5.869562802091360387e-01 4.079607816279074428e-01 -3.878828432362468881e-01 -3.735353492746099069e-02 7.935648750151584885e-01 -5.983934285166787603e-01 1.038499267147223737e-01
5.869673148109894045e-01 4.079656719154078903e-01 -3.878694483266817983e-01 -3.735159216416720357e-02 7.935605579873539206e-01 -5.984004823429568409e-01 1.038429684731618369e-01
5.869672604595892462e-01 4.079651380044145847e-01 -3.878697451062735335e-01 -3.734013843545477135e-02 7.935614063414214714e-01 -5.983990650616992646e-01 1.038487715879706369e-01
5.869427129988391556e-01 4.079752509216245659e-01 -3.878878251015668854e-01 -3.734469541183516733e-02 7.935711586243510141e-01 -5.983869396151929587e-01 1.038424788907022778e-01
5.869594237458301000e-01 4.079838461664120897e-01 -3.878694386155001617e-01 -3.736534697543061889e-02 7.935562538554996603e-01 -5.984048705407334356e-01 1.038456244882725310e-01
5.869593441330731576e-01 4.079830564414067551e-01 -3.878699137050793389e-01 -3.734763964930903901e-02 7.935578655297428341e-01 -5.984021623950542823e-01 1.038552834930754620e-01
5.869392228118226473e-01 4.079849102436589603e-01 -3.878919103426773929e-01 -3.737145425204244087e-02 7.935658250907596800e-01 -5.983898415199018217e-01 1.038568881726010251e-01
5.869565243089024387e-01 4.079902287741553613e-01 -3.878714207351370846e-01 -3.738015984249061507e-02 7.935493432556868232e-01 -5.984103766830245474e-01 1.038613717736236453e-01
5.869562846992633087e-01 4.079892801242070433e-01 -3.878720794742505085e-01 -3.735650637473744706e-02 7.935516021223970595e-01 -5.984075332490552679e-01 1.038690057294853336e-01
5.869562846992633087e-01 4.079892801242070433e-01 -3.878720794742505085e-01 -3.735650637473744706e-02 7.935516021223970595e-01 -5.984075332490552679e-01 1.038690057294853336e-01
5.869523446003519496e-01 4.079764581639175325e-01 -3.878732260599521142e-01 -3.738116278097743106e-02 7.935421525018269140e-01 -5.984189487826218068e-01 1.038665615576597478e-01
5.869524863614562493e-01 4.079752571394348881e-01 -3.878736832342095098e-01 -3.736025719580469973e-02 7.935432543736333777e-01 -5.984152114820537882e-01 1.038871950110073217e-01
5.869524863614562493e-01 4.079752571394348881e-01 -3.878736832342095098e-01 -3.736025719580469973e-02 7.935432543736333777e-01 -5.984152114820537882e-01 1.038871950110073217e-01
5.869575623024451128e-01 4.079755298121587326e-01 -3.878706810304526909e-01 -3.739749993058751054e-02 7.935346479753343507e-01 -5.984274648808542985e-01 1.038689498256225308e-01
5.869570152630458892e-01 4.079750905501217106e-01 -3.878713871757656362e-01 -3.737710293547149426e-02 7.935375227854336577e-01 -5.984261565089790125e-01 1.038618665035414834e-01
5.869418490313021985e-01 4.079651931138106868e-01 -3.878960356408786003e-01 -3.739374896172724394e-02 7.935410459767638924e-01 -5.984211934290853963e-01 1.038575521741193497e-01
5.869630443692902544e-01 4.079693916633358453e-01 -3.878713949740970612e-01 -3.739035954395564937e-02 7.935185719029742568e-01 -5.984494510670190781e-01 1.038676637641447048e-01
5.869627227015858928e-01 4.079683150236891875e-01 -3.878721811168461264e-01 -3.736251929698589103e-02 7.935212343206957675e-01 -5.984464567290752601e-01 1.038745939215016123e-01
5.869627227015858928e-01 4.079683150236891875e-01 -3.878721811168461264e-01 -3.736251929698589103e-02 7.935212343206957675e-01 -5.984464567290752601e-01 1.038745939215016123e-01
5.869611575029463069e-01 4.079637872364312856e-01 -3.878763175060983559e-01 -3.737524409735885900e-02 7.935113973956641198e-01 -5.984615883936613701e-01 1.038579825972900383e-01
5.869609082944097223e-01 4.079627352007788033e-01 -3.878770395094607859e-01 -3.734928016257679784e-02 7.935137022028055931e-01 -5.984587454887820845e-01 1.038660947360955933e-01
5.869481221678540805e-01 4.079662487609061472e-01 -3.878907317462021442e-01 -3.737085069321092329e-02 7.935225801061134288e-01 -5.984452451301590648e-01 1.038682962279941779e-01
5.869479661767886824e-01 4.079657679274613646e-01 -3.878910989218270489e-01 -3.735812076693536404e-02 7.935238058150957396e-01 -5.984439049867023019e-01 1.038712327921267609e-01
5.869635075782857481e-01 4.079675445733058070e-01 -3.878726113437009904e-01 -3.735133443726850605e-02 7.935077521103488518e-01 -5.984637750876717899e-01 1.038818322150181217e-01
5.869635075782857481e-01 4.079675445733058070e-01 -3.878726113437009904e-01 -3.735133443726850605e-02 7.935077521103488518e-01 -5.984637750876717899e-01 1.038818322150181217e-01
5.869635075782857481e-01 4.079675445733058070e-01 -3.878726113437009904e-01 -3.735133443726850605e-02 7.935077521103488518e-01 -5.984637750876717899e-01 1.038818322150181217e-01
5.869606011901409293e-01 4.079761319872872716e-01 -3.878718971811726535e-01 -3.737310182968472255e-02 7.935066820343780192e-01 -5.984649089020744883e-01 1.038756450726158048e-01
5.869391654058874197e-01 4.079738076233616617e-01 -3.878953915195101909e-01 -3.737893210109369257e-02 7.935170405504972102e-01 -5.984505372291980541e-01 1.038772173339591876e-01
5.869605122788695839e-01 4.079784585803560848e-01 -3.878706427238577947e-01 -3.739427476553069257e-02 7.934911244427352850e-01 -5.984852271639424792e-01 1.038698055831807354e-01
5.869600475555509789e-01 4.079778401223175810e-01 -3.878714322050075269e-01 -3.737096179700945958e-02 7.934939121296719078e-01 -5.984835191127835241e-01 1.038667414425483576e-01
5.869446517672547436e-01 4.079818846575747338e-01 -3.878860808074792166e-01 -3.737726608588167604e-02 7.935132220120997282e-01 -5.984576311507128210e-01 1.038661166569661287e-01
5.869653943745583025e-01 4.079873602555603718e-01 -3.878623752090433197e-01 -3.738257672434910917e-02 7.934921331562392322e-01 -5.984878605103800542e-01 1.038511357584363526e-01
5.869650991054735645e-01 4.079859314259099978e-01 -3.878633646937585389e-01 -3.734688510533206579e-02 7.934951503259497496e-01 -5.984838014653375282e-01 1.038643151699662620e-01
5.869436154187475108e-01 4.079899571757554244e-01 -3.878823993996293185e-01 -3.735575909832319907e-02 7.935096845839907376e-01 -5.984638343918551318e-01 1.038651368775960065e-01
5.869536740295682176e-01 4.079889236363135052e-01 -3.878670251422240423e-01 -3.737454684468638488e-02 7.934997576833496824e-01 -5.984788352509133880e-01 1.038477807241432738e-01
5.869532436379100160e-01 4.079881808270281462e-01 -3.878678309669932323e-01 -3.734959560785990063e-02 7.935024793848175495e-01 -5.984768480188723538e-01 1.038474135617837857e-01
5.869324441418155569e-01 4.079774888370529817e-01 -3.878985520874659310e-01 -3.736574086329565170e-02 7.935123203963420080e-01 -5.984623887128330821e-01 1.038497380116102098e-01
5.869449703154449027e-01 4.079829401940846534e-01 -3.878836454382145194e-01 -3.738371388318603716e-02 7.935100832414808680e-01 -5.984665121611471017e-01 1.038366002528477161e-01
5.869447118249753181e-01 4.079817243721174380e-01 -3.878845101014718466e-01 -3.735302420754373076e-02 7.935127587154844342e-01 -5.984628931217127468e-01 1.038480567689233219e-01
5.869310201927842030e-01 4.079722861031627179e-01 -3.879066078257280559e-01 -3.736608875412845282e-02 7.935181213074359308e-01 -5.984552298595966491e-01 1.038465426561385324e-01
5.869489352840659979e-01 4.079746931139719424e-01 -3.878858690134734943e-01 -3.737145830236578148e-02 7.935065955443496577e-01 -5.984689446100021071e-01 1.038536435054676632e-01
5.869486555005750672e-01 4.079735057627978390e-01 -3.878867387375219966e-01 -3.734107678008527498e-02 7.935092128729752670e-01 -5.984656325267551091e-01 1.038636594529869922e-01
5.869302068813547768e-01 4.079712438892169613e-01 -3.879092718747097490e-01 -3.736241047821754757e-02 7.935208541635946355e-01 -5.984499776314528008e-01 1.038572508958814089e-01
5.869495664310349081e-01 4.079729455169494035e-01 -3.878858131260760622e-01 -3.736181310276524142e-02 7.935051959690753165e-01 -5.984711897592767116e-01 1.038548695048494841e-01
5.869495944191766013e-01 4.079721091699022306e-01 -3.878862688102310274e-01 -3.734414228767810040e-02 7.935064409655001594e-01 -5.984682999288619687e-01 1.038683645934633387e-01
5.869407787789969744e-01 4.079740935666782420e-01 -3.878966611794633645e-01 -3.736690876167120257e-02 7.935256626493134569e-01 -5.984433430077263916e-01 1.038571232814655687e-01
5.869605802564996644e-01 4.079783492804496814e-01 -3.878743575247936004e-01 -3.735732362477382773e-02 7.935068095073941619e-01 -5.984713972651048985e-01 1.038429597639770607e-01
5.869600456016934587e-01 4.079773147361611119e-01 -3.878753822882789470e-01 -3.732466763274613908e-02 7.935101189343169992e-01 -5.984689274108405677e-01 1.038436481382909726e-01
5.869415454047232084e-01 4.079811995798919289e-01 -3.878914500466943971e-01 -3.734450953331349549e-02 7.935269633391496269e-01 -5.984452951190185610e-01 1.038439926590592477e-01
5.869599144359123333e-01 4.079809554895612034e-01 -3.878681211682041829e-01 -3.734135257760537452e-02 7.935150884962594020e-01 -5.984621063701962562e-01 1.038389857201833522e-01
5.869595814042277704e-01 4.079798512478104988e-01 -3.878690035052982377e-01 -3.731113639581470909e-02 7.935179385705442012e-01 -5.984588885374921841e-01 1.038466128387262599e-01
5.869440060642192591e-01 4.079826441005487969e-01 -3.878844975521378857e-01 -3.733662854825166993e-02 7.935293140065717843e-01 -5.984422184546088763e-01 1.038465943208332076e-01
5.869644286437448732e-01 4.079867480248048350e-01 -3.878618464245711106e-01 -3.732649490326935687e-02 7.935106651949228596e-01 -5.984678150465521096e-01 1.038452278805010731e-01
5.869627764850232632e-01 4.079845824946836119e-01 -3.878693304966894795e-01 -3.733133022284684105e-02 7.935093320356517710e-01 -5.984678457834988752e-01 1.038534993121783545e-01
5.869620739181989899e-01 4.079839156452588766e-01 -3.878703380112369370e-01 -3.730236294607604947e-02 7.935130670908321360e-01 -5.984662003554075405e-01 1.038448511333178170e-01
5.869424739309412331e-01 4.079754049754434897e-01 -3.878970195335161852e-01 -3.732389206896721129e-02 7.935179756002632701e-01 -5.984571334692339040e-01 1.038518602619702969e-01
5.869631599868174732e-01 4.079767776433114168e-01 -3.878725491295490491e-01 -3.731259413086013971e-02 7.935013636555522387e-01 -5.984792794450602971e-01 1.038552274607605491e-01
5.869478419403306724e-01 4.079730287765938601e-01 -3.878932536708032952e-01 -3.733529859373679871e-02 7.935193326795922930e-01 -5.984539472007235350e-01 1.038557519953741820e-01
5.869667691473241522e-01 4.079683460757777547e-01 -3.878657358905435726e-01 -3.733863042683624456e-02 7.935068813705585811e-01 -5.984699960963481002e-01 1.038572080688451027e-01
5.869666595072082771e-01 4.079667863630696556e-01 -3.878666370258425644e-01 -3.730371988280934553e-02 7.935093814634737175e-01 -5.984654398059962022e-01 1.038769048931264538e-01
5.869512656390017957e-01 4.079654181989446071e-01 -3.878838086059998025e-01 -3.730687954645988541e-02 7.935134397940143414e-01 -5.984591856821783740e-01 1.038808003309608791e-01
5.869649822252628324e-01 4.079633987512750193e-01 -3.878648467870025041e-01 -3.731736511985909999e-02 7.935024442235870668e-01 -5.984732383914892484e-01 1.038800664271453400e-01
5.869646581780026962e-01 4.079622701006106467e-01 -3.878657314158779901e-01 -3.728692178363968851e-02 7.935051418490290942e-01 -5.984702179772792840e-01 1.038877929175546083e-01
5.869473625916878934e-01 4.079622834672654852e-01 -3.878836226657447761e-01 -3.728478684248288239e-02 7.935169074351875462e-01 -5.984547827654296270e-01 1.038876088366132433e-01
5.869654486058547560e-01 4.079601187104008875e-01 -3.878593924565447715e-01 -3.729945227485925024e-02 7.935036424699851709e-01 -5.984720284094726672e-01 1.038843176726531314e-01
5.869653420697350521e-01 4.079592265039392873e-01 -3.878599880265135580e-01 -3.727782383169292446e-02 7.935054866465730550e-01 -5.984691163974824590e-01 1.038947699866312191e-01
5.869662443620181635e-01 4.079597553655972542e-01 -3.878537212648821564e-01 -3.728459633021428271e-02 7.935026548550008219e-01 -5.984730115713776666e-01 1.038915301419910675e-01
5.869501149312241761e-01 4.079526437135720385e-01 -3.878764645951917611e-01 -3.729551536275470952e-02 7.935126198165498579e-01 -5.984572931082560165e-01 1.039020454622572032e-01
5.869679111989271059e-01 4.079549609917784703e-01 -3.878561448746534746e-01 -3.730058430439840700e-02 7.934953516441873855e-01 -5.984811059607499928e-01 1.038949427913386930e-01
5.869677034311724384e-01 4.079541691143215854e-01 -3.878567266406183212e-01 -3.728005366245029650e-02 7.934970206145590677e-01 -5.984791738372514658e-01 1.039006946936528869e-01
5.869677034311724384e-01 4.079541691143215854e-01 -3.878567266406183212e-01 -3.728005366245029650e-02 7.934970206145590677e-01 -5.984791738372514658e-01 1.039006946936528869e-01
5.869476075645930768e-01 4.079522669378284894e-01 -3.878783521609426854e-01 -3.727278725618746180e-02 7.935171508062753842e-01 -5.984532144198942971e-01 1.038990897791781387e-01
5.869527136310183080e-01 4.079564291451939217e-01 -3.878787551817158841e-01 -3.727966371926893369e-02 7.935125752561797974e-01 -5.984609012623864910e-01 1.038872910586085413e-01
5.869528235626582102e-01 4.079559425174474896e-01 -3.878789359567007544e-01 -3.727125128434770340e-02 7.935129996092936677e-01 -5.984590675612448951e-01 1.038976310244151963e-01
5.869716552148164235e-01 4.079580129767822472e-01 -3.878572157118338470e-01 -3.726879348073704190e-02 7.934970144665005609e-01 -5.984813328710758551e-01 1.038923446174016829e-01
5.869729275006001501e-01 4.079500424891593924e-01 -3.878571275420603093e-01 -3.724110621307316626e-02 7.934987833852894523e-01 -5.984808461147193004e-01 1.038915665870027011e-01
5.869577918276386308e-01 4.079399024653177497e-01 -3.878808063949030216e-01 -3.725574015360882951e-02 7.935019413204402738e-01 -5.984753884518456690e-01 1.038936396691904906e-01
5.869574944690186813e-01 4.079391471759270527e-01 -3.878815129018238217e-01 -3.723295282212371604e-02 7.935042977530700758e-01 -5.984730257572803414e-01 1.038974211060036401e-01
5.869760585195661351e-01 4.079405268710721288e-01 -3.878595980505329388e-01 -3.724158891795497500e-02 7.934858890830427391e-01 -5.984976579125157459e-01 1.038930284195829501e-01
5.869599696489927743e-01 4.079345080437696835e-01 -3.878806946665944166e-01 -3.725533208786423189e-02 7.934965719857642874e-01 -5.984791893955163644e-01 1.039128978440566065e-01
5.869599375895566684e-01 4.079342535652362711e-01 -3.878808926596262752e-01 -3.724868506804256824e-02 7.934971801577541672e-01 -5.984782572084290653e-01 1.039160054618908646e-01
5.869777271781182471e-01 4.079386598248823659e-01 -3.878612069833343723e-01 -3.726318072187936176e-02 7.934884217673888740e-01 -5.984902977926764844e-01 1.039083410108180144e-01
5.869628317941616436e-01 4.079330018337764541e-01 -3.878805471579001574e-01 -3.727460534781895651e-02 7.934937388301727124e-01 -5.984841807190441898e-01 1.038988722871054954e-01
5.869824045365155119e-01 4.079348919961826581e-01 -3.878572751143481989e-01 -3.728692821809898722e-02 7.934778611908699375e-01 -5.985066780288522681e-01 1.038861161988871989e-01
5.869820306194557524e-01 4.079342241982239492e-01 -3.878580171861961690e-01 -3.726410577299762300e-02 7.934804549782631389e-01 -5.985046686893747969e-01 1.038860700260094416e-01
5.869688797024471549e-01 4.079345370959069350e-01 -3.878724798648676142e-01 -3.728026876778842147e-02 7.934944939518384643e-01 -5.984834654035650070e-01 1.038951936677400545e-01
5.869860255882696221e-01 4.079349093842848939e-01 -3.878519387956326225e-01 -3.729265473986879270e-02 7.934791504022177255e-01 -5.985039404257779250e-01 1.038899854376941767e-01
5.869857413011262404e-01 4.079339780686400685e-01 -3.878527252993606012e-01 -3.726631472164236569e-02 7.934817051658836773e-01 -5.985011338656955893e-01 1.038960928793081773e-01
5.869662784391834753e-01 4.079364735997044744e-01 -3.878703999941303104e-01 -3.727211346262414293e-02 7.934986718478832524e-01 -5.984797735120870321e-01 1.038874777371921049e-01
5.869851925478692944e-01 4.079317962856642277e-01 -3.878440541360719251e-01 -3.729004134796808784e-02 7.934802055448058056e-01 -5.985050849548056995e-01 1.038762701875663719e-01
5.869854496590445336e-01 4.079312795870237429e-01 -3.878441954332462194e-01 -3.728233223041588218e-02 7.934804425149549756e-01 -5.985027103126677739e-01 1.038909081591015415e-01
5.869662495641279065e-01 4.079290464369628721e-01 -3.878654905906560035e-01 -3.728982476915639749e-02 7.934926435914368970e-01 -5.984866142286533464e-01 1.038877573349307470e-01
5.869866604063539439e-01 4.079298500797626792e-01 -3.878407259686109110e-01 -3.730977312720035882e-02 7.934730503159570514e-01 -5.985133901559979153e-01 1.038759888302482060e-01
5.869867647364642727e-01 4.079289278508628214e-01 -3.878411740006516006e-01 -3.729116159604684011e-02 7.934741013282065047e-01 -5.985103563432037088e-01 1.038921225990884489e-01
5.869682164187552953e-01 4.079260646572991922e-01 -3.878615078392130266e-01 -3.729662368469735534e-02 7.934860822311361472e-01 -5.984934822950146449e-01 1.038958652574385189e-01
5.869863962889492193e-01 4.079259582317533717e-01 -3.878391943883127690e-01 -3.730950885518999338e-02 7.934728051301411789e-01 -5.985111375771287046e-01 1.038909344650473104e-01
5.869862852430038913e-01 4.079250585454746725e-01 -3.878398072376745276e-01 -3.728732812344504044e-02 7.934745783769059368e-01 -5.985084188796689908e-01 1.039010161700287260e-01
5.869716000515750043e-01 4.079186501257754394e-01 -3.878600655551234788e-01 -3.729379162171637258e-02 7.934882154304038204e-01 -5.984889573489508008e-01 1.039066552772956453e-01
5.869911844636965803e-01 4.079233836381726541e-01 -3.878387945998010289e-01 -3.731103241439840540e-02 7.934694336113934376e-01 -5.985161739969241390e-01 1.038871226315854074e-01
5.869909448269883256e-01 4.079220155019646632e-01 -3.878397315694873670e-01 -3.727692727434594316e-02 7.934721684036437628e-01 -5.985123662476929951e-01 1.039004143898852178e-01
5.869712424704267573e-01 4.079208975204680065e-01 -3.878605415078522078e-01 -3.729314052003043084e-02 7.934833165237992203e-01 -5.984978696406677567e-01 1.038929646517401245e-01
5.869859082274819784e-01 4.079271207574914349e-01 -3.878465398883874093e-01 -3.728363380783407399e-02 7.934726193985679465e-01 -5.985137025733877625e-01 1.038868651310311114e-01
5.869854976244410771e-01 4.079264171547303808e-01 -3.878473218686495083e-01 -3.725938064186520848e-02 7.934754044078166091e-01 -5.985115361681013768e-01 1.038867760002974150e-01
5.869649147044094795e-01 4.079170278271564420e-01 -3.878743207291092676e-01 -3.726129511874994721e-02 7.934849992095402982e-01 -5.985005464830005506e-01 1.038761174431309109e-01
5.869829371883834579e-01 4.079229865935617427e-01 -3.878555080692686619e-01 -3.727101321513650450e-02 7.934747739415671797e-01 -5.985149776648952535e-01 1.038675897625714745e-01
5.869824732880760676e-01 4.079221674434742595e-01 -3.878563887198019366e-01 -3.724357172765030422e-02 7.934777467679031693e-01 -5.985127574066095857e-01 1.038675164362540121e-01
5.869619451415406530e-01 4.079189813619464311e-01 -3.878790189670593413e-01 -3.726403972971538414e-02 7.934852260259108725e-01 -5.985021983406525470e-01 1.038638820911166882e-01
5.869721405501885370e-01 4.079189599099557473e-01 -3.878658864938189788e-01 -3.726429466096298215e-02 7.934795154054838928e-01 -5.985119380492633923e-01 1.038512926631834643e-01
5.869719830586290765e-01 4.079183107449466106e-01 -3.878664357894608949e-01 -3.724612416876992710e-02 7.934813360318173636e-01 -5.985096061006164314e-01 1.038573396965832840e-01
5.869603728124276332e-01 4.079165357191927299e-01 -3.878812190783214042e-01 -3.726106109883047662e-02 7.934982825991556687e-01 -5.984867030183186332e-01 1.038544902651902246e-01
5.869782755542131136e-01 4.079197399665999701e-01 -3.878614655995776817e-01 -3.726927208593959484e-02 7.934883873709637214e-01 -5.984994877647439315e-01 1.038534718290659159e-01
5.869778688310666181e-01 4.079183114676558364e-01 -3.878625746047685841e-01 -3.723089563656575840e-02 7.934916548893616861e-01 -5.984958013074518357e-01 1.038635154825436890e-01
5.869650882465011765e-01 4.079194659649915677e-01 -3.878744130281467917e-01 -3.723509283824582433e-02 7.934975682500582383e-01 -5.984894560144482512e-01 1.038533970657727068e-01
5.869803436956322340e-01 4.079282347677426479e-01 -3.878600116641241491e-01 -3.725625604570954874e-02 7.934915804093757297e-01 -5.984960815035973436e-01 1.038533756299098998e-01
5.869801172543117618e-01 4.079273927744517247e-01 -3.878607069332299373e-01 -3.723287359951373693e-02 7.934937864727185097e-01 -5.984934398331906991e-01 1.038601291610279920e-01
5.869608514873732030e-01 4.079207235151089961e-01 -3.878842751536577538e-01 -3.724736195255234222e-02 7.934997534597556523e-01 -5.984843867500175829e-01 1.038615140624177535e-01
5.869779186092958234e-01 4.079258929703878933e-01 -3.878662504943755085e-01 -3.725820694892121449e-02 7.934887317088168412e-01 -5.984994065221274084e-01 1.038552793975632965e-01
5.869777321692177807e-01 4.079253637359942508e-01 -3.878667696577027812e-01 -3.724183748394507831e-02 7.934905959763557393e-01 -5.984973207397159545e-01 1.038589269407724502e-01
5.869569976486052054e-01 4.079305566476337241e-01 -3.878811937932085119e-01 -3.725673995990805287e-02 7.934981635619632323e-01 -5.984850861909205566e-01 1.038662667009756374e-01
5.869671870590775775e-01 4.079350583061450708e-01 -3.878717151870721969e-01 -3.725973754381298186e-02 7.934848357111712325e-01 -5.985041383091588285e-01 1.038572283540869223e-01
5.869669794805444374e-01 4.079344786234153086e-01 -3.878722127842925693e-01 -3.724323907564913022e-02 7.934863239386643619e-01 -5.985026530492005836e-01 1.038603348662388848e-01
5.869510689224346489e-01 4.079336034340160788e-01 -3.878877736834152046e-01 -3.725410893968193748e-02 7.934894957936834414e-01 -5.984971502472441474e-01 1.038639137435325571e-01
5.869653269105966631e-01 4.079359360604855045e-01 -3.878718187089548186e-01 -3.725997202179722606e-02 7.934818936886858243e-01 -5.985067295966267631e-01 1.038646884205704501e-01
5.869651150109881366e-01 4.079356063817496381e-01 -3.878722062235216428e-01 -3.724828610202351314e-02 7.934832979954247190e-01 -5.985056298819046994e-01 1.038644885628882131e-01
5.869467118015346818e-01 4.079310808246295883e-01 -3.878925407602098474e-01 -3.726421553354725136e-02 7.934882765152713180e-01 -5.984976752746341555e-01 1.038665777059793877e-01
5.869641713713675824e-01 4.079305644209104131e-01 -3.878724554069253316e-01 -3.726888992380118781e-02 7.934732293009622017e-01 -5.985160535758898837e-01 1.038739516842061977e-01
5.869641046460205569e-01 4.079304359142212344e-01 -3.878726281152378719e-01 -3.726402977978268694e-02 7.934738750390848416e-01 -5.985154104639138772e-01 1.038744682404828951e-01
5.869482740466892556e-01 4.079311202367854050e-01 -3.878883175492526258e-01 -3.727256396533673577e-02 7.934828985164957826e-01 -5.985035850603884766e-01 1.038706137806686969e-01
5.869645404981196357e-01 4.079342010596303525e-01 -3.878709155819631826e-01 -3.727390804345987602e-02 7.934702936817727981e-01 -5.985201298757940602e-01 1.038710881679373310e-01
5.869645032621430003e-01 4.079337891613772915e-01 -3.878711955505558251e-01 -3.726390546144821292e-02 7.934710672171384482e-01 -5.985187978409933773e-01 1.038764432873387211e-01
5.869463936885996880e-01 4.079259072182703783e-01 -3.878943698870602752e-01 -3.727344543816272365e-02 7.934804042086964770e-01 -5.985059099640460678e-01 1.038759555435282977e-01
5.869653335408326900e-01 4.079273250660898076e-01 -3.878737235035932818e-01 -3.726823412897156684e-02 7.934653437014976829e-01 -5.985263376199245755e-01 1.038751666417556258e-01
5.869650920400013572e-01 4.079268170378213543e-01 -3.878742226065909904e-01 -3.725241477661187656e-02 7.934669308920494490e-01 -5.985249824379529349e-01 1.038765256047339824e-01
5.869460520870767306e-01 4.079197995204644767e-01 -3.878973810581873294e-01 -3.725842361356808408e-02 7.934758132941229780e-01 -5.985123734829365105e-01 1.038791719974892502e-01
5.869653252505104835e-01 4.079288872195986349e-01 -3.878802664083210172e-01 -3.725856556419593346e-02 7.934631650214143406e-01 -5.985294512420142876e-01 1.038773365187595499e-01
5.869651293796339653e-01 4.079283903070461959e-01 -3.878807248008502850e-01 -3.724376676548123849e-02 7.934645955918112614e-01 -5.985280514970093835e-01 1.038797812407936255e-01
5.869526458695558668e-01 4.079286233626722713e-01 -3.878934587371501985e-01 -3.724900177218219699e-02 7.934670093389497580e-01 -5.985239692075944307e-01 1.038829882207152472e-01
5.869735316946720349e-01 4.079355899855511836e-01 -3.878735503741312374e-01 -3.724958120411960699e-02 7.934491842018187580e-01 -5.985483650651112209e-01 1.038783686215197788e-01
5.869734070603108700e-01 4.079352358164240466e-01 -3.878738870299321961e-01 -3.723881265879228769e-02 7.934503341383651875e-01 -5.985470849554865858e-01 1.038808219969860613e-01
5.869561133679398468e-01 4.079319630776240269e-01 -3.878940902570799931e-01 -3.724603661658081738e-02 7.934572074614314463e-01 -5.985369817306316342e-01 1.038839457502870323e-01
5.869759281695995368e-01 4.079388038801435856e-01 -3.878746680864222918e-01 -3.726745290319864040e-02 7.934432462540398356e-01 -5.985541866066113048e-01 1.038837697797734549e-01
5.869752124268650118e-01 4.079379560738131683e-01 -3.878758083481549379e-01 -3.723433826753773379e-02 7.934471142026034984e-01 -5.985522021608136178e-01 1.038775351352717730e-01
5.869571022630901691e-01 4.079279169460400811e-01 -3.879007564399275521e-01 -3.724489942679481275e-02 7.934554864449393508e-01 -5.985400001251877100e-01 1.038801075627716203e-01
5.869724548135976105e-01 4.079305948967814066e-01 -3.878840267780261364e-01 -3.726201302967910300e-02 7.934433369235364131e-01 -5.985561327449695490e-01 1.038738149391160853e-01
5.869723485519491302e-01 4.079298326907384586e-01 -3.878845991852639119e-01 -3.724233724152104658e-02 7.934450251918410135e-01 -5.985535507932607802e-01 1.038828530022492536e-01
5.869601587652327757e-01 4.079284792353682354e-01 -3.878982027211571593e-01 -3.724616074538095872e-02 7.934587918245117333e-01 -5.985341349753617868e-01 1.038882017142028213e-01
5.869753028570460218e-01 4.079289458709732252e-01 -3.878801051407169131e-01 -3.725285312680608890e-02 7.934463065315838781e-01 -5.985516783120238271e-01 1.038800845935350381e-01
5.869748839133335228e-01 4.079282353650925397e-01 -3.878809385484608963e-01 -3.722780140735535565e-02 7.934490564626676123e-01 -5.985495772859455998e-01 1.038801671720493147e-01
5.869536496890288557e-01 4.079277389222590866e-01 -3.879009400251324235e-01 -3.723807635510922864e-02 7.934570142084064193e-01 -5.985371356415087885e-01 1.038873887000238139e-01
5.869682537257182586e-01 4.079303135550463311e-01 -3.878854799640346074e-01 -3.724904450621717433e-02 7.934485158735364863e-01 -5.985470920537798722e-01 1.038910002619094497e-01
5.869678388938928126e-01 4.079294318225675786e-01 -3.878863848309735962e-01 -3.722083211315636159e-02 7.934513367281653684e-01 -5.985446329683302702e-01 1.038937353544404224e-01
5.869539892321820052e-01 4.079255642307809682e-01 -3.879029419942928714e-01 -3.722992213475989631e-02 7.934603484853043343e-01 -5.985323402141048410e-01 1.038924732463627210e-01
5.869703403426721477e-01 4.079310982916396489e-01 -3.878870297428599345e-01 -3.724624007903078876e-02 7.934507621269337729e-01 -5.985455044630118016e-01 1.038839966851581864e-01
5.869701218853142777e-01 4.079305228272776529e-01 -3.878876285066820140e-01 -3.722780717123626987e-02 7.934527429842400670e-01 -5.985433693211898998e-01 1.038877763052251935e-01
5.869550643907596177e-01 4.079287639392987774e-01 -3.879033474417422633e-01 -3.724182773813833336e-02 7.934548488994036530e-01 -5.985390537773228603e-01 1.038915305888532814e-01
5.869717456827845403e-01 4.079344955313696230e-01 -3.878871864920291346e-01 -3.724299063481673056e-02 7.934500278395495432e-01 -5.985467500527014151e-01 1.038835933694144398e-01
5.869717504770336491e-01 4.079343147141513692e-01 -3.878873312359120140e-01 -3.723823475752845169e-02 7.934505118699564097e-01 -5.985458279703799178e-01 1.038869140204865260e-01
5.869560466586578595e-01 4.079219934504785816e-01 -3.879106629057300082e-01 -3.723883403783913998e-02 7.934507414523174207e-01 -5.985437642545892167e-01 1.038968353715194470e-01
5.869663985599073985e-01 4.079261508304805051e-01 -3.879004655974823135e-01 -3.724461102303278093e-02 7.934441512968142263e-01 -5.985543865489736381e-01 1.038838970466690603e-01
5.869662705120678448e-01 4.079258702265088909e-01 -3.879007778350534452e-01 -3.723523497986396674e-02 7.934451984815568126e-01 -5.985533499025058601e-01 1.038852328439681671e-01
5.869440467450444121e-01 4.079223555135096380e-01 -3.879238107806844971e-01 -3.724647578643549423e-02 7.934564290804235753e-01 -5.985365409144467463e-01 1.038922729686949653e-01
