repeatability libsurvive; 20211016-000639; x y z w i j k;  frequency = 150 duration = 2 sys.args = ['repeatability.py']
5.870102292526083732e-01 4.079939957435597120e-01 -3.878976389632154964e-01 -3.729565597403217830e-02 7.938249756050720363e-01 -5.980524286577982851e-01 1.038471700509091544e-01
5.870102292526083732e-01 4.079939957435597120e-01 -3.878976389632154964e-01 -3.729565597403217830e-02 7.938249756050720363e-01 -5.980524286577982851e-01 1.038471700509091544e-01
5.870102292526083732e-01 4.079939957435597120e-01 -3.878976389632154964e-01 -3.729565597403217830e-02 7.938249756050720363e-01 -5.980524286577982851e-01 1.038471700509091544e-01
5.870042506096142532e-01 4.079929378940247431e-01 -3.879040134060952605e-01 -3.733613056891877530e-02 7.938113555491244089e-01 -5.980720376208766842e-01 1.038238073440524711e-01
5.870062099987244375e-01 4.079946027494875116e-01 -3.879063853752797164e-01 -3.732828061349485749e-02 7.938060996809035430e-01 -5.980795215563636802e-01 1.038237037999644452e-01
5.870062099987244375e-01 4.079946027494875116e-01 -3.879063853752797164e-01 -3.732828061349485749e-02 7.938060996809035430e-01 -5.980795215563636802e-01 1.038237037999644452e-01
5.870062099987244375e-01 4.079946027494875116e-01 -3.879063853752797164e-01 -3.732828061349485749e-02 7.938060996809035430e-01 -5.980795215563636802e-01 1.038237037999644452e-01
5.870062099987244375e-01 4.079946027494875116e-01 -3.879063853752797164e-01 -3.732828061349485749e-02 7.938060996809035430e-01 -5.980795215563636802e-01 1.038237037999644452e-01
5.870062099987244375e-01 4.079946027494875116e-01 -3.879063853752797164e-01 -3.732828061349485749e-02 7.938060996809035430e-01 -5.980795215563636802e-01 1.038237037999644452e-01
5.870062099987244375e-01 4.079946027494875116e-01 -3.879063853752797164e-01 -3.732828061349485749e-02 7.938060996809035430e-01 -5.980795215563636802e-01 1.038237037999644452e-01
5.870062099987244375e-01 4.079946027494875116e-01 -3.879063853752797164e-01 -3.732828061349485749e-02 7.938060996809035430e-01 -5.980795215563636802e-01 1.038237037999644452e-01
5.869966288713968083e-01 4.079955326291958562e-01 -3.879313752775520596e-01 -3.711885631809731800e-02 7.938198261384573629e-01 -5.980531224293273995e-01 1.039458363171777144e-01
5.869948739550822081e-01 4.079998527811089515e-01 -3.879084852561240915e-01 -3.763366061910630722e-02 7.937538996516755319e-01 -5.981328921825149747e-01 1.038050946030285304e-01
5.869930164183754240e-01 4.080128063720644405e-01 -3.879044694542194138e-01 -3.801268198168376161e-02 7.937211979503141501e-01 -5.981561206154576427e-01 1.037831937412972694e-01
5.870029618212323497e-01 4.080138292529161270e-01 -3.878881003236154812e-01 -3.808139084403393965e-02 7.937249375635275772e-01 -5.981448504576580838e-01 1.037943593464694253e-01
5.870072110299386914e-01 4.080112465432073066e-01 -3.878735529326367559e-01 -3.829940195538970166e-02 7.936518561401117999e-01 -5.982281175010556451e-01 1.037930945986185599e-01
5.870070717294100238e-01 4.080175280234560886e-01 -3.878765218922589075e-01 -3.825696796345060685e-02 7.936650470558548331e-01 -5.982147966766584446e-01 1.037846545553604283e-01
5.869988211894043850e-01 4.080260032464566033e-01 -3.878841791257743310e-01 -3.818413154804384257e-02 7.936779630567341037e-01 -5.982084074714991706e-01 1.037495266805983085e-01
5.869977458371061774e-01 4.080224555248810336e-01 -3.878887829942123111e-01 -3.805403466945513069e-02 7.936883662259877070e-01 -5.981966904988892386e-01 1.037852939441523681e-01
5.869975221043686187e-01 4.080220060760750278e-01 -3.878895197828876595e-01 -3.803463748048254572e-02 7.936903148354745863e-01 -5.981949752071962223e-01 1.037873890458536341e-01
5.869975221043686187e-01 4.080220060760750278e-01 -3.878895197828876595e-01 -3.803463748048254572e-02 7.936903148354745863e-01 -5.981949752071962223e-01 1.037873890458536341e-01
5.869987378472533157e-01 4.080215593600231561e-01 -3.878945612216982419e-01 -3.809686061339041807e-02 7.936704012957629395e-01 -5.982288396759287696e-01 1.037216404537570635e-01
5.870029213897668408e-01 4.080381183744761220e-01 -3.878890303540990514e-01 -3.821666489701819325e-02 7.936733670523699047e-01 -5.982254051081642432e-01 1.036746721194515553e-01
5.870027669506945323e-01 4.080361634545424110e-01 -3.878907936704588111e-01 -3.815994632215308213e-02 7.936767237765423033e-01 -5.982188598341754426e-01 1.037076292792567384e-01
5.870021227359177862e-01 4.080335912713963786e-01 -3.878937390037799360e-01 -3.807291220593553988e-02 7.936835579541815511e-01 -5.982100632229494508e-01 1.037380520741806866e-01
5.870085048408737460e-01 4.080261794576487411e-01 -3.878820075274811985e-01 -3.816391395202058112e-02 7.936772265359947065e-01 -5.982191341264382345e-01 1.037007392211281714e-01
5.870089045929188787e-01 4.080236987624232814e-01 -3.878833534458313581e-01 -3.810972506131328486e-02 7.936787425813759400e-01 -5.982103256357483856e-01 1.037598608950923706e-01
5.870087075311131164e-01 4.080211096547374794e-01 -3.878856196438005277e-01 -3.803594107842479810e-02 7.936833412125605669e-01 -5.982013948774270728e-01 1.038032380739899452e-01
5.870051046731646904e-01 4.080125199780966216e-01 -3.878780869742924353e-01 -3.813362400219054427e-02 7.936819950780991118e-01 -5.981993055007125415e-01 1.037897312250727067e-01
5.870043718689916812e-01 4.080108925375232620e-01 -3.878802077359276845e-01 -3.807308338252490126e-02 7.936874611218344144e-01 -5.981946127656309065e-01 1.037972043838409075e-01
5.870028402843147086e-01 4.080075752292913194e-01 -3.878845884290202384e-01 -3.794852504407617705e-02 7.936987067663464623e-01 -5.981851915443762158e-01 1.038111214727319709e-01
5.870006563488556761e-01 4.080104420183636171e-01 -3.878755709851468003e-01 -3.801214540255611063e-02 7.936731739963021059e-01 -5.982195907839896742e-01 1.037848297332816944e-01
5.870019125839768259e-01 4.080218218677656439e-01 -3.878799094165372718e-01 -3.796774714047171373e-02 7.936801333792761204e-01 -5.982122483830834003e-01 1.037901822938364360e-01
5.869998565362323228e-01 4.080185347456014577e-01 -3.878757735869063916e-01 -3.801858901357928200e-02 7.936585166890259835e-01 -5.982437474411683720e-01 1.037553103409128152e-01
5.869991441795645581e-01 4.080201797992424328e-01 -3.878763469679918918e-01 -3.799312131931842362e-02 7.936730180797446632e-01 -5.982305989513696520e-01 1.037295212699369529e-01
5.869988340147870298e-01 4.080193139439454164e-01 -3.878773339605697257e-01 -3.796362951775557326e-02 7.936756182391011549e-01 -5.982279311068957606e-01 1.037358100666415095e-01
5.869987859795090523e-01 4.080102651739400121e-01 -3.878738332605939365e-01 -3.803922857479205555e-02 7.936608624999614836e-01 -5.982476811720998100e-01 1.037071087122639346e-01
5.870010973613334349e-01 4.079935547721136868e-01 -3.878746670608609337e-01 -3.798840995219478905e-02 7.936435176032770045e-01 -5.982828899826232449e-01 1.036553482925083036e-01
5.870040353276270162e-01 4.080148800618850768e-01 -3.878789908214415605e-01 -3.801606345841045120e-02 7.936461233500009538e-01 -5.982789477857410887e-01 1.036480122676134430e-01
5.870027655742244832e-01 4.080103175342996158e-01 -3.878751121693172488e-01 -3.797167204348481789e-02 7.936350102812621543e-01 -5.982933175357667555e-01 1.036664302951017524e-01
5.870051819912202040e-01 4.080203081617196914e-01 -3.878762736789055920e-01 -3.798782861861915716e-02 7.936351767558339487e-01 -5.982886472890338592e-01 1.036861881719859380e-01
5.870047537485283407e-01 4.080181946375183166e-01 -3.878781009159901760e-01 -3.792771818551379792e-02 7.936397729023081382e-01 -5.982823720393340983e-01 1.037092202641642091e-01
5.870047537485283407e-01 4.080181946375183166e-01 -3.878781009159901760e-01 -3.792771818551379792e-02 7.936397729023081382e-01 -5.982823720393340983e-01 1.037092202641642091e-01
5.870023577829998063e-01 4.080237649125257327e-01 -3.878756113502967451e-01 -3.798544817499226178e-02 7.936455051085035128e-01 -5.982769964685068498e-01 1.036752306225333098e-01
5.870018586748663170e-01 4.080198574072255724e-01 -3.878785306722238868e-01 -3.788409919943225984e-02 7.936523132455322038e-01 -5.982659334628266379e-01 1.037240259810421616e-01
5.869972039754204340e-01 4.080155124323360805e-01 -3.878730784578549584e-01 -3.795386204548290704e-02 7.936566527220429990e-01 -5.982613526152442684e-01 1.036917350267285570e-01
5.869969876871751202e-01 4.080142069370252256e-01 -3.878740688126830483e-01 -3.791958508411812784e-02 7.936591769321328371e-01 -5.982576341714447299e-01 1.037064081628690793e-01
5.869961016801935605e-01 4.080117428403837176e-01 -3.878764460549988802e-01 -3.784406483944651595e-02 7.936656926964597014e-01 -5.982513916212235383e-01 1.037201398781642664e-01
5.869924551438637783e-01 4.080208663773231548e-01 -3.878775813838860609e-01 -3.791018739130083692e-02 7.936659054457936291e-01 -5.982528455971566350e-01 1.036859728206747655e-01
5.869919405879887586e-01 4.080207409617385705e-01 -3.878782134083202937e-01 -3.789538207375139911e-02 7.936683923978267163e-01 -5.982525442810479044e-01 1.036740863831754622e-01
5.869913649698810243e-01 4.080184487932185800e-01 -3.878801108796424701e-01 -3.783190920688125208e-02 7.936733745765460757e-01 -5.982466186155134258e-01 1.036933192117210217e-01
5.870048858868140984e-01 4.080270922607344142e-01 -3.878583890218531560e-01 -3.789258207771740300e-02 7.936737896390211322e-01 -5.982459138061562154e-01 1.036720525395126574e-01
5.870046825521690881e-01 4.080261033791774961e-01 -3.878591489972426087e-01 -3.786635115724291956e-02 7.936758734122857373e-01 -5.982431304224333779e-01 1.036817453346976364e-01
5.870039677173516379e-01 4.080243918550343074e-01 -3.878608417740907477e-01 -3.781273695670177987e-02 7.936809263511895862e-01 -5.982386624115795248e-01 1.036884124006394459e-01
5.870125922906985760e-01 4.080249062511950853e-01 -3.878517668733030277e-01 -3.784944295582754609e-02 7.936652515216653381e-01 -5.982578002714951104e-01 1.036845823124019073e-01
5.870122046470783728e-01 4.080238101669175221e-01 -3.878527466876088292e-01 -3.781726655927027114e-02 7.936680480831307394e-01 -5.982551081356292100e-01 1.036904498568926164e-01
5.870121485504004033e-01 4.080219007347928861e-01 -3.878538702947690320e-01 -3.777421743030212609e-02 7.936706723166252475e-01 -5.982495779462954077e-01 1.037179583730994947e-01
5.870047066504263666e-01 4.080370171285163661e-01 -3.878572864578689328e-01 -3.784504824736197037e-02 7.936658201256354683e-01 -5.982574894433537738e-01 1.036836275040215749e-01
5.870043149888271028e-01 4.080359179122243773e-01 -3.878582532442197417e-01 -3.781305563175496598e-02 7.936686515206546888e-01 -5.982547108147935333e-01 1.036896591039005305e-01
5.870047727370987234e-01 4.080329028120269208e-01 -3.878594058995145089e-01 -3.775865667254421632e-02 7.936703382658910622e-01 -5.982459254780352342e-01 1.037472440700006604e-01
5.870046256288325992e-01 4.080249883064094862e-01 -3.878488289382582277e-01 -3.781389527460072425e-02 7.936585288973296848e-01 -5.982611671931479247e-01 1.037295746707768418e-01
5.870046389124785602e-01 4.080244374251159045e-01 -3.878491278531118747e-01 -3.780210466010398840e-02 7.936592993217308489e-01 -5.982593658975471351e-01 1.037383660911932876e-01
5.870035455740280073e-01 4.080225310736601552e-01 -3.878511580759450017e-01 -3.773855643981823688e-02 7.936657687818637896e-01 -5.982549584740299853e-01 1.037374256619493229e-01
5.870078581281286123e-01 4.080123589031728337e-01 -3.878449783783816662e-01 -3.780209919595781121e-02 7.936445740883003586e-01 -5.982803063979336144e-01 1.037302573648307968e-01
5.870077313358132987e-01 4.080116700902767790e-01 -3.878454747574524575e-01 -3.778456789506499242e-02 7.936460088965036075e-01 -5.982783085865887029e-01 1.037371894086424051e-01
5.870075551236475508e-01 4.080101279633717160e-01 -3.878464727976378423e-01 -3.774779315989741646e-02 7.936487484521377311e-01 -5.982738045945021899e-01 1.037555922730553637e-01
5.870084982187222522e-01 4.080035968074336994e-01 -3.878453987228365762e-01 -3.780446717196295908e-02 7.936359765869301919e-01 -5.982919392312403550e-01 1.037280790320315033e-01
5.870084190529445411e-01 4.080032636402728397e-01 -3.878456790298295265e-01 -3.779514849089596340e-02 7.936369168095207538e-01 -5.982907259204598427e-01 1.037312792999208755e-01
5.870075210204968030e-01 4.080018373106528151e-01 -3.878472756898955209e-01 -3.774587158692799954e-02 7.936421234224033672e-01 -5.982874161760545206e-01 1.037284760955369811e-01
5.870051880248257081e-01 4.080037453620974919e-01 -3.878520472699630850e-01 -3.776362792436582794e-02 7.936482484298561513e-01 -5.982761009498610560e-01 1.037404125808409072e-01
5.870050518930810535e-01 4.080031101055982545e-01 -3.878525109223410205e-01 -3.774729582776506498e-02 7.936496308616208806e-01 -5.982742918847390179e-01 1.037462132355588956e-01
5.870049934738439390e-01 4.080017741589527236e-01 -3.878532807761339019e-01 -3.771759907142577944e-02 7.936517400111103848e-01 -5.982701784855603000e-01 1.037645981656547672e-01
5.870095384850908538e-01 4.080071354893258784e-01 -3.878484751846985046e-01 -3.776971825999923121e-02 7.936412063237668901e-01 -5.982827775225311173e-01 1.037535644083699971e-01
5.870089562590488086e-01 4.080065003289733983e-01 -3.878493195141814454e-01 -3.774451998746487791e-02 7.936441707865128370e-01 -5.982814819284021368e-01 1.037475289780887822e-01
5.870088036701622825e-01 4.080052579468800844e-01 -3.878501077191598423e-01 -3.771515591250999833e-02 7.936464576461224052e-01 -5.982778478636746611e-01 1.037616693961034009e-01
5.870088036701622825e-01 4.080052579468800844e-01 -3.878501077191598423e-01 -3.771515591250999833e-02 7.936464576461224052e-01 -5.982778478636746611e-01 1.037616693961034009e-01
5.870141310933827405e-01 4.079951381526766840e-01 -3.878519233447486614e-01 -3.773986938634580485e-02 7.936280075409989365e-01 -5.983040527435345979e-01 1.037427027596038998e-01
5.870127148468277101e-01 4.079928438521391865e-01 -3.878542992242099974e-01 -3.766427433281011733e-02 7.936359908249156492e-01 -5.982990520297066794e-01 1.037379431389090778e-01
5.870126985404530151e-01 4.079941835341923673e-01 -3.878571196550565370e-01 -3.770298628630897042e-02 7.936294649856054928e-01 -5.983062166005611582e-01 1.037324843473755309e-01
5.870126106817230571e-01 4.079931631057011621e-01 -3.878576843429620835e-01 -3.768071588124957683e-02 7.936309474532368124e-01 -5.983036183415960663e-01 1.037442199571036172e-01
5.870123113738981990e-01 4.079914620981334727e-01 -3.878587765878786509e-01 -3.764017368690298487e-02 7.936340667193553244e-01 -5.982993033418716466e-01 1.037599589820106805e-01
5.870071532449748775e-01 4.080135958594283685e-01 -3.878589341403742563e-01 -3.768866992737892468e-02 7.936352154680421656e-01 -5.983007624253650070e-01 1.037251493579372519e-01
5.870065004309119594e-01 4.080126157332621961e-01 -3.878599533625034512e-01 -3.765606125179297298e-02 7.936386817707581365e-01 -5.982987917764382990e-01 1.037218376574033651e-01
5.870060954330135194e-01 4.080106888705324342e-01 -3.878612154259398759e-01 -3.760926463802334585e-02 7.936423207316078976e-01 -5.982941181378810258e-01 1.037379301834671363e-01
5.869971492047074690e-01 4.080185275461074013e-01 -3.878672465757538879e-01 -3.765616584384229998e-02 7.936565119224843201e-01 -5.982739395395646476e-01 1.037287208288324991e-01
5.869967559648924249e-01 4.080178023276869181e-01 -3.878679269931552542e-01 -3.763386357124508252e-02 7.936588199771410501e-01 -5.982722733565793982e-01 1.037287651422835466e-01
5.869958638495100800e-01 4.080165253425629968e-01 -3.878693182164448250e-01 -3.759018601639720764e-02 7.936637633528549340e-01 -5.982692616434112098e-01 1.037241496879272862e-01
5.870047544805462314e-01 4.080254645102479039e-01 -3.878667175616757890e-01 -3.762475689785474420e-02 7.936465933620806545e-01 -5.982915295210478046e-01 1.037145516140660084e-01
5.870044468886015387e-01 4.080246296298365438e-01 -3.878673759724304282e-01 -3.760193057585839438e-02 7.936486318628011016e-01 -5.982896507161615807e-01 1.037180688462990968e-01
5.870042201289721318e-01 4.080223398215500064e-01 -3.878686311409815235e-01 -3.755192890227011110e-02 7.936519880727701537e-01 -5.982839085330103890e-01 1.037436227164004743e-01
5.870043575544382497e-01 4.080198147036698808e-01 -3.878791949378136983e-01 -3.760125531544047939e-02 7.936420378213520088e-01 -5.982968943013453611e-01 1.037269862226779804e-01
5.870043327812692890e-01 4.080189366979243837e-01 -3.878796372140644877e-01 -3.758309524674822988e-02 7.936432095118958197e-01 -5.982944900472083605e-01 1.037384698483736489e-01
5.870042343263655038e-01 4.080167298060999870e-01 -3.878807558668021516e-01 -3.753719303358225151e-02 7.936460243468920206e-01 -5.982888704838866811e-01 1.037659608573399533e-01
5.870016606298850137e-01 4.080182071909128627e-01 -3.878825449913856360e-01 -3.758525439809462521e-02 7.936602142756699063e-01 -5.982703972902073675e-01 1.037465404432633964e-01
5.870015651311217830e-01 4.080176101345147632e-01 -3.878829203533463721e-01 -3.757126098452497065e-02 7.936613812290348458e-01 -5.982687045871176723e-01 1.037524428883744854e-01
5.870014061652469861e-01 4.080162037535991493e-01 -3.878837403688373819e-01 -3.753971114441835566e-02 7.936637551400635981e-01 -5.982648445239712176e-01 1.037679607146418798e-01
5.870052125534216403e-01 4.080195141201447551e-01 -3.878826952264503580e-01 -3.758655860018249306e-02 7.936505488098755112e-01 -5.982836996295247678e-01 1.037432973448739332e-01
5.870050957055121810e-01 4.080193986511105875e-01 -3.878828931082715648e-01 -3.758109428163849269e-02 7.936514603888882302e-01 -5.982829576317790776e-01 1.037425823013394810e-01
5.870048031953466472e-01 4.080180466573851694e-01 -3.878837932666787669e-01 -3.754806782179483798e-02 7.936542054847766092e-01 -5.982794396312569596e-01 1.037538280435320037e-01
5.870002360933037622e-01 4.080204217678129464e-01 -3.878804985961314955e-01 -3.759386047181764029e-02 7.936803972270602969e-01 -5.982441477347014702e-01 1.037403894994705089e-01
5.870001299534048922e-01 4.080196455977025960e-01 -3.878809525576007999e-01 -3.757635096845150791e-02 7.936817036032133288e-01 -5.982421545072180713e-01 1.037482326787227821e-01
5.869996725766309931e-01 4.080175733682649408e-01 -3.878822717109998708e-01 -3.752680619392402550e-02 7.936855747850560805e-01 -5.982372996162622636e-01 1.037645437653975378e-01
5.869968707456855173e-01 4.080148570905309802e-01 -3.878812834973523471e-01 -3.756918793596053519e-02 7.936841823254021655e-01 -5.982394035199616322e-01 1.037477273021950447e-01
5.869964395293415516e-01 4.080147365326907138e-01 -3.878817328009157017e-01 -3.755765518317066842e-02 7.936860736437585384e-01 -5.982391252741772192e-01 1.037390381307033288e-01
5.869960279662854719e-01 4.080136983322557587e-01 -3.878825888957589951e-01 -3.752851334075145429e-02 7.936888933690346981e-01 -5.982365026797973329e-01 1.037431351488621450e-01
5.870016162888955780e-01 4.080297067589270243e-01 -3.878711178583491015e-01 -3.757259577735942713e-02 7.936819416011857697e-01 -5.982501787260813275e-01 1.037014911991857025e-01
5.870013756042617992e-01 4.080287644457532559e-01 -3.878717308203729619e-01 -3.754967928556880025e-02 7.936838200825586664e-01 -5.982479837256496902e-01 1.037080772789769761e-01
5.870012355731685227e-01 4.080269800414825232e-01 -3.878726515149772403e-01 -3.751219943046307792e-02 7.936862867634515428e-01 -5.982435363932493422e-01 1.037284158812448454e-01
5.869974939015005777e-01 4.080293040227477297e-01 -3.878729860535837237e-01 -3.754933508031692985e-02 7.936779294509946903e-01 -5.982556823082066932e-01 1.037088729248857033e-01
5.869971557140557517e-01 4.080283538477478822e-01 -3.878736695798145062e-01 -3.752458272397329875e-02 7.936801233959074331e-01 -5.982535854693895594e-01 1.037131375027706554e-01
5.869969089553057628e-01 4.080268172301099727e-01 -3.878745652089465312e-01 -3.748983517684437161e-02 7.936828364727588347e-01 -5.982496146435017925e-01 1.037278454701073688e-01
5.869961113776832606e-01 4.080205011713448626e-01 -3.878819465731482841e-01 -3.752669900409425635e-02 7.936743889053740064e-01 -5.982589321166704721e-01 1.037254134730639932e-01
5.869962255400551498e-01 4.080195937102155668e-01 -3.878823099432209820e-01 -3.751048287841881462e-02 7.936754116057391784e-01 -5.982558938544307869e-01 1.037409762587789830e-01
5.869962388465789216e-01 4.080190473321876343e-01 -3.878825641888326015e-01 -3.749980127954213177e-02 7.936761173575026529e-01 -5.982542661922254368e-01 1.037488246830590433e-01
5.870012859973602337e-01 4.080246898319588866e-01 -3.878754866386379674e-01 -3.754703316543380603e-02 7.936601430362200116e-01 -5.982738956095779992e-01 1.037407513388076130e-01
5.870008275354267058e-01 4.080226912670865680e-01 -3.878767090423477226e-01 -3.750012981456404132e-02 7.936638959795230264e-01 -5.982692737244913461e-01 1.037556581573523540e-01
5.870007274973489952e-01 4.080218270781933443e-01 -3.878771698996414385e-01 -3.748153360246211929e-02 7.936652544599891446e-01 -5.982670651454907729e-01 1.037647207097356916e-01
5.869960912557022903e-01 4.080215283840400442e-01 -3.878708476944165429e-01 -3.752742418083519771e-02 7.936564541973524234e-01 -5.982767067116377957e-01 1.037598542381129446e-01
5.869957380898657151e-01 4.080199656505611450e-01 -3.878718147940026784e-01 -3.749059060262781296e-02 7.936595446911636209e-01 -5.982728020764199739e-01 1.037720435980214462e-01
5.869957325005246140e-01 4.080194529957788530e-01 -3.878720672711045148e-01 -3.748024283413588231e-02 7.936602467885452983e-01 -5.982713406193982397e-01 1.037788372362466460e-01
5.869886237843688903e-01 4.080152723352720168e-01 -3.878815054852851052e-01 -3.751336541496156501e-02 7.936512188032838200e-01 -5.982848138365659540e-01 1.037582374553997766e-01
5.869884359042146782e-01 4.080141500199752636e-01 -3.878821176395658155e-01 -3.748887721078645457e-02 7.936529918689677610e-01 -5.982822813641016646e-01 1.037681280002523965e-01
5.869880158366866940e-01 4.080128071701903392e-01 -3.878830529356701584e-01 -3.745498847958051575e-02 7.936560524093103641e-01 -5.982790501139654271e-01 1.037755872389831135e-01
5.869815099075674780e-01 4.080140798953666992e-01 -3.878907704858441385e-01 -3.750249201064809190e-02 7.936498779567146000e-01 -5.982839684405616421e-01 1.037772972248556386e-01
5.869810495488687607e-01 4.080130765616057364e-01 -3.878916011632057570e-01 -3.747421703120221159e-02 7.936528345959401598e-01 -5.982814252849882886e-01 1.037795613533348815e-01
5.869808600955785938e-01 4.080124693587806051e-01 -3.878920295034022914e-01 -3.745890116959528504e-02 7.936541291312307900e-01 -5.982801083933522168e-01 1.037827824687350547e-01
5.869814417795676809e-01 4.080094733453418776e-01 -3.878910754164237584e-01 -3.749594139882181376e-02 7.936361898685965199e-01 -5.983019727181362324e-01 1.037805470743892733e-01
5.869811783124186944e-01 4.080082256859396406e-01 -3.878918434713630736e-01 -3.746700546214555561e-02 7.936386919655069594e-01 -5.982986810280513934e-01 1.037908396587706727e-01
5.869833594643583119e-01 4.079885348970381242e-01 -3.878993991179415235e-01 -3.746117084809772596e-02 7.936303040595279468e-01 -5.983104353686542476e-01 1.037893254917963970e-01
5.869853569543483918e-01 4.079977383041704098e-01 -3.879002882755152593e-01 -3.748447065289879643e-02 7.936333592892876876e-01 -5.983061526455777379e-01 1.037822392778212366e-01
5.869850939220669916e-01 4.079966007541841466e-01 -3.879010260918634434e-01 -3.745741895968157653e-02 7.936357462477806601e-01 -5.983031799456898225e-01 1.037908903010423545e-01
5.869846736258473863e-01 4.079934257222118110e-01 -3.878984738877312433e-01 -3.745209483835917202e-02 7.936287936431466461e-01 -5.983133629431418576e-01 1.037872738653949078e-01
5.869861156798379387e-01 4.080003403125853079e-01 -3.878986712910655887e-01 -3.747150836478829045e-02 7.936345923164753735e-01 -5.983071799869540408e-01 1.037715679537907776e-01
5.869855972616715434e-01 4.079985645186972043e-01 -3.878998139299799641e-01 -3.742887587705724661e-02 7.936383141293732457e-01 -5.983031750111861280e-01 1.037815800997464871e-01
5.869855972616715434e-01 4.079985645186972043e-01 -3.878998139299799641e-01 -3.742887587705724661e-02 7.936383141293732457e-01 -5.983031750111861280e-01 1.037815800997464871e-01
5.869882866940985267e-01 4.079991304599061008e-01 -3.878902078034627277e-01 -3.743771893667760531e-02 7.936419659225283363e-01 -5.983006603356335606e-01 1.037649602196586834e-01
5.869878863300381777e-01 4.079980533404185539e-01 -3.878910093869326614e-01 -3.740944170109448963e-02 7.936448009653913616e-01 -5.982979209882739458e-01 1.037692696000405146e-01
5.869968251795454339e-01 4.079952563885895223e-01 -3.878789859441493237e-01 -3.742174376589233603e-02 7.936348811289533067e-01 -5.983110219942900931e-01 1.037651652005627534e-01
5.869989111536371151e-01 4.080025882369085477e-01 -3.878788866451278738e-01 -3.745185910086082370e-02 7.936396159917732396e-01 -5.983028275252331163e-01 1.037653350287607024e-01
5.869986952022114846e-01 4.080004927568370299e-01 -3.878799154235368918e-01 -3.740907909107391710e-02 7.936424712457321728e-01 -5.982980829579834792e-01 1.037862831270440905e-01
5.869986952022114846e-01 4.080004927568370299e-01 -3.878799154235368918e-01 -3.740907909107391710e-02 7.936424712457321728e-01 -5.982980829579834792e-01 1.037862831270440905e-01
5.869986952022114846e-01 4.080004927568370299e-01 -3.878799154235368918e-01 -3.740907909107391710e-02 7.936424712457321728e-01 -5.982980829579834792e-01 1.037862831270440905e-01
5.869986952022114846e-01 4.080004927568370299e-01 -3.878799154235368918e-01 -3.740907909107391710e-02 7.936424712457321728e-01 -5.982980829579834792e-01 1.037862831270440905e-01
5.869972018251485846e-01 4.080110977932064342e-01 -3.878792042377962046e-01 -3.745285830650051107e-02 7.936256788136736295e-01 -5.983186746223645436e-01 1.037801952703203551e-01
5.869972018251485846e-01 4.080110977932064342e-01 -3.878792042377962046e-01 -3.745285830650051107e-02 7.936256788136736295e-01 -5.983186746223645436e-01 1.037801952703203551e-01
5.869972018251485846e-01 4.080110977932064342e-01 -3.878792042377962046e-01 -3.745285830650051107e-02 7.936256788136736295e-01 -5.983186746223645436e-01 1.037801952703203551e-01
5.869936401989063190e-01 4.080039946067789969e-01 -3.878757741897851385e-01 -3.746073113765254620e-02 7.936088211793793645e-01 -5.983363096390367231e-01 1.038045911144944433e-01
5.869935087128617113e-01 4.080039192129862324e-01 -3.878743966912445162e-01 -3.747353417763518019e-02 7.936174097108402714e-01 -5.983257182037969857e-01 1.037953571986934553e-01
5.869934976992219333e-01 4.080023081466878088e-01 -3.878751437260025692e-01 -3.744188958692018510e-02 7.936194138120228336e-01 -5.983212704348503941e-01 1.038170904526259652e-01
5.869934976992219333e-01 4.080023081466878088e-01 -3.878751437260025692e-01 -3.744188958692018510e-02 7.936194138120228336e-01 -5.983212704348503941e-01 1.038170904526259652e-01
5.869934976992219333e-01 4.080023081466878088e-01 -3.878751437260025692e-01 -3.744188958692018510e-02 7.936194138120228336e-01 -5.983212704348503941e-01 1.038170904526259652e-01
5.869934976992219333e-01 4.080023081466878088e-01 -3.878751437260025692e-01 -3.744188958692018510e-02 7.936194138120228336e-01 -5.983212704348503941e-01 1.038170904526259652e-01
5.869984522153115503e-01 4.079977254000334841e-01 -3.878690678924242574e-01 -3.743359289898594983e-02 7.936057069748433390e-01 -5.983361659882241446e-01 1.038390121782005876e-01
5.869920006727924466e-01 4.079893012928038076e-01 -3.878745646972009964e-01 -3.745640872896435769e-02 7.935942155750814742e-01 -5.983520298720956809e-01 1.038271968168380105e-01
5.870032186994822432e-01 4.079957074916958915e-01 -3.878649070398793031e-01 -3.746093136981989286e-02 7.935863689500488594e-01 -5.983607327103664941e-01 1.038353850471782636e-01
5.869912217821655620e-01 4.079948884042740587e-01 -3.878755807628315733e-01 -3.746573995579965261e-02 7.935933606761023107e-01 -5.983536560293793993e-01 1.038209927550754752e-01
5.870015780302083597e-01 4.079984793426729706e-01 -3.878637930633301867e-01 -3.748265691149541695e-02 7.935879767113950267e-01 -5.983604693760771198e-01 1.038167729127141836e-01
5.870010526360837089e-01 4.079966404838606953e-01 -3.878650217775673203e-01 -3.743743611713325897e-02 7.935918924913061279e-01 -5.983561777876064136e-01 1.038278914957298099e-01
5.870010526360837089e-01 4.079966404838606953e-01 -3.878650217775673203e-01 -3.743743611713325897e-02 7.935918924913061279e-01 -5.983561777876064136e-01 1.038278914957298099e-01
5.870140244914574534e-01 4.079990335114858091e-01 -3.878501256758332127e-01 -3.744420983589923091e-02 7.935752540089915374e-01 -5.983803749140433892e-01 1.038131701281604091e-01
5.870135222243390016e-01 4.079981823363927895e-01 -3.878509633113871868e-01 -3.741713738589567267e-02 7.935782666989718015e-01 -5.983782606658868408e-01 1.038120880021607406e-01
5.869987721791746216e-01 4.079903424187631966e-01 -3.878749461723192682e-01 -3.743146416899233164e-02 7.935854858794041400e-01 -5.983663058969249660e-01 1.038206437033754592e-01
5.870161783872620553e-01 4.079964834388601913e-01 -3.878551901775796340e-01 -3.745577719742748668e-02 7.935723001432009038e-01 -5.983829507332257824e-01 1.038167302112900925e-01
5.870156374347198502e-01 4.079950658475869352e-01 -3.878562744562161213e-01 -3.741779101398031576e-02 7.935758694105876643e-01 -5.983797078280499449e-01 1.038218361640828591e-01
5.869991517936842262e-01 4.080001604526925507e-01 -3.878721877768630533e-01 -3.741531753523635179e-02 7.935925784796992177e-01 -5.983565591423067875e-01 1.038284235027137625e-01
5.870180994254836637e-01 4.079971377393309395e-01 -3.878453544111606921e-01 -3.744076440618187424e-02 7.935744490234517556e-01 -5.983799833636103127e-01 1.038228227682671395e-01
5.870178702382261582e-01 4.079960148896603078e-01 -3.878460793410311025e-01 -3.741400033107512846e-02 7.935767984309037848e-01 -5.983769091657445971e-01 1.038322307794321275e-01
5.869996978446304636e-01 4.079990086626592571e-01 -3.878659878218026491e-01 -3.741851998651363892e-02 7.935965872144308264e-01 -5.983528435032370307e-01 1.038180417616214324e-01
5.870157870150632951e-01 4.080031218341133581e-01 -3.878461039696867729e-01 -3.743806893618139425e-02 7.935872065814271181e-01 -5.983653817443512768e-01 1.038104352873729791e-01
5.870154354842802569e-01 4.080024620390634849e-01 -3.878467406896169978e-01 -3.741744682220838475e-02 7.935896868573044660e-01 -5.983632633065205653e-01 1.038111203686984951e-01
5.869995705543269437e-01 4.080053358046422107e-01 -3.878630652789176736e-01 -3.742795824607064031e-02 7.936082555736713173e-01 -5.983370807769663458e-01 1.038162915641979989e-01
5.870189233665384920e-01 4.080076148922199830e-01 -3.878386706736133838e-01 -3.744436539759989080e-02 7.935939705790693299e-01 -5.983569693793956423e-01 1.038049447551669113e-01
5.870191316773194501e-01 4.080067646042508378e-01 -3.878389528605014069e-01 -3.743061320868967812e-02 7.935946454248917759e-01 -5.983539282856106256e-01 1.038222733951637555e-01
5.870020998824414526e-01 4.080020944758828705e-01 -3.878617313959626944e-01 -3.743013487943595147e-02 7.936019802301833570e-01 -5.983438539009128254e-01 1.038244406517173923e-01
5.870217401358980291e-01 4.079967947638172832e-01 -3.878334881787343091e-01 -3.743697830786432007e-02 7.935823879892964783e-01 -5.983693567041578065e-01 1.038247517976070566e-01
5.870214866111601593e-01 4.079952461584811507e-01 -3.878343840512434859e-01 -3.740222508277196711e-02 7.935850532204606900e-01 -5.983655682835815615e-01 1.038387382271315357e-01
5.870066529543644940e-01 4.079877348225750544e-01 -3.878580225002713489e-01 -3.740283706256485735e-02 7.935915922261169708e-01 -5.983535862105722192e-01 1.038575870923010430e-01
5.870259351842217477e-01 4.079885110002568482e-01 -3.878333345381374531e-01 -3.741389976000113887e-02 7.935759681308224289e-01 -5.983757357591414916e-01 1.038453743056591827e-01
5.870257984283283603e-01 4.079878519202102538e-01 -3.878338050561371819e-01 -3.739731011829355856e-02 7.935776370810544433e-01 -5.983735552535957014e-01 1.038511602917295273e-01
5.870089667912757880e-01 4.079802887329178063e-01 -3.878589800677090804e-01 -3.740204495968327270e-02 7.935912852294125797e-01 -5.983544802178878408e-01 1.038550674928485490e-01
5.870268653437640261e-01 4.079812237321205348e-01 -3.878361551557034104e-01 -3.741428304110275271e-02 7.935812737244388737e-01 -5.983692131348341547e-01 1.038422755471818115e-01
5.870263875531354092e-01 4.079802952489292034e-01 -3.878369922586507035e-01 -3.738647871027558217e-02 7.935842041331984120e-01 -5.983670101190178281e-01 1.038425893415182433e-01
5.870144415036969709e-01 4.079755890999555157e-01 -3.878551505481848127e-01 -3.738566821317441252e-02 7.935996984545931054e-01 -5.983464973102919915e-01 1.038426674423286317e-01
5.870300353112467562e-01 4.079784768896684843e-01 -3.878366581310837002e-01 -3.740013206023425074e-02 7.935785781304365294e-01 -5.983740088100328869e-01 1.038403391508446183e-01
5.870298995205861514e-01 4.079774886195947636e-01 -3.878372492302276098e-01 -3.737771913237811910e-02 7.935804499233244380e-01 -5.983712280626292124e-01 1.038501277744813822e-01
5.870184517182470696e-01 4.079745374629560328e-01 -3.878526729890562907e-01 -3.738219700160761577e-02 7.935836897120438493e-01 -5.983661049068368376e-01 1.038532776034133964e-01
5.870366822554701214e-01 4.079724582340318872e-01 -3.878279857853262902e-01 -3.738833985034042962e-02 7.935689652250035309e-01 -5.983866811875633296e-01 1.038450251686907910e-01
5.870363547556728401e-01 4.079717145892154950e-01 -3.878286316237653519e-01 -3.736672558481101553e-02 7.935713840542922837e-01 -5.983845152853319860e-01 1.038468010868048991e-01
5.870203854500324336e-01 4.079640104927254596e-01 -3.878530290652950074e-01 -3.736405235252592688e-02 7.935819845643563575e-01 -5.983686795286241589e-01 1.038580027049714055e-01
5.870396357873114423e-01 4.079593870925498078e-01 -3.878253230132798213e-01 -3.737764957972491975e-02 7.935600135179222692e-01 -5.983991204198172431e-01 1.038456014384782355e-01
5.870396913038723463e-01 4.079584148315077985e-01 -3.878257772098877565e-01 -3.735884862675400292e-02 7.935612481541127750e-01 -5.983961705169069667e-01 1.038599295593387872e-01
5.870232759488674956e-01 4.079614184698830970e-01 -3.878414871779810591e-01 -3.735788409097855201e-02 7.935797090820019273e-01 -5.983726669513195207e-01 1.038546353088561913e-01
5.870426955528418311e-01 4.079580917521746786e-01 -3.878146702436229831e-01 -3.735763123298913718e-02 7.935624435640299401e-01 -5.983970944734939845e-01 1.038459093032849945e-01
5.870428744460406412e-01 4.079581178947245812e-01 -3.878145843189699793e-01 -3.736027239799676741e-02 7.935622135985452852e-01 -5.983964219975238530e-01 1.038505914065281366e-01
5.870211689717563797e-01 4.079605993826378452e-01 -3.878363125643084497e-01 -3.737040946370320110e-02 7.935788249476609657e-01 -5.983746432811616334e-01 1.038454975882318748e-01
5.870402010607735921e-01 4.079630936239840855e-01 -3.878134221093466061e-01 -3.737103113273063104e-02 7.935643257780291560e-01 -5.983966623108972760e-01 1.038291934848589448e-01
5.870401378811942461e-01 4.079624904802005014e-01 -3.878137574359634687e-01 -3.735788035295736775e-02 7.935653897000163326e-01 -5.983949542674670274e-01 1.038356381645106491e-01
5.870194236083953188e-01 4.079576971371947636e-01 -3.878385858099990258e-01 -3.737375940257139928e-02 7.935776931721296723e-01 -5.983767741881597102e-01 1.038406621699424770e-01
5.870400170592571243e-01 4.079611019734293298e-01 -3.878143620583558437e-01 -3.738233588842793109e-02 7.935564718039975762e-01 -5.984059972239293979e-01 1.038313512767240071e-01
5.870399743332417319e-01 4.079601567186484923e-01 -3.878148791246846527e-01 -3.736214828985912756e-02 7.935579544027832055e-01 -5.984033158699737509e-01 1.038427389616488894e-01
5.870190031673514497e-01 4.079520333175057911e-01 -3.878432418553247052e-01 -3.737109947706666879e-02 7.935633917129681913e-01 -5.983971734496951189e-01 1.038333620003758506e-01
5.870381334021906872e-01 4.079463860170571277e-01 -3.878163252743268008e-01 -3.737785989712228557e-02 7.935405042358573136e-01 -5.984269491924252282e-01 1.038342439027653274e-01
5.870380145196303356e-01 4.079460248781162091e-01 -3.878166145952572919e-01 -3.736793905631239504e-02 7.935416110761427388e-01 -5.984257288053220769e-01 1.038363892148731898e-01
5.870198347746130585e-01 4.079406354973886817e-01 -3.878400416528373085e-01 -3.738031934357448349e-02 7.935507633021436913e-01 -5.984145461602136118e-01 1.038264356135910338e-01
5.870411161039168491e-01 4.079465787144049282e-01 -3.878165983347448553e-01 -3.738984538645746120e-02 7.935253167956894949e-01 -5.984489876704917055e-01 1.038189781419613378e-01
5.870409753625691618e-01 4.079451798512304106e-01 -3.878173667527314294e-01 -3.735954210573356332e-02 7.935276125649213252e-01 -5.984452289119512880e-01 1.038340055241451926e-01
5.870409753625691618e-01 4.079451798512304106e-01 -3.878173667527314294e-01 -3.735954210573356332e-02 7.935276125649213252e-01 -5.984452289119512880e-01 1.038340055241451926e-01
5.870375305862348680e-01 4.079433209582613573e-01 -3.878248783219445106e-01 -3.737161081710208693e-02 7.935218826545268334e-01 -5.984517183787133598e-01 1.038360497270353899e-01
5.870234429920921926e-01 4.079448315468017228e-01 -3.878400877980727190e-01 -3.737426576071144202e-02 7.935335559927746418e-01 -5.984361995662812461e-01 1.038353254965560385e-01
5.870232913046773415e-01 4.079443475362938831e-01 -3.878404535369632811e-01 -3.736151094254235722e-02 7.935348199917059420e-01 -5.984347990328051647e-01 1.038383275452144650e-01
5.870375395602449586e-01 4.079493782551446013e-01 -3.878248660172122775e-01 -3.736329727487743696e-02 7.935249178384049529e-01 -5.984476531208149375e-01 1.038392760976809825e-01
5.870375356882289175e-01 4.079491401704254949e-01 -3.878250206609162309e-01 -3.735776768818045018e-02 7.935255011513414614e-01 -5.984466236064873712e-01 1.038427412478284406e-01
5.870201007579056718e-01 4.079552546325180828e-01 -3.878385324060458217e-01 -3.735979721681969429e-02 7.935397659818926863e-01 -5.984263517673428234e-01 1.038498284435248331e-01
5.870365168687289303e-01 4.079581256021745927e-01 -3.878192928153562091e-01 -3.736666696454137016e-02 7.935347315067137197e-01 -5.984325467294657752e-01 1.038501281049497155e-01
5.870208052918709507e-01 4.079572777307460263e-01 -3.878361697413875708e-01 -3.737949443757387913e-02 7.935405181132896280e-01 -5.984215232281494545e-01 1.038648162054144342e-01
5.870393829348774517e-01 4.079618205263692565e-01 -3.878164761207122391e-01 -3.737718540035111364e-02 7.935242371205840639e-01 -5.984429690968897653e-01 1.038664712611429009e-01
5.870269247970396620e-01 4.079688918804108000e-01 -3.878267964893012398e-01 -3.736980007370874907e-02 7.935397560608419276e-01 -5.984181865017602631e-01 1.038933475122197220e-01
5.870476038400830321e-01 4.079722572163185235e-01 -3.878033409056997338e-01 -3.737450277019900569e-02 7.935190478687982329e-01 -5.984456056499960486e-01 1.038918875094957117e-01
5.870288515607491320e-01 4.079722186919754190e-01 -3.878216014496911335e-01 -3.736248915128051462e-02 7.935353459635907658e-01 -5.984228895401034753e-01 1.039025716011780509e-01
5.870476677845601898e-01 4.079671552370450205e-01 -3.877955542575295955e-01 -3.736209023696512865e-02 7.935153541750928907e-01 -5.984506401544250620e-01 1.038955639104024720e-01
5.870476967010012093e-01 4.079663427309294654e-01 -3.877959150407772615e-01 -3.734649566555868494e-02 7.935162222482627925e-01 -5.984484405430128273e-01 1.039072100577440733e-01
5.870476967010012093e-01 4.079663427309294654e-01 -3.877959150407772615e-01 -3.734649566555868494e-02 7.935162222482627925e-01 -5.984484405430128273e-01 1.039072100577440733e-01
5.870476967010012093e-01 4.079663427309294654e-01 -3.877959150407772615e-01 -3.734649566555868494e-02 7.935162222482627925e-01 -5.984484405430128273e-01 1.039072100577440733e-01
5.870293348592656724e-01 4.079653759080228426e-01 -3.878162081677815065e-01 -3.735382558009538168e-02 7.935256140968711680e-01 -5.984370389791795475e-01 1.038985171431587307e-01
5.870351865156546722e-01 4.079614612441448962e-01 -3.878132291336369164e-01 -3.734341019536230322e-02 7.935079117476084853e-01 -5.984587716471464480e-01 1.039122819859094049e-01
5.870255142314094732e-01 4.079568001716012970e-01 -3.878279921153027776e-01 -3.735438576232372881e-02 7.935173873374039566e-01 -5.984453048099369621e-01 1.039135362139186058e-01
5.870303372546544773e-01 4.079539509851611845e-01 -3.878218999900154285e-01 -3.737079761668019723e-02 7.935120691877670662e-01 -5.984519749618784079e-01 1.039098320808415771e-01
5.870134860618572148e-01 4.079526954320288890e-01 -3.878401158825292572e-01 -3.738125445631232391e-02 7.935197216571341361e-01 -5.984413859818202841e-01 1.039086170662220088e-01
5.870134640665577441e-01 4.079525863192184909e-01 -3.878402353652931067e-01 -3.737781080877426720e-02 7.935201916303070702e-01 -5.984407260810876705e-01 1.039100673740749881e-01
5.870270575768321564e-01 4.079589619520391786e-01 -3.878264533812876280e-01 -3.738019495847036411e-02 7.935149927691390603e-01 -5.984489704527138354e-01 1.039014294393805771e-01
5.870270607354511894e-01 4.079584430889124924e-01 -3.878267326868161113e-01 -3.736930547112991136e-02 7.935157521141921189e-01 -5.984472942266009232e-01 1.039092016527581874e-01
5.870270607354511894e-01 4.079584430889124924e-01 -3.878267326868161113e-01 -3.736930547112991136e-02 7.935157521141921189e-01 -5.984472942266009232e-01 1.039092016527581874e-01
5.870212961556733333e-01 4.079596762131924015e-01 -3.878305925013056932e-01 -3.738274641361983425e-02 7.935113790697727598e-01 -5.984513140929981212e-01 1.039146102226538998e-01
5.870210535918013450e-01 4.079592438342500293e-01 -3.878310497717650795e-01 -3.736853223765104065e-02 7.935128649997403860e-01 -5.984502105619767809e-01 1.039147311820271535e-01
5.869962130251628052e-01 4.079578880317002443e-01 -3.878565752692062496e-01 -3.738239168358187259e-02 7.935244206657878774e-01 -5.984346294326824411e-01 1.039112356524018038e-01
5.870156772335242135e-01 4.079593071564677209e-01 -3.878341322489383125e-01 -3.738155989048960043e-02 7.935055307227327770e-01 -5.984630598070042051e-01 1.038920484879667372e-01
5.869949451488387648e-01 4.079555439257980254e-01 -3.878558025905005091e-01 -3.738552356375202806e-02 7.935079055611128362e-01 -5.984605433613136016e-01 1.038869793552659460e-01
5.870129359301887728e-01 4.079539952574100514e-01 -3.878324552931746716e-01 -3.740948944158695860e-02 7.934926289362647100e-01 -5.984811200181886504e-01 1.038764983300359268e-01
5.870123102379307678e-01 4.079532500414402296e-01 -3.878334157476026611e-01 -3.738104395006034558e-02 7.934960386172044133e-01 -5.984792402610713546e-01 1.038715227025136245e-01
5.870123877296501425e-01 4.079527291602667582e-01 -3.878336338799412975e-01 -3.737157177116939843e-02 7.934965410132531760e-01 -5.984774595055515345e-01 1.038813529327357738e-01
5.870123877296501425e-01 4.079527291602667582e-01 -3.878336338799412975e-01 -3.737157177116939843e-02 7.934965410132531760e-01 -5.984774595055515345e-01 1.038813529327357738e-01
5.869966180183853188e-01 4.079478594659673996e-01 -3.878542152917101027e-01 -3.739056117114001460e-02 7.935022734256940158e-01 -5.984691133027497667e-01 1.038788160607482802e-01
5.869932453714056253e-01 4.079408608181701590e-01 -3.878598334467582842e-01 -3.739971405998889636e-02 7.935091191288551338e-01 -5.984606527209666016e-01 1.038719711586048450e-01
5.870090753549161988e-01 4.079445765811305913e-01 -3.878422258962055946e-01 -3.740942529991254234e-02 7.934908920731842397e-01 -5.984848836737208799e-01 1.038681043905462231e-01
5.869946802799255181e-01 4.079391800353322495e-01 -3.878606774116757361e-01 -3.740144380514139055e-02 7.935050894411472822e-01 -5.984660647992817717e-01 1.038709502986735200e-01
5.870157609409092370e-01 4.079428505287867601e-01 -3.878375806467680431e-01 -3.741135763784216028e-02 7.934835376195628065e-01 -5.984951125524229365e-01 1.038646527809149456e-01
5.870153757383546056e-01 4.079413443783020399e-01 -3.878387158755623454e-01 -3.737209403303844851e-02 7.934868681637987642e-01 -5.984910157959023591e-01 1.038769495642842683e-01
5.870194286763815716e-01 4.079398242791215101e-01 -3.878398744198635062e-01 -3.738906921771259495e-02 7.934708195579314172e-01 -5.985117188018836965e-01 1.038741472644295338e-01
5.870192638497537807e-01 4.079390467017769417e-01 -3.878404306266028945e-01 -3.736947272240973006e-02 7.934723896752549077e-01 -5.985096058092710392e-01 1.038813798787859843e-01
5.870190909769649190e-01 4.079379543257924956e-01 -3.878411961598032809e-01 -3.734252412343788685e-02 7.934745359582626723e-01 -5.985064003629574358e-01 1.038931441553546248e-01
5.870178083377589617e-01 4.079323741811522464e-01 -3.878456100467856382e-01 -3.738314946729462407e-02 7.934652081874289387e-01 -5.985191929821512824e-01 1.038760759943325451e-01
5.870176270203746327e-01 4.079319931805541199e-01 -3.878460005163748558e-01 -3.737106897698711655e-02 7.934664683062704338e-01 -5.985181009049254097e-01 1.038770897082364336e-01
5.870177315639721893e-01 4.079312199334504951e-01 -3.878463898975907931e-01 -3.735570809389510832e-02 7.934674070965310744e-01 -5.985152588434676790e-01 1.038918181564287002e-01
5.870206272530974489e-01 4.079350424016524590e-01 -3.878421733055683607e-01 -3.738877390420510677e-02 7.934468393492173366e-01 -5.985417541216792037e-01 1.038843649719281004e-01
5.870206526151277027e-01 4.079344657970472299e-01 -3.878424695894419072e-01 -3.737701589093188337e-02 7.934475383712608076e-01 -5.985399747833118900e-01 1.038935085655885993e-01
5.870007019116868507e-01 4.079371148777894973e-01 -3.878601316954016220e-01 -3.739550746041045426e-02 7.934597053185898918e-01 -5.985212471204961471e-01 1.039018229043206232e-01
5.870210344944006842e-01 4.079396142157900029e-01 -3.878382232447215028e-01 -3.740272828912332564e-02 7.934388033477142166e-01 -5.985483685330508230e-01 1.039026072103131082e-01
5.870207364333056566e-01 4.079391675270895301e-01 -3.878387372070687400e-01 -3.738717858282597506e-02 7.934405794074494978e-01 -5.985471780553350829e-01 1.039014988784165150e-01
5.869979618734481042e-01 4.079463462186679323e-01 -3.878544727674957948e-01 -3.739958636628582661e-02 7.934559810878500929e-01 -5.985272793979016237e-01 1.038940461821285244e-01
5.870161339918344989e-01 4.079501350660118542e-01 -3.878365599431308763e-01 -3.740064852766821629e-02 7.934293144252599905e-01 -5.985621198795115783e-01 1.038965983356388567e-01
5.870159179215694856e-01 4.079493851012956918e-01 -3.878371430692801325e-01 -3.738069410145324761e-02 7.934310065706120518e-01 -5.985602026479164284e-01 1.039019024220645404e-01
5.869943059540185804e-01 4.079528789323404459e-01 -3.878545718819024768e-01 -3.738644590108050614e-02 7.934431185437107459e-01 -5.985439258508640226e-01 1.039011074317883893e-01
5.870055317888817070e-01 4.079555877273855491e-01 -3.878429587902439413e-01 -3.739099180921713617e-02 7.934303533412629950e-01 -5.985596647197517495e-01 1.039062842125535596e-01
5.870050768168671995e-01 4.079548735126225512e-01 -3.878437285379948141e-01 -3.736717399000330508e-02 7.934328666614899328e-01 -5.985580648903906509e-01 1.039048765169473393e-01
5.869914687948053489e-01 4.079411084995587800e-01 -3.878678469217748948e-01 -3.737335029738923092e-02 7.934377630520774716e-01 -5.985505129416980319e-01 1.039087691568620214e-01
5.870120152943273384e-01 4.079400982805251874e-01 -3.878438870659692839e-01 -3.736558507814358165e-02 7.934183867788232591e-01 -5.985767164257571604e-01 1.039085709940058139e-01
5.870121000356355312e-01 4.079395294409211004e-01 -3.878441304811765522e-01 -3.735497286203683098e-02 7.934189326830682898e-01 -5.985747706228220499e-01 1.039194266553328527e-01
5.869927808186056195e-01 4.079376523032806068e-01 -3.878649203769114484e-01 -3.735877755958407626e-02 7.934325046898014211e-01 -5.985563984449853159e-01 1.039202584748979419e-01
5.870135944907695080e-01 4.079414487940760115e-01 -3.878424483421388236e-01 -3.736553134937404402e-02 7.934153978534848051e-01 -5.985807020394259270e-01 1.039084532748101725e-01
5.870135911327220013e-01 4.079409678898874847e-01 -3.878427234775116972e-01 -3.735501322971603727e-02 7.934162202721009027e-01 -5.985790156331626255e-01 1.039156698451907668e-01
5.870133383106188596e-01 4.079401429082406549e-01 -3.878433741220823072e-01 -3.733285392182478929e-02 7.934181448379418189e-01 -5.985769111379865004e-01 1.039210609668570484e-01
5.870175125041873221e-01 4.079430592134020706e-01 -3.878351844825337347e-01 -3.735279973944914678e-02 7.934103602657973653e-01 -5.985862187530325285e-01 1.039197156148384260e-01
5.869951033352492908e-01 4.079397708424065128e-01 -3.878588273787879070e-01 -3.735242040802588814e-02 7.934258931231845668e-01 -5.985644448960324437e-01 1.039266766410026077e-01
5.870113591440472289e-01 4.079437326774762451e-01 -3.878415330193871746e-01 -3.735731795750972528e-02 7.934143422257964318e-01 -5.985803599881630577e-01 1.039214365849001342e-01
5.869939668420284251e-01 4.079370031171407063e-01 -3.878644240393059328e-01 -3.737630380766808480e-02 7.934220294006673058e-01 -5.985695894184237531e-01 1.039179570568203731e-01
5.870119904201338557e-01 4.079319424690109885e-01 -3.878407792852418545e-01 -3.735977984997470441e-02 7.934064816165296019e-01 -5.985939921043975653e-01 1.039020423040915436e-01
5.870120040846189546e-01 4.079315764312812509e-01 -3.878409968149139075e-01 -3.735163967049702494e-02 7.934070807044152351e-01 -5.985926548612614528e-01 1.039080980875385085e-01
5.870005123567885175e-01 4.079299875460362657e-01 -3.878553629120121138e-01 -3.734537840017902038e-02 7.934207232571903745e-01 -5.985741206060453123e-01 1.039129479847623050e-01
5.870130463722497138e-01 4.079291443961799435e-01 -3.878394379400979530e-01 -3.735311292668822697e-02 7.934153319663217463e-01 -5.985821678939606816e-01 1.039049769492483150e-01
5.869968495634395600e-01 4.079236920312103165e-01 -3.878602903112887135e-01 -3.734743995185681176e-02 7.934292643852595139e-01 -5.985624954423035549e-01 1.039139557325712560e-01
5.870112803994157469e-01 4.079247322033403567e-01 -3.878433797837151364e-01 -3.736059231897641969e-02 7.934224891155686743e-01 -5.985714567791714513e-01 1.039093404679816146e-01
5.870110397642800404e-01 4.079235301706291006e-01 -3.878442675389675021e-01 -3.732979187056743864e-02 7.934249251744478482e-01 -5.985681129135286271e-01 1.039210707891303487e-01
5.870110397642800404e-01 4.079235301706291006e-01 -3.878442675389675021e-01 -3.732979187056743864e-02 7.934249251744478482e-01 -5.985681129135286271e-01 1.039210707891303487e-01
5.870133085371387338e-01 4.079217748274026611e-01 -3.878459374502357671e-01 -3.732037242058963700e-02 7.934155252236965161e-01 -5.985810340398324270e-01 1.039217966751885130e-01
5.869993551666889964e-01 4.079284727581570236e-01 -3.878560799918959190e-01 -3.734575022292748597e-02 7.934275065262612614e-01 -5.985649863111397462e-01 1.039136371712173212e-01
5.870192146856839654e-01 4.079330452772594873e-01 -3.878355365239291030e-01 -3.736890492946186998e-02 7.934066191840449811e-01 -5.985934705723537919e-01 1.039007149516372325e-01
5.870192932926613372e-01 4.079316503730953114e-01 -3.878362363350671971e-01 -3.734041479659560431e-02 7.934081720647068181e-01 -5.985892169559491327e-01 1.039236030352227030e-01
5.870150737337145319e-01 4.079383570920630531e-01 -3.878317483751130279e-01 -3.737401379458461792e-02 7.934038900806796857e-01 -5.985935467187420977e-01 1.039192769624774915e-01
5.869917232307394483e-01 4.079373708844210578e-01 -3.878543809107217188e-01 -3.737256075716315074e-02 7.934208180812006850e-01 -5.985688796141430679e-01 1.039326392202171156e-01
5.869917190175922839e-01 4.079368626524565999e-01 -3.878546763858291557e-01 -3.736134446212724392e-02 7.934216112611051086e-01 -5.985671396052831827e-01 1.039406374261944155e-01
5.869896076708424060e-01 4.079383823710434065e-01 -3.878561203421838632e-01 -3.738175250962121748e-02 7.934256899693030718e-01 -5.985617286119022662e-01 1.039333253445504923e-01
5.869896076708424060e-01 4.079383823710434065e-01 -3.878561203421838632e-01 -3.738175250962121748e-02 7.934256899693030718e-01 -5.985617286119022662e-01 1.039333253445504923e-01
5.870071980931406141e-01 4.079407698899428225e-01 -3.878377970696636479e-01 -3.737696026214955974e-02 7.934135703642456461e-01 -5.985787750383233519e-01 1.039293956349306297e-01
5.869825077834397442e-01 4.079391975302325002e-01 -3.878610492740739990e-01 -3.739084102737185583e-02 7.934198255191914351e-01 -5.985700882754695362e-01 1.039266804158491680e-01
5.870010032748854689e-01 4.079428014453094220e-01 -3.878411245618734737e-01 -3.739760075726444866e-02 7.934096287011751514e-01 -5.985867836724904079e-01 1.039059332015584425e-01
5.870007327788610008e-01 4.079415932635387376e-01 -3.878420229152882426e-01 -3.736624433221466535e-02 7.934122535281465938e-01 -5.985832668219782660e-01 1.039174307641489714e-01
5.869837369849322251e-01 4.079368954459062224e-01 -3.878628596510422244e-01 -3.738439540366397806e-02 7.934249752627469121e-01 -5.985647700079684830e-01 1.039203142552961867e-01
5.869989172989422688e-01 4.079346036429916111e-01 -3.878437526812888447e-01 -3.738523071232024986e-02 7.934115034884541284e-01 -5.985819486086475516e-01 1.039239214841880532e-01
5.869787593645173773e-01 4.079320531092145985e-01 -3.878641199167293663e-01 -3.739889963115194255e-02 7.934141787647561728e-01 -5.985758214049532455e-01 1.039338696999791839e-01
5.869927097553330197e-01 4.079253131933756604e-01 -3.878441009516819249e-01 -3.739651192241597033e-02 7.933990237542747348e-01 -5.985955314172993758e-01 1.039369028259036210e-01
