repeatability libsurvive; 20211016-002451; x y z w i j k;  frequency = 150 duration = 2 sys.args = ['repeatability.py']
2.344517939002306872e-01 7.709366466607303625e-02 -2.101103917335554461e-01 9.358856537698284628e-02 8.406328717338910073e-01 -4.671169733639836674e-01 2.576417834637492188e-01
2.345779945400447153e-01 7.713323925279080839e-02 -2.101919990867606169e-01 9.362636864365619926e-02 8.405811604849436902e-01 -4.672052853049493137e-01 2.576366377585075917e-01
2.345769525701867919e-01 7.713409317276165300e-02 -2.101924424866233321e-01 9.362556093865817552e-02 8.405891373342326833e-01 -4.672075742317158276e-01 2.576067528523426908e-01
2.344427826241416435e-01 7.715817384595863304e-02 -2.100818630548892119e-01 9.358021308289056484e-02 8.406418098699850461e-01 -4.671007938603549681e-01 2.576449875175192972e-01
2.345861391163726883e-01 7.719380143939266747e-02 -2.101748892870878016e-01 9.365282478937916877e-02 8.405657044120937726e-01 -4.672371056540145506e-01 2.576197431782542013e-01
2.345852822766520129e-01 7.719463842872673065e-02 -2.101752422975914636e-01 9.365043566387312723e-02 8.405724328098929110e-01 -4.672395682617328516e-01 2.575941904442220487e-01
2.344327792399894528e-01 7.720251864740684811e-02 -2.100601830218022936e-01 9.359773470356536063e-02 8.406080372251341082e-01 -4.671607815532507479e-01 2.576400512137516086e-01
2.344311769925050415e-01 7.720331624888811251e-02 -2.100609071073073209e-01 9.360306846845789508e-02 8.406189961234282748e-01 -4.671623989423562273e-01 2.575994214748001943e-01
2.345720723072772240e-01 7.711346083785292072e-02 -2.100911653926223754e-01 9.361852099840313468e-02 8.406192393218101522e-01 -4.671645919780688105e-01 2.575890351122448463e-01
2.344058199968058753e-01 7.715471227712331070e-02 -2.099529927841762844e-01 9.356164945495940022e-02 8.406818067522716653e-01 -4.670397769397370280e-01 2.576318386828076457e-01
2.345192636513039053e-01 7.710860836101522675e-02 -2.099957534950425142e-01 9.360187303657942215e-02 8.406635025717538179e-01 -4.670747100033636467e-01 2.576136255773531780e-01
2.345183785278568134e-01 7.710923811641216818e-02 -2.099961094165465614e-01 9.360215147859121676e-02 8.406699719994086273e-01 -4.670763981601219195e-01 2.575893509034475892e-01
2.343484718396117994e-01 7.710866149926953739e-02 -2.098732314208292538e-01 9.355103318946736413e-02 8.407295126157549037e-01 -4.669628878076487744e-01 2.576193940999002563e-01
2.344655802598913652e-01 7.716048374973592805e-02 -2.099553688603778279e-01 9.357982760803598699e-02 8.406794832199782075e-01 -4.670587845027516227e-01 2.575983582569051356e-01
2.344641659492590624e-01 7.716133815024942000e-02 -2.099559070299294450e-01 9.358192160929891534e-02 8.406896326815085363e-01 -4.670609526010659485e-01 2.575605404659767061e-01
2.343061562740999526e-01 7.719198357054982140e-02 -2.098346163847481793e-01 9.354162379341794675e-02 8.407077317091937729e-01 -4.670190637411394396e-01 2.575920584273173608e-01
2.344555436215916278e-01 7.722636536777519045e-02 -2.099199085756701111e-01 9.359162872320253568e-02 8.406315347556501116e-01 -4.671526615032278174e-01 2.575803188478288375e-01
2.343110644187378078e-01 7.715599084407984143e-02 -2.098415455145455355e-01 9.357676032539002930e-02 8.406380983230152815e-01 -4.671317518952033399e-01 2.576022203828744472e-01
2.343100403216284711e-01 7.715657578736079270e-02 -2.098419238527643726e-01 9.357849522699974998e-02 8.406450062470676166e-01 -4.671333048880262906e-01 2.575762298181031307e-01
2.344315404699318928e-01 7.723728571136596888e-02 -2.099422101404044005e-01 9.364864163901212568e-02 8.405440191035224995e-01 -4.672903382972071196e-01 2.575954650271368718e-01
2.344306614231709829e-01 7.723798058085772078e-02 -2.099425416914504350e-01 9.364802943078268105e-02 8.405504456072590003e-01 -4.672922113796225130e-01 2.575713185840222685e-01
2.342936077452993371e-01 7.721172312366059165e-02 -2.098524801347076141e-01 9.362245207033097205e-02 8.405568138263292965e-01 -4.672618987253087663e-01 2.576148233275550314e-01
2.344382262080567658e-01 7.742759596393410104e-02 -2.100133572996875087e-01 9.369146446600244704e-02 8.404496395324876357e-01 -4.674538326702697422e-01 2.575912017476580385e-01
2.342995631286900748e-01 7.740584571845504636e-02 -2.099252906623816084e-01 9.368553453297849554e-02 8.404087446681082207e-01 -4.675152530301218690e-01 2.576153153227227488e-01
2.342985710438685309e-01 7.740666339943806651e-02 -2.099256288980434759e-01 9.368379488434008806e-02 8.404159344517970753e-01 -4.675176097633618744e-01 2.575882145144343105e-01
2.344282608679513491e-01 7.756880090931370098e-02 -2.100579184805257404e-01 9.376419768961091750e-02 8.403070209327946349e-01 -4.677028465067076812e-01 2.575780137593235430e-01
2.342943388436941610e-01 7.752191020956139544e-02 -2.099756848344401516e-01 9.369170102083250462e-02 8.404044249221997998e-01 -4.675210019970594821e-01 2.576167316434922472e-01
2.344380445243306743e-01 7.772628828013833369e-02 -2.101310036395911407e-01 9.376946162270898000e-02 8.402931477573754027e-01 -4.676980180481603577e-01 2.576301182175946280e-01
2.344359107471887249e-01 7.772730992823906337e-02 -2.101319593546032982e-01 9.377809782614396350e-02 8.403081327874093454e-01 -4.676998779734236611e-01 2.575747163117772520e-01
2.343285600306341532e-01 7.766779386567639054e-02 -2.100764699395555879e-01 9.375445304551881243e-02 8.403537395624887107e-01 -4.676166576225749827e-01 2.575856293572448275e-01
2.344683218504252653e-01 7.758140346059691494e-02 -2.101094363489946770e-01 9.383040600058743796e-02 8.402240071290310031e-01 -4.678285015416030479e-01 2.575965176378308685e-01
2.344661990592658007e-01 7.758200712965468426e-02 -2.101104559395329530e-01 9.384538741204179191e-02 8.402383614590458460e-01 -4.678283430599917692e-01 2.575445216343070776e-01
2.343120547932680264e-01 7.752055489757990470e-02 -2.100211158736778605e-01 9.377909654771655890e-02 8.403149419483214588e-01 -4.676817313519290309e-01 2.575850879782162761e-01
2.344526883281102259e-01 7.744159848831716486e-02 -2.100578466964764801e-01 9.383504070884651771e-02 8.402222544369944979e-01 -4.678263038136070140e-01 2.576045375067804732e-01
2.344505674118022298e-01 7.744277971472754429e-02 -2.100587576845761306e-01 9.384127162835735614e-02 8.402372708122727296e-01 -4.678287956996841079e-01 2.575487573087853477e-01
2.343076919253706258e-01 7.740505827225914459e-02 -2.099694055525333503e-01 9.377508631881617540e-02 8.403015899482557671e-01 -4.677088227178631819e-01 2.575809159627363565e-01
2.344393804959697403e-01 7.731174497476386853e-02 -2.099902750976250509e-01 9.379799430045401842e-02 8.402701907185939900e-01 -4.677510751652840248e-01 2.575982813154438222e-01
2.344374039794419884e-01 7.731353934332174660e-02 -2.099909991447843627e-01 9.379353696213725555e-02 8.402850438575081293e-01 -4.677563450496502462e-01 2.575418784572910402e-01
2.342736427904937302e-01 7.731763354592853521e-02 -2.098773802884898454e-01 9.374701051800472806e-02 8.403233905676702475e-01 -4.676758227111096899e-01 2.575799334872158064e-01
2.343968317922530131e-01 7.722931803555771468e-02 -2.099002676450028304e-01 9.377274039918316595e-02 8.402810748812004071e-01 -4.677327076310580645e-01 2.576053232498136669e-01
2.343951424031190667e-01 7.722954348658210566e-02 -2.099010979164686597e-01 9.378799211487164056e-02 8.402916681498704410e-01 -4.677317527774168537e-01 2.575669474461627084e-01
2.343003531508997817e-01 7.718993354581754618e-02 -2.098442480936485999e-01 9.375633670917098150e-02 8.403279649680799324e-01 -4.676568275870010005e-01 2.575961029028659977e-01
2.344409944323366246e-01 7.732216633576394216e-02 -2.099633295694682267e-01 9.381255618936293339e-02 8.402494650637727380e-01 -4.677774244620754307e-01 2.576127363405941728e-01
2.344389086635301211e-01 7.732386753041539662e-02 -2.099641137226813115e-01 9.381067359492191449e-02 8.402648744967080585e-01 -4.677822216606126737e-01 2.575544433803462208e-01
2.342964733522522325e-01 7.730213566141631854e-02 -2.098721235820990572e-01 9.376474198266696036e-02 8.402945860577742954e-01 -4.677172343348621752e-01 2.575922563064837467e-01
2.344425307563228478e-01 7.733122414316000170e-02 -2.099454768707241237e-01 9.381750388350688918e-02 8.401928302619066091e-01 -4.678804643798739615e-01 2.576085305133126169e-01
2.344410867060356396e-01 7.733200060344472271e-02 -2.099461201871274940e-01 9.382255775341973025e-02 8.402028253059479201e-01 -4.678819512359270183e-01 2.575713876038462358e-01
2.343521390954492745e-01 7.723138477801272384e-02 -2.099152578504220046e-01 9.378524572641669388e-02 8.402508725937561929e-01 -4.677841379298153246e-01 2.576058987886853946e-01
2.344808859294003067e-01 7.721441013454782842e-02 -2.099699954628897469e-01 9.380868791377577898e-02 8.402090533122651417e-01 -4.678517929893343252e-01 2.576109015563354809e-01
2.344792478128322755e-01 7.721590703455594173e-02 -2.099706201345960255e-01 9.380511947251220228e-02 8.402214951851427749e-01 -4.678560800003080389e-01 2.575638309164081097e-01
2.343390640681376202e-01 7.720991228227280789e-02 -2.098751234330743509e-01 9.375010185807775009e-02 8.402607523424978631e-01 -4.677861196233131791e-01 2.575828658163873408e-01
2.344596636678928370e-01 7.712468512822136246e-02 -2.098933364640612753e-01 9.380813513221451794e-02 8.401641529601980851e-01 -4.679382053402740826e-01 2.576005936456909895e-01
2.344581399027783064e-01 7.712615270799258460e-02 -2.098938928113986691e-01 9.380352420209915609e-02 8.401756931414758878e-01 -4.679425836617050471e-01 2.575566770586913412e-01
2.343412809572996414e-01 7.704828085984020969e-02 -2.098372535643438785e-01 9.378624639919731776e-02 8.401768473543880233e-01 -4.679196364708971267e-01 2.576008908387812379e-01
2.344392127359574141e-01 7.700365686149740485e-02 -2.098723008190248318e-01 9.384536930595102633e-02 8.401057448212072565e-01 -4.680336401155441584e-01 2.576041457322213457e-01
2.344371096800584864e-01 7.700466600970964914e-02 -2.098731975480838119e-01 9.385320369565255949e-02 8.401201662009942783e-01 -4.680356091388011563e-01 2.575506767153747933e-01
2.342615862163026919e-01 7.699871280697830056e-02 -2.097538776915169600e-01 9.378578533638592951e-02 8.401812402962802739e-01 -4.679206195598595297e-01 2.575849446566288448e-01
2.343476134126337429e-01 7.707530203591514417e-02 -2.098361060588206373e-01 9.384067379634962458e-02 8.400999574008478632e-01 -4.680457682480962944e-01 2.576026947483085472e-01
2.343459916524461839e-01 7.707669880954239050e-02 -2.098366718324513880e-01 9.383714614062775572e-02 8.401117347324822404e-01 -4.680497693281192584e-01 2.575582974801167158e-01
2.342561196652882261e-01 7.699410649019661212e-02 -2.098033560344055581e-01 9.385197608582443451e-02 8.400733843630875386e-01 -4.681006231497827907e-01 2.575855626317574698e-01
2.343868254826778075e-01 7.709243519413047641e-02 -2.099140333861902463e-01 9.392093248572840058e-02 8.399737132771706305e-01 -4.682619096578277684e-01 2.575923201649791272e-01
2.343856721470254922e-01 7.709355234037795768e-02 -2.099144609814386497e-01 9.391720470157334522e-02 8.399822667692306011e-01 -4.682651592130132046e-01 2.575598781671540882e-01
2.342703427451862108e-01 7.705075869913616260e-02 -2.098476949020912363e-01 9.388597623226412059e-02 8.400058607092709684e-01 -4.682073496276129010e-01 2.575994083760243525e-01
2.343626862447604486e-01 7.711779187197596863e-02 -2.099249133298157488e-01 9.394008241681398030e-02 8.399220387687567069e-01 -4.683381245551090921e-01 2.576152767097875662e-01
2.343609112899702751e-01 7.711917732402108483e-02 -2.099255760816634842e-01 9.393876639257142669e-02 8.399347765018346790e-01 -4.683420838295961897e-01 2.575670241036425168e-01
2.342661479312875550e-01 7.703653458528111897e-02 -2.098855824231956602e-01 9.385549935172157743e-02 8.400571096165849738e-01 -4.681243291156418906e-01 2.575942746143602968e-01
2.343663309514560644e-01 7.707096116526881979e-02 -2.099496570646317284e-01 9.392934552803561266e-02 8.399409844827319116e-01 -4.683057438360558877e-01 2.576162862185005786e-01
2.343642146674092264e-01 7.707228791293077586e-02 -2.099505209065132827e-01 9.393263957015807186e-02 8.399559529638360722e-01 -4.683089345956062410e-01 2.575604746111579968e-01
2.342742473045910934e-01 7.696016164250178704e-02 -2.099283520173647055e-01 9.389380705064202803e-02 8.400022554061729041e-01 -4.682194424056940196e-01 2.575863305056779740e-01
2.343906148185168903e-01 7.703591648266816527e-02 -2.100224513685629568e-01 9.394145936027049892e-02 8.399561983226940809e-01 -4.682897059092477332e-01 2.575914176597891569e-01
2.343888317319120784e-01 7.703696340710979029e-02 -2.100232373480341586e-01 9.394566785014517307e-02 8.399687831593245502e-01 -4.682921757268100338e-01 2.575443514486080443e-01
2.342594907553720851e-01 7.697905875194771541e-02 -2.099543194691214643e-01 9.387698501019343944e-02 8.400553513387554183e-01 -4.681307041701229243e-01 2.575805935735471230e-01
2.343845103822724818e-01 7.704338642756108912e-02 -2.100426352379704820e-01 9.391648063052915330e-02 8.400045819687549375e-01 -4.682088347896232738e-01 2.575897590402537740e-01
2.343824541166758257e-01 7.704422752815584530e-02 -2.100436013300940041e-01 9.392667552981667778e-02 8.400185962073947188e-01 -4.682099075160247592e-01 2.575383857864882442e-01
2.342636094140679859e-01 7.702446323549569374e-02 -2.099681879147048680e-01 9.386201310040384604e-02 8.400976673655617954e-01 -4.680584883655432016e-01 2.575792756660443272e-01
2.343854104950080786e-01 7.714762271139007088e-02 -2.100848160000487186e-01 9.393157181157407720e-02 8.400091262525901659e-01 -4.681964630757889934e-01 2.575919245486718023e-01
2.343838593044750007e-01 7.714896401103135681e-02 -2.100854429552799496e-01 9.392893056283876940e-02 8.400207683576970119e-01 -4.682002699576494065e-01 2.575479992984800459e-01
2.342633057828777954e-01 7.714044304297820731e-02 -2.100092136902402262e-01 9.388314831364566460e-02 8.400703191877834097e-01 -4.681019422214094949e-01 2.575818024841778353e-01
2.344077648679527004e-01 7.728976006607612970e-02 -2.101414471281703999e-01 9.395186935037137810e-02 8.399573530074453398e-01 -4.682822372785412357e-01 2.575974332630286412e-01
2.344060277303966211e-01 7.729079575346907427e-02 -2.101422587431226452e-01 9.395653623918667763e-02 8.399698412317182505e-01 -4.682844331432425289e-01 2.575510139657937181e-01
2.342626184556871882e-01 7.723392533704639962e-02 -2.100678536480871383e-01 9.390780737714250759e-02 8.400289124175560618e-01 -4.681611276567505531e-01 2.576002883681522970e-01
2.343667246562361195e-01 7.734517363284139357e-02 -2.101681349315272507e-01 9.396864688730724446e-02 8.399588042379079189e-01 -4.682758468923752249e-01 2.575981983683529042e-01
2.343644869071748182e-01 7.734640952715321482e-02 -2.101691393643950190e-01 9.397517933379169464e-02 8.399746696473955332e-01 -4.682784717361282434e-01 2.575393036575325811e-01
2.342388833548538773e-01 7.744798944644804006e-02 -2.100535695270665804e-01 9.394467493371598532e-02 8.399902366878497784e-01 -4.682390264319925555e-01 2.575713773824809816e-01
2.343815763632789984e-01 7.742378699191447555e-02 -2.101076412120045922e-01 9.402782531579426117e-02 8.398448709289678682e-01 -4.684686624686533740e-01 2.575975021725145919e-01
2.343802153837908353e-01 7.742443021544102855e-02 -2.101083303151126680e-01 9.403463847685118726e-02 8.398543664027952049e-01 -4.684693806146227324e-01 2.575627485240032377e-01
2.343086680225485996e-01 7.741429616787268153e-02 -2.100599597922587214e-01 9.394958638977755905e-02 8.400026285661668091e-01 -4.682055217481487785e-01 2.575900786592216218e-01
2.344141947583557317e-01 7.744012114214404718e-02 -2.101211825301361191e-01 9.400924167542117071e-02 8.399135795876974120e-01 -4.683448647729217540e-01 2.576053744482565966e-01
2.344126303409032885e-01 7.744157442038036854e-02 -2.101218346055627739e-01 9.400627364587586798e-02 8.399256950960036772e-01 -4.683492110843359146e-01 2.575590489759420620e-01
2.343265436742597851e-01 7.729369308027300711e-02 -2.101141325158137063e-01 9.392183705812216787e-02 8.400470111006281826e-01 -4.681239485921053767e-01 2.576037197306444981e-01
2.344428783431251329e-01 7.731502289771094438e-02 -2.101735066507902649e-01 9.395242384664430346e-02 8.399880128788584921e-01 -4.682145228317949881e-01 2.576203425247344803e-01
2.344413273620008786e-01 7.731627338271612748e-02 -2.101742054702483709e-01 9.395194758565322823e-02 8.399998820104717101e-01 -4.682180051882914862e-01 2.575754828875477798e-01
2.343541758932069508e-01 7.722694038144654882e-02 -2.101478101307361623e-01 9.391522092736825922e-02 8.400363331847404691e-01 -4.681389590732435435e-01 2.576136743372125504e-01
2.344793628806675911e-01 7.735719851625458277e-02 -2.102600671672373300e-01 9.398120069020654554e-02 8.399166180374435520e-01 -4.683324511111468524e-01 2.576282668838879575e-01
2.344773142616530803e-01 7.735864992563672160e-02 -2.102610203468929795e-01 9.398345291166189386e-02 8.399321207629413255e-01 -4.683360072057650703e-01 2.575704320065304032e-01
2.343706171479414679e-01 7.729033298269585850e-02 -2.102178235147654506e-01 9.394983677543150558e-02 8.399648961158105998e-01 -4.682701125909943807e-01 2.575956193669501904e-01
2.345062024459261818e-01 7.722527967439538066e-02 -2.102560361174157788e-01 9.398415671355701828e-02 8.399216819635548781e-01 -4.683288820366250382e-01 2.576171669448282797e-01
2.345036970906078932e-01 7.722611593873031366e-02 -2.102573438632273084e-01 9.400068395340777094e-02 8.399391515849730094e-01 -4.683292970023398283e-01 2.575534170231520426e-01
2.343860605566685240e-01 7.715393070041905166e-02 -2.102052684094947999e-01 9.392069568388346223e-02 8.400425436860249340e-01 -4.681442529451259049e-01 2.575818047809629863e-01
2.345354616568318118e-01 7.722488731819833474e-02 -2.103001747593917503e-01 9.396525346764469933e-02 8.399720802659814689e-01 -4.682504101010451780e-01 2.576023853822083653e-01
2.345339700489849910e-01 7.722567621996738463e-02 -2.103009742611356425e-01 9.397131227827479338e-02 8.399830867595075024e-01 -4.682518685551233517e-01 2.575616315007032697e-01
2.343681907361728489e-01 7.721720233089607310e-02 -2.101985862798036453e-01 9.388311708866750593e-02 8.400660744183050532e-01 -4.680914586152825074e-01 2.576147070890004720e-01
2.344823300495247898e-01 7.739100641653415269e-02 -2.103244484936854231e-01 9.391981784354762330e-02 8.400012172592778992e-01 -4.681953964934530421e-01 2.576239381763747449e-01
2.344809461902302161e-01 7.739210895722764549e-02 -2.103251126559582129e-01 9.391956410131993560e-02 8.400118848973809893e-01 -4.681984353532351317e-01 2.575837220069421840e-01
2.343261723220090853e-01 7.738778155739836628e-02 -2.102285839989671556e-01 9.384499948553082227e-02 8.400814350401285546e-01 -4.680634079238399359e-01 2.576294717907869902e-01
2.343977908704986124e-01 7.736637476373661726e-02 -2.102569390118617376e-01 9.385798667110879789e-02 8.400779636340638401e-01 -4.680606077145713639e-01 2.576411474519479938e-01
2.343961128253657655e-01 7.736693628929350308e-02 -2.102578082113261970e-01 9.386827669436194344e-02 8.400892898177445556e-01 -4.680610027746855417e-01 2.575997465944098730e-01
2.342592757303821049e-01 7.735579636359618538e-02 -2.101732252364816311e-01 9.378516771525513551e-02 8.401657103047850406e-01 -4.679100397738486516e-01 2.576550333750783905e-01
2.344187642496549373e-01 7.743956126861720191e-02 -2.102817957045226005e-01 9.383402733888482339e-02 8.400717188567993210e-01 -4.680599342149047160e-01 2.576714583982618323e-01
2.344169685674109549e-01 7.744085504195702407e-02 -2.102825803200771282e-01 9.383426290211646648e-02 8.400850694903255755e-01 -4.680635052765050874e-01 2.576213542261633904e-01
2.342859791724693774e-01 7.739829946963203144e-02 -2.102165648340587334e-01 9.379669726368386473e-02 8.400991244301283523e-01 -4.680198136745572501e-01 2.576685753486233077e-01
2.344406206541637117e-01 7.742582208683748690e-02 -2.102950472509746704e-01 9.383855540559107866e-02 8.400003730810765568e-01 -4.681706260955272314e-01 2.577013069512182897e-01
2.344388077742032284e-01 7.742667707080815032e-02 -2.102959380912064191e-01 9.384605408202169319e-02 8.400131420320456899e-01 -4.681720616489258302e-01 2.576543421681048995e-01
2.343140771378476872e-01 7.738883247089778372e-02 -2.102290649020264190e-01 9.375418100338599181e-02 8.401127316589939165e-01 -4.679847511837011975e-01 2.577033649535391824e-01
2.344550435364934626e-01 7.736089818742306057e-02 -2.102799104981807887e-01 9.381312758681083219e-02 8.399891447254314025e-01 -4.681742766860078619e-01 2.577405293805229425e-01
2.344537795678303116e-01 7.736187916788209162e-02 -2.102805015885484130e-01 9.381281078913739080e-02 8.399986361442293159e-01 -4.681768904695353672e-01 2.577049612210687290e-01
2.343181516666582032e-01 7.736256886888635831e-02 -2.101939871194847542e-01 9.374273584128987868e-02 8.400869052664839964e-01 -4.680066388401608601e-01 2.577519681366311488e-01
2.344458481984806331e-01 7.748284823850676295e-02 -2.103008254906486574e-01 9.379138631223191136e-02 8.400157865911473953e-01 -4.681165687257712871e-01 2.577664295747133516e-01
2.344437200054425852e-01 7.748359503270610404e-02 -2.103019199146049789e-01 9.380431410881155674e-02 8.400303816647034516e-01 -4.681170565250590831e-01 2.577132707586913263e-01
2.342817051501747128e-01 7.758784864054629749e-02 -2.101677506879091606e-01 9.374038744219677366e-02 8.400424819144491906e-01 -4.680910299293872256e-01 2.577443618022410288e-01
2.343846512399514193e-01 7.758255229858372626e-02 -2.102069798145222435e-01 9.373156391051318259e-02 8.400461087040844710e-01 -4.680643402003779041e-01 2.577842171483736289e-01
2.343824862617207294e-01 7.758388333797180958e-02 -2.102079153528477184e-01 9.373531248034247532e-02 8.400616987451845485e-01 -4.680676451674115057e-01 2.577260426169647456e-01
2.342369612397137146e-01 7.760222717629473854e-02 -2.101099022387266924e-01 9.365144521562888957e-02 8.401309983209798160e-01 -4.679307172991661878e-01 2.577792782151153705e-01
2.343509761438968275e-01 7.767721880905291421e-02 -2.101933848660763049e-01 9.368226700206912227e-02 8.400828684171531835e-01 -4.680084979705048109e-01 2.577837327465664075e-01
2.343490364558949157e-01 7.767849258714730476e-02 -2.101941871164672571e-01 9.368407080058663294e-02 8.400968763543448237e-01 -4.680118493066112162e-01 2.577313371061213942e-01
2.341876821998727931e-01 7.773811292112287052e-02 -2.100750924494392546e-01 9.361167792492884610e-02 8.401349008983043376e-01 -4.679345657943411174e-01 2.577740176657399296e-01
2.343351361120158405e-01 7.772144524880300609e-02 -2.101280174695623337e-01 9.363753998137176737e-02 8.400909630115367399e-01 -4.680017065507768859e-01 2.577859337476470225e-01
2.343329121555587646e-01 7.772251559513110308e-02 -2.101289925705642769e-01 9.364572098712647952e-02 8.401063995162891818e-01 -4.680038639216057561e-01 2.577287329480849598e-01
2.342084052255777593e-01 7.765070680833215111e-02 -2.100757730247104493e-01 9.355785936346536213e-02 8.402002027240664805e-01 -4.678238088219806023e-01 2.577817491465567712e-01
2.343217644012124401e-01 7.762218201540865836e-02 -2.101176036060455332e-01 9.359017581272234543e-02 8.401420198405159523e-01 -4.679142915007240000e-01 2.577954252872173835e-01
2.343194026919155071e-01 7.762299278459806884e-02 -2.101187072967241332e-01 9.360358745402806713e-02 8.401578684569784850e-01 -4.679151884539578532e-01 2.577372710720349791e-01
2.342068299941262033e-01 7.755530930249206201e-02 -2.100754791639828090e-01 9.357594453603228224e-02 8.401839110106292807e-01 -4.678528804451403955e-01 2.577755235515146182e-01
2.343073489061038850e-01 7.766075260365805366e-02 -2.101665297876291749e-01 9.361643215353046554e-02 8.401284508382369509e-01 -4.679378833390666070e-01 2.577872903367069424e-01
2.343053327797463004e-01 7.766207984061750114e-02 -2.101673496367815197e-01 9.361796454596058026e-02 8.401429320341244900e-01 -4.679415543548759437e-01 2.577328697999505258e-01
2.341829572584380181e-01 7.765383407926429449e-02 -2.101004128946770411e-01 9.361967591097600239e-02 8.401211768854670581e-01 -4.679700686945851285e-01 2.577513903684842678e-01
2.343371633793222830e-01 7.773572266248321427e-02 -2.102012550747849040e-01 9.368736928511334217e-02 8.400086895322204095e-01 -4.681521125661821658e-01 2.577628325546899024e-01
2.343354202538830700e-01 7.773682194056491523e-02 -2.102020192692398148e-01 9.369019559091369687e-02 8.400213303017565192e-01 -4.681548305404420462e-01 2.577156699346270230e-01
2.342558644913411425e-01 7.768776365460203226e-02 -2.101702690862610190e-01 9.365018994655519013e-02 8.400651879866851690e-01 -4.680728014609674137e-01 2.577362496591258934e-01
2.343769578703773782e-01 7.774863873029164152e-02 -2.102463013661500790e-01 9.368709097952519771e-02 8.400191634563345389e-01 -4.681432228190640088e-01 2.577449455149296575e-01
2.343749443611719829e-01 7.774960133383183869e-02 -2.102472552880045586e-01 9.369518273630052241e-02 8.400334990180510220e-01 -4.681449531270747144e-01 2.576921343796706454e-01
2.342554957790089765e-01 7.770544033933668437e-02 -2.101898356397474410e-01 9.362846775395546051e-02 8.401062920096278308e-01 -4.680108025328947874e-01 2.577227519339260753e-01
2.343804472740561584e-01 7.780195126567084063e-02 -2.102867602580243411e-01 9.369259559825288131e-02 8.400327065439062713e-01 -4.681276591728793512e-01 2.577270730519056752e-01
2.343788528844200914e-01 7.780242599604708653e-02 -2.102876259854716823e-01 9.370401112542062205e-02 8.400435216254547033e-01 -4.681277807732782126e-01 2.576874481661782790e-01
2.342531299690889246e-01 7.786604695342740079e-02 -2.101909813635738644e-01 9.366627608935597371e-02 8.400579921096494873e-01 -4.680978379100023123e-01 2.577083870583916081e-01
2.343569812542780073e-01 7.793534739293515867e-02 -2.102687770323047600e-01 9.373453500108400172e-02 8.399497459773369590e-01 -4.682710478574052537e-01 2.577217238015948597e-01
2.343549986107571481e-01 7.793611282631464354e-02 -2.102697811645408144e-01 9.374594620492289476e-02 8.399635572302381892e-01 -4.682717714264293951e-01 2.576712404992493877e-01
2.342260088697964426e-01 7.795498887171516122e-02 -2.101865472293933113e-01 9.370101163106320241e-02 8.400026014264552199e-01 -4.681912399330107055e-01 2.577066410981548317e-01
2.343453403709829241e-01 7.788707431400120063e-02 -2.102113159556835142e-01 9.376763431156374951e-02 8.398766920035973804e-01 -4.683951443542242465e-01 2.577222569552202747e-01
2.343436720530011341e-01 7.788726646047544611e-02 -2.102122650329801556e-01 9.378453534666050806e-02 8.398874925713349926e-01 -4.683936818448490857e-01 2.576835647841609345e-01
2.342299420600155724e-01 7.787557458765537177e-02 -2.101508765807697798e-01 9.377423693556047324e-02 8.398929782972182068e-01 -4.683685769972876223e-01 2.577150627645150571e-01
2.343697052646746826e-01 7.781181586315696896e-02 -2.101766244224392843e-01 9.380449233208265625e-02 8.398347916699820948e-01 -4.684549906418870036e-01 2.577366129630546121e-01
2.343676355625833874e-01 7.781282759567434426e-02 -2.101776066947583232e-01 9.381315902772083271e-02 8.398495321819819948e-01 -4.684568015670673713e-01 2.576821288962408141e-01
2.342435342550880095e-01 7.787694138170245250e-02 -2.100829094285724952e-01 9.378827923675496503e-02 8.398738820401924210e-01 -4.684107476978778273e-01 2.576955420368397531e-01
2.343545059821967591e-01 7.780705479379272649e-02 -2.100978077645908881e-01 9.383037475977049069e-02 8.398159692711476554e-01 -4.685010004543081474e-01 2.577048914997854823e-01
2.343525876417008325e-01 7.780798118091233895e-02 -2.100987078855961199e-01 9.383856577374410923e-02 8.398296223434504881e-01 -4.685027790532415581e-01 2.576541771976018635e-01
2.342309450510612345e-01 7.780796258998336212e-02 -2.100273006110283114e-01 9.382731098110928813e-02 8.398115603121554251e-01 -4.685180347021818958e-01 2.576894061441457051e-01
2.343555708270126658e-01 7.786507923180159552e-02 -2.100981393732247460e-01 9.387398794960909176e-02 8.397579781115137587e-01 -4.686004568325854436e-01 2.576971564468479303e-01
2.343539452072157803e-01 7.786558662673317976e-02 -2.100989804522890581e-01 9.388550179168737853e-02 8.397690417702456944e-01 -4.686006836622365612e-01 2.576564928521903886e-01
2.342214844137161522e-01 7.782875896066739074e-02 -2.100320603965023791e-01 9.382410566280670328e-02 8.398361265195588565e-01 -4.684625717421300739e-01 2.577113436889179043e-01
2.343330288846823262e-01 7.791464444602208550e-02 -2.101085076237989013e-01 9.389356154497981166e-02 8.397355516547451160e-01 -4.686211876096063600e-01 2.577254060252149315e-01
2.343311980023315422e-01 7.791623388262644556e-02 -2.101091910243533256e-01 9.388966112216726168e-02 8.397496567977720261e-01 -4.686262634224678258e-01 2.576716334272836084e-01
2.342049666362640836e-01 7.786915945683230145e-02 -2.100534659891549194e-01 9.386759420955702315e-02 8.397535228991230838e-01 -4.686036477973036796e-01 2.577082008917882527e-01
2.343025812341481828e-01 7.790017606841147246e-02 -2.101094189817860058e-01 9.392709315522619618e-02 8.396785371353907568e-01 -4.687217055502177487e-01 2.577161581889552133e-01
2.343009683543358923e-01 7.790102115744661215e-02 -2.101101507605525054e-01 9.393229633429482639e-02 8.396898902874574411e-01 -4.687236531103983750e-01 2.576737256090476103e-01
2.342007640922487144e-01 7.781020452213387173e-02 -2.100854057409211328e-01 9.390400143252901344e-02 8.397174956378460342e-01 -4.686596602503483866e-01 2.577104749300881403e-01
2.343154811328134191e-01 7.786477526106941327e-02 -2.101561602673424345e-01 9.395204364277374987e-02 8.396491691994493189e-01 -4.687684994385573622e-01 2.577176363622480371e-01
2.342020487830629438e-01 7.781798609996473659e-02 -2.101065105598922678e-01 9.391350052270022730e-02 8.396753572187374282e-01 -4.687062489268563614e-01 2.577595800665305470e-01
2.342005329181533202e-01 7.781909631721489751e-02 -2.101070632031486474e-01 9.391170770621203034e-02 8.396861160082571551e-01 -4.687096226711129354e-01 2.577190473251316227e-01
2.343431672037453173e-01 7.788155005209299042e-02 -2.101868387879734512e-01 9.396431859714281243e-02 8.395976367857518330e-01 -4.688524187389009334e-01 2.577283930362305187e-01
2.342121493866645143e-01 7.788978012210331925e-02 -2.101048833577780772e-01 9.390300681563246155e-02 8.396782086902194742e-01 -4.686954457075281910e-01 2.577737580414052321e-01
2.342098717209027126e-01 7.789115244598293630e-02 -2.101057724561451734e-01 9.390520702831127442e-02 8.396942757923600009e-01 -4.686993907672729609e-01 2.577134385104922210e-01
2.342965938502335199e-01 7.802807629186980787e-02 -2.102038075792558303e-01 9.394517681818261023e-02 8.396502250115376320e-01 -4.687687365053554434e-01 2.577162685315912416e-01
2.341752912703592981e-01 7.799903485956447002e-02 -2.101419479063048601e-01 9.387404258202812490e-02 8.397316226406639217e-01 -4.686111960291120537e-01 2.577634827176847887e-01
2.341732727811658699e-01 7.799946061880203008e-02 -2.101429335599320491e-01 9.388856462941344572e-02 8.397444578168625773e-01 -4.686106599454173960e-01 2.577173497908364919e-01
2.342593931855725953e-01 7.803955614337462765e-02 -2.101988553457486697e-01 9.396534619457322379e-02 8.396288795083424183e-01 -4.687912588854540319e-01 2.577374904872989925e-01
2.341320598634270556e-01 7.804810272962639517e-02 -2.101227438117577451e-01 9.390826523480684529e-02 8.396654725809988840e-01 -4.687181247136941731e-01 2.577720920518641878e-01
2.341301011921190500e-01 7.804898228415226014e-02 -2.101235777052526954e-01 9.391483167761176254e-02 8.396785562486186461e-01 -4.687199633181621250e-01 2.577237330053677167e-01
2.342620037596966631e-01 7.813732946637572119e-02 -2.102109983615313982e-01 9.396798625207154754e-02 8.396100891719621151e-01 -4.688285466120379885e-01 2.577299160012750390e-01
2.341323930023023470e-01 7.814006717056691531e-02 -2.101367600118191070e-01 9.391757583472157278e-02 8.396572958130090747e-01 -4.687410586938467461e-01 2.577536312680894781e-01
2.341303559126821920e-01 7.814083005256952652e-02 -2.101376770259992255e-01 9.392705663709625952e-02 8.396707753289358589e-01 -4.687420734386710253e-01 2.577044153257977976e-01
2.342458750149470637e-01 7.827696621389493292e-02 -2.102396568366304841e-01 9.398751516053593935e-02 8.395970706005000395e-01 -4.688708772859853102e-01 2.576881962102211543e-01
2.341324026838698391e-01 7.828018073404918731e-02 -2.101714461873125384e-01 9.391642377856281032e-02 8.396871518369395382e-01 -4.686901323739991465e-01 2.577493980591554767e-01
2.341301427426203952e-01 7.828144016187049692e-02 -2.101723822305445188e-01 9.392075900260425658e-02 8.397029551933393732e-01 -4.686934864074067120e-01 2.576902285055011621e-01
2.342151948504287151e-01 7.838535257226904307e-02 -2.102579247765578307e-01 9.400574854430025773e-02 8.395962747887338873e-01 -4.688774612339506875e-01 2.576721578834462734e-01
2.341005343325684163e-01 7.833865809465789809e-02 -2.102113713424578201e-01 9.397389667564901017e-02 8.396111929607082969e-01 -4.688261219622686937e-01 2.577285757623914986e-01
2.340988986297503072e-01 7.833989273258702701e-02 -2.102119765535942486e-01 9.397155874764714922e-02 8.396229992591401903e-01 -4.688300171141074335e-01 2.576838767063412972e-01
2.342201363756186427e-01 7.830120956889571882e-02 -2.102399287142609763e-01 9.403066455871313123e-02 8.395316818284275229e-01 -4.689932849993777020e-01 2.576627407183103569e-01
2.341118001022692574e-01 7.825755143651459689e-02 -2.101961215494584367e-01 9.400163055533566903e-02 8.395498164757806414e-01 -4.689391219437243352e-01 2.577128227680378081e-01
2.341102307901268831e-01 7.825802679345411628e-02 -2.101968979423702311e-01 9.401129219283964333e-02 8.395599046552399969e-01 -4.689392591985322434e-01 2.576761817045738479e-01
2.342244935862488886e-01 7.832163514369605561e-02 -2.102680435407256465e-01 9.404074940834877827e-02 8.394892598477698975e-01 -4.690484773598562196e-01 2.576968101031905656e-01
2.341547334797741686e-01 7.824798138328967201e-02 -2.102559479993071911e-01 9.400613543330277322e-02 8.395436476284880989e-01 -4.689377469516187169e-01 2.577337768153177833e-01
2.341530575718077378e-01 7.824921221553644834e-02 -2.102566216878942462e-01 9.400472702944638603e-02 8.395559974197381869e-01 -4.689415135342105412e-01 2.576872045269448241e-01
2.342926752207024066e-01 7.817843342534554207e-02 -2.102736105345776041e-01 9.404475199014156184e-02 8.394614113788823051e-01 -4.690880433672396377e-01 2.577140488968003851e-01
2.341674788981925326e-01 7.819965347640134290e-02 -2.101929163772300879e-01 9.398148057302084524e-02 8.395306588944733139e-01 -4.689470696322667331e-01 2.577681127851624288e-01
2.341657039071106394e-01 7.820071644086121210e-02 -2.101936842357604029e-01 9.398434603239015639e-02 8.395432281107229056e-01 -4.689497749424764161e-01 2.577212048235284492e-01
2.343107923101478141e-01 7.818699825955593985e-02 -2.102409891045599888e-01 9.401248809356953229e-02 8.394946545458201737e-01 -4.690287502344474557e-01 2.577254518377309900e-01
2.341664808801453279e-01 7.820432492554441062e-02 -2.101539633535177143e-01 9.396078508378929994e-02 8.395281595228166749e-01 -4.689648214043297125e-01 2.577515014890798262e-01
2.341643451999649295e-01 7.820506890000480937e-02 -2.101549955750973142e-01 9.397293179625623716e-02 8.395424055768799798e-01 -4.689655325943397068e-01 2.576993724600608049e-01
2.342957940261955752e-01 7.822134255762588917e-02 -2.102104348108835008e-01 9.402855208283460164e-02 8.394751862775932105e-01 -4.690731173580541258e-01 2.577022576335004644e-01
2.341693175604866728e-01 7.824900167248005634e-02 -2.101300580701182530e-01 9.398586409188229573e-02 8.394921981064231709e-01 -4.690424775171140315e-01 2.577181812638673630e-01
2.341678791964190709e-01 7.825004331408849656e-02 -2.101306142071897032e-01 9.398503568094054850e-02 8.395026006207597646e-01 -4.690455396385995179e-01 2.576790219714601982e-01
2.342911380801137866e-01 7.823400924221614317e-02 -2.101678872381244345e-01 9.400434266963259011e-02 8.394701493829486161e-01 -4.691017948852956865e-01 2.576752954584784483e-01
2.341654472028614209e-01 7.824601647196617604e-02 -2.100925009444440938e-01 9.395193064370675751e-02 8.395138835094053675e-01 -4.690183306170613298e-01 2.577038604065943761e-01
2.341638008395863779e-01 7.824694540448558222e-02 -2.100931917551578931e-01 9.395524872103970526e-02 8.395253682423866604e-01 -4.690206678742271373e-01 2.576609796264590080e-01
2.342702860014911626e-01 7.819084139499125896e-02 -2.101115743001096270e-01 9.398101505781572551e-02 8.395014288180532303e-01 -4.690598632116279032e-01 2.576582320537005866e-01
2.341702283604326917e-01 7.817419422786754668e-02 -2.100601428898495326e-01 9.391410829853241715e-02 8.395658767180490534e-01 -4.689438003791704945e-01 2.576838974384811354e-01
2.341687999848973134e-01 7.817477554502534620e-02 -2.100607980764351568e-01 9.392063720072323096e-02 8.395754044292081941e-01 -4.689446382322201012e-01 2.576489481030220796e-01
2.342948793716350120e-01 7.827876932088226325e-02 -2.101506003603573758e-01 9.398538386057174454e-02 8.394869400040224638e-01 -4.690854773696627178e-01 2.576572143452213748e-01
2.341762523596178924e-01 7.821955861650947694e-02 -2.101062966533766008e-01 9.391642704732379443e-02 8.395615735840828986e-01 -4.689431745543953811e-01 2.576982109571761548e-01
2.341741422381429238e-01 7.822024354843096217e-02 -2.101073193756816948e-01 9.392880701266910493e-02 8.395757496615874338e-01 -4.689437412519409376e-01 2.576464774336977848e-01
2.342506106297770341e-01 7.821890146905427499e-02 -2.101443058228837091e-01 9.398735309476263788e-02 8.395017051961057852e-01 -4.690635700395273666e-01 2.576482712785873042e-01
2.341257443564689900e-01 7.817460409576543201e-02 -2.100929387613275912e-01 9.395946215883645147e-02 8.395086827268253282e-01 -4.690379130234748617e-01 2.576824154723713622e-01
2.341240447104809552e-01 7.817540193923873393e-02 -2.100936699196954693e-01 9.396464190682719819e-02 8.395202417416467444e-01 -4.690397687869237719e-01 2.576394866352548774e-01
2.342198833994740548e-01 7.819790817353762524e-02 -2.101459288249227508e-01 9.402263884914729974e-02 8.394630391333413044e-01 -4.691283303719095965e-01 2.576434725649409119e-01
2.341155336107951512e-01 7.816506601264253118e-02 -2.100974706632198208e-01 9.395285166275818556e-02 8.395606675692933729e-01 -4.689433823685179581e-01 2.576875070076388718e-01
2.341138874404502523e-01 7.816601230939913825e-02 -2.100981407579694260e-01 9.395487835324049797e-02 8.395721467766691370e-01 -4.689460663007053998e-01 2.576444800331213481e-01
2.342309973687952684e-01 7.817997483706849715e-02 -2.101529705038703011e-01 9.403270157323757872e-02 8.394649328184802251e-01 -4.691179569594325915e-01 2.576525180569962936e-01
2.341022044797134438e-01 7.816893700469555728e-02 -2.100842907312475971e-01 9.397782364910518826e-02 8.395451480399858113e-01 -4.689636636393092473e-01 2.576920550787177300e-01
2.341005911175325360e-01 7.816928163463586487e-02 -2.100851061209252912e-01 9.398955305272101157e-02 8.395553208698159908e-01 -4.689636090096944709e-01 2.576547312601346618e-01
2.342164522513453251e-01 7.814994891685056455e-02 -2.101234665139792845e-01 9.401657072287898653e-02 8.395294795406749166e-01 -4.690037117894356733e-01 2.576560803462734639e-01
2.340898218894662819e-01 7.816276079569825508e-02 -2.100483170906816410e-01 9.397369811281904017e-02 8.395893981489865876e-01 -4.688935117422415866e-01 2.576770483082485019e-01
2.340881179719360716e-01 7.816364234562579727e-02 -2.100490322102523122e-01 9.397750047518976801e-02 8.396011801725539181e-01 -4.688959330295465744e-01 2.576328621229075910e-01
2.341741094122926636e-01 7.821910897721059963e-02 -2.101120406605406221e-01 9.401558846543864312e-02 8.395728029832292272e-01 -4.689364373469753211e-01 2.576377211215540863e-01
2.340500611657172769e-01 7.823408066133480387e-02 -2.100369507015381609e-01 9.397488008318559405e-02 8.396137889678010335e-01 -4.688513497208168790e-01 2.576738619911844719e-01
2.340478951682840869e-01 7.823489440132816441e-02 -2.100379238630995238e-01 9.398484887160526990e-02 8.396284315963250533e-01 -4.688525207312385645e-01 2.576203773804400243e-01
2.341598169137527330e-01 7.830143110476361912e-02 -2.101061738606192775e-01 9.403658873631311199e-02 8.395322156669080549e-01 -4.690042116182885357e-01 2.576389495409368569e-01
2.340227012054094113e-01 7.832081953151889819e-02 -2.100238005804938579e-01 9.399150619308800636e-02 8.395687540655921710e-01 -4.689368841775236607e-01 2.576588881024283184e-01
2.340206790639333401e-01 7.832236926650672226e-02 -2.100244781083778212e-01 9.398735788896150911e-02 8.395837487417654454e-01 -4.689420377654729966e-01 2.576021557016597296e-01
2.341339656308731310e-01 7.837168328023452757e-02 -2.100869235385464662e-01 9.404240944164139748e-02 8.394952946976365071e-01 -4.690830450179433453e-01 2.576136104394198822e-01
2.339759675421773100e-01 7.835395822522833731e-02 -2.100071402754911387e-01 9.399528102519362494e-02 8.395414378149069767e-01 -4.689795409869252918e-01 2.576688795185913539e-01
2.339739177243605750e-01 7.835490430449575106e-02 -2.100079818870258519e-01 9.400124320374637910e-02 8.395553715934453987e-01 -4.689817150532845647e-01 2.576173426817794931e-01
2.340983555185736364e-01 7.832595438733801207e-02 -2.100356915680629266e-01 9.404414186931459030e-02 8.394746813180933298e-01 -4.691025143413218856e-01 2.576446969075817939e-01
2.339990978699672264e-01 7.825856073695572346e-02 -2.100074558929921620e-01 9.401328629238163426e-02 8.394973101615375022e-01 -4.690420397624723847e-01 2.576923226786340670e-01
2.339968101495460417e-01 7.825970239405459494e-02 -2.100083984661177683e-01 9.401871637055292386e-02 8.395131875219221662e-01 -4.690448631469693597e-01 2.576334708539558260e-01
2.341457095735765825e-01 7.829010989097842654e-02 -2.100727140980486740e-01 9.407010054972771151e-02 8.394273088259404103e-01 -4.691845489413987713e-01 2.576401917684033038e-01
2.340411051593432046e-01 7.825656475032677362e-02 -2.100253179556599847e-01 9.398473599732391770e-02 8.395184484072404363e-01 -4.690116821413903847e-01 2.576891270471387552e-01
2.340389757387718594e-01 7.825803202534489800e-02 -2.100261069287658044e-01 9.398322400292871692e-02 8.395340867279637020e-01 -4.690162540964347704e-01 2.576304023620036299e-01
2.341328911810436064e-01 7.815711545074410793e-02 -2.100176284165461704e-01 9.402210763129194293e-02 8.394654274685540152e-01 -4.691232818609488708e-01 2.576450771461008538e-01
2.340438283281808529e-01 7.808464922931966645e-02 -2.099953244151383791e-01 9.395243456688598394e-02 8.395664662332449346e-01 -4.689377835395076577e-01 2.576789552614463519e-01
2.340420651364949478e-01 7.808553541944505960e-02 -2.099960837943118386e-01 9.395643553950398796e-02 8.395786557421632823e-01 -4.689402721486265468e-01 2.576332474663646788e-01
2.341266927882889592e-01 7.814977642146157810e-02 -2.100576123788732708e-01 9.400992331014411396e-02 8.394949120660193387e-01 -4.690696147494463064e-01 2.576511662176077522e-01
2.339667765214197281e-01 7.812577408855836403e-02 -2.099799079120442946e-01 9.395662443489558036e-02 8.395382315135377915e-01 -4.689815016300082906e-01 2.576898556031727017e-01
2.339649354549142024e-01 7.812665745653843419e-02 -2.099806748654806099e-01 9.396082522252485747e-02 8.395507273435350859e-01 -4.689836986733630919e-01 2.576436102819077978e-01
2.340965178073205477e-01 7.807682258281088694e-02 -2.100060958568599201e-01 9.400010520728828423e-02 8.395089098511578918e-01 -4.690499840523638664e-01 2.576448776164906862e-01
2.339745599150488964e-01 7.803420050205300829e-02 -2.099535540235743791e-01 9.392275339511153842e-02 8.395949408630701827e-01 -4.688880312942718120e-01 2.576875351676922721e-01
2.339721977449361612e-01 7.803520639076506893e-02 -2.099545721191755643e-01 9.393022618799351520e-02 8.396110833886636371e-01 -4.688904236257440128e-01 2.576278554257231401e-01
2.340768464932155013e-01 7.804454121610041040e-02 -2.099995980449227140e-01 9.397956162348698739e-02 8.395619916135568239e-01 -4.689662086317096801e-01 2.576319067905503690e-01
2.339630157784562403e-01 7.805136921895103330e-02 -2.099353993226975856e-01 9.396306905688814326e-02 8.395462969715541401e-01 -4.689824831452754084e-01 2.576594407306915802e-01
2.339608524344113649e-01 7.805157475104565479e-02 -2.099365320453133454e-01 9.398233448002459023e-02 8.395596867503711813e-01 -4.689809783603382520e-01 2.576115197841190585e-01
2.340568116967443046e-01 7.807507935890592443e-02 -2.099858335569038115e-01 9.403971695335892889e-02 8.394788448914137780e-01 -4.691127612015739134e-01 2.576140871399407173e-01
2.339399905244244349e-01 7.803733618935493332e-02 -2.099343913814163409e-01 9.396668779155629980e-02 8.395558179194203552e-01 -4.689613475848449786e-01 2.576655674601158186e-01
2.339380985611919095e-01 7.803778155024682084e-02 -2.099353037513932152e-01 9.397869338713117637e-02 8.395678477106156556e-01 -4.689613562585135398e-01 2.576219723082400215e-01
2.340836634228987134e-01 7.813563674132560644e-02 -2.100302506908777178e-01 9.405095606838070887e-02 8.394685456850602412e-01 -4.691169599068655272e-01 2.576358988878951206e-01
2.339616425690452528e-01 7.814276131830688588e-02 -2.099586094150223126e-01 9.398926612628433208e-02 8.395391330490569182e-01 -4.689794158997818152e-01 2.576788105269426365e-01
2.339599356340520131e-01 7.814386576480000790e-02 -2.099592439644233921e-01 9.398828492112640265e-02 8.395512713902925084e-01 -4.689830135429343683e-01 2.576330685543226640e-01
2.340725823084498503e-01 7.825146030266504071e-02 -2.100502035630928410e-01 9.404656792308833946e-02 8.394827074357171792e-01 -4.690892032600583184e-01 2.576418955898472363e-01
2.339258423365137840e-01 7.823295969748858547e-02 -2.099792890861069961e-01 9.398243885234884576e-02 8.395163057587990973e-01 -4.690273220762086748e-01 2.576684782787438954e-01
2.339235666376982825e-01 7.823428143652369493e-02 -2.099801751990418575e-01 9.398377538045514512e-02 8.395324843471436704e-01 -4.690315395315093339e-01 2.576075942511232286e-01
2.340092989873720775e-01 7.829791942323134635e-02 -2.100427107631608059e-01 9.403153961483862178e-02 8.394794875438155168e-01 -4.691120760941316359e-01 2.576162254468642443e-01
2.338611519804342231e-01 7.833254817362188260e-02 -2.099493618783202231e-01 9.400171794174405626e-02 8.395129098559176439e-01 -4.690397125368772624e-01 2.576499549244559151e-01
2.338593665678672662e-01 7.833286930603972076e-02 -2.099502493508167700e-01 9.401512901699932145e-02 8.395239935901056549e-01 -4.690391494586056975e-01 2.576099687077050282e-01
2.339657139524685125e-01 7.841188680530031263e-02 -2.100206707341363832e-01 9.408649362320953280e-02 8.394275854519207547e-01 -4.691927453574847862e-01 2.576183770695608111e-01
2.338503978177522702e-01 7.840779476743962861e-02 -2.099617342503601880e-01 9.406547631426485923e-02 8.394186409427527584e-01 -4.691970200154734760e-01 2.576474098689756631e-01
2.338489309882574307e-01 7.840918045088002275e-02 -2.099621212628341449e-01 9.405674572704962599e-02 8.394296471099383927e-01 -4.692024549593432070e-01 2.576048376802095863e-01
2.339831238362945764e-01 7.839261209131387353e-02 -2.100000590657873922e-01 9.412893534603521128e-02 8.393004076118691925e-01 -4.694118726924007556e-01 2.576180566043178577e-01
2.338718887340306973e-01 7.841608579140364743e-02 -2.099323991764944497e-01 9.411773009181385874e-02 8.392620468638113396e-01 -4.694702818566318658e-01 2.576406878382851984e-01
2.338698486786903730e-01 7.841675841536416280e-02 -2.099333439579307570e-01 9.412849914681954699e-02 8.392755071069895045e-01 -4.694712222227092058e-01 2.575911883651855194e-01
2.339974267819238951e-01 7.843020742270549739e-02 -2.099820349794570828e-01 9.420064729546666349e-02 8.391825203091601848e-01 -4.696204474947404117e-01 2.575957510354563995e-01
2.339000153855110564e-01 7.835565900941533768e-02 -2.099611205908729905e-01 9.416252013069936755e-02 8.392214571292107017e-01 -4.695412965682248529e-01 2.576271268977511353e-01
2.338982487316834946e-01 7.835643757596220949e-02 -2.099619112907429030e-01 9.416852940263695237e-02 8.392335777898333182e-01 -4.695429425862704953e-01 2.575824432053681612e-01
2.340122975080174417e-01 7.834707291710819865e-02 -2.099942542200051443e-01 9.422528997669750439e-02 8.391445156444703457e-01 -4.696819915819822056e-01 2.575983372931532900e-01
2.338684358930480933e-01 7.831689680074810367e-02 -2.099290966355431831e-01 9.416903982383205418e-02 8.391963655692381563e-01 -4.695704291918992301e-01 2.576533795287279105e-01
2.338662981434773136e-01 7.831792476546658999e-02 -2.099300002933757459e-01 9.417443225597718626e-02 8.392110870461616523e-01 -4.695731206951679337e-01 2.575985481493738849e-01
2.339667680947322970e-01 7.833715678755288903e-02 -2.099741862079957944e-01 9.422018979808270689e-02 8.391276833888501319e-01 -4.697056679936065793e-01 2.576118635846469385e-01
2.338318775866387311e-01 7.836258397818660071e-02 -2.098906646633679762e-01 9.416182790525773338e-02 8.391716625011479413e-01 -4.696178193739971585e-01 2.576501013914254123e-01
2.338298949055071796e-01 7.836321809035229347e-02 -2.098915876844586192e-01 9.417246796903087913e-02 8.391845659334721264e-01 -4.696184586108681502e-01 2.576030161073895597e-01
2.339510924759846677e-01 7.827217481983567149e-02 -2.098890467749156274e-01 9.421688746951310811e-02 8.390886950509803821e-01 -4.697691031645712667e-01 2.576243964867347414e-01
2.338457716210320114e-01 7.826267695284155890e-02 -2.098366536052722331e-01 9.416945996547902709e-02 8.391439603689097027e-01 -4.696665783735263222e-01 2.576486595057225215e-01
2.339413683132278154e-01 7.835274766646702083e-02 -2.099109745809839278e-01 9.423831127792793583e-02 8.390445103340755661e-01 -4.698322795503311888e-01 2.576452589477927768e-01
2.339404516159349912e-01 7.835335327410616890e-02 -2.099113511772099649e-01 9.423859082627004946e-02 8.390513865444135799e-01 -4.698339080463460604e-01 2.576197926923965986e-01
2.338100912961505740e-01 7.832605114961264936e-02 -2.098547759914733135e-01 9.421159368335983719e-02 8.390571748649444661e-01 -4.698051118273463000e-01 2.576633265022288954e-01
2.339278426810583178e-01 7.834643254305662108e-02 -2.099065077969790027e-01 9.427539859164177360e-02 8.389650769872324387e-01 -4.699546084434608195e-01 2.576672560084961594e-01
2.339257693410871364e-01 7.834818989928407640e-02 -2.099072386962150538e-01 9.426924321090371373e-02 8.389812978122168641e-01 -4.699607633388816486e-01 2.576054592350625616e-01
2.338081731889794512e-01 7.830809009736351689e-02 -2.098588579975098622e-01 9.418944026693204519e-02 8.390476693560455779e-01 -4.698149651074502442e-01 2.576844125116518613e-01
2.339399653970764548e-01 7.829546135231402193e-02 -2.098972839279784341e-01 9.426471758582223581e-02 8.389247097384447960e-01 -4.700258041626263483e-01 2.576727339669603323e-01
2.339380780883829614e-01 7.829714260490129585e-02 -2.098979463569588533e-01 9.425796971370055399e-02 8.389396367868685589e-01 -4.700316544957832132e-01 2.576159248674758095e-01
2.338370096927390729e-01 7.822549695633289335e-02 -2.098739731072178927e-01 9.421465652325722306e-02 8.389684390636504840e-01 -4.699571111791998046e-01 2.576739614384961907e-01
2.339801013616606695e-01 7.825447832083795574e-02 -2.099350131108738693e-01 9.428266399364949868e-02 8.388623959544051489e-01 -4.701374496084593235e-01 2.576653612722301090e-01
2.339782826826534989e-01 7.825627304180199362e-02 -2.099356330886353872e-01 9.427346602196602643e-02 8.388772574850368313e-01 -4.701441096288664356e-01 2.576081843805994032e-01
2.338755309690817852e-01 7.822356000438414336e-02 -2.098937277816633473e-01 9.423237480964810620e-02 8.388984618235626467e-01 -4.700796193772115439e-01 2.576718489357550657e-01
2.340029308809968012e-01 7.813678026032692958e-02 -2.098933376312289156e-01 9.426386380136979326e-02 8.388455037915236723e-01 -4.701669929329432285e-01 2.576733271147314541e-01
2.340012978479338035e-01 7.813758776532504779e-02 -2.098941448846625146e-01 9.426962166887553618e-02 8.388573021894660808e-01 -4.701687351213494903e-01 2.576296285527115426e-01
2.338965811807952599e-01 7.809025445762947382e-02 -2.098571856730971352e-01 9.423201892530883028e-02 8.388786457564033627e-01 -4.701035481323501131e-01 2.576928371851611721e-01
2.340098696586848936e-01 7.803266251839563461e-02 -2.098661075967445666e-01 9.427137555502761168e-02 8.388115109659320945e-01 -4.702196033265300112e-01 2.576852371973486489e-01
2.340078762872681295e-01 7.803428591795234792e-02 -2.098668593536004434e-01 9.426667096965897497e-02 8.388271500581351292e-01 -4.702250674506697203e-01 2.576260720708563046e-01
2.338838252547477403e-01 7.801625463778869007e-02 -2.098068120571484618e-01 9.421221524392163482e-02 8.388593854138570727e-01 -4.701473190419865889e-01 2.576829222116814311e-01
2.339979300733379397e-01 7.805564930805995727e-02 -2.098631464878041586e-01 9.428994808007640227e-02 8.387554023962833227e-01 -4.703243705340575120e-01 2.576698801254189153e-01
2.339963728010386323e-01 7.805639134362693521e-02 -2.098639264793539239e-01 9.429592708738096518e-02 8.387664906397002129e-01 -4.703260073920476625e-01 2.576286068846948552e-01
2.339963728010386323e-01 7.805639134362693521e-02 -2.098639264793539239e-01 9.429592708738096518e-02 8.387664906397002129e-01 -4.703260073920476625e-01 2.576286068846948552e-01
2.340110883071884196e-01 7.796464812443783254e-02 -2.098537268836412062e-01 9.432246020235264539e-02 8.387094404400023961e-01 -4.704003280244609120e-01 2.576689337360510423e-01
