repeatability libsurvive; 20211016-002433; x y z w i j k;  frequency = 150 duration = 2 sys.args = ['repeatability.py']
2.344469171567596932e-01 7.712620671980291442e-02 -2.099542611165073625e-01 9.102532196165068201e-02 8.445371897745468370e-01 -4.602598764891978611e-01 2.581320823602465397e-01
2.344458231088546174e-01 7.712701881649930424e-02 -2.099546785060057708e-01 9.102489417975653807e-02 8.445452214985198491e-01 -4.602619738700962637e-01 2.581022140408387178e-01
2.343264650356106094e-01 7.697411344281675227e-02 -2.099198367286242428e-01 9.100941950352527121e-02 8.445491911159457299e-01 -4.602453614594661513e-01 2.581243045551475657e-01
2.344641601786282004e-01 7.689073959663247915e-02 -2.099623223274599271e-01 9.110699420929224690e-02 8.443966525615935748e-01 -4.605056646822581201e-01 2.581246627977941133e-01
2.344633056552839767e-01 7.689108961900936734e-02 -2.099627107950904903e-01 9.111091793986048071e-02 8.444025364097040853e-01 -4.605061113003869888e-01 2.581032324323156990e-01
2.343862301381798574e-01 7.675362010010856884e-02 -2.099472608648792205e-01 9.107429053505558536e-02 8.444409237789218814e-01 -4.604306015614647030e-01 2.581252815914879539e-01
2.345415854298324998e-01 7.673502712949981097e-02 -2.100203903315588094e-01 9.117435799579674816e-02 8.442859028951757994e-01 -4.607036054018236459e-01 2.581099350786262292e-01
2.345407163657421412e-01 7.673555483916391640e-02 -2.100207751168386983e-01 9.117597323181336755e-02 8.442922005981295941e-01 -4.607048449720877459e-01 2.580865508577382395e-01
2.344448295326381215e-01 7.661335299618521333e-02 -2.099929782339134410e-01 9.118353395679362761e-02 8.443129293773823374e-01 -4.606620526402894766e-01 2.580924518047141847e-01
2.345967744442009617e-01 7.652219344632478493e-02 -2.100292714426381380e-01 9.127342627407442066e-02 8.441553883232041366e-01 -4.609327210691205323e-01 2.580927520658179986e-01
2.345958288476502340e-01 7.652297212093750467e-02 -2.100296768116354518e-01 9.127242312647358691e-02 8.441625688852876230e-01 -4.609349138466319884e-01 2.580657033912328591e-01
2.345958288476502340e-01 7.652297212093750467e-02 -2.100296768116354518e-01 9.127242312647358691e-02 8.441625688852876230e-01 -4.609349138466319884e-01 2.580657033912328591e-01
2.344295400399841744e-01 7.657487729192405390e-02 -2.098927934583196542e-01 9.125893931217227140e-02 8.441605156564726542e-01 -4.609292347970026515e-01 2.580873307848814413e-01
2.345822866865267531e-01 7.655969662346057136e-02 -2.099657248054017655e-01 9.135449061867163822e-02 8.440117542242973059e-01 -4.611980374097701674e-01 2.580598497721091622e-01
2.343997315168244722e-01 7.668122139803641713e-02 -2.097981760767013981e-01 9.134575081484024028e-02 8.439840360000040453e-01 -4.612415680833169551e-01 2.580757963414236356e-01
2.345526693991878409e-01 7.666871358954255311e-02 -2.098688255863711549e-01 9.143212506546570528e-02 8.438233859605078768e-01 -4.615103394267037751e-01 2.580900354806541230e-01
2.345506803829178477e-01 7.666974348897510894e-02 -2.098697168454622675e-01 9.143911554953693122e-02 8.438376862779330967e-01 -4.615120625491594408e-01 2.580377171776322420e-01
2.344144782737664079e-01 7.663962611318354823e-02 -2.097788830688562256e-01 9.138609277129480790e-02 8.439134623603941066e-01 -4.613699380906908787e-01 2.580628418061772233e-01
2.345680173988742290e-01 7.667163274348795521e-02 -2.098614139382092292e-01 9.145041138417894788e-02 8.437974984001391787e-01 -4.615542582038906216e-01 2.580896562925135140e-01
2.345022805060585358e-01 7.645137842918961479e-02 -2.098853485854344503e-01 9.141397825294297896e-02 8.438540987834348694e-01 -4.614399747527434537e-01 2.581218592962536418e-01
2.345002806081535884e-01 7.645217601580177325e-02 -2.098862905895789166e-01 9.142337271477535277e-02 8.438679190176481271e-01 -4.614411362970547437e-01 2.580712690462894643e-01
2.346534371068562663e-01 7.649023945289532000e-02 -2.099751610750363873e-01 9.147138061275500442e-02 8.438100264452474963e-01 -4.615409584494782336e-01 2.580650489175239648e-01
2.345588630336760128e-01 7.635729373163582800e-02 -2.099499860929839867e-01 9.145077899868746252e-02 8.438236196428841041e-01 -4.614987741735853133e-01 2.581033424611012816e-01
2.345566471789518326e-01 7.635769100898728845e-02 -2.099511007889577341e-01 9.146781440833466614e-02 8.438384627280465233e-01 -4.614982115617908831e-01 2.580497790609365683e-01
2.346594371795998890e-01 7.651860729804317585e-02 -2.100769146419664835e-01 9.154104781117330947e-02 8.437460260220503994e-01 -4.616680702468209385e-01 2.580222336392854476e-01
2.344923039334212422e-01 7.649083495573369418e-02 -2.099644711024616361e-01 9.150284041772155375e-02 8.437572161408527505e-01 -4.616170364321584008e-01 2.580904920397467106e-01
2.344905624079218209e-01 7.649103061050191443e-02 -2.099653699043125543e-01 9.151774294794844111e-02 8.437684248343640947e-01 -4.616161522171748910e-01 2.580501423957355933e-01
2.346300636386282334e-01 7.660486829283627563e-02 -2.100896438074979777e-01 9.158438399853123524e-02 8.436694831919080428e-01 -4.617922026049598450e-01 2.580350079961399867e-01
2.344994908810856260e-01 7.660441409052694273e-02 -2.099924465618777103e-01 9.153583114715130309e-02 8.436866112657309680e-01 -4.617359788793488629e-01 2.580968411187491984e-01
2.344975585775491422e-01 7.660495041023902829e-02 -2.099933765506682426e-01 9.154763737664756151e-02 8.436995859456972724e-01 -4.617362052251071658e-01 2.580498315250958075e-01
2.346190585616297064e-01 7.669396699271763262e-02 -2.100962069461029535e-01 9.160463347623595820e-02 8.436152496551404534e-01 -4.618887600273278160e-01 2.580323139364469887e-01
2.344933721826698014e-01 7.665608010940236361e-02 -2.100214865567563149e-01 9.160460976897576157e-02 8.435787280392921250e-01 -4.619334008291453020e-01 2.580718083540004537e-01
2.344918813705178517e-01 7.665668944554365760e-02 -2.100221975637707461e-01 9.161099323986880705e-02 8.435889457056340301e-01 -4.619342376251683868e-01 2.580346424620461043e-01
2.345953583055796210e-01 7.672147236290154104e-02 -2.101051155811970994e-01 9.166970082569825262e-02 8.435248192055824212e-01 -4.620448398721287986e-01 2.580254082106163693e-01
2.344597754384723509e-01 7.667005490738826312e-02 -2.100226774313264100e-01 9.161196768470762641e-02 8.435876080654171050e-01 -4.619063583286537877e-01 2.580885720658031568e-01
2.344578139438439623e-01 7.667107732304445644e-02 -2.100235165518369307e-01 9.161606545959244396e-02 8.436013967058997309e-01 -4.619087607703243892e-01 2.580377428772429038e-01
2.345840477332314378e-01 7.681976834333215098e-02 -2.101531036156881194e-01 9.172326756605607423e-02 8.434560600647995621e-01 -4.621569417685452152e-01 2.580303821299276268e-01
2.344628021378642180e-01 7.678779627561264920e-02 -2.100813986814794310e-01 9.171545290170647624e-02 8.434157416561379739e-01 -4.622072772151722964e-01 2.580747862829655404e-01
2.344610800672792261e-01 7.678839768999554116e-02 -2.100822095095637998e-01 9.172377503288531297e-02 8.434273439271343653e-01 -4.622082380229274312e-01 2.580321865843038243e-01
2.345424138597207997e-01 7.699526752257945805e-02 -2.102210719133384420e-01 9.178264311407016707e-02 8.433631830017842557e-01 -4.623218696554101670e-01 2.580173963484245769e-01
2.344308250932558291e-01 7.693627767340603663e-02 -2.101614576197250728e-01 9.173174066403412541e-02 8.434370193379705505e-01 -4.621723776531241334e-01 2.580619605821133367e-01
2.344286924795728200e-01 7.693727860062384016e-02 -2.101624021000720877e-01 9.173794386030967307e-02 8.434520125941278312e-01 -4.621744540402947798e-01 2.580070273069191011e-01
2.345832607580815299e-01 7.701489823949943248e-02 -2.102702780111369851e-01 9.180343289281825414e-02 8.433648826412003530e-01 -4.623242269888130918e-01 2.580002201082101099e-01
2.344422858285071798e-01 7.690625633079797852e-02 -2.102101833291832866e-01 9.175065952583104367e-02 8.434219957848403393e-01 -4.622026756628463962e-01 2.580500728792713416e-01
2.344404114588984900e-01 7.690741087740757265e-02 -2.102109988859076350e-01 9.175197326693605715e-02 8.434355029982386620e-01 -4.622059412063979633e-01 2.579996038703143979e-01
2.345388191838014558e-01 7.705088003022093901e-02 -2.103285487373914575e-01 9.181980733785702342e-02 8.433552644337485305e-01 -4.623513501584729513e-01 2.579772275588643193e-01
2.343755175560970905e-01 7.703550530818038811e-02 -2.102224694744656563e-01 9.177812452048522696e-02 8.433712887328868035e-01 -4.622952105802561329e-01 2.580402749089540926e-01
2.343731750659292512e-01 7.703642289290270340e-02 -2.102235218758672641e-01 9.178700276494421162e-02 8.433873397864890542e-01 -4.622969160679673006e-01 2.579815935398186988e-01
2.344657054614251723e-01 7.718624270154735012e-02 -2.103450582200684649e-01 9.184134342343074076e-02 8.433319912736657598e-01 -4.623946151633018253e-01 2.579680988040093936e-01
2.343443969719085085e-01 7.712439956067149160e-02 -2.102849877465286788e-01 9.183340774866084744e-02 8.433201445356901527e-01 -4.623882415695145243e-01 2.580210710384386874e-01
2.343423231717200739e-01 7.712529561245037857e-02 -2.102859126153555358e-01 9.183978387910035623e-02 8.433343932160499712e-01 -4.623902742060450599e-01 2.579685826522593040e-01
2.344722737710637217e-01 7.727030219044531134e-02 -2.104125379978914190e-01 9.191365883150588723e-02 8.432298967301026238e-01 -4.625688025001372661e-01 2.579638027598732397e-01
2.343830389214972554e-01 7.716825112564645872e-02 -2.103859266310211806e-01 9.189781726223472669e-02 8.432365670320705053e-01 -4.625336011882368314e-01 2.580107574777578128e-01
2.343811377177513200e-01 7.716911598273690220e-02 -2.103868082745786183e-01 9.190326760883571477e-02 8.432498157867162059e-01 -4.625356803546972206e-01 2.579617839473618002e-01
2.345200942214321349e-01 7.701167128067953893e-02 -2.103859727627677978e-01 9.197647789501044169e-02 8.431336389183147206e-01 -4.627365947738902863e-01 2.579551090702682514e-01
2.344045163583719504e-01 7.695742728647367303e-02 -2.103232131841033803e-01 9.191344324660011278e-02 8.432127296457334609e-01 -4.625736109244901750e-01 2.580113679476613853e-01
2.345129043093870935e-01 7.704110148878584585e-02 -2.104204130821580310e-01 9.198795087676300830e-02 8.431014569078494336e-01 -4.627731841990273542e-01 2.579905623073233123e-01
2.345117651505234102e-01 7.704257452941075390e-02 -2.104208787625508337e-01 9.197857398831781051e-02 8.431109951894766308e-01 -4.627782680210039690e-01 2.579536128166565190e-01
2.343577125748893819e-01 7.711242122201591997e-02 -2.102945485283377602e-01 9.193960007118515132e-02 8.431116645159352219e-01 -4.627523941719413614e-01 2.580117299350087046e-01
2.344770218512571280e-01 7.710093122947958566e-02 -2.103488107737432888e-01 9.201156500482114697e-02 8.430187094817662707e-01 -4.629147985095383167e-01 2.579984819527710860e-01
2.344753222634578527e-01 7.710156048682947905e-02 -2.103496865117199799e-01 9.202040179198801850e-02 8.430305693513857612e-01 -4.629153683425478172e-01 2.579555514917303838e-01
2.343557997772109935e-01 7.716897493404728525e-02 -2.102446447841796184e-01 9.197136758910212651e-02 8.430689883061905920e-01 -4.628182661133135589e-01 2.580217065520504227e-01
2.344956294331355662e-01 7.713282156448188209e-02 -2.102908781585056675e-01 9.200213414825160474e-02 8.430079967546986186e-01 -4.629278349203843068e-01 2.580134577414954777e-01
2.344938257622993238e-01 7.713412842011890813e-02 -2.102916719361808129e-01 9.200218040623593663e-02 8.430215611770413009e-01 -4.629312988957671182e-01 2.579629017781439049e-01
2.343764586463866761e-01 7.717475316598923496e-02 -2.101978835355999831e-01 9.196745664884416194e-02 8.430412460894031179e-01 -4.628736616247391966e-01 2.580143749554968946e-01
2.345041036507440058e-01 7.718566709291208028e-02 -2.102597122458426393e-01 9.199122604321534336e-02 8.430251385247886642e-01 -4.629061059363346331e-01 2.580003240951181942e-01
2.345025610763353807e-01 7.718577644944479843e-02 -2.102605789575435202e-01 9.200672349035156350e-02 8.430352042732452977e-01 -4.629047051568127014e-01 2.579644183452863837e-01
2.344164885462125536e-01 7.715868649495874476e-02 -2.102108376857084737e-01 9.195849363560715251e-02 8.430868490115398517e-01 -4.628001086245385753e-01 2.580005037382255284e-01
2.344844874020436121e-01 7.732821639132031466e-02 -2.103201744321792355e-01 9.200974680490867086e-02 8.430374800985074302e-01 -4.628934389606333411e-01 2.579761186801086126e-01
2.344831269146420982e-01 7.732922815005800754e-02 -2.103207927890929363e-01 9.200962389439203137e-02 8.430477824712344637e-01 -4.628962579590470972e-01 2.579374341747586730e-01
2.343660174244421301e-01 7.730434532650401480e-02 -2.102539463589744584e-01 9.200286372697365211e-02 8.430379182655722836e-01 -4.628864945462566327e-01 2.579896017268221153e-01
2.344829794228807385e-01 7.722384832450837622e-02 -2.102762913554653834e-01 9.206379236681716538e-02 8.429610005879842882e-01 -4.630270855796240204e-01 2.579669119138801592e-01
2.344813510476162488e-01 7.722507975242738631e-02 -2.102769737624324287e-01 9.206275598477450806e-02 8.429733370587417784e-01 -4.630306893049827011e-01 2.579204969177310014e-01
2.343446782107632131e-01 7.720229986263782429e-02 -2.101943070942697278e-01 9.199867758640092874e-02 8.430223953778924750e-01 -4.629197669667198811e-01 2.579821186926558041e-01
2.344991827703654663e-01 7.717979868171429003e-02 -2.102560455292105113e-01 9.205533714876443230e-02 8.429591521148784850e-01 -4.630301602621377244e-01 2.579704507415749859e-01
2.344971380382280257e-01 7.718101720809562860e-02 -2.102569351149800314e-01 9.205846228856716384e-02 8.429743499856759970e-01 -4.630332130447224470e-01 2.579141880641159790e-01
2.343789270435668037e-01 7.713751711592833904e-02 -2.101942462235718567e-01 9.205023162077796695e-02 8.429592292407062093e-01 -4.630340791706846759e-01 2.579649864284525584e-01
2.344660795920340268e-01 7.721147231252220577e-02 -2.102731674369301695e-01 9.211770602079707992e-02 8.428615677285482555e-01 -4.632068700159451824e-01 2.579498041357485838e-01
2.344645963292344704e-01 7.721176354596048785e-02 -2.102739508946595559e-01 9.212929834002897556e-02 8.428715601561864723e-01 -4.632063433858443213e-01 2.579139564164086851e-01
2.343408454866166835e-01 7.719514210217456873e-02 -2.101947537780186059e-01 9.206506756113537471e-02 8.429333838826589265e-01 -4.630702862811233445e-01 2.579791534884396942e-01
2.344254720859530461e-01 7.736234317744687672e-02 -2.103129409018720530e-01 9.213166235460482079e-02 8.428491314164430204e-01 -4.632171075005815930e-01 2.579670711178447817e-01
2.344245529121539162e-01 7.736326197589563081e-02 -2.103133294335932102e-01 9.212806642346027530e-02 8.428562255875401421e-01 -4.632200428728878716e-01 2.579399043309119066e-01
2.343004377716945419e-01 7.732887542598937403e-02 -2.102429155438859665e-01 9.207902249427768471e-02 8.429131061254376833e-01 -4.630935443005591567e-01 2.579986789997403829e-01
2.344170358239283103e-01 7.743323102013126291e-02 -2.103388883356791805e-01 9.213871114352015224e-02 8.428395470948879531e-01 -4.632202556339215516e-01 2.579902140239805353e-01
2.344149737422594471e-01 7.743355378197928907e-02 -2.103399662002897186e-01 9.215563409129197414e-02 8.428533001565123861e-01 -4.632192698513194484e-01 2.579410040278940497e-01
2.342816867523316027e-01 7.742705457031580363e-02 -2.102586759468364208e-01 9.214119631291534107e-02 8.428147214115504493e-01 -4.632647223007888559e-01 2.579905858467872459e-01
2.344432185532541457e-01 7.751324229044451175e-02 -2.103714115238203564e-01 9.220585340400407059e-02 8.427047500581220651e-01 -4.634656660036258202e-01 2.579658141369375324e-01
2.344413198397240772e-01 7.751446078480905832e-02 -2.103722414942977292e-01 9.220759010248255616e-02 8.427188849502473822e-01 -4.634688361996484041e-01 2.579133171192361518e-01
2.343206404009221533e-01 7.751005682958582443e-02 -2.102928439248069048e-01 9.214602259426500630e-02 8.427777867249767185e-01 -4.633391411668073001e-01 2.579758767517075224e-01
2.344318192092927078e-01 7.751614922692788567e-02 -2.103472696652801122e-01 9.220114051278915923e-02 8.426830537585479064e-01 -4.635067264969541245e-01 2.579646004559287276e-01
2.344297570969923750e-01 7.751693842403983847e-02 -2.103482637123275378e-01 9.221125149476311345e-02 8.426975496138450206e-01 -4.635076064687501107e-01 2.579120464774781740e-01
2.343006146900354913e-01 7.750398213153429638e-02 -2.102715076736338673e-01 9.220434185115847225e-02 8.426730357290382889e-01 -4.635192134500878414e-01 2.579737447137083195e-01
2.344508496228889793e-01 7.753732536009379228e-02 -2.103576312232335599e-01 9.227627798139825810e-02 8.425792917901093748e-01 -4.636854861335903966e-01 2.579554138168714261e-01
2.344492873622367468e-01 7.753774068090427130e-02 -2.103584545334740985e-01 9.228731471332546343e-02 8.425899744215672449e-01 -4.636852588253502216e-01 2.579169775244239959e-01
2.343055315108269199e-01 7.751390999441226670e-02 -2.102745304697119511e-01 9.223308439681636439e-02 8.426374891279698742e-01 -4.635762284589755033e-01 2.579771316735495201e-01
2.344213624097127857e-01 7.742781578953740473e-02 -2.102936645028857798e-01 9.226371971652436166e-02 8.426014002510815448e-01 -4.636433132701045512e-01 2.579634942756570126e-01
2.344194253945077744e-01 7.742938617334635398e-02 -2.102944023561151843e-01 9.226000150950908196e-02 8.426161134268017605e-01 -4.636482291593562177e-01 2.579079237099347610e-01
2.344186269159482527e-01 7.742995425487571304e-02 -2.102947305136734779e-01 9.225977550948076533e-02 8.426220452218765589e-01 -4.636499444255499092e-01 2.578855400429159728e-01
2.343201964747130550e-01 7.723004986662428129e-02 -2.100968990091704458e-01 9.224340895613149238e-02 8.425833466024202911e-01 -4.636978947390698602e-01 2.579316187422009410e-01
2.343180265814335528e-01 7.723073558542709049e-02 -2.100978535813391446e-01 9.225510517413888778e-02 8.425977735979053307e-01 -4.636984459945876491e-01 2.578793102972131712e-01
2.343172581128344367e-01 7.723085788596920076e-02 -2.100982282339322882e-01 9.226128240672420988e-02 8.426025937587056092e-01 -4.636981410990678176e-01 2.578618985058426794e-01
2.342908314413962301e-01 7.692778203449429641e-02 -2.099635805279131406e-01 9.221386549989496473e-02 8.426439233176437060e-01 -4.635806021540465616e-01 2.579551255778954610e-01
2.342892167572746820e-01 7.692761362293283611e-02 -2.099644261621126107e-01 9.223315545778019986e-02 8.426531988595520328e-01 -4.635778400610559569e-01 2.579228909778875645e-01
2.341555490060471256e-01 7.691499011292630972e-02 -2.098807977916116729e-01 9.217948313195319099e-02 8.426970866803529248e-01 -4.634777226038278575e-01 2.579786108186893911e-01
2.342653457825151775e-01 7.703739409103649294e-02 -2.099804495174232843e-01 9.224001257805143628e-02 8.426167747944409703e-01 -4.636158750662304762e-01 2.579710667908097221e-01
2.342633413287752986e-01 7.703853648623924799e-02 -2.099812016691453564e-01 9.224251450718679024e-02 8.426306391510615112e-01 -4.636188295988112884e-01 2.579195714223588842e-01
2.341555736003143595e-01 7.695806004939849398e-02 -2.099432320489036385e-01 9.226132745927696777e-02 8.425580425977823307e-01 -4.637177087655923735e-01 2.579722444109738833e-01
2.342707381627326946e-01 7.703951979315000476e-02 -2.100312496684469121e-01 9.232792030094999491e-02 8.424634347682617985e-01 -4.638884794372473142e-01 2.579503728564132015e-01
2.342693233643680095e-01 7.704037120334698840e-02 -2.100317958904799887e-01 9.232919357905550184e-02 8.424730529377282284e-01 -4.638907924769946067e-01 2.579143418693328194e-01
2.341933061183063269e-01 7.688669490493107994e-02 -2.100366791264285382e-01 9.230063610100507077e-02 8.425031910939475566e-01 -4.638188523348177883e-01 2.579554957559105355e-01
2.343474447117126769e-01 7.692252633792419358e-02 -2.101233004210809607e-01 9.237387013606394859e-02 8.424171025162864312e-01 -4.639667270328067250e-01 2.579445089755060261e-01
2.343453439422294171e-01 7.692390502429466426e-02 -2.101241160756206761e-01 9.237365927688093170e-02 8.424324557450240114e-01 -4.639707788971498825e-01 2.578871476223256187e-01
2.342461749279760863e-01 7.688117350028229879e-02 -2.100750378588168987e-01 9.235173411767129414e-02 8.424485142746775956e-01 -4.639177654884379942e-01 2.579379089355843258e-01
2.343008060866735853e-01 7.689989562150992275e-02 -2.101127775860389679e-01 9.241032649831962265e-02 8.423849348439526041e-01 -4.640304502195846670e-01 2.579218764925402807e-01
2.342990035290014594e-01 7.690050721851367233e-02 -2.101136079160975667e-01 9.241910672978023711e-02 8.423970168030554539e-01 -4.640313982294577144e-01 2.578775605782645530e-01
2.341478981297035744e-01 7.687895157164201243e-02 -2.100262178612018749e-01 9.237471464001656418e-02 8.424347309250209692e-01 -4.639432153191331287e-01 2.579289227399819695e-01
2.342979429746433750e-01 7.700224317235901395e-02 -2.101467976475262511e-01 9.244526624769186518e-02 8.423302121266245113e-01 -4.641244155949745265e-01 2.579190053790775261e-01
2.342959161527335132e-01 7.700285663978510831e-02 -2.101477656879025546e-01 9.245662707680189774e-02 8.423439318654186714e-01 -4.641247491669841518e-01 2.578695208235592951e-01
2.341506911683204906e-01 7.704958490882779509e-02 -2.100401006592800823e-01 9.241199283150475230e-02 8.423496338668765571e-01 -4.640947659650495050e-01 2.579208524123144941e-01
2.342909238904419822e-01 7.720217613337254647e-02 -2.101682034189072124e-01 9.248114490312904501e-02 8.422565936489143645e-01 -4.642543033173630596e-01 2.579127956182939996e-01
2.342889341968602268e-01 7.720386818310213950e-02 -2.101689095588704925e-01 9.247534637182593109e-02 8.422717411002464960e-01 -4.642599238683366991e-01 2.578552841171499743e-01
2.341804130525356742e-01 7.719078700719381181e-02 -2.101068435968448389e-01 9.246614484237773712e-02 8.422383459729910760e-01 -4.642862262609009916e-01 2.579202991915910959e-01
2.343295381388198206e-01 7.716746898051818349e-02 -2.101596420238137086e-01 9.253248291701787753e-02 8.421430269395420165e-01 -4.644507565987692210e-01 2.579115283913234191e-01
2.343280668961803259e-01 7.716800812230463491e-02 -2.101603613134400972e-01 9.254014670241673957e-02 8.421531333226494054e-01 -4.644514197232951780e-01 2.578745819194951938e-01
2.341982320166809128e-01 7.719124754787044795e-02 -2.100708888226057447e-01 9.249019626372639857e-02 8.421761813542315567e-01 -4.643891961025773951e-01 2.579292881739171928e-01
2.343187322936878536e-01 7.723238962985250200e-02 -2.101452743512408072e-01 9.255813802615218966e-02 8.420880273648048142e-01 -4.645508381649283702e-01 2.579016557028008805e-01
2.343170101218365609e-01 7.723362232348950085e-02 -2.101459595947529624e-01 9.255759544623592960e-02 8.421008516321271120e-01 -4.645543876442066455e-01 2.578535788508146132e-01
2.341597319460532178e-01 7.733872210551445692e-02 -2.100125937449030256e-01 9.252122078014245188e-02 8.420909024373938179e-01 -4.645518002257119639e-01 2.579037817570303259e-01
2.342927062616322609e-01 7.736605533071905239e-02 -2.100781035438814837e-01 9.258062394919966409e-02 8.419984830719552393e-01 -4.647059888043637566e-01 2.579064298210913542e-01
2.342908581577007321e-01 7.736670488262853418e-02 -2.100789776209697757e-01 9.259091300944417846e-02 8.420111282224482796e-01 -4.647068937875648009e-01 2.578598178157079923e-01
2.341823902310061489e-01 7.731227331421197668e-02 -2.100273986285933758e-01 9.251413296441698964e-02 8.420928551749764512e-01 -4.645402032817265159e-01 2.579208366923277373e-01
2.343300071619787150e-01 7.729443931146165458e-02 -2.100787107496405459e-01 9.256795325130021124e-02 8.419964083908659802e-01 -4.647041449017788040e-01 2.579210731965376202e-01
2.343284243554233925e-01 7.729526495160236876e-02 -2.100794298080584377e-01 9.257284139239679854e-02 8.420077709733750915e-01 -4.647059618969831551e-01 2.578789476370381140e-01
2.342406898864230758e-01 7.719424576078041944e-02 -2.100601835477517443e-01 9.254269167517478745e-02 8.420213702740242390e-01 -4.646559108333261356e-01 2.579355476606902675e-01
2.343815306790997532e-01 7.713119807516524706e-02 -2.100901526227727245e-01 9.257844132966554229e-02 8.419688360356069046e-01 -4.647546289768316741e-01 2.579163550270175964e-01
2.343793446575763995e-01 7.713280103193018156e-02 -2.100910111132091029e-01 9.257729561049825306e-02 8.419854487157513168e-01 -4.647593243864246437e-01 2.578540650915854826e-01
2.342716624482671095e-01 7.706833112221725401e-02 -2.100446386814625865e-01 9.251722560209867108e-02 8.420557660524117249e-01 -4.646184662696227763e-01 2.578998461148047650e-01
2.344153294134002641e-01 7.705796422558379433e-02 -2.101011098576966440e-01 9.256922531474842675e-02 8.419756189596591112e-01 -4.647535615139332110e-01 2.578994429273568922e-01
2.344134050597965202e-01 7.705902920002517809e-02 -2.101019770844622381e-01 9.257395780409646835e-02 8.419898015732274477e-01 -4.647559564527424802e-01 2.578471200631471394e-01
2.343160007444606840e-01 7.698246317111484549e-02 -2.100688861947132002e-01 9.255372441285564244e-02 8.419911019178147882e-01 -4.647300982793456381e-01 2.578967393004472086e-01
2.344517501628693157e-01 7.697084785748313507e-02 -2.101269105240083368e-01 9.262112361595778443e-02 8.419148208933243671e-01 -4.648688048912593684e-01 2.578715883133527731e-01
2.344497299833336046e-01 7.697175486523763488e-02 -2.101278798836386519e-01 9.262938996190123175e-02 8.419294617201968922e-01 -4.648705536375190017e-01 2.578176603019505797e-01
2.343136423210428476e-01 7.693005135406551231e-02 -2.100572031655602578e-01 9.257606896993307577e-02 8.419722191469525274e-01 -4.647699030422999811e-01 2.578786359217868362e-01
2.344401714618372656e-01 7.699396342189737674e-02 -2.101358596058849060e-01 9.260752510751242561e-02 8.419283334537666086e-01 -4.648483615320089246e-01 2.578692079373402501e-01
2.344384230933309332e-01 7.699402046301112579e-02 -2.101368872843430158e-01 9.262627573818750515e-02 8.419397533895257579e-01 -4.648465812112920204e-01 2.578283937843759976e-01
2.343197959355141358e-01 7.698401649874697661e-02 -2.100665112514895350e-01 9.256964270071005307e-02 8.419774813870999353e-01 -4.647644660169224506e-01 2.578735605200804804e-01
2.344076694493959223e-01 7.699824582037195775e-02 -2.101095808333626191e-01 9.260532598287220252e-02 8.419102710301358261e-01 -4.648756001469606103e-01 2.578798664525253637e-01
2.344062679227345847e-01 7.699904098047360979e-02 -2.101102322727720351e-01 9.260838801911377982e-02 8.419205566497613979e-01 -4.648774693136543679e-01 2.578418144591553829e-01
2.342775207402751636e-01 7.699812557108615119e-02 -2.100293960845536489e-01 9.256486224357828030e-02 8.419632161832786288e-01 -4.647720003269778521e-01 2.579082716474920822e-01
2.344109952844460887e-01 7.710119213083740930e-02 -2.101276731404826403e-01 9.263356422149657265e-02 8.418827997619423575e-01 -4.649046494452007128e-01 2.579070397814882121e-01
2.344092467482116471e-01 7.710210678996579081e-02 -2.101284792126475731e-01 9.263852301521230403e-02 8.418955886498948882e-01 -4.649066435369803019e-01 2.578599128608133340e-01
2.342492835389413386e-01 7.707201278390517218e-02 -2.100414427489427638e-01 9.257177503220558046e-02 8.419394931220649525e-01 -4.648055630907998448e-01 2.579227498856809797e-01
2.343935822807238778e-01 7.705865357856860054e-02 -2.100962733101138791e-01 9.263402652813748639e-02 8.418815623680171445e-01 -4.649101121868327580e-01 2.579010656441677041e-01
2.342563662950799541e-01 7.702920661944143155e-02 -2.100233288466816506e-01 9.258475198589297128e-02 8.419464540984886725e-01 -4.647851909957368410e-01 2.579320809084217347e-01
2.342550991922203729e-01 7.702970778012266373e-02 -2.100238742708029349e-01 9.258960443001346130e-02 8.419550846661841836e-01 -4.647862783375185103e-01 2.579002055551933847e-01
2.343624742520297177e-01 7.717970405019401736e-02 -2.101357781588567286e-01 9.269166682272744762e-02 8.418279863989828193e-01 -4.649920379067653542e-01 2.579075433180885724e-01
2.342405960003023369e-01 7.716243846567794051e-02 -2.100653355845732984e-01 9.262276337903173340e-02 8.419064011163603922e-01 -4.648390018808039592e-01 2.579522005988474365e-01
2.342398116365659033e-01 7.716277653670462755e-02 -2.100656767188048835e-01 9.262529482589880458e-02 8.419116551612495503e-01 -4.648397002311001058e-01 2.579328841988194898e-01
2.343567428511777184e-01 7.716125227151873767e-02 -2.101124604186788425e-01 9.268473111519442975e-02 8.418602150012295393e-01 -4.649280036541603156e-01 2.579202792227564545e-01
2.342351461120200096e-01 7.717117266892703498e-02 -2.100373045727652599e-01 9.267727790409507893e-02 8.418329445373264885e-01 -4.649582407798594774e-01 2.579574576995205537e-01
2.342341693293459037e-01 7.717138066584142142e-02 -2.100377767889055058e-01 9.268410613197525239e-02 8.418392141866604117e-01 -4.649579824321338206e-01 2.579350082884107054e-01
2.343592278751788771e-01 7.727691299545877412e-02 -2.101348960236214813e-01 9.275056483004336105e-02 8.417382234613681735e-01 -4.651288373890811734e-01 2.579326666339287755e-01
2.342266599831395735e-01 7.725068857474423623e-02 -2.100639916559641773e-01 9.270112025833275593e-02 8.417849543973365822e-01 -4.650300900595350506e-01 2.579759837510942067e-01
2.342257108380283170e-01 7.725104996684796499e-02 -2.100644125723708233e-01 9.270511127454929279e-02 8.417912708630150842e-01 -4.650306987499882583e-01 2.579528403846354512e-01
2.343246314627046301e-01 7.732239845713088922e-02 -2.101432900202196974e-01 9.278695219829920238e-02 8.416740104930129363e-01 -4.652376387388092449e-01 2.579329003114864127e-01
2.342034316293522545e-01 7.728416377112429236e-02 -2.100837741223101351e-01 9.272795398507842346e-02 8.417457436163465756e-01 -4.650963875765743438e-01 2.579747660464597470e-01
2.342023236942477049e-01 7.728454308208769497e-02 -2.100842771579809753e-01 9.273322540186257346e-02 8.417531601184395917e-01 -4.650969104969875367e-01 2.579477276181068590e-01
2.343249622656397579e-01 7.724717401101241498e-02 -2.101173574514263453e-01 9.279500881925269173e-02 8.416554537589104878e-01 -4.652705143893564044e-01 2.579312542829603205e-01
2.341927305076016430e-01 7.726193060202166119e-02 -2.100326996020924486e-01 9.274742404658636863e-02 8.416902383119513331e-01 -4.651974860527064992e-01 2.579665812335680264e-01
2.341918213249890579e-01 7.726252340824468767e-02 -2.100330387098473528e-01 9.274714313187386316e-02 8.416966395231608722e-01 -4.651993721373850477e-01 2.579423939938459975e-01
2.343210412054725356e-01 7.736518617939579234e-02 -2.101289643969909970e-01 9.280844915335428880e-02 8.416072819871726063e-01 -4.653477192974607712e-01 2.579443250326796111e-01
2.341802644576088388e-01 7.741057785478422382e-02 -2.100285384489296581e-01 9.276113751238337923e-02 8.416361054483563198e-01 -4.652810860620320010e-01 2.579874964529637049e-01
2.341791590835419212e-01 7.741096999055488426e-02 -2.100290325722655727e-01 9.276637221693996571e-02 8.416434567108527220e-01 -4.652816952261981109e-01 2.579605319597370605e-01
2.343049417993686434e-01 7.735181367003694797e-02 -2.100565054608287130e-01 9.281586588225047840e-02 8.415648454225369557e-01 -4.654254742400270040e-01 2.579398261570234885e-01
2.341871130992249361e-01 7.741998999950665261e-02 -2.099622876942451311e-01 9.278823261886778861e-02 8.415791067990355812e-01 -4.653954712626348078e-01 2.579573728642668429e-01
2.341864322108632157e-01 7.742031576122526682e-02 -2.099625729937307506e-01 9.279024562937000786e-02 8.415836251607780039e-01 -4.653962389404892042e-01 2.579405221312298102e-01
2.343000476526488629e-01 7.748835560972688885e-02 -2.100371914698442033e-01 9.285630438611185145e-02 8.414981990046227489e-01 -4.655449860051651956e-01 2.579270319551260071e-01
2.341807745224774584e-01 7.751296096369152122e-02 -2.099622723854674133e-01 9.286183290010137370e-02 8.414563276431370475e-01 -4.656155983263773335e-01 2.579341839596468455e-01
2.341800925608388817e-01 7.751320380881202010e-02 -2.099625860958921342e-01 9.286542265099269333e-02 8.414607455140461489e-01 -4.656159434864693969e-01 2.579178555393225603e-01
2.342692789723142266e-01 7.757277877866833316e-02 -2.100267847894745077e-01 9.291628412462434039e-02 8.414014720012137349e-01 -4.657317525688912108e-01 2.578838143578847664e-01
2.341475548255463890e-01 7.757408491437813025e-02 -2.099581718461095980e-01 9.290883306533573305e-02 8.413885160431099353e-01 -4.657479383281669660e-01 2.578995381001544240e-01
2.341465224949876023e-01 7.757433740875711858e-02 -2.099586615494737629e-01 9.291594531364731624e-02 8.413952292488062756e-01 -4.657478346275105707e-01 2.578752602395298354e-01
2.342524123072931563e-01 7.766026762701713770e-02 -2.100394575040226697e-01 9.298725748998999674e-02 8.413163907905661931e-01 -4.658867302066841964e-01 2.578558805785698960e-01
2.341276357794697671e-01 7.767423021773729730e-02 -2.099618524549308196e-01 9.293402219049787250e-02 8.413527046997153480e-01 -4.658216165712503742e-01 2.578742238939688569e-01
2.341268576389137768e-01 7.767494667005218900e-02 -2.099620839901396585e-01 9.293082900427944437e-02 8.413585487013788278e-01 -4.658240369829486638e-01 2.578519344829419135e-01
2.342506661507089416e-01 7.770976834576631687e-02 -2.100264063266214509e-01 9.301005639280575388e-02 8.412794726542558443e-01 -4.659606560297196998e-01 2.578345309161236276e-01
2.341408374974716100e-01 7.765474726912263703e-02 -2.099854524729375393e-01 9.299270344694028634e-02 8.412939552300019441e-01 -4.659291424720131136e-01 2.578504841848924256e-01
2.341399459395448468e-01 7.765508936355980385e-02 -2.099858511054696897e-01 9.299682291532665457e-02 8.412999521462485308e-01 -4.659297515021060265e-01 2.578283307000240887e-01
2.342885813528846617e-01 7.768729847028263413e-02 -2.100564361966862081e-01 9.306665394419283421e-02 8.412145929421861457e-01 -4.660769557906481175e-01 2.578155887949097336e-01
2.341614197625558336e-01 7.767987730529862800e-02 -2.099839630985150807e-01 9.299826445951629716e-02 8.412713147927948221e-01 -4.659741232173547631e-01 2.578410638477461880e-01
2.341603617481874677e-01 7.768058996918920933e-02 -2.099843549018900191e-01 9.299821713986275440e-02 8.412790659397553217e-01 -4.659761431911839669e-01 2.578121385757639605e-01
2.342919247323851373e-01 7.767210574642967325e-02 -2.100347773632603443e-01 9.305841454182012251e-02 8.412058113189251340e-01 -4.661107205444295909e-01 2.577861723983356224e-01
2.341618020143073631e-01 7.763966186868359598e-02 -2.099705788991215738e-01 9.300846147544723774e-02 8.412572226440564460e-01 -4.660044313560898210e-01 2.578285891821657794e-01
2.341609929090477105e-01 7.764013965769818448e-02 -2.099708998754596656e-01 9.300957807328477656e-02 8.412629429319089525e-01 -4.660055792757520354e-01 2.578074462075213846e-01
2.342844874912229092e-01 7.775139549431878128e-02 -2.100649133103591470e-01 9.307166314701335874e-02 8.411779908080528889e-01 -4.661554106466008762e-01 2.577913621983387582e-01
2.341623882603561246e-01 7.778920670258411552e-02 -2.099813312276070654e-01 9.303534292576773335e-02 8.411871731545534914e-01 -4.661399971987206792e-01 2.578023810955060169e-01
2.341613400419108870e-01 7.778931471147798593e-02 -2.099818776162509226e-01 9.304510301348864476e-02 8.411938903526074984e-01 -4.661392050941924325e-01 2.577783720811524515e-01
2.342613917222957920e-01 7.773684329815985783e-02 -2.100028608754943293e-01 9.308575707360103313e-02 8.411675732613714818e-01 -4.661904636829771187e-01 2.577568759406054788e-01
2.341729731896587952e-01 7.771439425508142040e-02 -2.099603239672773181e-01 9.306231597965780589e-02 8.411601717373484721e-01 -4.661900818537993985e-01 2.577901829171245218e-01
2.341717227924370870e-01 7.771424401836370122e-02 -2.099610435624172933e-01 9.307843489581639485e-02 8.411678242183148191e-01 -4.661876974881146163e-01 2.577637041321015898e-01
2.342785664435813875e-01 7.786408775817615924e-02 -2.100684400638115068e-01 9.313316310221342320e-02 8.410981405457667037e-01 -4.663094165648195011e-01 2.577511589188453689e-01
2.341779175653554979e-01 7.791471521467929762e-02 -2.099917617800966807e-01 9.309968682097209680e-02 8.411227490959777287e-01 -4.662643972097453848e-01 2.577643907945675328e-01
2.341769180172461051e-01 7.791540971365998325e-02 -2.099921303522544469e-01 9.309951954672032737e-02 8.411302366579378464e-01 -4.662665292863882316e-01 2.577361598750882443e-01
2.343185063542493896e-01 7.802442008086792058e-02 -2.100930223227738813e-01 9.317777283602639293e-02 8.410296488523408831e-01 -4.664335917319676339e-01 2.577338489695172319e-01
2.342134635931084619e-01 7.798010775689132035e-02 -2.100493515170508418e-01 9.312097281287542994e-02 8.410851356522914823e-01 -4.663307439042073677e-01 2.577594155349106075e-01
2.342125682806453502e-01 7.798083639247545273e-02 -2.100496727001543718e-01 9.311928478622899519e-02 8.410920668791145305e-01 -4.663332190684551515e-01 2.577329288763320347e-01
2.343166424274565063e-01 7.798716585596493500e-02 -2.100916247064973652e-01 9.319264504705151997e-02 8.409857026017506509e-01 -4.665128711993249966e-01 2.577283840284881333e-01
2.342092721845497327e-01 7.796567529844630751e-02 -2.100413695779120571e-01 9.318857226107699065e-02 8.409869652673676033e-01 -4.664976369191672911e-01 2.577533103553827365e-01
2.342086166280654969e-01 7.796614541468653570e-02 -2.100416377667781165e-01 9.318859524344580425e-02 8.409919386553726950e-01 -4.664989454371455402e-01 2.577347061209687706e-01
2.343222965116111556e-01 7.782420625964696359e-02 -2.100216881527811608e-01 9.322859026799142079e-02 8.409387837116678588e-01 -4.665958310082783944e-01 2.577183006537904775e-01
2.341893816072676549e-01 7.777790945825152624e-02 -2.099627334959528469e-01 9.316904375068525701e-02 8.409969347090651137e-01 -4.664797636079138776e-01 2.577601894025607909e-01
2.341882982556536541e-01 7.777870183866215925e-02 -2.099631232777969814e-01 9.316803025392519921e-02 8.410051758317407256e-01 -4.664820601076051232e-01 2.577295092933505893e-01
2.343202442098977489e-01 7.772565796031502550e-02 -2.099852762142530582e-01 9.320975284226250268e-02 8.409187271213995896e-01 -4.666296915269847467e-01 2.577292520010883159e-01
2.342400840779897409e-01 7.767560615072537089e-02 -2.099603124015503586e-01 9.319742245143276815e-02 8.409340882856105592e-01 -4.665964391053909477e-01 2.577437925961117426e-01
2.342390861968408067e-01 7.767655980270472826e-02 -2.099606286329245286e-01 9.319303648124836748e-02 8.409420993123890575e-01 -4.665998002308969772e-01 2.577131544565849919e-01
2.343605383656938157e-01 7.766561896071337567e-02 -2.099989638188788366e-01 9.322865075547173697e-02 8.408915397383480705e-01 -4.666841262709396920e-01 2.577125595727032259e-01
2.342618514735314850e-01 7.760996218721857853e-02 -2.099639781560514729e-01 9.319802646132697987e-02 8.409229800186945880e-01 -4.666190685986864040e-01 2.577388491482927035e-01
2.342609092448005026e-01 7.760991928207373880e-02 -2.099645498750924710e-01 9.320947636987461649e-02 8.409289704650890762e-01 -4.666175974543985694e-01 2.577178261068954201e-01
2.343542574236030240e-01 7.759370795638720342e-02 -2.099963548544893088e-01 9.324082086924946611e-02 8.409113325282245865e-01 -4.666516674886840299e-01 2.577023503565009643e-01
2.342262755678351793e-01 7.758085894377826641e-02 -2.099254481125818195e-01 9.317761449335541790e-02 8.409669595187326818e-01 -4.665387674133857909e-01 2.577481011676797662e-01
2.342253403555903668e-01 7.758125755987888006e-02 -2.099258697401605867e-01 9.318136513229646756e-02 8.409735370504725083e-01 -4.665394943995176957e-01 2.577239673339318249e-01
2.343344925182025418e-01 7.767804163584400567e-02 -2.100060144556434305e-01 9.322434437965333720e-02 8.409148062995255302e-01 -4.666457515675888623e-01 2.577076884866557061e-01
2.342168762030890083e-01 7.763497818244541326e-02 -2.099546936511290096e-01 9.316041286897105977e-02 8.409894118427289067e-01 -4.665069244403702298e-01 2.577386973112310020e-01
2.342162391445402336e-01 7.763536495041925556e-02 -2.099549588024695879e-01 9.316105950090280974e-02 8.409939636291312581e-01 -4.665079994181198231e-01 2.577216650010940580e-01
2.343292090574066455e-01 7.765195118643443417e-02 -2.100032470664949247e-01 9.318576156303530478e-02 8.409685167707973141e-01 -4.665584606282672242e-01 2.577044246000136929e-01
2.342045591150292427e-01 7.768918013716689941e-02 -2.099158163302674296e-01 9.312743874207426997e-02 8.410094344226765051e-01 -4.664750700157001551e-01 2.577429347610494803e-01
2.342038652793660414e-01 7.768963909919657240e-02 -2.099160836894358173e-01 9.312750796125500441e-02 8.410144894298743345e-01 -4.664762890139696472e-01 2.577242084432301850e-01
2.342945975739491316e-01 7.779445457290934396e-02 -2.100016438814745756e-01 9.320555578840229727e-02 8.409309941106116737e-01 -4.666206415244489869e-01 2.577071291556074506e-01
2.341606176976550602e-01 7.786322816566268457e-02 -2.098998858161558734e-01 9.317261955535374729e-02 8.409432745699754186e-01 -4.665931060935734065e-01 2.577288211796879835e-01
2.341597288028484380e-01 7.786339052943322403e-02 -2.099003360160704434e-01 9.317978546823373065e-02 8.409490696261727738e-01 -4.665927406003761990e-01 2.577079825965786775e-01
2.342757240382824790e-01 7.796663170933287867e-02 -2.099905727572551339e-01 9.323654696313028734e-02 8.408594923507239915e-01 -4.667526365803554844e-01 2.576901951556586634e-01
2.341624428016130244e-01 7.789291778806038680e-02 -2.099573478425641737e-01 9.321914462112532163e-02 8.408698904533496998e-01 -4.667134396545603581e-01 2.577335516592406117e-01
2.341615011495252197e-01 7.789382069252162588e-02 -2.099576176696197338e-01 9.321445063366017025e-02 8.408773620487917100e-01 -4.667166358757356970e-01 2.577050833487110615e-01
2.342399033947473452e-01 7.792280085298815273e-02 -2.100025537020709654e-01 9.324284587173872763e-02 8.408452978371537823e-01 -4.667770409633773543e-01 2.576900285776709820e-01
2.341498110763814144e-01 7.782263101277077377e-02 -2.099914797098324515e-01 9.320239663379209505e-02 8.408769215409266362e-01 -4.667026792245291267e-01 2.577361544025552065e-01
2.341487487012248181e-01 7.782296591398915608e-02 -2.099919780845952155e-01 9.320814473692345947e-02 8.408842307847195219e-01 -4.667029199822083640e-01 2.577097915337558387e-01
2.342788608853335897e-01 7.777107982865483216e-02 -2.100155059734776231e-01 9.325323106372046533e-02 8.408094423028147357e-01 -4.668394145029928777e-01 2.576902747429722917e-01
2.341942329856481764e-01 7.770487472437798138e-02 -2.099936780483356580e-01 9.321654595681526378e-02 8.408469913933427353e-01 -4.667576342490238339e-01 2.577291669464267243e-01
2.341932589421835686e-01 7.770519707355758032e-02 -2.099941418941796145e-01 9.322164243411536211e-02 8.408537148036273612e-01 -4.667580798860553326e-01 2.577045799824073669e-01
2.343114425234075204e-01 7.770236995654325463e-02 -2.100366174792544227e-01 9.325611522942750531e-02 8.408073899539602047e-01 -4.668385979799263286e-01 2.576974066754683101e-01
2.341898387883735166e-01 7.766039933595277056e-02 -2.099837049983561965e-01 9.318873889067105787e-02 8.408845682194202587e-01 -4.666930815117728004e-01 2.577335242909841173e-01
2.341891865064830713e-01 7.766094738890809424e-02 -2.099839242534572437e-01 9.318649678208487663e-02 8.408895328738831276e-01 -4.666949971262244756e-01 2.577146677587027201e-01
2.343059341065422962e-01 7.768766954655965951e-02 -2.100447835822124021e-01 9.326221305010055918e-02 8.408105058806166765e-01 -4.668318173573300367e-01 2.576973168673500902e-01
2.341873063981032843e-01 7.769243945474187119e-02 -2.099779268407838406e-01 9.325604160257629227e-02 8.407931124327380212e-01 -4.668460584103134581e-01 2.577304998191756180e-01
2.341862739935934856e-01 7.769298270115633509e-02 -2.099783471349593311e-01 9.325789696741600132e-02 8.408006205492650764e-01 -4.668474664938772056e-01 2.577027826109640207e-01
2.342815136813994892e-01 7.773663937929753409e-02 -2.100365468106216160e-01 9.329492662149305171e-02 8.407470610763089214e-01 -4.669420067719100009e-01 2.576928370561764048e-01
2.341531264423369063e-01 7.773661572337373094e-02 -2.099645035268317972e-01 9.325356686143428109e-02 8.407895539383869465e-01 -4.668559446366607468e-01 2.577250962035312898e-01
2.341523707450709202e-01 7.773698844034304667e-02 -2.099648169252265606e-01 9.325522891193152586e-02 8.407948492881246461e-01 -4.668570414975879990e-01 2.577052317964506067e-01
2.342448950525692908e-01 7.783783993743363661e-02 -2.100481749620065619e-01 9.331982971647256875e-02 8.407120392199041170e-01 -4.670034398379614426e-01 2.576867549407818592e-01
2.341372278760486259e-01 7.784595267579161315e-02 -2.099852257448104886e-01 9.327050273412991477e-02 8.407642811791338211e-01 -4.669135208037085150e-01 2.576971107788016413e-01
2.341362611177540964e-01 7.784636824553560486e-02 -2.099856461765922111e-01 9.327376078798861603e-02 8.407711236487199757e-01 -4.669145516938385532e-01 2.576717380767156174e-01
2.342426119834392084e-01 7.791402500598043623e-02 -2.100581151178015360e-01 9.334690944975163052e-02 8.406913872150086897e-01 -4.670528090262460186e-01 2.576548457517868762e-01
2.341746303731853385e-01 7.784689001065227265e-02 -2.100471224928320835e-01 9.331710249071478724e-02 8.407414125179168973e-01 -4.669527731898557299e-01 2.576837272130670931e-01
2.341740206152899961e-01 7.784726567435439060e-02 -2.100473748720211586e-01 9.331740499795929122e-02 8.407459514998583128e-01 -4.669537998547451108e-01 2.576669473608510508e-01
2.342787758323322533e-01 7.784975217098283329e-02 -2.100930469805071810e-01 9.336165051976447193e-02 8.406920457901565502e-01 -4.670547857919651324e-01 2.576437723412080549e-01
2.341599199882340165e-01 7.783290761653864631e-02 -2.100328564925660335e-01 9.330855610599174399e-02 8.407380474110912605e-01 -4.669566231361089170e-01 2.576908246370491207e-01
2.341584966308163096e-01 7.783301883704168977e-02 -2.100336154749569140e-01 9.332148882885718533e-02 8.407475718924678487e-01 -4.669556189990904382e-01 2.576568841790597419e-01
2.342650550475954274e-01 7.784707736183643645e-02 -2.100824799105562024e-01 9.336165859121144106e-02 8.407189757557032017e-01 -4.670027360722995291e-01 2.576502455080637577e-01
2.341629621122821026e-01 7.779974467148863260e-02 -2.100487473074258427e-01 9.337661817984818646e-02 8.406764007584895948e-01 -4.670569938532423970e-01 2.576853912774617061e-01
2.341620199820762249e-01 7.780056428931640677e-02 -2.100490272654755852e-01 9.337256032173667231e-02 8.406839098092255824e-01 -4.670599314434447646e-01 2.576570379533267285e-01
2.342805838780924466e-01 7.783075127448373098e-02 -2.101099648519931529e-01 9.343944097981551900e-02 8.406181502539139538e-01 -4.671839526099250683e-01 2.576224966046929410e-01
2.341389571476671094e-01 7.785026038595532771e-02 -2.100231167615229932e-01 9.338108969915091817e-02 8.406512403646577702e-01 -4.671086080863305900e-01 2.576722965543878363e-01
2.341378203049711559e-01 7.785068415080599602e-02 -2.100236136789960795e-01 9.338567660719834795e-02 8.406592693547974005e-01 -4.671094722250823672e-01 2.576428714520918595e-01
2.342554448395911815e-01 7.780977068193722923e-02 -2.100542531333690066e-01 9.343976302896445096e-02 8.406067192388824161e-01 -4.672075734240326295e-01 2.576168425991605115e-01
2.341075607985673990e-01 7.779868408640946975e-02 -2.099776681292508107e-01 9.339017702205484883e-02 8.406426094998245002e-01 -4.671321038414270044e-01 2.576545662118122082e-01
2.341066998972239632e-01 7.779886163349926387e-02 -2.099780820107834955e-01 9.339594021792790857e-02 8.406482962885117871e-01 -4.671320959742564227e-01 2.576339364461321946e-01
2.342283587362932185e-01 7.787896440972415235e-02 -2.100613683875475479e-01 9.346209778037220528e-02 8.405413804987177384e-01 -4.673219181742204187e-01 2.576145351911826586e-01
2.340926207540469650e-01 7.782554804153531125e-02 -2.100089916628320452e-01 9.341163172497192468e-02 8.406098858822819153e-01 -4.671887384617549044e-01 2.576508673961124263e-01
2.340919146351504998e-01 7.782594292138890479e-02 -2.100092645315188855e-01 9.341215930913623899e-02 8.406149340310140605e-01 -4.671899973832946973e-01 2.576319225605315233e-01
2.341793193905207238e-01 7.781612173487219286e-02 -2.100434337769410131e-01 9.345439992128251605e-02 8.405973656276416461e-01 -4.672290572647969098e-01 2.576030902040402637e-01
2.340397521768536326e-01 7.777273052755741267e-02 -2.099835949718443784e-01 9.339337890456528291e-02 8.406712902535857790e-01 -4.670833480440639840e-01 2.576482185075374409e-01
2.340390410839167934e-01 7.777313994891557614e-02 -2.099838509949418786e-01 9.339338891898238404e-02 8.406762793166775438e-01 -4.670848856953709327e-01 2.576291479150553121e-01
2.341857766309691224e-01 7.780422623652746839e-02 -2.100484464666337592e-01 9.346273081537452565e-02 8.405685984129671606e-01 -4.672670624890179480e-01 2.576250019378497069e-01
2.340674634702552825e-01 7.771164041158593050e-02 -2.100236880079204282e-01 9.343577511006187497e-02 8.405830708203541057e-01 -4.672247252420685948e-01 2.576643419301142823e-01
2.340666712146854400e-01 7.771182840186462160e-02 -2.100240694038286449e-01 9.344039314031418741e-02 8.405883084974217212e-01 -4.672249103272804183e-01 2.576452439244547588e-01
2.341927051265981219e-01 7.768542135613042132e-02 -2.100526625328449082e-01 9.348264976120962411e-02 8.405045373313354551e-01 -4.673625030859931417e-01 2.576536582861881919e-01
2.341107372141164877e-01 7.760374378439621745e-02 -2.100433926297649578e-01 9.346585293397978444e-02 8.405384315073479717e-01 -4.672982903804003274e-01 2.576656502175753150e-01
2.341099060602609971e-01 7.760375055623543183e-02 -2.100438692561371057e-01 9.347406419892520524e-02 8.405437286765345961e-01 -4.672974428578250405e-01 2.576469277969779537e-01
2.342416668516329181e-01 7.759412275344010346e-02 -2.100874789990073988e-01 9.355109498881004904e-02 8.404192720948048256e-01 -4.675130545051945363e-01 2.576338168510803328e-01
2.341487898583433647e-01 7.751733418443207402e-02 -2.100707386550272615e-01 9.354917650296061538e-02 8.403916066274128571e-01 -4.675410796779408962e-01 2.576738983665188276e-01
2.341475636754839218e-01 7.751784512195815380e-02 -2.100712841304176459e-01 9.355290799087667697e-02 8.404005257517848104e-01 -4.675422746930887330e-01 2.576412837597781280e-01
2.342261529270078246e-01 7.748865055666652457e-02 -2.100885645909097155e-01 9.356760284288399843e-02 8.403910392590097089e-01 -4.675670836879503578e-01 2.576218684097744127e-01
2.341283817042026927e-01 7.741239183619103015e-02 -2.100692034235564221e-01 9.355489975327198338e-02 8.404170718612559154e-01 -4.675142236082763247e-01 2.576374910222855030e-01
2.341274367435167980e-01 7.741301262589239673e-02 -2.100695586611640575e-01 9.355369021614841352e-02 8.404242146354655718e-01 -4.675164273669151771e-01 2.576106299114570009e-01
2.342065792790854750e-01 7.749687921515675815e-02 -2.101408654360527872e-01 9.360210983527224304e-02 8.403886284608117485e-01 -4.675865171579289825e-01 2.575819232016464677e-01
2.341095173323450573e-01 7.746228480542290129e-02 -2.101021743502851091e-01 9.355565714121193144e-02 8.404163985949792970e-01 -4.675263669722407034e-01 2.576173755305696811e-01
2.341086304505385629e-01 7.746241295007723349e-02 -2.101026515194078237e-01 9.356222752193549264e-02 8.404222327863246633e-01 -4.675262487217774487e-01 2.575961703436703276e-01
2.342131838899894625e-01 7.740982587044328844e-02 -2.101218955525720189e-01 9.360716278679637181e-02 8.403906811187528136e-01 -4.675911234300411667e-01 2.575650276205934119e-01
2.340764890265070175e-01 7.738845392412584123e-02 -2.100544007711551142e-01 9.353106831847805835e-02 8.404637197842190766e-01 -4.674535645363302461e-01 2.576040372120684263e-01
2.340751914513801990e-01 7.738859427027469651e-02 -2.100550743142855781e-01 9.354116702495222924e-02 8.404722940687016086e-01 -4.674530508348859748e-01 2.575733259475083692e-01
2.342023304407282458e-01 7.748507225353609695e-02 -2.101443773329392806e-01 9.361772052109039455e-02 8.403747828703092004e-01 -4.676202410587310676e-01 2.575602004819259605e-01
2.340568736938567207e-01 7.748353555615747346e-02 -2.100651719010226959e-01 9.355908407257759740e-02 8.404341496256919619e-01 -4.675041071687121574e-01 2.575986174474266255e-01
2.340563739071279958e-01 7.748332566285009992e-02 -2.100655271730521301e-01 9.356742292363599833e-02 8.404367000356688377e-01 -4.675025231308943541e-01 2.575901424100544568e-01
2.341353007189726776e-01 7.762359873303872893e-02 -2.101623886427347598e-01 9.363824204375222060e-02 8.403619857849140562e-01 -4.676313084899558215e-01 2.575744005031620487e-01
2.340025009655216648e-01 7.759469077325042985e-02 -2.101039673548858733e-01 9.359047417298968496e-02 8.404043836407044665e-01 -4.675485331777570197e-01 2.576036960621685967e-01
2.340017055392340506e-01 7.759517000696651567e-02 -2.101042540805342917e-01 9.358960083737472013e-02 8.404101261347058927e-01 -4.675502874789465579e-01 2.575820940665385361e-01
2.341318287132884979e-01 7.758973887649971146e-02 -2.101556839481518169e-01 9.365603605701558476e-02 8.403477454062853180e-01 -4.676575448690143411e-01 2.575667572256675752e-01
2.339868776195872802e-01 7.756118119578320202e-02 -2.100898962941818437e-01 9.360197117359855823e-02 8.404061617559377417e-01 -4.675452075504137328e-01 2.575997538269594322e-01
2.339861704635015360e-01 7.756163226797282984e-02 -2.100901446453946053e-01 9.360076140181845805e-02 8.404112481689178793e-01 -4.675468745510888979e-01 2.575805728576391895e-01
2.341192706337532348e-01 7.761987582848331457e-02 -2.101671213217815859e-01 9.367019399510059796e-02 8.403222935588368081e-01 -4.677086280609582536e-01 2.575518917466390612e-01
