repeatability libsurvive; 20211016-000735; x y z w i j k;  frequency = 150 duration = 2 sys.args = ['repeatability.py']
-2.560289239868743238e-01 4.213759432541018535e-02 -3.274621237252731687e-01 2.035095206802485512e-01 -2.248581069568723612e-01 -9.135720955294116541e-01 2.709404602459124511e-01
-2.560293678008053742e-01 4.214017497360757203e-02 -3.274638778148138973e-01 2.035450895328569099e-01 -2.248379886590642363e-01 -9.135899478306865884e-01 2.708702320402358033e-01
-2.560257545421493197e-01 4.205951801758246733e-02 -3.274883376171215388e-01 2.035343926963862904e-01 -2.248578713633452852e-01 -9.135713396425422239e-01 2.709245209636610419e-01
-2.560261608503175412e-01 4.206217385772571815e-02 -3.274902723579511954e-01 2.035688503388848880e-01 -2.248374447523763253e-01 -9.135907311990940638e-01 2.708501845597149904e-01
-2.560259733059689902e-01 4.200727318856120607e-02 -3.274746037891942407e-01 2.035318428187699591e-01 -2.248327734232372088e-01 -9.135835095144606566e-01 2.709062274973614848e-01
-2.560262239099556081e-01 4.200976386228218173e-02 -3.274766043668035920e-01 2.035583194912617688e-01 -2.248152373968609896e-01 -9.136033064566567719e-01 2.708341153391695677e-01
-2.560225430839686012e-01 4.203948747450249324e-02 -3.274715522360469588e-01 2.035486652335429247e-01 -2.248482357053367964e-01 -9.135877981520414970e-01 2.708662896145349608e-01
-2.559938288702224285e-01 4.199723470441504847e-02 -3.275071348911935409e-01 2.035184723398854312e-01 -2.248535553758373440e-01 -9.135785403785710024e-01 2.709157813990248354e-01
-2.559943508341376850e-01 4.199964876109855971e-02 -3.275089055557772189e-01 2.035559910135569250e-01 -2.248332748636248102e-01 -9.135955232293373474e-01 2.708471468779018454e-01
-2.560030444877236522e-01 4.198035298263751158e-02 -3.274718067328480364e-01 2.035250248627362701e-01 -2.247582983549444857e-01 -9.136133327632279810e-01 2.708725710965943501e-01
-2.560036197820024229e-01 4.198266973476710850e-02 -3.274734693513206563e-01 2.035644509772951694e-01 -2.247374677309269542e-01 -9.136291110923200343e-01 2.708070018682310898e-01
-2.560019968479228525e-01 4.200783775088745564e-02 -3.274740603563308650e-01 2.035056228598089434e-01 -2.247825403406276124e-01 -9.136031406465172644e-01 2.709014072006183937e-01
-2.560022022668218544e-01 4.200908998070303213e-02 -3.274750509431096357e-01 2.035221904507974466e-01 -2.247726901679595879e-01 -9.136126597967850760e-01 2.708650283957151350e-01
-2.560025859689350480e-01 4.201134058613405220e-02 -3.274768613839967313e-01 2.035529185017803111e-01 -2.247545104522625792e-01 -9.136298804902052151e-01 2.707989307146993485e-01
-2.559926206922298886e-01 4.202763140195010794e-02 -3.274754043709137696e-01 2.035253451391308421e-01 -2.248208369823285202e-01 -9.135924140584832376e-01 2.708909856738610511e-01
-2.559927054447997397e-01 4.202912901308746008e-02 -3.274767182987539660e-01 2.035389585646093236e-01 -2.248105416321604100e-01 -9.136052876273184076e-01 2.708458807825839809e-01
-2.559934125718865694e-01 4.203149279836877750e-02 -3.274783609881405377e-01 2.035842446562412256e-01 -2.247881060284993571e-01 -9.136204309697475434e-01 2.707793766713416095e-01
-2.560196267932499103e-01 4.203890260524169309e-02 -3.274008090821216577e-01 2.034775518268604477e-01 -2.246365858103948621e-01 -9.136434778762023701e-01 2.709075221404408929e-01
-2.560198403817762203e-01 4.204028076119288582e-02 -3.274019226172468766e-01 2.034952594338608201e-01 -2.246257789739976030e-01 -9.136541810999061486e-01 2.708670821028833497e-01
-2.560204678417152824e-01 4.204229855470202615e-02 -3.274033362099428301e-01 2.035348932337584515e-01 -2.246061321947558920e-01 -9.136670718605220953e-01 2.708101076670771934e-01
-2.559985825949963600e-01 4.205604082759234474e-02 -3.274036651162464673e-01 2.035330864788755245e-01 -2.246851318789039320e-01 -9.136551159866272975e-01 2.707862685817075121e-01
-2.560442039506852230e-01 4.212413284795986368e-02 -3.272870613505151627e-01 2.034348013003390021e-01 -2.245931747683366231e-01 -9.136655664740525040e-01 2.709011260718929837e-01
-2.560812298666327869e-01 4.214327776559316507e-02 -3.272440893534739881e-01 2.033771374629979589e-01 -2.244247648091235448e-01 -9.137150034603107596e-01 2.709172518486983039e-01
-2.561836769623125343e-01 4.225015258706028842e-02 -3.271331360281244938e-01 2.033681590137286221e-01 -2.243357805451321463e-01 -9.137495317188381039e-01 2.708812336618706129e-01
-2.561231416873812061e-01 4.218540077122807930e-02 -3.271941310311365925e-01 2.033504285814420609e-01 -2.242971921470122698e-01 -9.137585767035176776e-01 2.708959879575031926e-01
-2.561234498678733318e-01 4.218757190729012507e-02 -3.271961347608482451e-01 2.033761809102286600e-01 -2.242803400746768427e-01 -9.137772304593028139e-01 2.708276780325143962e-01
-2.561890371060273064e-01 4.233605764798997750e-02 -3.272085367337748685e-01 2.033335056956013243e-01 -2.242625637147149242e-01 -9.137731071642327674e-01 2.708883471119861719e-01
-2.561058222289341324e-01 4.225406253430588621e-02 -3.273003276230390668e-01 2.033389300570558056e-01 -2.242486626600248001e-01 -9.137723314922012730e-01 2.708983998065490617e-01
-2.561256134657323158e-01 4.231082855185802627e-02 -3.273386785083720052e-01 2.033007872575925412e-01 -2.242012787735579438e-01 -9.137862309197779531e-01 2.709193619477402448e-01
-2.561261145784860527e-01 4.231277128831732737e-02 -3.273403662760228650e-01 2.033342212992030884e-01 -2.241832286779240069e-01 -9.138008133080126605e-01 2.708600155537966292e-01
-2.562156530998603299e-01 4.243838898025761863e-02 -3.272534266135241898e-01 2.033031831222915919e-01 -2.241397846148863726e-01 -9.138089315417265990e-01 2.708918775447215488e-01
-2.560935701936213893e-01 4.232397950472356618e-02 -3.273872806597925567e-01 2.033010683224714676e-01 -2.241818784670549514e-01 -9.137867018052514556e-01 2.709336165738850388e-01
-2.560942310573434133e-01 4.232740440388982339e-02 -3.273904418255764726e-01 2.033519912234980076e-01 -2.241520642721417933e-01 -9.138143000587823916e-01 2.708269646029613509e-01
-2.560984867132651277e-01 4.233900847937410727e-02 -3.273652122783820562e-01 2.032960120171095897e-01 -2.241702145602995633e-01 -9.137917220961770948e-01 2.709301294253400050e-01
-2.560992475240902455e-01 4.234256205978437215e-02 -3.273683940892198052e-01 2.033523233252615414e-01 -2.241387499044618092e-01 -9.138193416647264478e-01 2.708207233372837419e-01
-2.560909072433771860e-01 4.236130311363238421e-02 -3.273916872809120582e-01 2.032838525714953382e-01 -2.241216354826413570e-01 -9.138081217530387157e-01 2.709241303584089544e-01
-2.561875709398595546e-01 4.242779481075201198e-02 -3.272512852436662567e-01 2.032642942892357585e-01 -2.241055146227907691e-01 -9.138331104395582827e-01 2.708678483082015420e-01
-2.560683868872709601e-01 4.231402108810249085e-02 -3.273852534115702095e-01 2.032633795628601692e-01 -2.241016282352825684e-01 -9.138330027566675673e-01 2.708721134109454143e-01
-2.560685878319036157e-01 4.231591554402594491e-02 -3.273872032464740234e-01 2.032847800413722372e-01 -2.240869985336441106e-01 -9.138502041096610018e-01 2.708101175001489391e-01
-2.560969038580821477e-01 4.233358224171886175e-02 -3.273376163066719080e-01 2.032536174437844512e-01 -2.241192612532256212e-01 -9.138350780835609033e-01 2.708578479485803103e-01
-2.561897733501969920e-01 4.242346881691991256e-02 -3.272303853410292174e-01 2.032434385648107522e-01 -2.240705448913795084e-01 -9.138522596535576525e-01 2.708478228055724579e-01
-2.560875810285693222e-01 4.233194263259748569e-02 -3.273403154049136510e-01 2.032427261532994689e-01 -2.241274391807882016e-01 -9.138295705481545017e-01 2.708778345745783689e-01
-2.560890036590332541e-01 4.231815993150442323e-02 -3.273464629848464313e-01 2.032441477888967396e-01 -2.240923173682423108e-01 -9.138401606297470448e-01 2.708700989520513303e-01
-2.560895286318917718e-01 4.232021220010219464e-02 -3.273483718243209162e-01 2.032821346674381635e-01 -2.240721831699844513e-01 -9.138559820596313665e-01 2.708048642626517122e-01
-2.560896377956795589e-01 4.232128360828960045e-02 -3.273495260778088167e-01 2.032943346192171985e-01 -2.240636549358728247e-01 -9.138660783241319141e-01 2.707686889892914062e-01
-2.560695575086217590e-01 4.228138237969275570e-02 -3.273625214615405454e-01 2.032420737299007463e-01 -2.240552194810891962e-01 -9.138525832231738644e-01 2.708604331119306430e-01
-2.560701375709539263e-01 4.228444825655357231e-02 -3.273656264293180462e-01 2.032891434337220637e-01 -2.240277142849467218e-01 -9.138788530980656022e-01 2.707592089928060330e-01
-2.560624807938134961e-01 4.226308702472447720e-02 -3.273658826429849955e-01 2.032405626510677132e-01 -2.240576896115195615e-01 -9.138528292953327359e-01 2.708586934328320872e-01
-2.560628462706651121e-01 4.226523495830314392e-02 -3.273681045719483707e-01 2.032721111938239900e-01 -2.240385961680613769e-01 -9.138716844274701323e-01 2.707871869929384667e-01
-2.560531671019978250e-01 4.220786624337971582e-02 -3.273588455122091179e-01 2.032533112411548104e-01 -2.240096913406944279e-01 -9.138846585939842670e-01 2.707814255843814522e-01
-2.560533929592357927e-01 4.220877237421717665e-02 -3.273597568255453005e-01 2.032701051702285322e-01 -2.240006824250967421e-01 -9.138920493327518102e-01 2.707513264668486297e-01
-2.560430664272226320e-01 4.224775415814767399e-02 -3.273536527374246718e-01 2.032318941845057680e-01 -2.240584937860299330e-01 -9.138619751736460906e-01 2.708336738299648716e-01
-2.560436489783835534e-01 4.225031486170023609e-02 -3.273562934995801754e-01 2.032772041735483592e-01 -2.240335459697659903e-01 -9.138834290042883168e-01 2.707479025495159175e-01
-2.560755684976046553e-01 4.226122585590776082e-02 -3.272957845773612484e-01 2.032049286683728639e-01 -2.240248943070986543e-01 -9.138718850623390733e-01 2.708482626641375290e-01
-2.560761908775913698e-01 4.226454449508966482e-02 -3.272992493943561731e-01 2.032561008652466472e-01 -2.239949981433185244e-01 -9.139008806496982107e-01 2.707367330369804259e-01
-2.561661055953433075e-01 4.236417116993031196e-02 -3.272016973405306728e-01 2.032149529341361616e-01 -2.240138182862896343e-01 -9.138920302827659992e-01 2.707819216757610392e-01
-2.560824247498617035e-01 4.229672749721383185e-02 -3.272889109627593607e-01 2.032615741957471411e-01 -2.240733554528612781e-01 -9.138838748796800360e-01 2.707251873514241458e-01
-2.560773293814593288e-01 4.234645742608429686e-02 -3.272820269092892587e-01 2.032056363670398103e-01 -2.241231984563382684e-01 -9.138574293241819024e-01 2.708151770698326577e-01
-2.560779650642331928e-01 4.234955602066968472e-02 -3.272852943839721918e-01 2.032583553721026282e-01 -2.240933660871349264e-01 -9.138840718154708220e-01 2.707103757323324200e-01
-2.560524047635710509e-01 4.233242489510946616e-02 -3.272621298165064863e-01 2.032004934423668752e-01 -2.241138538400887503e-01 -9.138612202456342093e-01 2.708139769525979568e-01
-2.560524573577099838e-01 4.233350007709926754e-02 -3.272634045398909453e-01 2.032109105292243534e-01 -2.241056122070040901e-01 -9.138722579028832893e-01 2.707757312882622669e-01
-2.560527573262525447e-01 4.233527623526527062e-02 -3.272653693053926283e-01 2.032383344007063219e-01 -2.240891909429259532e-01 -9.138884397319662067e-01 2.707141179488869454e-01
-2.561459739874674124e-01 4.246595525690122219e-02 -3.271671265818683061e-01 2.031908930073121622e-01 -2.240932838872253252e-01 -9.138813453312442103e-01 2.707702859825754094e-01
-2.560476929146009439e-01 4.237883500048039709e-02 -3.272693189530026525e-01 2.032074440514617941e-01 -2.241139730257503682e-01 -9.138703834056909336e-01 2.707777393188374182e-01
-2.560482084141822989e-01 4.238099165317388284e-02 -3.272715155024213951e-01 2.032485831509153462e-01 -2.240920884360311227e-01 -9.138879219092588269e-01 2.707057730006874330e-01
-2.561399324035775749e-01 4.251087805048872625e-02 -3.271847734258055973e-01 2.032044557431176290e-01 -2.240984777180168863e-01 -9.138787181085903377e-01 2.707646764975266129e-01
-2.560303611934471868e-01 4.241323139535883857e-02 -3.273052277907589347e-01 2.032194077336308968e-01 -2.240988890060349736e-01 -9.138751087482090973e-01 2.707652966631839409e-01
-2.560308305966435549e-01 4.241515270637218060e-02 -3.273071942447178251e-01 2.032570928242194985e-01 -2.240790123062723072e-01 -9.138905782571383751e-01 2.707012401769254839e-01
-2.560043606073865718e-01 4.243612129703783209e-02 -3.273107696598656080e-01 2.031947169210327475e-01 -2.240791633433186214e-01 -9.138776215572996797e-01 2.707916697158769814e-01
-2.560044697901301958e-01 4.243726899003381903e-02 -3.273120706060245744e-01 2.032088371633389290e-01 -2.240696612243345265e-01 -9.138885828429944569e-01 2.707519410212212430e-01
-2.560048054985352706e-01 4.243932870718435113e-02 -3.273143167071624338e-01 2.032414432596573728e-01 -2.240505282806283804e-01 -9.139068658041491489e-01 2.706815788984170967e-01
-2.559695344227690961e-01 4.245836468115504747e-02 -3.273291745631037308e-01 2.031973726744095154e-01 -2.240943007252769181e-01 -9.138819454179214485e-01 2.707625564213445024e-01
-2.559696037395544077e-01 4.245932446696017160e-02 -3.273303012795619749e-01 2.032084706266681917e-01 -2.240866355559723022e-01 -9.138913909876319464e-01 2.707286883754039253e-01
-2.559699072607725667e-01 4.246117390622645982e-02 -3.273323299731823455e-01 2.032397045731786367e-01 -2.240686113976925742e-01 -9.139077002273058303e-01 2.706650981130627187e-01
-2.559810386273970173e-01 4.252738534930623759e-02 -3.273300434606545295e-01 2.031777779936926598e-01 -2.240690031815160133e-01 -9.138911728399338186e-01 2.707670521833069888e-01
-2.559813136263881517e-01 4.252841467524252905e-02 -3.273310483486443490e-01 2.032001671285054711e-01 -2.240577558867495322e-01 -9.138988694149454695e-01 2.707335786119364762e-01
-2.559817083601736432e-01 4.253037057063610571e-02 -3.273331144982352670e-01 2.032365963720351443e-01 -2.240379391983395863e-01 -9.139151614689493552e-01 2.706676288957649001e-01
-2.559911693242212238e-01 4.253384568544715805e-02 -3.273014804395322219e-01 2.031794222772859981e-01 -2.240549149293669662e-01 -9.139008254990468316e-01 2.707448958174893949e-01
-2.559912866622944816e-01 4.253477433649092976e-02 -3.273025392122820842e-01 2.031932531252940155e-01 -2.240463685380825742e-01 -9.139094448616862376e-01 2.707124918097837396e-01
-2.559913710294978717e-01 4.253661686893414617e-02 -3.273048207182946423e-01 2.032123955028014017e-01 -2.240319407500852567e-01 -9.139285600980654456e-01 2.706455225471868231e-01
-2.560221681082355816e-01 4.251461473666978685e-02 -3.272450792679432174e-01 2.031567534816133835e-01 -2.240588614319392602e-01 -9.139081616120721119e-01 2.707338772068921817e-01
-2.560223755913538790e-01 4.251547677800246450e-02 -3.272460079020845791e-01 2.031737362764740595e-01 -2.240499190523030371e-01 -9.139153438426953491e-01 2.707042869054761547e-01
-2.560229471982848337e-01 4.251733673782119582e-02 -3.272478989834773921e-01 2.032175609669811533e-01 -2.240283701873814204e-01 -9.139293686837165476e-01 2.706418691244949493e-01
-2.560089280621577479e-01 4.254029907286610568e-02 -3.272832235067340001e-01 2.031800237346347848e-01 -2.241037548604337681e-01 -9.138928793058143096e-01 2.707308445057120538e-01
-2.560090672579096727e-01 4.254151886645854419e-02 -3.272846718999072313e-01 2.031965290564538007e-01 -2.240930832530453887e-01 -9.139047541229268212e-01 2.706872014134878990e-01
-2.560095406247682170e-01 4.254333779064840837e-02 -3.272866339762787735e-01 2.032356351091089419e-01 -2.240729537914981639e-01 -9.139195183763193508e-01 2.706246513748268856e-01
-2.560350302063887917e-01 4.255043566700282553e-02 -3.272689690440252486e-01 2.031714968721975434e-01 -2.240915572122272326e-01 -9.139051013549883695e-01 2.707060815021306577e-01
-2.560352535417295683e-01 4.255133692019653913e-02 -3.272699566506369062e-01 2.031896533418470208e-01 -2.240820092485851789e-01 -9.139126492115835498e-01 2.706748741885774967e-01
-2.560992311399105104e-01 4.262031900759542802e-02 -3.271508900041810164e-01 2.031675198041704988e-01 -2.240883604230708426e-01 -9.139109778559548758e-01 2.706918731212561990e-01
-2.560033880099426562e-01 4.253544669782950705e-02 -3.272534921478160164e-01 2.031773360645164062e-01 -2.240640693743382039e-01 -9.139111687211791679e-01 2.707039685926805328e-01
-2.560035855723086784e-01 4.253642037645183338e-02 -3.272545826505189326e-01 2.031955276072180128e-01 -2.240540019427544327e-01 -9.139196826952564745e-01 2.706699010899847879e-01
-2.560583067284553649e-01 4.260392649137853538e-02 -3.271739400777288753e-01 2.031699605962558053e-01 -2.240646255335776993e-01 -9.139212731298844705e-01 2.706749290504469330e-01
-2.559753053896571817e-01 4.253018652285277257e-02 -3.272643038832919737e-01 2.031783565087199039e-01 -2.240324368380999798e-01 -9.139241111814198071e-01 2.706856880074197114e-01
-2.560414673130628760e-01 4.260804647298255254e-02 -3.271611733259093824e-01 2.031613872824786504e-01 -2.240484735431686469e-01 -9.139288660039124323e-01 2.706690970636240201e-01
-2.559452469570537292e-01 4.252372218446459629e-02 -3.272631870419857036e-01 2.031595370772742437e-01 -2.240233004796061134e-01 -9.139352182126829760e-01 2.706698731800555868e-01
-2.560274620299021753e-01 4.264533083739192876e-02 -3.271944702258838822e-01 2.031681774896343939e-01 -2.239386362569796840e-01 -9.139647943514312978e-01 2.706335779851614665e-01
-2.560274620299021753e-01 4.264533083739192876e-02 -3.271944702258838822e-01 2.031681774896343939e-01 -2.239386362569796840e-01 -9.139647943514312978e-01 2.706335779851614665e-01
-2.559757246395956698e-01 4.259204242895849035e-02 -3.272489150219143328e-01 2.031734343707433943e-01 -2.238381173238173649e-01 -9.139909416624816263e-01 2.706244840324987799e-01
-2.560922776504849230e-01 4.269448732877360875e-02 -3.271588815309826037e-01 2.031320318129799796e-01 -2.238261181689185086e-01 -9.139976110605819715e-01 2.706429630574440082e-01
-2.561000519445213452e-01 4.271033447294123042e-02 -3.271652982160280776e-01 2.031134462357968296e-01 -2.237812995928776250e-01 -9.139996689412237529e-01 2.706870205349238834e-01
-2.559951450323706412e-01 4.262379747055883294e-02 -3.272763579338466844e-01 2.031283679716935353e-01 -2.237918693900425304e-01 -9.139881567107944749e-01 2.707059561821102966e-01
-2.559952874384292532e-01 4.262457451277383569e-02 -3.272773065246748492e-01 2.031418172882956952e-01 -2.237841457871135864e-01 -9.139954929550553331e-01 2.706774778606187981e-01
-2.560678144957209135e-01 4.268841078198759575e-02 -3.271668825535743452e-01 2.031040506726252137e-01 -2.237324705537016012e-01 -9.140085263544694971e-01 2.707045252145591774e-01
-2.559752291379435163e-01 4.261500618678656926e-02 -3.272615542430912794e-01 2.031155189412012230e-01 -2.237642014700030879e-01 -9.139962673461017317e-01 2.707110847067988879e-01
-2.559754867177559956e-01 4.261657652995823331e-02 -3.272635029110831373e-01 2.031422380766563507e-01 -2.237483497908073216e-01 -9.140113784591066270e-01 2.706531121609010437e-01
-2.560750292207444323e-01 4.268453390271645387e-02 -3.271584559630751898e-01 2.031020832780143226e-01 -2.237300701051044838e-01 -9.140182367830798071e-01 2.706751971031799986e-01
-2.560297225881736916e-01 4.270541475308971269e-02 -3.273005567441419905e-01 2.031124590128173535e-01 -2.237683253481545509e-01 -9.140087231771554244e-01 2.706679137258702350e-01
-2.560906034542041465e-01 4.261919471454007902e-02 -3.271766404211697843e-01 2.030909718519222917e-01 -2.237815069809068746e-01 -9.140031604082889949e-01 2.706919227632318403e-01
-2.560211862550540451e-01 4.256992002583920298e-02 -3.272424625071558291e-01 2.031328024096653029e-01 -2.238267414866257909e-01 -9.140052692860985983e-01 2.706160048813102681e-01
-2.561186787089195782e-01 4.261089797382777711e-02 -3.271430033978005580e-01 2.031058441456005115e-01 -2.238182429725893985e-01 -9.140065033697457597e-01 2.706390991419698189e-01
-2.560771138038012706e-01 4.260952312084688443e-02 -3.272304089767925639e-01 2.031165650321858640e-01 -2.238851302103900820e-01 -9.139885218203478434e-01 2.706364562671813578e-01
-2.561328194965378224e-01 4.265113033489933980e-02 -3.271119856524175029e-01 2.030875866822806075e-01 -2.238419821121084841e-01 -9.140074663149746481e-01 2.706299146439101744e-01
-2.561043871501134661e-01 4.266720727533399038e-02 -3.271251213795564050e-01 2.030832785475917557e-01 -2.239434447150442931e-01 -9.139784147662406433e-01 2.706473219614621284e-01
-2.561045834802110899e-01 4.266802724954253667e-02 -3.271261581545055197e-01 2.030994447031384820e-01 -2.239344305032152094e-01 -9.139862831341799554e-01 2.706160760912848517e-01
-2.560613856264498667e-01 4.268984529108030279e-02 -3.272623047352833381e-01 2.031192800063942594e-01 -2.239749273014598474e-01 -9.139810681758175903e-01 2.705852860858870557e-01
-2.561104528013010695e-01 4.265962817130890261e-02 -3.271097268963669147e-01 2.030599075371271323e-01 -2.239493873587879991e-01 -9.139843879027924611e-01 2.706397689228149939e-01
-2.561206276246604796e-01 4.272681013812421047e-02 -3.272112801390913983e-01 2.030490109764352125e-01 -2.239027962828045726e-01 -9.139941825088446770e-01 2.706534154564119721e-01
-2.561211225308670514e-01 4.272844650905949226e-02 -3.272133229981205038e-01 2.030868104962799681e-01 -2.238832718054350468e-01 -9.140087550791458071e-01 2.705919874031967876e-01
-2.561599463056186687e-01 4.270940459708709447e-02 -3.270809986058033081e-01 2.030197894299318184e-01 -2.238422038266331682e-01 -9.140179367776307684e-01 2.706452366745537574e-01
-2.560979471860987400e-01 4.270309049713794103e-02 -3.272295320779590733e-01 2.030308699201283651e-01 -2.238288708355604673e-01 -9.140181394276104543e-01 2.706472671896822391e-01
-2.560982459775663633e-01 4.270497304039935771e-02 -3.272321186417651018e-01 2.030612468043149210e-01 -2.238098435112527151e-01 -9.140379025036367011e-01 2.705734591206198636e-01
-2.561136457179233883e-01 4.272216212425461457e-02 -3.271341417423188069e-01 2.030014890795261151e-01 -2.237413049448319091e-01 -9.140499658324111598e-01 2.706342252096853862e-01
-2.560724604320241959e-01 4.273400009655912990e-02 -3.272522496710154605e-01 2.030087464541842635e-01 -2.237509945034674153e-01 -9.140398726290692721e-01 2.706548587519630455e-01
-2.560727284730468511e-01 4.273583740555547683e-02 -3.272547862956130538e-01 2.030382224790199253e-01 -2.237326626278630659e-01 -9.140591334345635754e-01 2.705828458547609450e-01
-2.560968363357999933e-01 4.273605738852467861e-02 -3.271515340330592991e-01 2.030017010841630720e-01 -2.237555416278483311e-01 -9.140468245471058406e-01 2.706329053960673803e-01
-2.560541206157104788e-01 4.275723170624352865e-02 -3.272885194403394316e-01 2.030101743446326157e-01 -2.237656962914384984e-01 -9.140389449353867324e-01 2.706447660997244320e-01
-2.560543628890914469e-01 4.275874059770608249e-02 -3.272906360684509908e-01 2.030363906001889929e-01 -2.237499519315641616e-01 -9.140546764927379719e-01 2.705849801530498255e-01
-2.560922273945261951e-01 4.274901445426386448e-02 -3.271620034587101045e-01 2.029974496951512664e-01 -2.237708741503941501e-01 -9.140438968091981753e-01 2.706333054246811143e-01
-2.560170479937425858e-01 4.272395861484330759e-02 -3.272862479716823203e-01 2.030135716214392927e-01 -2.238179123696328876e-01 -9.140307923409612956e-01 2.706265738846804214e-01
-2.560173963030502597e-01 4.272557082479955248e-02 -3.272884344479026208e-01 2.030477013760721983e-01 -2.237993472094595981e-01 -9.140464805657415592e-01 2.705633281135763624e-01
-2.560799546744046973e-01 4.267602399840908500e-02 -3.271216722589671555e-01 2.029878257421109666e-01 -2.237777420672212303e-01 -9.140492090862171182e-01 2.706169028805249233e-01
-2.560407163533828245e-01 4.270106868627260299e-02 -3.272661044385292706e-01 2.030024554194742870e-01 -2.237579593246798448e-01 -9.140478128713767081e-01 2.706270025654720079e-01
-2.560409758313164641e-01 4.270268990054428004e-02 -3.272684022706109919e-01 2.030314975882056838e-01 -2.237404666869162173e-01 -9.140649159173278582e-01 2.705619042712031352e-01
-2.560896735156146797e-01 4.267585493654292572e-02 -3.271225223273740434e-01 2.029841443594210815e-01 -2.237517161694446699e-01 -9.140579875673929822e-01 2.706115334093316394e-01
-2.560487789557983063e-01 4.269099828158033627e-02 -3.272346497752078864e-01 2.030052928056106654e-01 -2.237939010860908740e-01 -9.140419605416416626e-01 2.706149206876245494e-01
-2.560490221272582190e-01 4.269281861272676559e-02 -3.272372899015792980e-01 2.030349193016794673e-01 -2.237751783729940436e-01 -9.140619698779103297e-01 2.705405816346401759e-01
-2.560925732379025765e-01 4.266315540435167142e-02 -3.271186737596019078e-01 2.030096596777927476e-01 -2.237649153096896715e-01 -9.140671013167447345e-01 2.705506884935948708e-01
-2.560496461627630449e-01 4.268579326145553743e-02 -3.272437618718569419e-01 2.030067910830165856e-01 -2.238498964232542021e-01 -9.140382625621001900e-01 2.705799719453235719e-01
-2.560500567489824020e-01 4.268726404930257845e-02 -3.272457843944369671e-01 2.030430323463841003e-01 -2.238311212549068951e-01 -9.140522311773164876e-01 2.705211172036774969e-01
-2.560935097631318325e-01 4.265620667177978664e-02 -3.271271313301022943e-01 2.030086121301999391e-01 -2.238261402433981417e-01 -9.140545787488913998e-01 2.705431378041207591e-01
-2.560917064147766875e-01 4.270947374929501272e-02 -3.272378099557941011e-01 2.029825043106049109e-01 -2.237924912674927325e-01 -9.140528086281528575e-01 2.705965388453249743e-01
-2.560921106347270326e-01 4.271128613702590560e-02 -3.272404041803305685e-01 2.030201680566871558e-01 -2.237714075592710516e-01 -9.140714590101377546e-01 2.705227094797315046e-01
-2.561334504105836074e-01 4.268908036766617953e-02 -3.271251835543726449e-01 2.030161482630202519e-01 -2.237943103406428436e-01 -9.140632929174696830e-01 2.705343725748645123e-01
-2.561070922131755134e-01 4.270106634694319225e-02 -3.272093155377783780e-01 2.029990527592180349e-01 -2.237857443261636603e-01 -9.140555539957895270e-01 2.705804306018735894e-01
-2.561076151294598979e-01 4.270260882910945077e-02 -3.272114402253763488e-01 2.030412931421717582e-01 -2.237645523406474046e-01 -9.140698329035108483e-01 2.705180196783423807e-01
-2.561451132829756228e-01 4.269532796230454674e-02 -3.270874187802053079e-01 2.030287389226260175e-01 -2.237776420093549601e-01 -9.140597996481051313e-01 2.705505142768850346e-01
-2.561199461870100058e-01 4.273421376212031830e-02 -3.272172636936099277e-01 2.030225582041033094e-01 -2.237777512415480285e-01 -9.140503370713328746e-01 2.705870289007220597e-01
-2.561203363382067999e-01 4.273578453602945582e-02 -3.272196007162368470e-01 2.030570903432297181e-01 -2.237585882664301917e-01 -9.140669324054491174e-01 2.705208962746641355e-01
-2.561547163172791519e-01 4.273040659421867282e-02 -3.271029000054109237e-01 2.030483745428174058e-01 -2.238076029456285698e-01 -9.140531399756218756e-01 2.705334947099120035e-01
-2.561189709878767262e-01 4.275454488945418241e-02 -3.272167525657846410e-01 2.030519398194420566e-01 -2.238598415967466004e-01 -9.140293038890570099e-01 2.705681294756030475e-01
-2.561195440050121341e-01 4.275591540805992463e-02 -3.272186179328701039e-01 2.030959466835999538e-01 -2.238390602962169740e-01 -9.140411160666701562e-01 2.705123835723512449e-01
-2.561682573016393905e-01 4.273123140136596276e-02 -3.270775682266692241e-01 2.030646725126034335e-01 -2.238440968350756677e-01 -9.140370338339383061e-01 2.705454857680950065e-01
-2.561510227407558515e-01 4.277553886616920764e-02 -3.271894673668098164e-01 2.030645979540919299e-01 -2.238690954648537845e-01 -9.140188438110667946e-01 2.705863084336894708e-01
-2.561515019882160682e-01 4.277692531726277891e-02 -3.271914766717880507e-01 2.031027185862349094e-01 -2.238498223343082238e-01 -9.140323232924654206e-01 2.705281033836545168e-01
-2.561996237703796919e-01 4.275253103683619715e-02 -3.270510172826353035e-01 2.030553569721589846e-01 -2.238621805176504997e-01 -9.140241809818487884e-01 2.705809356167803159e-01
-2.561457283284005459e-01 4.275498580022232820e-02 -3.271716669075455663e-01 2.030805532945682002e-01 -2.239087299227714989e-01 -9.140105143548211686e-01 2.705696752904484526e-01
-2.561459253015172521e-01 4.275577248018243293e-02 -3.271728809268408256e-01 2.030981265810381797e-01 -2.238988777010814113e-01 -9.140191574093134985e-01 2.705354384036171012e-01
-2.561910310232805577e-01 4.274442704667030801e-02 -3.270274703569912012e-01 2.030638060235050446e-01 -2.238848976393051915e-01 -9.140219202138186727e-01 2.705634355579661365e-01
-2.561845470162409932e-01 4.279405454942349085e-02 -3.271284318120870616e-01 2.030718888048787529e-01 -2.238910580257713057e-01 -9.140157254636879225e-01 2.705731984480500563e-01
-2.561849791253496544e-01 4.279563095391382410e-02 -3.271308324923701827e-01 2.031092127590690133e-01 -2.238706660388031788e-01 -9.140326443970461234e-01 2.705048937750980653e-01
-2.561849791253496544e-01 4.279563095391382410e-02 -3.271308324923701827e-01 2.031092127590690133e-01 -2.238706660388031788e-01 -9.140326443970461234e-01 2.705048937750980653e-01
-2.561755196318695194e-01 4.281064720368220333e-02 -3.271262055055227380e-01 2.030798031211867027e-01 -2.239457260534134520e-01 -9.140051361235128624e-01 2.705577877025685529e-01
-2.561758974251261423e-01 4.281209392342331943e-02 -3.271284797267726696e-01 2.031140645095547703e-01 -2.239267530792521388e-01 -9.140211221910288231e-01 2.704937600804211417e-01
-2.562018215751366013e-01 4.281448416517553979e-02 -3.270172016049088803e-01 2.030537334342211175e-01 -2.238541818964071006e-01 -9.140330036245163381e-01 2.705589674563740887e-01
-2.561745474574930181e-01 4.285054477631164427e-02 -3.271404622925914163e-01 2.030622212281808225e-01 -2.238797867046778967e-01 -9.140223151538320323e-01 2.705675198832522832e-01
-2.561751847885312405e-01 4.285185992181005099e-02 -3.271422590379307604e-01 2.031111055929046283e-01 -2.238576804693481748e-01 -9.140329814348719939e-01 2.705130801439925570e-01
-2.562272087603537640e-01 4.281381788137579580e-02 -3.270127192418617046e-01 2.030711879161705147e-01 -2.238834057995773841e-01 -9.140212560693173893e-01 2.705613732582028419e-01
-2.561734122121646084e-01 4.280338395064013646e-02 -3.271092112095486115e-01 2.030861837199823272e-01 -2.239269745368906994e-01 -9.140077368985228823e-01 2.705597326773676592e-01
-2.561738375008020818e-01 4.280476057378318488e-02 -3.271113430076852957e-01 2.031240320039406355e-01 -2.239072291840091267e-01 -9.140221336108871331e-01 2.704990196119078094e-01
-2.562076046925879647e-01 4.280977727159362978e-02 -3.269855526763823517e-01 2.030772993000276583e-01 -2.239180806995433315e-01 -9.140138947337388409e-01 2.705529594709719099e-01
-2.561688164570260495e-01 4.282202369183833734e-02 -3.270961264707814564e-01 2.030790362384135572e-01 -2.239315319665421966e-01 -9.140060193041255054e-01 2.705671279136127594e-01
-2.561692367271936610e-01 4.282331589611275413e-02 -3.270981226826656929e-01 2.031155564047275319e-01 -2.239128894468569997e-01 -9.140192873603629753e-01 2.705103159201362462e-01
-2.562057674674274033e-01 4.281201119302537050e-02 -3.269729880466374361e-01 2.030514589280615345e-01 -2.238689412420325486e-01 -9.140273163287202518e-01 2.705676757842195856e-01
-2.561918006546268223e-01 4.285983624726127927e-02 -3.270842835016194994e-01 2.030534602358389784e-01 -2.238925660861503242e-01 -9.140212262198332827e-01 2.705671989676570743e-01
-2.561920266813273450e-01 4.286126113278666827e-02 -3.270867065002773799e-01 2.030795064739838174e-01 -2.238760510991940622e-01 -9.140388210452953244e-01 2.705018695252228156e-01
-2.562424079360578477e-01 4.282952414157914500e-02 -3.269542601998426390e-01 2.030353023703359849e-01 -2.238808753760442305e-01 -9.140336418939178920e-01 2.705485559347592384e-01
-2.562151433765748054e-01 4.283823379916969210e-02 -3.270371601015515939e-01 2.030279502955491533e-01 -2.238480477984140515e-01 -9.140382368067665464e-01 2.705657120752816835e-01
-2.562156683811183666e-01 4.283937797696511784e-02 -3.270388448260877490e-01 2.030679359686769769e-01 -2.238293977382399547e-01 -9.140485391660306824e-01 2.705163250859423107e-01
-2.562649782500792672e-01 4.281121564199087681e-02 -3.269049128446740449e-01 2.030227213485027993e-01 -2.238392354902629666e-01 -9.140399726156521742e-01 2.705710622593640591e-01
-2.562527953136374270e-01 4.285877091008545581e-02 -3.270183645105103065e-01 2.030310877559049487e-01 -2.238450493467274982e-01 -9.140342230317040073e-01 2.705793976163821668e-01
-2.562532500196592067e-01 4.285997084034358362e-02 -3.270202461819291528e-01 2.030667339694892659e-01 -2.238271274932120969e-01 -9.140465024902877378e-01 2.705259873623500622e-01
-2.563021483880476015e-01 4.283522552719380705e-02 -3.268874943188379567e-01 2.030215855801294211e-01 -2.238396227553959283e-01 -9.140377606132076282e-01 2.705790665340627732e-01
-2.562761240475884827e-01 4.285472175761018132e-02 -3.269898380890476908e-01 2.030116155508474851e-01 -2.238178825663506566e-01 -9.140381049901155075e-01 2.706033666106700819e-01
-2.562765024433808492e-01 4.285615824044329558e-02 -3.269922197476920478e-01 2.030445753796683850e-01 -2.237993239093154507e-01 -9.140547095808395639e-01 2.705378918371884045e-01
-2.563213916137465631e-01 4.284482008141005105e-02 -3.268518238456455949e-01 2.029880069507322693e-01 -2.237999834135647736e-01 -9.140477513088222095e-01 2.706032978098070751e-01
-2.563081816440752059e-01 4.289305358126348222e-02 -3.269678362011763095e-01 2.029801439284208420e-01 -2.237884992802881556e-01 -9.140470817859994712e-01 2.706209545456013665e-01
-2.563087178585632397e-01 4.289461610632080979e-02 -3.269702862880851102e-01 2.030235191482334944e-01 -2.237660979521202131e-01 -9.140634213317502255e-01 2.705517434119473208e-01
-2.563563452566557932e-01 4.287245704034579885e-02 -3.268383002091195810e-01 2.029792483621616350e-01 -2.237767960150566782e-01 -9.140578242126693453e-01 2.705950189770099379e-01
-2.563131234668578062e-01 4.290103208024921566e-02 -3.269903897009781568e-01 2.029959758892014854e-01 -2.237709815422329607e-01 -9.140531679558989708e-01 2.706030076370203319e-01
-2.563136393739518515e-01 4.290228929822385850e-02 -3.269923505948943432e-01 2.030351590640642467e-01 -2.237516621091312219e-01 -9.140657083415719697e-01 2.705472208714251869e-01
-2.563341107146202003e-01 4.291611094081299038e-02 -3.268935719552157892e-01 2.030151617973775524e-01 -2.237463114032882672e-01 -9.140618133226494635e-01 2.705798101099138875e-01
-2.562897558462421954e-01 4.293112300553450500e-02 -3.270179085841757871e-01 2.030239140951067556e-01 -2.237718355327517061e-01 -9.140404912656492353e-01 2.706241605153842933e-01
-2.562901188241580863e-01 4.293258647010929352e-02 -3.270203458560535514e-01 2.030581736208357246e-01 -2.237525173863116335e-01 -9.140573184106199900e-01 2.705575867519616207e-01
-2.563237487342098220e-01 4.292870565853681986e-02 -3.269129834180850569e-01 2.030453702347302936e-01 -2.237994665542562545e-01 -9.140468155670924411e-01 2.705638470822169239e-01
-2.562678700306903479e-01 4.292863432080606945e-02 -3.270218451849912777e-01 2.030521713249622828e-01 -2.238751854576195854e-01 -9.140191656067924164e-01 2.705895082223210846e-01
-2.562681463634751688e-01 4.292995605967776795e-02 -3.270241405945496505e-01 2.030802194902890656e-01 -2.238586478847132688e-01 -9.140352250753522867e-01 2.705278868073565102e-01
-2.562375417933925315e-01 4.294090390884323927e-02 -3.270634026031474795e-01 2.030478146420910956e-01 -2.239322124565957806e-01 -9.140014237907201355e-01 2.706055182399309533e-01
-2.562376891895329911e-01 4.294166012533254251e-02 -3.270646998009139605e-01 2.030640907740034751e-01 -2.239226838549143173e-01 -9.140104502571333445e-01 2.705706996592423530e-01
-2.562379061502746413e-01 4.294307521768746250e-02 -3.270672181361251041e-01 2.030911640583963895e-01 -2.239057346763231315e-01 -9.140282916763535770e-01 2.705041276499646763e-01
-2.562071934340907076e-01 4.294610620268865531e-02 -3.270690051695288592e-01 2.030396863689497011e-01 -2.239008987355657898e-01 -9.140113728446233043e-01 2.706039238726800633e-01
-2.562073820482561048e-01 4.294679019656348629e-02 -3.270701257076776280e-01 2.030582736890026441e-01 -2.238911803795048949e-01 -9.140187443051162042e-01 2.705731174629376068e-01
-2.561865165174021519e-01 4.296307187304125585e-02 -3.270965585097620476e-01 2.030689826551040356e-01 -2.239076090941939934e-01 -9.140125345325669226e-01 2.705724627350236666e-01
-2.561867843879437889e-01 4.296370357021063457e-02 -3.270975057493838989e-01 2.030921936475106604e-01 -2.238969780313485591e-01 -9.140180505092352359e-01 2.705452040808870584e-01
-2.562184733376287049e-01 4.296425635416648015e-02 -3.269868877187396272e-01 2.030663156880606612e-01 -2.239285007330222843e-01 -9.140122889181356847e-01 2.705580043150973557e-01
-2.561522590653487197e-01 4.295105541106411517e-02 -3.271111893211394728e-01 2.030800360903070312e-01 -2.239326328875795302e-01 -9.140032307758203522e-01 2.705748861238944647e-01
-2.561524258213866978e-01 4.295163857414698028e-02 -3.271121494121543294e-01 2.030976929610402437e-01 -2.239235886982443025e-01 -9.140093641591799933e-01 2.705483981984259101e-01
-2.561840545773479971e-01 4.295594636048223613e-02 -3.269995355845501939e-01 2.030723278949413124e-01 -2.239631661766604553e-01 -9.139987592277366568e-01 2.705705046186903662e-01
-2.561297750559772823e-01 4.296603378700478149e-02 -3.271276227871204867e-01 2.030924041800358237e-01 -2.240089141774397330e-01 -9.139799822811200958e-01 2.705809929075226328e-01
-2.561298511918175813e-01 4.296676355056397445e-02 -3.271289241680624404e-01 2.031064474711938295e-01 -2.239999604841375613e-01 -9.139892187545378688e-01 2.705466627020287618e-01
-2.561449013601548863e-01 4.297515270584142955e-02 -3.270553309367866257e-01 2.030721454748284638e-01 -2.239973879745371654e-01 -9.139944376700464002e-01 2.705569105032256672e-01
-2.560815529052745676e-01 4.297925326022118686e-02 -3.271976363383458097e-01 2.030928937849734162e-01 -2.240211516532044089e-01 -9.139813849937636903e-01 2.705657553921018144e-01
-2.560816334708683195e-01 4.298011657008636577e-02 -3.271991740560609707e-01 2.031087702413487128e-01 -2.240110939740297957e-01 -9.139923069066436812e-01 2.705252671065623837e-01
-2.561208618032609907e-01 4.296708163460456753e-02 -3.270883396992553815e-01 2.030973953204694427e-01 -2.240247274690104762e-01 -9.139830106821946742e-01 2.705539237948463294e-01
-2.560708172316945586e-01 4.297218613852954450e-02 -3.272045992159335337e-01 2.031134245839933961e-01 -2.240312912142772839e-01 -9.139759056216476552e-01 2.705604576683650619e-01
-2.560708360218731383e-01 4.297271949958979265e-02 -3.272056138302910089e-01 2.031224808270449822e-01 -2.240250435693974529e-01 -9.139831165740907037e-01 2.705344714706582887e-01
-2.560886348951679214e-01 4.297910076825484094e-02 -3.271306790134694276e-01 2.031077841538427298e-01 -2.240162394623599895e-01 -9.139808738470476257e-01 2.705603716641549750e-01
-2.560553203019860224e-01 4.299274709023284680e-02 -3.272191769740164236e-01 2.031262233334385492e-01 -2.240330287074847604e-01 -9.139734015348892626e-01 2.705578694645373039e-01
-2.560553926302874816e-01 4.299348611858072600e-02 -3.272205099149416707e-01 2.031412760505373616e-01 -2.240236906839834785e-01 -9.139826968430981857e-01 2.705228970869262839e-01
-2.560955077351679821e-01 4.297768042160711455e-02 -3.271125218922505407e-01 2.031141250148609800e-01 -2.240366250842082962e-01 -9.139820436644899848e-01 2.705347790935718755e-01
-2.560510503503644619e-01 4.299005215845956573e-02 -3.272325823829564384e-01 2.031169441833566291e-01 -2.240311427384213405e-01 -9.139764871500344334e-01 2.705559738867632791e-01
-2.560512780519721976e-01 4.299067439774291455e-02 -3.272335777259235412e-01 2.031394932319942059e-01 -2.240205256098932174e-01 -9.139823122577546144e-01 2.705281561591765249e-01
-2.561029515180928695e-01 4.295806912072902550e-02 -3.271081646243534369e-01 2.031111118994041453e-01 -2.240235521551980913e-01 -9.139781676067224581e-01 2.705609606743237805e-01
-2.560713990217429736e-01 4.298579405190916525e-02 -3.272097552081638661e-01 2.031224757778765377e-01 -2.240936312042094980e-01 -9.139570138019310619e-01 2.705658537395926877e-01
-2.560715243422276854e-01 4.298650425890518378e-02 -3.272110457308242681e-01 2.031391951765270376e-01 -2.240840563248874262e-01 -9.139657265053855451e-01 2.705317982372869023e-01
-2.561038050351647222e-01 4.298949126008178023e-02 -3.271003297568892410e-01 2.031172999337869656e-01 -2.241240398638393305e-01 -9.139563168899517143e-01 2.705469054335578050e-01
-2.560642210069815627e-01 4.301342333442055577e-02 -3.272215710510699149e-01 2.031411988509101985e-01 -2.241434333716489924e-01 -9.139461317654276051e-01 2.705473024016235573e-01
-2.560642913235364193e-01 4.301409075818708738e-02 -3.272228328532663655e-01 2.031543527079267553e-01 -2.241350682883328505e-01 -9.139549429950546422e-01 2.705145879876243997e-01
-2.560860150770264965e-01 4.302351695387671149e-02 -3.271294771089217068e-01 2.031326617121969602e-01 -2.241376619701423434e-01 -9.139534861215891093e-01 2.705336493644928675e-01
-2.560444718229805683e-01 4.304310103555394895e-02 -3.272435859703036742e-01 2.031396390935659435e-01 -2.241839661406717643e-01 -9.139357892951697204e-01 2.705498279426342134e-01
-2.560446065408732985e-01 4.304368101440908534e-02 -3.272446152630364979e-01 2.031556579783349581e-01 -2.241755482386700304e-01 -9.139423944994506943e-01 2.705224606939167220e-01
-2.560665956447856217e-01 4.305249806803794488e-02 -3.271511372143818819e-01 2.031292292339760275e-01 -2.241816987391565541e-01 -9.139390291110890407e-01 2.705485783527916133e-01
-2.560253501794663156e-01 4.305919195490094664e-02 -3.272534094719478093e-01 2.031290177465320257e-01 -2.241619240019014359e-01 -9.139408673293862861e-01 2.705589122581327777e-01
-2.560255172506361032e-01 4.305993754541237450e-02 -3.272547081336102393e-01 2.031496603274822454e-01 -2.241509268456218784e-01 -9.139492767495469572e-01 2.705241154353104638e-01
-2.560777472227853679e-01 4.303030664599405419e-02 -3.271304016323017816e-01 2.031293834211158611e-01 -2.241551866333854059e-01 -9.139434711056889649e-01 2.705554241178580455e-01
-2.560328237708777155e-01 4.303070603073859413e-02 -3.272336546490901554e-01 2.031256947409930680e-01 -2.241066714862934295e-01 -9.139490624744377456e-01 2.705794950350448591e-01
-2.560330311141758020e-01 4.303123766023780883e-02 -3.272345294096601909e-01 2.031454041714648717e-01 -2.240974949101425251e-01 -9.139540882983885339e-01 2.705553215548940904e-01
-2.560553214645920894e-01 4.303942990865020080e-02 -3.271418978681165379e-01 2.031210402489787570e-01 -2.241033516584929330e-01 -9.139523154185180687e-01 2.705747510850414206e-01
-2.560356422196407578e-01 4.307343820154119207e-02 -3.272444404536213880e-01 2.031198685302491591e-01 -2.240871566730612829e-01 -9.139536378862289645e-01 2.705845764580181445e-01
-2.560357869381013063e-01 4.307405580957356095e-02 -3.272455319659237083e-01 2.031367593947746575e-01 -2.240781555583569729e-01 -9.139607122375765780e-01 2.705554539652378354e-01
-2.560802979608943764e-01 4.304273641751393820e-02 -3.271429396617826502e-01 2.031081391004051495e-01 -2.240598963092302887e-01 -9.139690804501410248e-01 2.705637941007465463e-01
-2.560409159014806479e-01 4.305239012247570607e-02 -3.272473265669560982e-01 2.031154847649535855e-01 -2.240385288921162843e-01 -9.139665899790889725e-01 2.705843857700403476e-01
-2.560410692698907864e-01 4.305291132071915883e-02 -3.272482466577680826e-01 2.031318418847303797e-01 -2.240301791692889677e-01 -9.139722831947969528e-01 2.705597885599094754e-01
-2.560800832153618534e-01 4.304294389468864279e-02 -3.271395313283940176e-01 2.031034513629240146e-01 -2.240537320298849333e-01 -9.139675430810307866e-01 2.705776106819873794e-01
-2.560112813144463928e-01 4.303704551222795049e-02 -3.272710016012704837e-01 2.031278069325112567e-01 -2.240719429440821697e-01 -9.139517234648883992e-01 2.705976821992618353e-01
-2.560114832299908993e-01 4.303758885632566478e-02 -3.272719256539088906e-01 2.031478115970316578e-01 -2.240623782751965942e-01 -9.139570712649633943e-01 2.705725210914258771e-01
-2.560602875261837053e-01 4.301497390770643581e-02 -3.271434077872674706e-01 2.031154181258858216e-01 -2.240523749833546185e-01 -9.139549017553350030e-01 2.706124493464052150e-01
-2.560103390994796779e-01 4.302893848290743894e-02 -3.272732222160398274e-01 2.031312980803910706e-01 -2.240451819418988189e-01 -9.139510360543242617e-01 2.706195408392086388e-01
-2.560106370896247929e-01 4.302956504068308763e-02 -3.272742216644659585e-01 2.031578209767178345e-01 -2.240332763767134971e-01 -9.139564117912093444e-01 2.705913306032627363e-01
-2.560613877653274417e-01 4.300360840558088704e-02 -3.271494409282472704e-01 2.031209110920338401e-01 -2.240473821307565894e-01 -9.139546176281523326e-01 2.706134197590261414e-01
-2.560401229893869424e-01 4.305548092025907048e-02 -3.272846452917805848e-01 2.031347870273091938e-01 -2.240542056225669487e-01 -9.139453758455299281e-01 2.706285668823289470e-01
-2.560403567899970922e-01 4.305603564849606879e-02 -3.272855918585047541e-01 2.031558764504149128e-01 -2.240443331109967517e-01 -9.139507871113976556e-01 2.706026337694613093e-01
-2.560926869524469685e-01 4.302466916583241874e-02 -3.271643577906900857e-01 2.031165440010996026e-01 -2.240520530511834196e-01 -9.139530360577607926e-01 2.706181718905818490e-01
-2.560616753616473673e-01 4.304819046997052090e-02 -3.272687132499808027e-01 2.031281546376204894e-01 -2.240651092122555310e-01 -9.139438841631628563e-01 2.706295553482027660e-01
-2.560618620403788404e-01 4.304882852864817810e-02 -3.272698836669936662e-01 2.031472465576349695e-01 -2.240550899793615214e-01 -9.139513031505273055e-01 2.705984632991188521e-01
-2.561028378140294270e-01 4.303292032090355601e-02 -3.271602158774447044e-01 2.031177208492246644e-01 -2.240450809555061262e-01 -9.139519467738163039e-01 2.706267395602446335e-01
-2.561122462948818845e-01 4.309073038603977723e-02 -3.272479432699219037e-01 2.031038197659175149e-01 -2.240148651618763531e-01 -9.139554622457337629e-01 2.706503124221126266e-01
-2.561121919118061752e-01 4.309132078301931845e-02 -3.272492844018401459e-01 2.031062722095860751e-01 -2.240099322693868134e-01 -9.139657689897001669e-01 2.706177480300508420e-01
-2.561666108004673204e-01 4.305372083998214305e-02 -3.271297053898721274e-01 2.030746343183506275e-01 -2.240075325039181386e-01 -9.139673724445209757e-01 2.706380615967248215e-01
-2.561606010630121943e-01 4.311006357883680196e-02 -3.272327917686980725e-01 2.030760317420238492e-01 -2.240583862987672870e-01 -9.139552712322751571e-01 2.706357830144475729e-01
-2.561607472571983957e-01 4.311056089207480901e-02 -3.272337738269077145e-01 2.030894573477484422e-01 -2.240508664495680091e-01 -9.139616701120811815e-01 2.706103233864705082e-01
-2.561928751405813109e-01 4.311406436274317633e-02 -3.271269711877722863e-01 2.030602033707299414e-01 -2.240941830739997531e-01 -9.139505162991059528e-01 2.706340789258299684e-01
-2.561600921942737696e-01 4.312617080363742583e-02 -3.272128119550277159e-01 2.030532689161012871e-01 -2.241007170457830489e-01 -9.139458184599794643e-01 2.706497358608900283e-01
-2.561602855402373424e-01 4.312680789511912083e-02 -3.272140128954443838e-01 2.030716327959985468e-01 -2.240908121627782634e-01 -9.139535596716753529e-01 2.706180160692688297e-01
-2.561965157930823356e-01 4.311871865853500463e-02 -3.271147737363040431e-01 2.030579570658210820e-01 -2.241422290578776177e-01 -9.139393285858263827e-01 2.706337578523972942e-01
-2.561307467458764919e-01 4.309913857666206050e-02 -3.272084727421318839e-01 2.030664880132800887e-01 -2.241702204936487086e-01 -9.139270514022556080e-01 2.706456325251897499e-01
-2.561639154841122146e-01 4.309723888042718554e-02 -3.271038190049483374e-01 2.030478277230849671e-01 -2.242058156844238259e-01 -9.139141068835680004e-01 2.706738574547399856e-01
-2.561641922295441187e-01 4.309776051858210666e-02 -3.271047166079528168e-01 2.030696523524904429e-01 -2.241958263733088708e-01 -9.139191906481227701e-01 2.706485926350035154e-01
-2.561389037845602235e-01 4.311979571762335206e-02 -3.271989095688086491e-01 2.030652090416734112e-01 -2.241787288643580234e-01 -9.139192992259914661e-01 2.706657217009477701e-01
-2.561390631848687871e-01 4.312028013625035516e-02 -3.271998531964906975e-01 2.030796435893689744e-01 -2.241711376952390533e-01 -9.139252872535617023e-01 2.706409590260345222e-01
-2.561712935078105380e-01 4.312369920985542615e-02 -3.270940205868992368e-01 2.030590349690516438e-01 -2.242103486287076453e-01 -9.139137546024456160e-01 2.706628844775204046e-01
-2.561132566397262278e-01 4.313669125416957906e-02 -3.272342781679847268e-01 2.030799349306154078e-01 -2.242231975991598181e-01 -9.139037306366366575e-01 2.706704062423946899e-01
-2.561134244862815490e-01 4.313735015964836883e-02 -3.272355523540499411e-01 2.030979565271555098e-01 -2.242132360079796549e-01 -9.139120557499511577e-01 2.706370248288690883e-01
-2.561513809755985305e-01 4.312896804244709115e-02 -3.271227876338130836e-01 2.030576615159131459e-01 -2.241733968331264815e-01 -9.139229713083258932e-01 2.706634012328734684e-01
-2.560931224078374924e-01 4.313103706371987367e-02 -3.272443343427374751e-01 2.030689485067936062e-01 -2.241682887242132938e-01 -9.139183672603696795e-01 2.706747096921747753e-01
-2.560932342807216155e-01 4.313174060638544360e-02 -3.272457517634713153e-01 2.030841734963580725e-01 -2.241588757240254859e-01 -9.139280848529671708e-01 2.706382689614122983e-01
-2.561404627588911853e-01 4.311743863630419782e-02 -3.271192189555738317e-01 2.030447283107952861e-01 -2.241570817708126717e-01 -9.139296604611774066e-01 2.706640292438312057e-01
-2.560923950989170139e-01 4.311068798787383305e-02 -3.272125551031449531e-01 2.030531766378552705e-01 -2.241285834970946911e-01 -9.139303742713682510e-01 2.706788807813762521e-01
-2.560925366137263848e-01 4.311129346219663705e-02 -3.272137485144056557e-01 2.030691745466856324e-01 -2.241195317450853652e-01 -9.139382545458927254e-01 2.706477650321508777e-01
-2.561438855195726227e-01 4.308212605441563703e-02 -3.270947378763793267e-01 2.030376920862589918e-01 -2.241269912584261115e-01 -9.139353041069961936e-01 2.706751693240129208e-01
-2.561054294003275444e-01 4.309056607887069845e-02 -3.271977065563896891e-01 2.030440365961044547e-01 -2.240890310784336981e-01 -9.139383575314679042e-01 2.706915292094883574e-01
-2.561056885420224249e-01 4.309124885766654756e-02 -3.271989482857580733e-01 2.030679577634612876e-01 -2.240772073836723166e-01 -9.139458865555840639e-01 2.706579503894898098e-01
-2.561572141926908852e-01 4.306626900623029830e-02 -3.270797732301099492e-01 2.030427115579858666e-01 -2.240872060969178459e-01 -9.139393836382661007e-01 2.706905694363292425e-01
-2.561316431991656484e-01 4.310038883125422160e-02 -3.271861204029489212e-01 2.030589042671311351e-01 -2.241071666551891495e-01 -9.139274049448374848e-01 2.707023415901866903e-01
-2.561318334061685187e-01 4.310086570642206183e-02 -3.271870289725330450e-01 2.030753513648829722e-01 -2.240989641774945307e-01 -9.139329250011493100e-01 2.706781567128143107e-01
-2.561713446610544009e-01 4.309049762756052282e-02 -3.270850467009042140e-01 2.030576111126127237e-01 -2.241172348480490184e-01 -9.139276313320376932e-01 2.706942117983211493e-01
-2.561191672933728625e-01 4.309235350787256336e-02 -3.271881647654962810e-01 2.030730695291373122e-01 -2.241343420612221804e-01 -9.139200090365497964e-01 2.706941857953920061e-01
-2.561192324857902713e-01 4.309297460758815257e-02 -3.271894912361512642e-01 2.030845539059768223e-01 -2.241262713574002641e-01 -9.139293591108197390e-01 2.706606824190128102e-01
-2.561571376091555385e-01 4.308384963234329623e-02 -3.270862060829938800e-01 2.030601395699914991e-01 -2.241341567357408859e-01 -9.139266727881119046e-01 2.706815403174462897e-01
-2.561180375724015912e-01 4.310275337909247328e-02 -3.271998397939960834e-01 2.030719911796311228e-01 -2.241400325241412750e-01 -9.139202765496325931e-01 2.706893797877187868e-01
-2.561180342903096596e-01 4.310345254784027358e-02 -3.272014146102923959e-01 2.030799858415549553e-01 -2.241323979069243522e-01 -9.139319077966833182e-01 2.706504303898311092e-01
-2.561426125201526904e-01 4.310216415051296157e-02 -3.271191272500462155e-01 2.030636906547966802e-01 -2.241374203473668891e-01 -9.139299018553768139e-01 2.706652708278294295e-01
-2.561076060853501590e-01 4.313140927185582507e-02 -3.272339161060089929e-01 2.030831567918715552e-01 -2.241607511378304607e-01 -9.139147177158912783e-01 2.706826145489482083e-01
-2.561077857475033137e-01 4.313196606813025913e-02 -3.272350135720237807e-01 2.031009193772309041e-01 -2.241515915112412549e-01 -9.139215205414761289e-01 2.706539023591885140e-01
-2.561184747216667668e-01 4.315367764548293239e-02 -3.271636311450526469e-01 2.030768894495268706e-01 -2.241700525144882383e-01 -9.139183593698205765e-01 2.706673178164143434e-01
-2.560590746634268666e-01 4.315303486247669407e-02 -3.272808433501567249e-01 2.030952341843816067e-01 -2.241725640875266712e-01 -9.139101000079485893e-01 2.706793609891159358e-01
-2.560592157305607297e-01 4.315365539747449686e-02 -3.272820962199297079e-01 2.031124945897639367e-01 -2.241630236120932262e-01 -9.139181742302801004e-01 2.706470472741178135e-01
-2.561005814448233386e-01 4.313234858052078513e-02 -3.271796744806813040e-01 2.030829291372972800e-01 -2.241386799458064405e-01 -9.139216801618832431e-01 2.706775546203397664e-01
-2.560594358339564613e-01 4.315040560674235359e-02 -3.272968685575068370e-01 2.030995225397645154e-01 -2.241175604120771991e-01 -9.139211351315036369e-01 2.706844321696437738e-01
-2.560595640959396624e-01 4.315114354276448905e-02 -3.272983935940514955e-01 2.031177819894006142e-01 -2.241066966315682363e-01 -9.139312829130037397e-01 2.706454604784343521e-01
-2.561085976214919624e-01 4.313404138895980677e-02 -3.271725817046116647e-01 2.030761178712602033e-01 -2.240919288135224119e-01 -9.139366271398328134e-01 2.706709060154773305e-01
