repeatability libsurvive; 20211016-000749; x y z w i j k;  frequency = 150 duration = 2 sys.args = ['repeatability.py']
-2.565983899572536475e-01 4.340444623871453356e-02 -3.269425074944539156e-01 2.047236733427754696e-01 -2.287901571976794779e-01 -9.126019582209545788e-01 2.700017544272272363e-01
-2.565697360905611624e-01 4.344046007007883181e-02 -3.270956758860769087e-01 2.047067304456383630e-01 -2.288027231690319963e-01 -9.126000296495834219e-01 2.700104706567353352e-01
-2.566122069856460186e-01 4.343931010963543449e-02 -3.268667454250377968e-01 2.046499000281490899e-01 -2.286647078611706574e-01 -9.126349044902024588e-01 2.700525891440277437e-01
-2.566122998519264065e-01 4.344077055350240024e-02 -3.268677856763990697e-01 2.046610620295614413e-01 -2.286558607641591689e-01 -9.126463564298769038e-01 2.700129165843799806e-01
-2.565396113862730143e-01 4.343325847775970916e-02 -3.270883227174253283e-01 2.046681735452960116e-01 -2.286696738715588983e-01 -9.126416324348869402e-01 2.700117955491799782e-01
-2.565752907989030107e-01 4.343974686039948907e-02 -3.268794583373794138e-01 2.046251841046959896e-01 -2.286360102459210064e-01 -9.126570762736750941e-01 2.700206843494281639e-01
-2.565714174838589767e-01 4.352083535541838299e-02 -3.270656516973770023e-01 2.046105821143150982e-01 -2.285640591320131088e-01 -9.126693678166116763e-01 2.700511166597265311e-01
-2.566026841029747652e-01 4.349394864904701508e-02 -3.269128050206729919e-01 2.045795236465728362e-01 -2.285250674044397856e-01 -9.126811337223770249e-01 2.700678807625481181e-01
-2.566029919184483754e-01 4.349538657352208793e-02 -3.269136712016392221e-01 2.045996769326210440e-01 -2.285137998071336551e-01 -9.126907117610760789e-01 2.700297764355493180e-01
-2.565682806480606981e-01 4.355215178387519814e-02 -3.271287766198713864e-01 2.046050070174273983e-01 -2.285299548759826549e-01 -9.126826573058931524e-01 2.700392895132735505e-01
-2.566029417302214677e-01 4.352283609145744803e-02 -3.269668757794583214e-01 2.045567629892837969e-01 -2.284340004814416347e-01 -9.127114697127691745e-01 2.700596437717927012e-01
-2.566031399833105797e-01 4.352392696864530730e-02 -3.269676129253117347e-01 2.045703726591704685e-01 -2.284260109255073501e-01 -9.127192489378719298e-01 2.700297998018648116e-01
-2.565494111360360208e-01 4.353274331175543965e-02 -3.271649842323209878e-01 2.045677513400160352e-01 -2.284186066052144026e-01 -9.127151928979079232e-01 2.700517578568156773e-01
-2.565966789048616525e-01 4.349264551696811754e-02 -3.269620138622708616e-01 2.045193327455537280e-01 -2.282937607868203989e-01 -9.127449487953238627e-01 2.700934278499662611e-01
-2.565971402738728147e-01 4.349531376829925133e-02 -3.269638231430166408e-01 2.045530085415212806e-01 -2.282737894267814482e-01 -9.127639069824251550e-01 2.700207285886182529e-01
-2.565268882629683223e-01 4.346887174852535896e-02 -3.271421443530800333e-01 2.045292799067844891e-01 -2.282798158693271073e-01 -9.127540918370560252e-01 2.700667827819435707e-01
-2.565883533241211101e-01 4.339887050424032222e-02 -3.269233843935724360e-01 2.045000948010057273e-01 -2.282258301544404233e-01 -9.127663174406204227e-01 2.700931902558536546e-01
-2.565889910134807050e-01 4.340152757676925266e-02 -3.269250996130952935e-01 2.045408833606703614e-01 -2.282038187013933905e-01 -9.127840947232348512e-01 2.700208150947310815e-01
-2.565459273705486543e-01 4.343488649130410051e-02 -3.271235478069798308e-01 2.045197817811396090e-01 -2.282433802290151359e-01 -9.127659985340492721e-01 2.700645296257326855e-01
-2.566032374346597922e-01 4.339607010633474149e-02 -3.268950114927417494e-01 2.044761861314853546e-01 -2.281796508335062201e-01 -9.127808597291254822e-01 2.701011632014567176e-01
-2.566036658342661925e-01 4.339885536967660884e-02 -3.268970326540602267e-01 2.045087071057646588e-01 -2.281595381834580771e-01 -9.128016179164304411e-01 2.700233696978590614e-01
-2.565460051857932355e-01 4.339754313581878353e-02 -3.270813168301369700e-01 2.044869554741057804e-01 -2.281583725037444887e-01 -9.127934356487590328e-01 2.700684837849621212e-01
-2.565567051929502629e-01 4.343827604883480908e-02 -3.269373231923185519e-01 2.044419984326749373e-01 -2.280550495253596543e-01 -9.128196704501105874e-01 2.701011160698735813e-01
-2.565570318281427120e-01 4.344087799719935361e-02 -3.269392923203872092e-01 2.044703106731292352e-01 -2.280367360970337876e-01 -9.128395777249356247e-01 2.700278585302023915e-01
-2.565077357383227508e-01 4.344218587930646913e-02 -3.270926314502600185e-01 2.044542783456735346e-01 -2.280468179955844610e-01 -9.128281207948242271e-01 2.700702107868033219e-01
-2.565426249026132033e-01 4.345702470048540267e-02 -3.268942285922507573e-01 2.044371339584238612e-01 -2.280262017615613535e-01 -9.128298573023245766e-01 2.700947263211165850e-01
-2.565427138631640736e-01 4.345812246541916335e-02 -3.268951092721849028e-01 2.044474006358261431e-01 -2.280187192309092170e-01 -9.128387420086760962e-01 2.700632428553863540e-01
-2.565346417678846525e-01 4.350936077646028188e-02 -3.270247962510047790e-01 2.044365099696326127e-01 -2.279611491583037886e-01 -9.128475572669625393e-01 2.700902905652131092e-01
-2.565754480634475643e-01 4.349657470112888724e-02 -3.268213500822274020e-01 2.043628472262350448e-01 -2.278446035273468118e-01 -9.128804349934220852e-01 2.701332536421110486e-01
-2.565757945066173273e-01 4.349799061295012148e-02 -3.268222755949022340e-01 2.043856574698053041e-01 -2.278325883816990638e-01 -9.128896854005901229e-01 2.700948666323412795e-01
-2.565736289626288080e-01 4.361016758968322415e-02 -3.270576453063111511e-01 2.043850812638065562e-01 -2.278115462626977838e-01 -9.128905801504187956e-01 2.701100268757488654e-01
-2.566299327630180427e-01 4.356230904655632175e-02 -3.268403016620008983e-01 2.043532265675750970e-01 -2.277427032605737756e-01 -9.129078696485770639e-01 2.701337473117417787e-01
-2.566301734719784733e-01 4.356355855664970078e-02 -3.268412168693582975e-01 2.043703628361925040e-01 -2.277328255834260573e-01 -9.129168723246618988e-01 2.700986841340563549e-01
-2.566583820089624046e-01 4.368729580393410084e-02 -3.270044569086025810e-01 2.043469122633373714e-01 -2.276876985563927036e-01 -9.129254018588424113e-01 2.701256411661141499e-01
-2.567007051867298828e-01 4.367758188150730470e-02 -3.268168902600993020e-01 2.043083920401667641e-01 -2.276519164663640127e-01 -9.129401463422641694e-01 2.701351052116669482e-01
-2.567006285123180631e-01 4.367894024309160184e-02 -3.268182160342796849e-01 2.043114299992996596e-01 -2.276454509433950557e-01 -9.129533480439203652e-01 2.700936366000054045e-01
-2.566741561777897140e-01 4.371584605430499371e-02 -3.270058515141898714e-01 2.042903130989310312e-01 -2.275554859145609843e-01 -9.129701931567949513e-01 2.701284790824054483e-01
-2.567352744317412672e-01 4.363185553090741242e-02 -3.268155989377938275e-01 2.042464795428870772e-01 -2.275154864906854257e-01 -9.129874264116235594e-01 2.701370730120618013e-01
-2.567354480368085334e-01 4.363299098445112822e-02 -3.268165510297400544e-01 2.042588976478127705e-01 -2.275072997735268499e-01 -9.129966132176605687e-01 2.701035274381667906e-01
-2.566880154721762897e-01 4.365007323427862185e-02 -3.270070200638869329e-01 2.042697901378213721e-01 -2.274852629933051817e-01 -9.129926093973856904e-01 2.701273831799917979e-01
-2.567265908673639907e-01 4.366554693967901468e-02 -3.268115030604962779e-01 2.042375973432935254e-01 -2.274335443732389828e-01 -9.130011474843072738e-01 2.701664143034859800e-01
-2.567267546024435965e-01 4.366657517848257508e-02 -3.268123782664426047e-01 2.042492254103364102e-01 -2.274259789256875552e-01 -9.130094951270093517e-01 2.701357803714528050e-01
-2.566390897222523559e-01 4.361385617101015688e-02 -3.270024499835821330e-01 2.042343621432417822e-01 -2.273576743930783017e-01 -9.130206955619857290e-01 2.701666572507089303e-01
-2.566740225829909350e-01 4.359318907254321196e-02 -3.268554999727916743e-01 2.041890261862612521e-01 -2.272852859998532038e-01 -9.130418131729687303e-01 2.701904656920535719e-01
-2.566741043913121079e-01 4.359425621994765521e-02 -3.268564827923635674e-01 2.041980047465662973e-01 -2.272781845451887772e-01 -9.130512189594699457e-01 2.701578672628104916e-01
-2.566471859094740515e-01 4.363677756108055861e-02 -3.270251339886032782e-01 2.041943279713264447e-01 -2.272557537255768811e-01 -9.130523312396104929e-01 2.701757562048653916e-01
-2.566762733342652369e-01 4.366502480124606622e-02 -3.268565133592497007e-01 2.041720745669253489e-01 -2.271765339152110874e-01 -9.130735107692560248e-01 2.701876206209568587e-01
-2.566765063599025232e-01 4.366616934410502693e-02 -3.268574242550751907e-01 2.041884144351364949e-01 -2.271671467103439368e-01 -9.130820311881369111e-01 2.701543691804599856e-01
-2.566380439932813284e-01 4.367987971792497426e-02 -3.270247956188918059e-01 2.041721898787496881e-01 -2.270910775026093731e-01 -9.130933210588897397e-01 2.701924248317613686e-01
-2.566802242492661756e-01 4.367114692630841288e-02 -3.268320710971206466e-01 2.041194980790324576e-01 -2.269816996126427511e-01 -9.131230224591317945e-01 2.702237672744935981e-01
-2.566803966281290261e-01 4.367223608211141805e-02 -3.268329861622502608e-01 2.041325647204554339e-01 -2.269735229403260779e-01 -9.131316004811889098e-01 2.701917765354243661e-01
-2.566534942315173429e-01 4.370818942752080494e-02 -3.270077827059311715e-01 2.041285601721776755e-01 -2.269027202596640702e-01 -9.131400421011681701e-01 2.702257389152167288e-01
-2.566973748328519322e-01 4.368224867432303482e-02 -3.268312529357336738e-01 2.040867611498295431e-01 -2.268117099340068998e-01 -9.131643341297515093e-01 2.702516254040888688e-01
-2.566976596499327412e-01 4.368346477224716029e-02 -3.268321850886863333e-01 2.041054338714907157e-01 -2.268015846504032318e-01 -9.131728826085111494e-01 2.702171340471559713e-01
-2.566283805558399744e-01 4.366982482856947290e-02 -3.270324243176187529e-01 2.040918742493924021e-01 -2.267464608758505418e-01 -9.131818229489565564e-01 2.702434228270264027e-01
-2.566720584677454897e-01 4.360956084206558947e-02 -3.268906836064647270e-01 2.040786393007959221e-01 -2.267636419698099148e-01 -9.131790880614283346e-01 2.702482428971955120e-01
-2.566722731056915729e-01 4.361067400033356856e-02 -3.268916296599875260e-01 2.040940086032546896e-01 -2.267545953248538693e-01 -9.131876995401091435e-01 2.702151264455039392e-01
-2.565724909086192218e-01 4.356158363463262517e-02 -3.271137561641068725e-01 2.041002835018784767e-01 -2.267348770022913906e-01 -9.131873404538621841e-01 2.702281463134637574e-01
-2.565991145467294010e-01 4.354892124525092112e-02 -3.269870212497865691e-01 2.040755090940628569e-01 -2.267618438603567488e-01 -9.131839326727745343e-01 2.702357449808143741e-01
-2.565991410928203376e-01 4.355014819858087083e-02 -3.269882794522638303e-01 2.040833725196837534e-01 -2.267542629232529028e-01 -9.131956388563495786e-01 2.701966070861508418e-01
-2.565319260064240492e-01 4.355116387826996061e-02 -3.272059323494801997e-01 2.041000742915044242e-01 -2.267344926507915970e-01 -9.131910872828933323e-01 2.702159647831294254e-01
-2.565830230652438870e-01 4.352781157198939987e-02 -3.269967404629031682e-01 2.040569070297933441e-01 -2.266655308235513977e-01 -9.132099300150998689e-01 2.702427419038820888e-01
-2.565833086196223078e-01 4.352904742417626482e-02 -3.269977608099087774e-01 2.040772844186266866e-01 -2.266544662173587965e-01 -9.132190300604081656e-01 2.702058808826535152e-01
-2.565117225905707565e-01 4.350986882735398409e-02 -3.271731246738361909e-01 2.040921832417784132e-01 -2.266612305744766798e-01 -9.132098878335479508e-01 2.702198513379560074e-01
-2.565496730997511854e-01 4.352011087980663107e-02 -3.269900465206981299e-01 2.040651948407022909e-01 -2.266191539016386147e-01 -9.132199725375695909e-01 2.702414422290044804e-01
-2.565498673150687914e-01 4.352120828479845438e-02 -3.269910208778421534e-01 2.040811202138581582e-01 -2.266097747527250905e-01 -9.132287650997217288e-01 2.702075664248012599e-01
-2.564926894677335145e-01 4.353370187555599680e-02 -3.271789447213744872e-01 2.040838207080764299e-01 -2.266209338085771741e-01 -9.132271407806084040e-01 2.702016577051237212e-01
-2.565279492197725664e-01 4.352465623906764947e-02 -3.270160691350366133e-01 2.040437489987047548e-01 -2.266233807488903240e-01 -9.132328688529232075e-01 2.702105087504126368e-01
-2.565281550411431799e-01 4.352569228743380370e-02 -3.270169839712238069e-01 2.040602408262709444e-01 -2.266140578805442840e-01 -9.132410097467459353e-01 2.701783577594280561e-01
-2.565093678988305537e-01 4.357863053639314532e-02 -3.271750438282565177e-01 2.040622579857074570e-01 -2.266195358047096153e-01 -9.132366637003624943e-01 2.701869296077504812e-01
-2.565587545136094327e-01 4.356394423772705360e-02 -3.269697531679126024e-01 2.040133384277515449e-01 -2.265626160194984529e-01 -9.132540257705856757e-01 2.702129219333953003e-01
-2.565590401153453604e-01 4.356473735886370879e-02 -3.269703561289657445e-01 2.040316725346116300e-01 -2.265539874674719067e-01 -9.132590814164498472e-01 2.701892254989084474e-01
-2.565700765139170558e-01 4.366377479111023530e-02 -3.271304012265283112e-01 2.040150492775012481e-01 -2.265387714072756298e-01 -9.132612022328370216e-01 2.702073670605856237e-01
-2.566084217248186805e-01 4.365937446703589686e-02 -3.269530548070249121e-01 2.039626097258800952e-01 -2.264431272030972830e-01 -9.132909892044946965e-01 2.702264476585624631e-01
-2.566085289765689947e-01 4.366052437765502447e-02 -3.269541937936448206e-01 2.039740389687345057e-01 -2.264348266302624313e-01 -9.133013091230475222e-01 2.701898952030440948e-01
-2.565735374598365759e-01 4.368727972561227413e-02 -3.271390717846980323e-01 2.039500849867657006e-01 -2.263441676557816917e-01 -9.133176895590870981e-01 2.702285672177414111e-01
-2.566067839871620238e-01 4.369819956417990425e-02 -3.269720999141816353e-01 2.039282595785557040e-01 -2.263454598471905110e-01 -9.133158079440275579e-01 2.702503149144759309e-01
-2.566071235179856469e-01 4.369926000438097147e-02 -3.269729154371079360e-01 2.039505676014237712e-01 -2.263346035171927562e-01 -9.133227411798987561e-01 2.702191400870927462e-01
-2.565321094529960932e-01 4.368322376864400280e-02 -3.271728273073296611e-01 2.039516068799353543e-01 -2.263139056783839975e-01 -9.133219961445007140e-01 2.702382088201305543e-01
-2.565880101565449212e-01 4.362756034902542934e-02 -3.269937823332230153e-01 2.039161664417420972e-01 -2.262761766104187111e-01 -9.133319819399768891e-01 2.702627975283835582e-01
-2.565881716267196522e-01 4.362894143602341623e-02 -3.269951227260579074e-01 2.039311903175767271e-01 -2.262659369715079305e-01 -9.133440397964895929e-01 2.702192819735306228e-01
-2.565034707225336552e-01 4.359468146147553458e-02 -3.271709087291320706e-01 2.039452688915542045e-01 -2.263034487252659765e-01 -9.133330893613630375e-01 2.702142562290730798e-01
-2.565374896321676590e-01 4.357217915170404077e-02 -3.270391143842129589e-01 2.039087423837034341e-01 -2.262479708693374558e-01 -9.133446140995293838e-01 2.702493225752576889e-01
-2.565378095553139670e-01 4.357332399001948020e-02 -3.270400689574404218e-01 2.039310945726179880e-01 -2.262366368714332499e-01 -9.133526277965426932e-01 2.702148591411420164e-01
-2.564734921780795207e-01 4.357433990172766836e-02 -3.272416500203006451e-01 2.039417755811946398e-01 -2.262110939143277544e-01 -9.133465909537465954e-01 2.702485854838878043e-01
-2.564941075367443979e-01 4.360804618746255690e-02 -3.271032353390005976e-01 2.039245543037960795e-01 -2.262338691780317323e-01 -9.133391273530959698e-01 2.702677395373346281e-01
-2.564944542809833861e-01 4.360907631777401205e-02 -3.271040462151745820e-01 2.039479647902360526e-01 -2.262227932858424384e-01 -9.133456834350706099e-01 2.702371884223102594e-01
-2.564450736538325115e-01 4.358236463367430591e-02 -3.272463035369637674e-01 2.039504043700569591e-01 -2.262230487587261196e-01 -9.133436017651919148e-01 2.702421689562599649e-01
-2.564723602839583672e-01 4.360312531140347891e-02 -3.270973964848371551e-01 2.039097528411689675e-01 -2.261698236483513647e-01 -9.133600941662167738e-01 2.702616546086530902e-01
-2.564725171176197027e-01 4.360420805312664738e-02 -3.270984505462309344e-01 2.039244559176647265e-01 -2.261608373857779686e-01 -9.133691913271716478e-01 2.702273343797713112e-01
-2.564426395838007022e-01 4.362076767687929346e-02 -3.272295309708552202e-01 2.039254091337550923e-01 -2.262537070688931951e-01 -9.133453319171453977e-01 2.702295176555914447e-01
-2.564608088008150655e-01 4.364968522139972551e-02 -3.271029907794837932e-01 2.038934361035948106e-01 -2.261578920345021504e-01 -9.133695507957005910e-01 2.702519903046780581e-01
-2.564610047050430164e-01 4.365099136858313633e-02 -3.271042390270501032e-01 2.039116953787178388e-01 -2.261469799879971543e-01 -9.133803300465586084e-01 2.702109113528259887e-01
-2.564535422782413532e-01 4.364819676371427259e-02 -3.271970551303580166e-01 2.039036818784985272e-01 -2.261671368914561775e-01 -9.133768163387721017e-01 2.702119650969633247e-01
-2.564609404678011018e-01 4.368449039384779409e-02 -3.270937113492002335e-01 2.038566896029252729e-01 -2.260359414113158882e-01 -9.134049607470022814e-01 2.702620598182510214e-01
-2.564611141909320935e-01 4.368570075424273169e-02 -3.270948986622344012e-01 2.038731349394548586e-01 -2.260259821160027216e-01 -9.134151058709260029e-01 2.702236936785151755e-01
-2.565121639108592921e-01 4.375321417817440439e-02 -3.271658274111596820e-01 2.038752777008208117e-01 -2.260823843696020963e-01 -9.134000946613378691e-01 2.702256347810614301e-01
-2.564927887061349554e-01 4.382429751466380974e-02 -3.271201947556136580e-01 2.038460150864356002e-01 -2.259681296595003608e-01 -9.134247083757961461e-01 2.702600759271697184e-01
-2.564929748844691493e-01 4.382499395087267879e-02 -3.271208286024301359e-01 2.038600837225913176e-01 -2.259610465523116396e-01 -9.134296917965707419e-01 2.702385424953738235e-01
-2.564930314124868049e-01 4.382633972215191354e-02 -3.271222754196616567e-01 2.038717407322435393e-01 -2.259515622323332584e-01 -9.134424227339383862e-01 2.701946431843647578e-01
-2.564949032681719809e-01 4.387212070575458034e-02 -3.271283077912263693e-01 2.038083049802284774e-01 -2.258699816589898601e-01 -9.134544085177942474e-01 2.702701792019618354e-01
-2.564953257082206450e-01 4.387412173473280441e-02 -3.271301793238133304e-01 2.038428920279345136e-01 -2.258512504226506956e-01 -9.134697215152963734e-01 2.702079864233847273e-01
-2.565616217180608505e-01 4.383940667736951902e-02 -3.270955778844239492e-01 2.038302689552614899e-01 -2.258876748394441081e-01 -9.134590557183162041e-01 2.702231176999062567e-01
-2.565422728807064123e-01 4.390665491610967752e-02 -3.270502293435534891e-01 2.037848733044285154e-01 -2.257814854447794395e-01 -9.134753701440303519e-01 2.702909439527593216e-01
-2.565425416117226853e-01 4.390886730382034808e-02 -3.270524898142894155e-01 2.038124051950830073e-01 -2.257634897928323947e-01 -9.134947116715235182e-01 2.702198399698236830e-01
-2.565425416117226853e-01 4.390886730382034808e-02 -3.270524898142894155e-01 2.038124051950830073e-01 -2.257634897928323947e-01 -9.134947116715235182e-01 2.702198399698236830e-01
-2.565720209802125895e-01 4.397533833459937869e-02 -3.270358651182693199e-01 2.037483254449274916e-01 -2.257351274790081463e-01 -9.134934721154087667e-01 2.702960386371925927e-01
-2.565724324567081327e-01 4.397732399425677285e-02 -3.270377701649647140e-01 2.037812099963413337e-01 -2.257167545322464886e-01 -9.135091554839076533e-01 2.702335804872046943e-01
-2.565406258008512963e-01 4.392486070184874192e-02 -3.271127373916287717e-01 2.037892600375915408e-01 -2.257838176096321203e-01 -9.134932080197786242e-01 2.702253949958899892e-01
-2.565255149528182232e-01 4.397165795767873919e-02 -3.270789777301918444e-01 2.037456655712307219e-01 -2.256982902006864911e-01 -9.135052107786023612e-01 2.702891330441611339e-01
-2.565258064548422978e-01 4.397262997815661045e-02 -3.270798186997515566e-01 2.037671324387552718e-01 -2.256877777300482779e-01 -9.135117389789040310e-01 2.702596630440765035e-01
-2.565259381681544992e-01 4.397339943995642875e-02 -3.270806060608186794e-01 2.037791453893812166e-01 -2.256807173487928031e-01 -9.135181803548495516e-01 2.702347273806094963e-01
-2.564895111758041524e-01 4.394354850317444550e-02 -3.271307698509894890e-01 2.037308790344894704e-01 -2.256613843517104590e-01 -9.135130468142304005e-01 2.703046093585629861e-01
-2.564900755876691196e-01 4.394544888386256454e-02 -3.271324533927232325e-01 2.037728349367607661e-01 -2.256410201447613395e-01 -9.135259726809841219e-01 2.702462932347620694e-01
-2.564903613319424180e-01 4.394746098990783001e-02 -3.271345921073579577e-01 2.038014480136303708e-01 -2.256233872100545379e-01 -9.135436333652953156e-01 2.701797306778290775e-01
-2.564903613319424180e-01 4.394746098990783001e-02 -3.271345921073579577e-01 2.038014480136303708e-01 -2.256233872100545379e-01 -9.135436333652953156e-01 2.701797306778290775e-01
-2.563535372880883512e-01 4.378036333133371316e-02 -3.273386021903366139e-01 2.037785163694551538e-01 -2.256713988589906239e-01 -9.135189589743295535e-01 2.702403515349756091e-01
-2.564266757973375221e-01 4.375304323252765526e-02 -3.272530760811238060e-01 2.037676554059542622e-01 -2.257120715459015048e-01 -9.135082767557185512e-01 2.702506830104517976e-01
-2.564073933500570779e-01 4.381771934657574530e-02 -3.272095565314521726e-01 2.037135861269583903e-01 -2.256166168927066229e-01 -9.135243606357180690e-01 2.703167762723697742e-01
-2.564078493882067655e-01 4.381989310458724030e-02 -3.272117427589064098e-01 2.037538020348703960e-01 -2.255947821508537676e-01 -9.135417720679034348e-01 2.702458382837344408e-01
-2.564078493882067655e-01 4.381989310458724030e-02 -3.272117427589064098e-01 2.037538020348703960e-01 -2.255947821508537676e-01 -9.135417720679034348e-01 2.702458382837344408e-01
-2.563637756786832367e-01 4.381627045681597832e-02 -3.272372663582210350e-01 2.037213346054766172e-01 -2.255928243307655512e-01 -9.135239665719803170e-01 2.703321252378770301e-01
-2.563643145560118297e-01 4.381821406279992615e-02 -3.272390981156181322e-01 2.037653735617887540e-01 -2.255711446620549121e-01 -9.135377943213442986e-01 2.702702898573359214e-01
-2.563643145560118297e-01 4.381821406279992615e-02 -3.272390981156181322e-01 2.037653735617887540e-01 -2.255711446620549121e-01 -9.135377943213442986e-01 2.702702898573359214e-01
-2.563291660423236973e-01 4.376858678620512699e-02 -3.272585172580071977e-01 2.037232786227273218e-01 -2.255525910985647919e-01 -9.135295030728169952e-01 2.703455222700425487e-01
-2.563293029671252499e-01 4.377088471815425430e-02 -3.272611979097164170e-01 2.037476856646583956e-01 -2.255346634794866412e-01 -9.135520084029883359e-01 2.702660246837487179e-01
-2.563369539252947638e-01 4.373196772207404992e-02 -3.273178170845503776e-01 2.037554904444691950e-01 -2.256608062326447284e-01 -9.135120023726552851e-01 2.702900704155967726e-01
-2.563221135348894841e-01 4.377808115981388082e-02 -3.272857254172232833e-01 2.037389947291194103e-01 -2.255643957986135373e-01 -9.135288422065521718e-01 2.703260620649270418e-01
-2.563223887599609396e-01 4.378015593660079807e-02 -3.272880323657751944e-01 2.037703519627114268e-01 -2.255453166458727399e-01 -9.135475259526111280e-01 2.702551972228636745e-01
-2.563223887599609396e-01 4.378015593660079807e-02 -3.272880323657751944e-01 2.037703519627114268e-01 -2.255453166458727399e-01 -9.135475259526111280e-01 2.702551972228636745e-01
-2.563269655952200576e-01 4.377000952209084139e-02 -3.272884135979178821e-01 2.037021515715556619e-01 -2.254671139429831883e-01 -9.135597592636768294e-01 2.703305018480777200e-01
-2.563274188205031945e-01 4.377162755102810554e-02 -3.272900215304963556e-01 2.037399510036479178e-01 -2.254485088887038247e-01 -9.135716632498389611e-01 2.702772989205975418e-01
-2.563098422632466566e-01 4.367231956983455565e-02 -3.273253309358820640e-01 2.037291338832835641e-01 -2.255292724774979329e-01 -9.135421992904135813e-01 2.703176601307651916e-01
-2.562970494558672874e-01 4.370276366917306976e-02 -3.273013942517787322e-01 2.036965842957201844e-01 -2.254413684226523884e-01 -9.135644826047077949e-01 2.703402061720954208e-01
-2.562973503725424207e-01 4.370435668444865029e-02 -3.273031764466051152e-01 2.037256201474559603e-01 -2.254252742044877689e-01 -9.135782046044614857e-01 2.702853705198540180e-01
-2.562946994669215717e-01 4.364724755131053902e-02 -3.273660606396583961e-01 2.037251969372061433e-01 -2.255016111011308166e-01 -9.135464505665098489e-01 2.703293365157070083e-01
-2.562793847066285879e-01 4.369310764909174749e-02 -3.273347619845002887e-01 2.036876928665397879e-01 -2.254125577992274199e-01 -9.135684912517516576e-01 2.703573826495481724e-01
-2.562797144617620093e-01 4.369480287925218975e-02 -3.273366555738614903e-01 2.037192306222301297e-01 -2.253952364056207025e-01 -9.135830109082812012e-01 2.702989912302679043e-01
-2.562586086699981114e-01 4.364225874654889537e-02 -3.274211136958699586e-01 2.037260591907362473e-01 -2.254829270306875633e-01 -9.135484921076075793e-01 2.703373725406878481e-01
-2.562436125558062439e-01 4.368636318035794275e-02 -3.273894071488525626e-01 2.037079521556350026e-01 -2.253924763428299949e-01 -9.135616444971261796e-01 2.703819955919969931e-01
-2.562441011570458782e-01 4.368805224855358549e-02 -3.273911324765733655e-01 2.037493131706237803e-01 -2.253722522932334327e-01 -9.135740349410976791e-01 2.703258181532353643e-01
-2.561991338095874204e-01 4.363399878656901154e-02 -3.274810505403330518e-01 2.037692778797079163e-01 -2.255078938272206401e-01 -9.135283622592685893e-01 2.703519975178506063e-01
-2.561839590291077329e-01 4.367862493999274953e-02 -3.274500565202338453e-01 2.037388526340998540e-01 -2.254177350594110396e-01 -9.135472009819634032e-01 2.703864571794337146e-01
-2.561842406622703572e-01 4.368027173001215457e-02 -3.274519479898062579e-01 2.037696270052150871e-01 -2.254006226413570735e-01 -9.135615588086641869e-01 2.703290156274898437e-01
-2.562092851725036868e-01 4.361434436506320123e-02 -3.274378543295968780e-01 2.037775594118647615e-01 -2.255548433210801118e-01 -9.135159306152909053e-01 2.703485961617442812e-01
-2.561972641443377996e-01 4.363869498358295684e-02 -3.274172629903364662e-01 2.037455205983414730e-01 -2.254764956631109540e-01 -9.135377282014629508e-01 2.703644427288916519e-01
-2.561975380311342088e-01 4.364056559709396377e-02 -3.274194988887933477e-01 2.037766162671861836e-01 -2.254582075898544091e-01 -9.135551062996960514e-01 2.702975305969645969e-01
-2.562101063988445615e-01 4.356550211389137450e-02 -3.274244641444755133e-01 2.038002723109234582e-01 -2.256625420529773107e-01 -9.134960947619603644e-01 2.703086217175272865e-01
-2.562007450696398569e-01 4.359821959987240925e-02 -3.274035740872928146e-01 2.038012700254485665e-01 -2.256634663769732652e-01 -9.134877527546978460e-01 2.703352878296040318e-01
-2.562010582262690961e-01 4.359995004443589783e-02 -3.274056910472749049e-01 2.038333084055990174e-01 -2.256452658291654423e-01 -9.135039402589996138e-01 2.702716180522760081e-01
-2.562257726822577686e-01 4.357884197871661480e-02 -3.274288120751113196e-01 2.038646863211461269e-01 -2.258452104151983941e-01 -9.134420316259663775e-01 2.702901875072833970e-01
-2.562092049296721963e-01 4.364963591381218477e-02 -3.273896435960683138e-01 2.038538215476642934e-01 -2.258192995392203639e-01 -9.134458797947444531e-01 2.703070255876346417e-01
-2.562095746712959587e-01 4.365136365921792883e-02 -3.273916905133928412e-01 2.038895511830989826e-01 -2.258000312635197182e-01 -9.134612758187352632e-01 2.702441384736334329e-01
-2.562509292280027995e-01 4.364966291564359446e-02 -3.274070163192366323e-01 2.038861184947789729e-01 -2.259178111906918196e-01 -9.134242127531160271e-01 2.702735666473695675e-01
-2.562343792955497634e-01 4.371994240159518541e-02 -3.273676805963538494e-01 2.038743520486152039e-01 -2.258939878894458686e-01 -9.134249483311098761e-01 2.702998678846690872e-01
-2.562346955614961397e-01 4.372165840599780140e-02 -3.273697887559315345e-01 2.039061762799520006e-01 -2.258760823809970453e-01 -9.134409552993296710e-01 2.702367256035902998e-01
-2.562599401367490759e-01 4.372602715428461351e-02 -3.274156177153869085e-01 2.039267388505467127e-01 -2.260554463102882328e-01 -9.133870297500188418e-01 2.702534999952366790e-01
-2.562435789256757857e-01 4.379453813712172461e-02 -3.273768874987263988e-01 2.039156197835526041e-01 -2.260314294616748154e-01 -9.133866165891548761e-01 2.702833726658334101e-01
-2.562440014755512085e-01 4.379619943587724495e-02 -3.273788119947058650e-01 2.039533349510563032e-01 -2.260121521756842666e-01 -9.134006507302844247e-01 2.702236027380853778e-01
-2.562515371276768983e-01 4.384427329809159612e-02 -3.273845485998758686e-01 2.039416490706936758e-01 -2.262200436691128580e-01 -9.133342226063483338e-01 2.702829876864761838e-01
-2.562517373656159059e-01 4.384518454690607137e-02 -3.273856383686025162e-01 2.039599717452517114e-01 -2.262102479892764695e-01 -9.133423353858749483e-01 2.702499436118022680e-01
-2.562518731030167807e-01 4.384704936909701589e-02 -3.273881446687297858e-01 2.039832211093902947e-01 -2.261935963924935900e-01 -9.133622538118062462e-01 2.701790068985465143e-01
-2.562518731030167807e-01 4.384704936909701589e-02 -3.273881446687297858e-01 2.039832211093902947e-01 -2.261935963924935900e-01 -9.133622538118062462e-01 2.701790068985465143e-01
-2.562670213646793815e-01 4.390733604405165635e-02 -3.274001540313860037e-01 2.040064436078647681e-01 -2.263810516638592452e-01 -9.132988318582300202e-01 2.702188634059967676e-01
-2.562673288744168332e-01 4.390939917762666511e-02 -3.274027739110889623e-01 2.040407057143305836e-01 -2.263604878673273757e-01 -9.133189490906850061e-01 2.701422165748074700e-01
-2.562673288744168332e-01 4.390939917762666511e-02 -3.274027739110889623e-01 2.040407057143305836e-01 -2.263604878673273757e-01 -9.133189490906850061e-01 2.701422165748074700e-01
-2.563101798631922668e-01 4.392646389845351884e-02 -3.273549568059831993e-01 2.040274684638540004e-01 -2.264169385644834720e-01 -9.132903612804332827e-01 2.702015507645613157e-01
-2.563106096416594148e-01 4.392816789224958385e-02 -3.273570140510265736e-01 2.040651780002312177e-01 -2.263971068727418934e-01 -9.133053715188339527e-01 2.701389484732452106e-01
-2.563231383534451124e-01 4.393906255510364456e-02 -3.273389234128511460e-01 2.040286147687824236e-01 -2.264906740676391750e-01 -9.132614297045169582e-01 2.702366739174748567e-01
-2.563232570020444467e-01 4.393984973853046205e-02 -3.273399744896841601e-01 2.040409244216462581e-01 -2.264828348609811970e-01 -9.132695573305835701e-01 2.702064809135664714e-01
-2.563234031072925689e-01 4.394173146140357977e-02 -3.273426059883771111e-01 2.040626728917632471e-01 -2.264662756073116956e-01 -9.132905697031398207e-01 2.701329058743798806e-01
-2.563234031072925689e-01 4.394173146140357977e-02 -3.273426059883771111e-01 2.040626728917632471e-01 -2.264662756073116956e-01 -9.132905697031398207e-01 2.701329058743798806e-01
-2.563187366154319746e-01 4.394625650445041498e-02 -3.273806060103654492e-01 2.040659146135339885e-01 -2.265628081845914576e-01 -9.132521889927001091e-01 2.701792659337414193e-01
-2.563190550177147364e-01 4.394774115415321647e-02 -3.273825706158733917e-01 2.040947183754497907e-01 -2.265466278194280814e-01 -9.132666262454818273e-01 2.701222699835886809e-01
-2.563190550177147364e-01 4.394774115415321647e-02 -3.273825706158733917e-01 2.040947183754497907e-01 -2.265466278194280814e-01 -9.132666262454818273e-01 2.701222699835886809e-01
-2.563589677348094842e-01 4.394018619376283130e-02 -3.273677663909775326e-01 2.040788120408881245e-01 -2.265879892630233150e-01 -9.132374731567927117e-01 2.701981480689978898e-01
-2.563593476640780300e-01 4.394198029369802971e-02 -3.273701468276449256e-01 2.041129646365265060e-01 -2.265683689228771280e-01 -9.132551235175665472e-01 2.701291380799735187e-01
-2.563302167777273266e-01 4.393106010482557278e-02 -3.273869038180586277e-01 2.041060530007238472e-01 -2.266701374100303368e-01 -9.132025312244080872e-01 2.702267656993246336e-01
-2.563303499257250095e-01 4.393170886288343124e-02 -3.273877962958185450e-01 2.041179437427261267e-01 -2.266631851344908521e-01 -9.132091119215871577e-01 2.702013757372726532e-01
-2.563306149762494823e-01 4.393366348144522870e-02 -3.273905237647504740e-01 2.041467284637493718e-01 -2.266442071651638135e-01 -9.132300590628675829e-01 2.701247412586523233e-01
-2.563306149762494823e-01 4.393366348144522870e-02 -3.273905237647504740e-01 2.041467284637493718e-01 -2.266442071651638135e-01 -9.132300590628675829e-01 2.701247412586523233e-01
-2.563113374619458984e-01 4.394143657734558839e-02 -3.274322650531239498e-01 2.041611114857810050e-01 -2.267968245593628973e-01 -9.131757742293440394e-01 2.701692919029065054e-01
-2.563117833103001897e-01 4.394308424181379846e-02 -3.274343880156176390e-01 2.041992681676224053e-01 -2.267768869377706498e-01 -9.131908351507667110e-01 2.701062772822323543e-01
-2.563117833103001897e-01 4.394308424181379846e-02 -3.274343880156176390e-01 2.041992681676224053e-01 -2.267768869377706498e-01 -9.131908351507667110e-01 2.701062772822323543e-01
-2.562956918741374213e-01 4.392315542785608928e-02 -3.274599969101713026e-01 2.042199576438707698e-01 -2.269152161408601320e-01 -9.131380952689673869e-01 2.701527578098074645e-01
-2.562959222303057283e-01 4.392506731568564249e-02 -3.274627467368608214e-01 2.042477615321261208e-01 -2.268965046293746624e-01 -9.131591284072815284e-01 2.700763490247565235e-01
-2.562959222303057283e-01 4.392506731568564249e-02 -3.274627467368608214e-01 2.042477615321261208e-01 -2.268965046293746624e-01 -9.131591284072815284e-01 2.700763490247565235e-01
-2.562932499159953359e-01 4.387040250919024831e-02 -3.274489387355179471e-01 2.042544535723103682e-01 -2.270213939965442518e-01 -9.131127091547319719e-01 2.701232778637345788e-01
-2.562935894245252921e-01 4.387186530345005275e-02 -3.274509574956213087e-01 2.042851325873040191e-01 -2.270042797608019525e-01 -9.131272571060500276e-01 2.700652771165678590e-01
-2.563268077900058284e-01 4.386833274274326566e-02 -3.274798855049669832e-01 2.043058660410361493e-01 -2.272108588214256097e-01 -9.130645464816919965e-01 2.700878980869642065e-01
-2.563101248545706645e-01 4.393336493241092877e-02 -3.274433559687913720e-01 2.042969054145021557e-01 -2.271803633684699175e-01 -9.130692278405854179e-01 2.701045021994721296e-01
-2.563107763796390048e-01 4.393477169649205594e-02 -3.274449846883437654e-01 2.043455471444760585e-01 -2.271584705361444634e-01 -9.130791679703554875e-01 2.700525127534783021e-01
-2.563107763796390048e-01 4.393477169649205594e-02 -3.274449846883437654e-01 2.043455471444760585e-01 -2.271584705361444634e-01 -9.130791679703554875e-01 2.700525127534783021e-01
-2.563222937844628069e-01 4.398579220797176059e-02 -3.274371007048222926e-01 2.043606236221249262e-01 -2.273053794060985733e-01 -9.130277352357292209e-01 2.700913821212013732e-01
-2.563226690507808270e-01 4.398712020416981061e-02 -3.274388953261557211e-01 2.043924451829178812e-01 -2.272886724128286295e-01 -9.130402519967912855e-01 2.700390452853026479e-01
-2.563226690507808270e-01 4.398712020416981061e-02 -3.274388953261557211e-01 2.043924451829178812e-01 -2.272886724128286295e-01 -9.130402519967912855e-01 2.700390452853026479e-01
-2.563564875079440419e-01 4.403741265113395031e-02 -3.274137216666831440e-01 2.043987994639968608e-01 -2.274359795049908373e-01 -9.129885683218640358e-01 2.700849498174138774e-01
-2.563567279967987611e-01 4.403922995680234487e-02 -3.274163939961560188e-01 2.044254968936501382e-01 -2.274179122633333550e-01 -9.130089876127075454e-01 2.700109218901893260e-01
-2.563716379729490402e-01 4.400486083053381514e-02 -3.274277222014173594e-01 2.044568674510232609e-01 -2.276327326044861321e-01 -9.129442842040660366e-01 2.700249291051750600e-01
-2.563551739799590501e-01 4.406757990114520962e-02 -3.273916256019852589e-01 2.044569087786274331e-01 -2.275974690311490245e-01 -9.129453417060371390e-01 2.700510462867162786e-01
-2.563554830432034914e-01 4.406921574915215190e-02 -3.273939742212662041e-01 2.044864552712913619e-01 -2.275797631468366999e-01 -9.129627384845334648e-01 2.699847757845494911e-01
-2.563840528207836922e-01 4.403349810034536127e-02 -3.273970219582174046e-01 2.044881321459116053e-01 -2.277006192768528114e-01 -9.129231173644927200e-01 2.700155802429013430e-01
-2.563674619853397729e-01 4.409363734782253963e-02 -3.273616136678262900e-01 2.044689353751058813e-01 -2.276697117852339858e-01 -9.129249258414224855e-01 2.700500630987381911e-01
-2.563678282519464835e-01 4.409539039820166428e-02 -3.273640743769468120e-01 2.045034929782121036e-01 -2.276497437863633788e-01 -9.129429702095619437e-01 2.699797189765483774e-01
-2.563678282519464835e-01 4.409539039820166428e-02 -3.273640743769468120e-01 2.045034929782121036e-01 -2.276497437863633788e-01 -9.129429702095619437e-01 2.699797189765483774e-01
-2.563409061957212520e-01 4.410725451353236792e-02 -3.273761628301091187e-01 2.045207758384506580e-01 -2.278229498656662577e-01 -9.128812771014754857e-01 2.700291274705811095e-01
-2.563410373754115845e-01 4.410880962522645277e-02 -3.273785537460641160e-01 2.045406629899438888e-01 -2.278083465092050064e-01 -9.128997323280052534e-01 2.699639849310137008e-01
-2.563674415625598058e-01 4.410301776855501954e-02 -3.274125332168329461e-01 2.045612194934902928e-01 -2.280318380396158529e-01 -9.128372965757749480e-01 2.699708471295395595e-01
-2.563540618581457986e-01 4.414925219868098827e-02 -3.273842482621930339e-01 2.045595936223220945e-01 -2.280121734489444218e-01 -9.128331163294458594e-01 2.700028206305095102e-01
-2.563542809696646718e-01 4.415097675105787711e-02 -3.273868325526253509e-01 2.045867623159853821e-01 -2.279942382623503239e-01 -9.128526960147235192e-01 2.699311752704452450e-01
-2.563571456224046918e-01 4.414516488635641944e-02 -3.274443593034929156e-01 2.046196003348083048e-01 -2.282172585525448216e-01 -9.127866710917589277e-01 2.699410956760918689e-01
-2.563408285114435747e-01 4.420357870578398019e-02 -3.274103492977272212e-01 2.046017973910772003e-01 -2.281877472390936301e-01 -9.127900156297066303e-01 2.699682275398496700e-01
-2.563411381745529516e-01 4.420495963290020647e-02 -3.274123135879647428e-01 2.046330921961662663e-01 -2.281704309204041214e-01 -9.128039502920606285e-01 2.699120233762140053e-01
-2.563411381745529516e-01 4.420495963290020647e-02 -3.274123135879647428e-01 2.046330921961662663e-01 -2.281704309204041214e-01 -9.128039502920606285e-01 2.699120233762140053e-01
-2.563358339159926280e-01 4.421485132271416041e-02 -3.274116083246160214e-01 2.046209774740431475e-01 -2.283319739661175962e-01 -9.127595099557344049e-01 2.699348851624605583e-01
-2.563360425685007882e-01 4.421655332002545624e-02 -3.274141863022397292e-01 2.046479553847710409e-01 -2.283143415098789486e-01 -9.127788637442124653e-01 2.698638948054509212e-01
-2.563469133058192684e-01 4.420876987719218887e-02 -3.273730995748879713e-01 2.045601861475294103e-01 -2.283110591369511000e-01 -9.127614901295764138e-01 2.699919492419854961e-01
-2.563472378142870323e-01 4.421019262166567265e-02 -3.273751291537934649e-01 2.045917593873121665e-01 -2.282936373635259808e-01 -9.127759185448417467e-01 2.699339727688150892e-01
-2.563473710852006149e-01 4.421185025742675745e-02 -3.273777368645373054e-01 2.046130215780864736e-01 -2.282779880832259134e-01 -9.127959373589843439e-01 2.698633882139132023e-01
-2.563473710852006149e-01 4.421185025742675745e-02 -3.273777368645373054e-01 2.046130215780864736e-01 -2.282779880832259134e-01 -9.127959373589843439e-01 2.698633882139132023e-01
-2.563473710852006149e-01 4.421185025742675745e-02 -3.273777368645373054e-01 2.046130215780864736e-01 -2.282779880832259134e-01 -9.127959373589843439e-01 2.698633882139132023e-01
-2.563145074410478896e-01 4.416640902903605503e-02 -3.273735668960569001e-01 2.045281126275917405e-01 -2.281899918942209560e-01 -9.128016608287002898e-01 2.699827896971898067e-01
-2.562736227001117806e-01 4.413533454916611365e-02 -3.274036646785140059e-01 2.045174142955828445e-01 -2.282231233500696121e-01 -9.127925803169464336e-01 2.699935898063482442e-01
-2.562737953683811853e-01 4.413622016728822872e-02 -3.274049442838979918e-01 2.045365496763963953e-01 -2.282122993670818167e-01 -9.128017339787106721e-01 2.699572942328536396e-01
-2.562740769494133986e-01 4.413807305041511642e-02 -3.274077325065382071e-01 2.045712902273531253e-01 -2.281913197465600951e-01 -9.128221240055977015e-01 2.698797486528921596e-01
-2.562740769494133986e-01 4.413807305041511642e-02 -3.274077325065382071e-01 2.045712902273531253e-01 -2.281913197465600951e-01 -9.128221240055977015e-01 2.698797486528921596e-01
-2.562538152359183918e-01 4.411833726355104957e-02 -3.274249469421262604e-01 2.045187955196977048e-01 -2.281987638349793901e-01 -9.128009364981395368e-01 2.699848825239646311e-01
-2.562541397831566425e-01 4.412093613928778912e-02 -3.274289648540643083e-01 2.045629521935740380e-01 -2.281706951674437045e-01 -9.128307170397713666e-01 2.698744420750359141e-01
-2.562445905155213977e-01 4.407747652062794785e-02 -3.274260021537902521e-01 2.045093749340165523e-01 -2.281689277108502334e-01 -9.128158489077720095e-01 2.699668164315050523e-01
-2.562447516623337362e-01 4.407805142415655020e-02 -3.274268388708224675e-01 2.045250739048410371e-01 -2.281608627789365462e-01 -9.128214486707024733e-01 2.699428044733008791e-01
-2.562449843307826880e-01 4.407972947486302195e-02 -3.274294721724108070e-01 2.045545456284935393e-01 -2.281425252059731124e-01 -9.128408233620497469e-01 2.698704453234136436e-01
-2.562440066302511532e-01 4.404005435120744716e-02 -3.273796301111701612e-01 2.044844216800906500e-01 -2.282129494204020448e-01 -9.128030655873724530e-01 2.699917303572367255e-01
-2.562442597705598124e-01 4.404157613389156345e-02 -3.273820009160647304e-01 2.045144239559464616e-01 -2.281950125027056853e-01 -9.128203284643492399e-01 2.699257946271438335e-01
-2.562447912365944935e-01 4.404280690118493602e-02 -3.273836483881085169e-01 2.045589534464105907e-01 -2.281747152839965764e-01 -9.128302896024844681e-01 2.698755199239467051e-01
-2.562576208044348158e-01 4.406296603023208969e-02 -3.273774126509802485e-01 2.045023102158309847e-01 -2.282498516127906552e-01 -9.128005270233321422e-01 2.699555671236548715e-01
-2.562576922391337497e-01 4.406380760120927331e-02 -3.273787968005115734e-01 2.045147157105330349e-01 -2.282410921897592426e-01 -9.128110018337893816e-01 2.699181539375585248e-01
-2.562580677315964839e-01 4.406520262930389842e-02 -3.273808930379483728e-01 2.045507471284148948e-01 -2.282222730330421556e-01 -9.128253180189133120e-01 2.698583419583478471e-01
-2.562610734784992461e-01 4.406953237465693896e-02 -3.273652666669268352e-01 2.044832700663011538e-01 -2.281866148215724865e-01 -9.128174685424119694e-01 2.699661649227291238e-01
-2.562611892641528111e-01 4.407029845307433580e-02 -3.273664790820525750e-01 2.044972699255985793e-01 -2.281779973353031954e-01 -9.128263556250852950e-01 2.699327927489592605e-01
-2.562613338837252952e-01 4.407185191379106581e-02 -3.273690438126014013e-01 2.045212546716692337e-01 -2.281614295454892916e-01 -9.128455898391848455e-01 2.698635721368030649e-01
-2.562521831716724763e-01 4.408588847863087468e-02 -3.273813199089180004e-01 2.044520974826578019e-01 -2.281799611772972747e-01 -9.128249866952292679e-01 2.699699776214448677e-01
-2.562523969603053842e-01 4.408738339395852635e-02 -3.273837204572193071e-01 2.044798695239226360e-01 -2.281627852310268989e-01 -9.128424415871938535e-01 2.699044335171812969e-01
-2.562525105393560487e-01 4.408818954314665250e-02 -3.273850152625419896e-01 2.044953343471825336e-01 -2.281532468098859678e-01 -9.128518233572480156e-01 2.698690474909796744e-01
-2.562719396743529665e-01 4.413422327088925567e-02 -3.273650552933257130e-01 2.044235685246392764e-01 -2.281208468154372060e-01 -9.128463593601189308e-01 2.699692724789923282e-01
-2.562719539469432428e-01 4.413514994663621238e-02 -3.273666319469359931e-01 2.044332029215004121e-01 -2.281124655915384714e-01 -9.128585943048825868e-01 2.699276854802404313e-01
-2.562723189099820886e-01 4.413663702558422164e-02 -3.273689008430081815e-01 2.044698896962981738e-01 -2.280928052220541069e-01 -9.128741278281049532e-01 2.698639715775238423e-01
-2.562995684462591739e-01 4.421800876657185075e-02 -3.273752199731680967e-01 2.044123251776046313e-01 -2.281302695107329526e-01 -9.128494639655521103e-01 2.699593257997391915e-01
-2.562998699960134519e-01 4.421955822389972424e-02 -3.273776229063103949e-01 2.044448663518770581e-01 -2.281115922093710502e-01 -9.128664749588961680e-01 2.698929362139511068e-01
-2.563402137392729041e-01 4.418886137349777032e-02 -3.273584521705734662e-01 2.044083859535858472e-01 -2.281577503318217293e-01 -9.128509593295788260e-01 2.699340266925226994e-01
-2.563216478847437085e-01 4.423430021506412346e-02 -3.273266746876691280e-01 2.043785630277352994e-01 -2.280565073645697827e-01 -9.128753485423488634e-01 2.699596830029935002e-01
-2.563221645065010268e-01 4.423594769600354415e-02 -3.273290235869459885e-01 2.044253964597215478e-01 -2.280329997325936664e-01 -9.128908143942922049e-01 2.698917733273220043e-01
-2.563221645065010268e-01 4.423594769600354415e-02 -3.273290235869459885e-01 2.044253964597215478e-01 -2.280329997325936664e-01 -9.128908143942922049e-01 2.698917733273220043e-01
-2.563141213779510097e-01 4.422984434382312702e-02 -3.273123016456621071e-01 2.043700089891090366e-01 -2.280152312427485839e-01 -9.128921575690465140e-01 2.699441838529560989e-01
-2.563143199069981004e-01 4.423174812119248789e-02 -3.273153886932322898e-01 2.043998629502961906e-01 -2.279948561397895368e-01 -9.129153008917172407e-01 2.698605102594343608e-01
-2.563143199069981004e-01 4.423174812119248789e-02 -3.273153886932322898e-01 2.043998629502961906e-01 -2.279948561397895368e-01 -9.129153008917172407e-01 2.698605102594343608e-01
-2.563631805251767593e-01 4.421539214343622737e-02 -3.273214912680146860e-01 2.043182189685635031e-01 -2.279207987361225873e-01 -9.129324270695412524e-01 2.699269503141892845e-01
-2.563632416287500715e-01 4.421609309808105515e-02 -3.273227039549048145e-01 2.043269678049877136e-01 -2.279139323235397363e-01 -9.129416576862379173e-01 2.698949042526453401e-01
-2.563930733369689796e-01 4.417515906905415679e-02 -3.273099739325940338e-01 2.043107345797144370e-01 -2.279592542850146231e-01 -9.129365441317678354e-01 2.698862140052031289e-01
-2.563768946480230460e-01 4.420915084030040132e-02 -3.272834547037692943e-01 2.042825886465349239e-01 -2.278617452479205219e-01 -9.129581321836460761e-01 2.699168351700032553e-01
-2.563769225049511435e-01 4.420996821301591273e-02 -3.272849021272847270e-01 2.042910111849479127e-01 -2.278540198329209732e-01 -9.129693681322316179e-01 2.698789751856262575e-01
-2.564069832107715996e-01 4.416231085255221955e-02 -3.272786897866182265e-01 2.042687754241492293e-01 -2.278292362981687025e-01 -9.129777406104011561e-01 2.698884058725731228e-01
-2.563883851116201540e-01 4.420743714246851142e-02 -3.272467029497685420e-01 2.042395534175278082e-01 -2.277313580216240863e-01 -9.129983150611022946e-01 2.699235263718666178e-01
-2.563885326424412137e-01 4.420823589080881411e-02 -3.272480099148711852e-01 2.042539867797410480e-01 -2.277224399973978852e-01 -9.130078114236226394e-01 2.698880054497787007e-01
-2.564316880867092974e-01 4.417061667919411350e-02 -3.272251225285225384e-01 2.042434376822025166e-01 -2.277261952274134416e-01 -9.130004149833828020e-01 2.699178401128258242e-01
-2.564131463301353442e-01 4.421498417810897086e-02 -3.271937872943804781e-01 2.042117888124164171e-01 -2.276288582970439900e-01 -9.130231862860627157e-01 2.699468641871269892e-01
-2.564133051501423788e-01 4.421583944776290298e-02 -3.271951690010447278e-01 2.042280648980571156e-01 -2.276188844337338479e-01 -9.130331787220887785e-01 2.699091615891830997e-01
-2.564146546519697201e-01 4.420040582347252445e-02 -3.272620930961749330e-01 2.042022198139233913e-01 -2.275769094319043950e-01 -9.130429179289920594e-01 2.699311648109578576e-01
-2.563961371579251969e-01 4.424436208777625390e-02 -3.272311959985930718e-01 2.041710320487835073e-01 -2.274795123960596244e-01 -9.130663395560458806e-01 2.699576275675665826e-01
-2.563961834431545128e-01 4.424515528964131916e-02 -3.272325757897764920e-01 2.041798788805192222e-01 -2.274721953949560005e-01 -9.130768630569647826e-01 2.699215062431820633e-01
-2.564219917521810554e-01 4.418050000078495299e-02 -3.272158827275351567e-01 2.041632587721289305e-01 -2.275117274143206858e-01 -9.130696307257784028e-01 2.699252250212771931e-01
-2.564039916883977810e-01 4.422142051830164899e-02 -3.271864696643779769e-01 2.041317589509323849e-01 -2.274116552800471425e-01 -9.130946158999919682e-01 2.699488589433813868e-01
-2.564040777138079652e-01 4.422198755465875375e-02 -3.271874411868573862e-01 2.041406907208571653e-01 -2.274056435440490742e-01 -9.131017675677577383e-01 2.699229774231248213e-01
-2.563729707048766349e-01 4.413081397638554670e-02 -3.272256626125334966e-01 2.041484115652953679e-01 -2.274486311123752325e-01 -9.130874536283956067e-01 2.699293394332781815e-01
-2.563620091411534241e-01 4.414816946268311504e-02 -3.272092940549111706e-01 2.041231086980494769e-01 -2.273792285220126441e-01 -9.131024505427681737e-01 2.699562144959257171e-01
-2.563621594174408935e-01 4.414895183520106681e-02 -3.272105611753761134e-01 2.041395789299272068e-01 -2.273695213387146308e-01 -9.131114025325052230e-01 2.699216546437815945e-01
-2.563215199058880289e-01 4.409724334023763792e-02 -3.272662780813318517e-01 2.041615590276665837e-01 -2.274446071315190943e-01 -9.130836342039772013e-01 2.699357061432203220e-01
-2.563031810140784517e-01 4.413807730253165029e-02 -3.272369733363865718e-01 2.041235999679677782e-01 -2.273474821462156403e-01 -9.131097729281130171e-01 2.699578131506162881e-01
-2.563033232589192467e-01 4.413879798712239122e-02 -3.272381281777247408e-01 2.041396784401016129e-01 -2.273384296792879122e-01 -9.131177813025241896e-01 2.699261890711663892e-01
-2.563076357558518037e-01 4.409258678567305745e-02 -3.272507862644805088e-01 2.041602358238673309e-01 -2.274799321101776406e-01 -9.130796184938720916e-01 2.699205232778283947e-01
-2.562928476952253676e-01 4.412344704454697342e-02 -3.272271485465224061e-01 2.041239191487698723e-01 -2.274016036594975754e-01 -9.130973420001073926e-01 2.699540337108783938e-01
-2.562929865740951607e-01 4.412416230458790500e-02 -3.272283014473894025e-01 2.041404118266416934e-01 -2.273923413601470767e-01 -9.131052982190405176e-01 2.699224512972505097e-01
-2.562930320929071581e-01 4.412487326504115071e-02 -3.272295473785276076e-01 2.041505878337203927e-01 -2.273849736225181384e-01 -9.131145451708120309e-01 2.698896786750734078e-01
-2.562962468731521115e-01 4.410729665391524557e-02 -3.271913921694022953e-01 2.041004979256504370e-01 -2.273940056863409942e-01 -9.131043593611269937e-01 2.699544069655607226e-01
-2.562963793647276556e-01 4.410781700835522678e-02 -3.271922418114651121e-01 2.041141045352302952e-01 -2.273867626790277430e-01 -9.131100424543134864e-01 2.699309964735697176e-01
-2.562855230878324786e-01 4.405041552751343126e-02 -3.272099002464912143e-01 2.041515215935057748e-01 -2.275377803643602315e-01 -9.130665950827652200e-01 2.699224104847213201e-01
-2.562691993122264145e-01 4.408148198218836411e-02 -3.271850261557463502e-01 2.041082737634731248e-01 -2.274491273499654742e-01 -9.130902184220199835e-01 2.699499214133283531e-01
-2.562692000473304477e-01 4.408240986398495598e-02 -3.271866851048850777e-01 2.041179284622172130e-01 -2.274405663312383807e-01 -9.131029752732398030e-01 2.699066813074034732e-01
-2.562693883402097916e-01 4.408327753860435960e-02 -3.271880822708966297e-01 2.041396237445624595e-01 -2.274287481265327426e-01 -9.131125016087716650e-01 2.698680009723222195e-01
-2.562204927451086078e-01 4.406806114009031994e-02 -3.272184327937645576e-01 2.041006172895753756e-01 -2.274018587973268279e-01 -9.131057840352452271e-01 2.699428824750065847e-01
-2.562206583441828944e-01 4.406859979303585917e-02 -3.272192778818635572e-01 2.041176958959759480e-01 -2.273935401327221162e-01 -9.131110610005697126e-01 2.699191256773770808e-01
-2.562206621995534728e-01 4.406948658682673103e-02 -3.272208631235640208e-01 2.041287465577205640e-01 -2.273845700611318299e-01 -9.131230398052591068e-01 2.698777988343823986e-01
-2.562134435741691973e-01 4.405245777185724798e-02 -3.272296822334570532e-01 2.040687509388248444e-01 -2.273379825480245087e-01 -9.131240767102417610e-01 2.699588989333940314e-01
-2.562135161630157976e-01 4.405321465861804231e-02 -3.272309994986633552e-01 2.040815162908697911e-01 -2.273297328386821303e-01 -9.131335798533861681e-01 2.699240497252001214e-01
-2.561973331193841408e-01 4.404626822711325829e-02 -3.272461289829566855e-01 2.040612158266046361e-01 -2.273732001208115805e-01 -9.131151793390354099e-01 2.699650298146601402e-01
-2.561976789889598982e-01 4.404825197325619446e-02 -3.272494889744531066e-01 2.041074126800101474e-01 -2.273470412953946806e-01 -9.131380961153958697e-01 2.698746085241291448e-01
-2.562197939743731112e-01 4.403064655384975046e-02 -3.272309916285052744e-01 2.040777626719028626e-01 -2.274097430994625468e-01 -9.131125679959658514e-01 2.699305719885756183e-01
-2.562199742386158108e-01 4.403222605732563799e-02 -3.272338029786929225e-01 2.041069673851758082e-01 -2.273911017756656272e-01 -9.131326496036711315e-01 2.698562523378970068e-01
-2.562199742386158108e-01 4.403222605732563799e-02 -3.272338029786929225e-01 2.041069673851758082e-01 -2.273911017756656272e-01 -9.131326496036711315e-01 2.698562523378970068e-01
-2.562310635560577365e-01 4.401190998506888941e-02 -3.272029878640378420e-01 2.040863934442673500e-01 -2.274395551167079921e-01 -9.131203607550290036e-01 2.698725616913126846e-01
-2.562312807777609169e-01 4.401265828569075889e-02 -3.272042293078720188e-01 2.041091318621865158e-01 -2.274279669518182168e-01 -9.131283393611544508e-01 2.698381329504183634e-01
