repeatability libsurvive; 20211016-000824; x y z w i j k;  frequency = 150 duration = 2 sys.args = ['repeatability.py']
-2.566031879493329559e-01 4.369497848610336133e-02 -3.271186067668386821e-01 -2.024026986438741682e-01 2.215300941859258965e-01 9.145517741274278301e-01 -2.712058579603807140e-01
-2.566031879493329559e-01 4.369497848610336133e-02 -3.271186067668386821e-01 -2.024026986438741682e-01 2.215300941859258965e-01 9.145517741274278301e-01 -2.712058579603807140e-01
-2.564582465967228386e-01 4.354566515401207816e-02 -3.272936318332029804e-01 -2.023888466207295900e-01 2.215112584425715792e-01 9.145430168231720724e-01 -2.712611058126291330e-01
-2.564586980675281902e-01 4.354707314774505789e-02 -3.272944743309168514e-01 -2.024151974763562234e-01 2.214981215128457026e-01 9.145513043939219600e-01 -2.712242275834964578e-01
-2.564271878185633846e-01 4.347714931610456579e-02 -3.272936803821141494e-01 -2.022916143138212552e-01 2.213429506450585449e-01 9.145784831045258301e-01 -2.713514312110255067e-01
-2.565557708457820718e-01 4.353215604281285289e-02 -3.271199829636560752e-01 -2.022546555692668890e-01 2.213343705573919129e-01 9.145802769460105175e-01 -2.713799324413631031e-01
-2.563849735870363244e-01 4.336689596674803138e-02 -3.273225441909425326e-01 -2.022629356732495443e-01 2.213742169028791174e-01 9.145541416919091837e-01 -2.714293330825741646e-01
-2.563849735870363244e-01 4.336689596674803138e-02 -3.273225441909425326e-01 -2.022629356732495443e-01 2.213742169028791174e-01 9.145541416919091837e-01 -2.714293330825741646e-01
-2.563224088513980092e-01 4.332125163074986018e-02 -3.273398025423748803e-01 -2.022569296468387234e-01 2.213961234668303524e-01 9.145288398096645954e-01 -2.715011824653485450e-01
-2.563230972504036420e-01 4.332415668998065850e-02 -3.273435484509215621e-01 -2.023284430293419978e-01 2.213559918440785035e-01 9.145558743806372348e-01 -2.713895330551908125e-01
-2.564338129714621717e-01 4.341197189755766073e-02 -3.271886550596279086e-01 -2.022415304443523076e-01 2.212980622242303741e-01 9.145606932283599777e-01 -2.714853024032581330e-01
-2.563203719948727866e-01 4.331289721444485374e-02 -3.273161973181579754e-01 -2.022802071221083964e-01 2.213796864325889846e-01 9.145495408244667113e-01 -2.714275034321367852e-01
-2.564214655996737702e-01 4.342465712908237518e-02 -3.271563765413604830e-01 -2.022614862585528916e-01 2.213942615817238169e-01 9.145436180716373098e-01 -2.714495215681980711e-01
-2.563070893338175171e-01 4.332185182067141427e-02 -3.272849155209081595e-01 -2.023186511479603267e-01 2.214438680088590128e-01 9.145346201074661119e-01 -2.713967673791227719e-01
-2.563819845041374612e-01 4.343494299952752047e-02 -3.271594003177034082e-01 -2.022729043981058572e-01 2.214387311633784217e-01 9.145340255280054453e-01 -2.714370583370095402e-01
-2.563824632993247365e-01 4.343650468268264730e-02 -3.271611059867025606e-01 -2.023163809312502615e-01 2.214164579198990013e-01 9.145460612657098087e-01 -2.713822691195272863e-01
-2.562807505272191588e-01 4.333764688554363198e-02 -3.272707096708570851e-01 -2.023595342311534651e-01 2.214125900194526264e-01 9.145337185503177313e-01 -2.713948443157246926e-01
-2.562809524338471312e-01 4.333873027400024502e-02 -3.272720778139515119e-01 -2.023815186807770283e-01 2.213996045778803268e-01 9.145440442699295236e-01 -2.713542464742754179e-01
-2.563459248243878941e-01 4.339150858304371972e-02 -3.271808800429705788e-01 -2.023340032539100997e-01 2.213285733947218947e-01 9.145534083694922822e-01 -2.714160587843848504e-01
-2.563458909811489606e-01 4.339309611381973741e-02 -3.271831057861485648e-01 -2.023442739312701910e-01 2.213162508067074707e-01 9.145723128750316011e-01 -2.713547428339977419e-01
-2.564431766183145611e-01 4.352067319748084695e-02 -3.270881387994321043e-01 -2.023227228813962442e-01 2.213269108500045546e-01 9.145655462156803139e-01 -2.713849222316268017e-01
-2.562827628863341145e-01 4.336959391995819091e-02 -3.272765078609449207e-01 -2.023421589386397712e-01 2.213543135560183672e-01 9.145531884318869320e-01 -2.713897273576577618e-01
-2.562828845155318835e-01 4.337113037403733662e-02 -3.272784682831897385e-01 -2.023616315042564284e-01 2.213398239334788409e-01 9.145691625594813967e-01 -2.713331887758682059e-01
-2.563448375637199517e-01 4.345822216613237643e-02 -3.271461462930077002e-01 -2.023207380600244021e-01 2.213340329769116210e-01 9.145676288175634827e-01 -2.713735748300520334e-01
-2.562307815555847634e-01 4.334887443799570472e-02 -3.272742828000296256e-01 -2.023147179389148953e-01 2.213381445482173748e-01 9.145635542508419036e-01 -2.713884410016706994e-01
-2.563314341143742570e-01 4.347842570240065263e-02 -3.271929128394588937e-01 -2.022839613975902506e-01 2.213364647653079387e-01 9.145613064710205187e-01 -2.714203106484732730e-01
-2.563316325600854539e-01 4.347985480731851593e-02 -3.271945890505316701e-01 -2.023062573883207538e-01 2.213219093245138991e-01 9.145748410429979103e-01 -2.713699519210945876e-01
-2.562361726115235383e-01 4.339194937384381612e-02 -3.272991947294110471e-01 -2.023279994890372913e-01 2.213527596765863525e-01 9.145567033911272681e-01 -2.713897063056683878e-01
-2.563760925266393986e-01 4.351385709263684565e-02 -3.272006108495026933e-01 -2.022843015720728888e-01 2.212927220117166804e-01 9.145747827115910944e-01 -2.714103154822779529e-01
-2.563763375193950922e-01 4.351540808709854213e-02 -3.272024105054947007e-01 -2.023094172035971861e-01 2.212767596510621382e-01 9.145892232413328493e-01 -2.713559435130952768e-01
-2.562674388655505897e-01 4.341366276366635801e-02 -3.273246919324370729e-01 -2.023364232612794300e-01 2.212976667303972467e-01 9.145713646390345453e-01 -2.713789481588586017e-01
-2.563572088080917077e-01 4.354224181125170012e-02 -3.272055161243654364e-01 -2.022936206210518284e-01 2.212682904269638318e-01 9.145779430732988713e-01 -2.714126392623755213e-01
-2.563572638939602966e-01 4.354360589982229912e-02 -3.272072393070443730e-01 -2.023062312002892604e-01 2.212571602316040220e-01 9.145924616037114374e-01 -2.713633855947498175e-01
-2.562352837176530840e-01 4.343424783276264578e-02 -3.273469803913428566e-01 -2.023103718575405552e-01 2.213113146715351975e-01 9.145777278924187570e-01 -2.713657957082309946e-01
-2.563552965247647419e-01 4.357153066785449114e-02 -3.272226211223939751e-01 -2.022446404402677700e-01 2.212460672559409258e-01 9.145989561017258129e-01 -2.713964491930577205e-01
-2.563554134338539292e-01 4.357278031396388807e-02 -3.272241090623186910e-01 -2.022599503187145764e-01 2.212348703913272208e-01 9.146112576133282879e-01 -2.713527078673986237e-01
-2.562625772318476991e-01 4.348964306639011013e-02 -3.273260430261855092e-01 -2.022721428474005823e-01 2.212695387149110626e-01 9.146002576514226101e-01 -2.713524279765385794e-01
-2.563991649065781586e-01 4.357872277287688778e-02 -3.271897319717426145e-01 -2.022274259003518648e-01 2.212482272224902680e-01 9.146017869001523692e-01 -2.713979763440974580e-01
-2.563995423841356480e-01 4.358005948268549312e-02 -3.271910584816118961e-01 -2.022575966851408724e-01 2.212323013515701819e-01 9.146118364777660048e-01 -2.713546056299893094e-01
-2.563071882728323869e-01 4.349726084438708396e-02 -3.272924379308443932e-01 -2.022685251293616371e-01 2.212680122811099270e-01 9.146005734516902130e-01 -2.713553049509050963e-01
-2.563073516043036237e-01 4.349824976182493919e-02 -3.272935870089017651e-01 -2.022851655639538726e-01 2.212577084720704912e-01 9.146096110764133646e-01 -2.713208387888845774e-01
-2.564258387392237548e-01 4.365170500776181794e-02 -3.271755823247244899e-01 -2.022379319954091259e-01 2.212337340638265704e-01 9.146163035021708243e-01 -2.713530378352554395e-01
-2.563072869778994511e-01 4.354735019842356780e-02 -3.273099838515173832e-01 -2.022610154731642740e-01 2.212936005013801388e-01 9.145942570255241044e-01 -2.713613255658028356e-01
-2.564077499563321427e-01 4.365167391614609149e-02 -3.271936688745445410e-01 -2.022427088561705721e-01 2.213619670958527630e-01 9.145770173550722415e-01 -2.713773121760045259e-01
-2.564080123660830712e-01 4.365276761393767357e-02 -3.271948089311624286e-01 -2.022639089067337081e-01 2.213500415569835678e-01 9.145859239203157909e-01 -2.713412206490424805e-01
-2.563325713789167959e-01 4.358465764743850446e-02 -3.272751326113563231e-01 -2.022690182087553412e-01 2.213737915677863599e-01 9.145763310671114477e-01 -2.713503700597991730e-01
-2.564399648225951234e-01 4.372147540644874542e-02 -3.271935877967896422e-01 -2.022247279064414427e-01 2.213319863831618162e-01 9.145908973381372542e-01 -2.713683874976426935e-01
-2.564401708883722319e-01 4.372280493905730814e-02 -3.271950603736892282e-01 -2.022438543696959412e-01 2.213195744848793223e-01 9.146029116248284296e-01 -2.713237611542846373e-01
-2.563362905466110009e-01 4.363268869471352562e-02 -3.273095184072839503e-01 -2.022691580012767332e-01 2.213749358413470980e-01 9.145825997009908725e-01 -2.713282031541706107e-01
-2.564428492263182147e-01 4.371872150077518726e-02 -3.272090965439279353e-01 -2.022634137715164926e-01 2.214385989849711467e-01 9.145655810334074598e-01 -2.713379006296230411e-01
-2.564431015508046308e-01 4.371996260847239857e-02 -3.272104367013644599e-01 -2.022842101674347526e-01 2.214261777802861708e-01 9.145762724220773965e-01 -2.712964946936985977e-01
-2.563269673940843929e-01 4.361796799083555998e-02 -3.273427119039151179e-01 -2.022884644636929741e-01 2.214769137155189194e-01 9.145617921994942945e-01 -2.713007226028315566e-01
-2.563272146998497591e-01 4.361916074234868657e-02 -3.273440074259905685e-01 -2.023105342404840912e-01 2.214642216471582326e-01 9.145718288371458282e-01 -2.712607899476560114e-01
-2.563377544698994814e-01 4.364451146500306078e-02 -3.273740825533155707e-01 -2.022537943635271673e-01 2.214862515407765020e-01 9.145559455747087618e-01 -2.713386545590628085e-01
-2.563380163374920362e-01 4.364572563526780691e-02 -3.273753918726607370e-01 -2.022763293046542787e-01 2.214734759056565805e-01 9.145660409471316754e-01 -2.712982543614893549e-01
-2.564293912584107438e-01 4.371871315577079142e-02 -3.272441504769031950e-01 -2.022564023779059028e-01 2.214944851865776609e-01 9.145576174976461914e-01 -2.713243538757783013e-01
-2.563532886731904048e-01 4.364281914011519659e-02 -3.273291018974273658e-01 -2.022502923315551426e-01 2.214472621294288901e-01 9.145640795738758655e-01 -2.713456719764838487e-01
-2.563536087211769621e-01 4.364442934567862309e-02 -3.273308175041803048e-01 -2.022785042184428450e-01 2.214307217746812606e-01 9.145776438704483757e-01 -2.712924169929422091e-01
-2.564637753886037652e-01 4.369825149680524323e-02 -3.271769437738162867e-01 -2.022415831658692653e-01 2.214096727889974803e-01 9.145831267602586578e-01 -2.713186375453413568e-01
-2.563472485734676898e-01 4.359379498676281550e-02 -3.273058491655745916e-01 -2.022720174824426953e-01 2.214340433401312813e-01 9.145682140037199037e-01 -2.713263299565100151e-01
-2.563474573753600216e-01 4.359499057950512457e-02 -3.273071826384490457e-01 -2.022907531420225780e-01 2.214225513149296054e-01 9.145788661788292195e-01 -2.712858317374275963e-01
-2.563475428343189311e-01 4.359634146228313911e-02 -3.273088156759837997e-01 -2.023042682915789370e-01 2.214116727250226013e-01 9.145925293422831892e-01 -2.712385656270159262e-01
-2.563462884703973099e-01 4.358069897688798822e-02 -3.272892685860053774e-01 -2.022573076580569396e-01 2.214075037172886784e-01 9.145840101474191908e-01 -2.713057079739720767e-01
-2.563465725164311704e-01 4.358189865591576007e-02 -3.272905259489938823e-01 -2.022803460299999190e-01 2.213946845562225207e-01 9.145937715562825199e-01 -2.712660839299467219e-01
-2.564435034897545318e-01 4.358803556455527473e-02 -3.271397311761996551e-01 -2.022439619201703009e-01 2.214027112833882316e-01 9.145972044837998860e-01 -2.712750870493191302e-01
-2.563513319427339066e-01 4.354719277264927635e-02 -3.273156494689757889e-01 -2.022610521436545850e-01 2.214501389986878177e-01 9.145805144148506649e-01 -2.712799022704607821e-01
-2.563514916851961090e-01 4.354831857860794186e-02 -3.273169490288307393e-01 -2.022763666504007463e-01 2.214399958630917653e-01 9.145909927369152426e-01 -2.712414343926283222e-01
-2.564045825984206939e-01 4.355412603767076785e-02 -3.271693352209328332e-01 -2.022596027476968317e-01 2.215124981955224337e-01 9.145738750954444107e-01 -2.712524529519042549e-01
-2.563280105804484621e-01 4.352778575755054946e-02 -3.273258960257058314e-01 -2.022776068830453300e-01 2.215760379277020298e-01 9.145554542100047257e-01 -2.712492402655932722e-01
-2.563282312526778406e-01 4.352881324382214256e-02 -3.273270132049014292e-01 -2.022960667656069633e-01 2.215653747090998715e-01 9.145641830116600923e-01 -2.712147511721955673e-01
-2.563587222951128064e-01 4.355542503307158198e-02 -3.272240034212935966e-01 -2.022848087104998083e-01 2.215431689614125732e-01 9.145625832725972071e-01 -2.712466805865933472e-01
-2.563302592095224597e-01 4.358143214281332001e-02 -3.273357611594299721e-01 -2.022926811595662233e-01 2.215937546129966296e-01 9.145470293415236540e-01 -2.712519312159513696e-01
-2.563305415340967341e-01 4.358268227362445402e-02 -3.273370956121023911e-01 -2.023159483616744914e-01 2.215806245527721652e-01 9.145573538701193828e-01 -2.712104908431916539e-01
-2.563569501525862493e-01 4.357471060489055692e-02 -3.272167889511276573e-01 -2.022779855496371626e-01 2.214646358586161989e-01 9.145795050963674289e-01 -2.712588440653596056e-01
-2.563006428588069929e-01 4.357267997299156537e-02 -3.273730788294752503e-01 -2.022853468128113230e-01 2.214348949114087195e-01 9.145779228810326789e-01 -2.712829680592018233e-01
-2.563010888018513733e-01 4.357500258587146402e-02 -3.273756413881032112e-01 -2.023251805401108105e-01 2.214116342214620392e-01 9.145977736324815144e-01 -2.712053134016759737e-01
-2.563457986910169240e-01 4.353213748273958295e-02 -3.272284891174712107e-01 -2.022887559666526336e-01 2.214771407363737565e-01 9.145796611733306714e-01 -2.712400757793366202e-01
-2.563350344932223135e-01 4.358695368580586815e-02 -3.273758382223520003e-01 -2.022657127050933035e-01 2.214003657563190508e-01 9.145942684712913273e-01 -2.712706832415403002e-01
-2.563351909799562178e-01 4.358840479633575848e-02 -3.273775498278021501e-01 -2.022837813587480271e-01 2.213876096547832684e-01 9.146082069812674353e-01 -2.712206220276375812e-01
-2.563778253265215357e-01 4.357297078904460996e-02 -3.272219776805411207e-01 -2.022728085031742506e-01 2.214474748002533411e-01 9.145935107326654823e-01 -2.712294913362613968e-01
-2.563121474578393122e-01 4.356462847189061793e-02 -3.273974562726348903e-01 -2.022631038186285812e-01 2.214213553525140599e-01 9.145978624055364214e-01 -2.712433783721439617e-01
-2.563124820430918716e-01 4.356574830738843551e-02 -3.273985915225929855e-01 -2.022877126253665725e-01 2.214085883944299504e-01 9.146062478875821578e-01 -2.712071710537566349e-01
-2.563612332363577884e-01 4.353135964710018457e-02 -3.272435539557332351e-01 -2.022674844948034734e-01 2.214301501813298878e-01 9.145999537442323080e-01 -2.712258798821862715e-01
-2.562828062040345967e-01 4.349941647930827271e-02 -3.273993557883757011e-01 -2.022881344017583016e-01 2.214257140586545214e-01 9.145953791113436981e-01 -2.712295270468331743e-01
-2.562830616190220900e-01 4.350045905107999267e-02 -3.274004856945569308e-01 -2.023088250840205382e-01 2.214142621150236856e-01 9.146039786624622359e-01 -2.711944432321153897e-01
-2.563116269114491530e-01 4.349624713443811519e-02 -3.272699425432986642e-01 -2.022779209303463832e-01 2.214220072916485149e-01 9.146023841702178858e-01 -2.712165486492056354e-01
-2.562554177857302440e-01 4.351055819496071897e-02 -3.274419411582394912e-01 -2.023032606219486440e-01 2.214394799371225964e-01 9.145834141185205102e-01 -2.712473522197326181e-01
-2.562557984286317203e-01 4.351182123382653366e-02 -3.274432129104470346e-01 -2.023322487651391943e-01 2.214246594329093432e-01 9.145928047225738711e-01 -2.712061630095410347e-01
-2.562366315768858094e-01 4.357902499966655185e-02 -3.274001744023706251e-01 -2.022868627821302612e-01 2.213289294906266580e-01 9.146124023553940940e-01 -2.712520664879650711e-01
-2.561757241773054417e-01 4.358139069285846268e-02 -3.275683084180729954e-01 -2.022967351012646131e-01 2.213368192020158665e-01 9.146054071293674426e-01 -2.712618526122440032e-01
-2.561759737073278087e-01 4.358234566400925880e-02 -3.275693155419075464e-01 -2.023181523760331224e-01 2.213256101909298335e-01 9.146127229501450628e-01 -2.712303569117621160e-01
-2.562041554878470850e-01 4.358772295922853923e-02 -3.274334469793197533e-01 -2.023019212558187785e-01 2.213262362450514886e-01 9.146116573149970508e-01 -2.712455457870570630e-01
-2.561553938267400743e-01 4.361827293800484007e-02 -3.276078440799040092e-01 -2.023239888120780816e-01 2.213571819551483078e-01 9.145960021017732755e-01 -2.712566210943034850e-01
-2.561557812650130939e-01 4.361937493614143069e-02 -3.276088856140343952e-01 -2.023534269766333604e-01 2.213432014222444510e-01 9.146031445242194247e-01 -2.712219862057164699e-01
-2.561983943419023357e-01 4.360253984014171580e-02 -3.274544100871591423e-01 -2.023490011140072764e-01 2.214069925915125303e-01 9.145891260096297160e-01 -2.712204932609020291e-01
-2.561968327417668001e-01 4.367342131053975063e-02 -3.275922146756974351e-01 -2.023575134572858092e-01 2.213687591350748662e-01 9.145874188063622956e-01 -2.712511061498129039e-01
-2.561968452058862589e-01 4.367463806479440769e-02 -3.275937891326435869e-01 -2.023671373108080762e-01 2.213597525368883323e-01 9.146004894398915841e-01 -2.712072019872390771e-01
-2.562315854985067753e-01 4.366575253749727104e-02 -3.274542611200342845e-01 -2.023255962928711127e-01 2.213290141437074254e-01 9.146071505818433867e-01 -2.712408167799781888e-01
-2.561927943432581456e-01 4.371327219341906989e-02 -3.276337695532242078e-01 -2.023350635861441427e-01 2.213653684130752475e-01 9.145906071620618638e-01 -2.712598698699561495e-01
-2.561928827852145707e-01 4.371438218338041803e-02 -3.276351387954194450e-01 -2.023484101910611177e-01 2.213557161292288855e-01 9.146015497168911157e-01 -2.712208935268953791e-01
-2.562413429564008860e-01 4.367690546837713073e-02 -3.274737596263727624e-01 -2.022975507255380667e-01 2.213073087439682562e-01 9.146157099124214707e-01 -2.712505838672935599e-01
-2.561849051145503875e-01 4.366837900758614721e-02 -3.276166517281192125e-01 -2.023017895803469191e-01 2.212699666724525227e-01 9.146159401806533973e-01 -2.712771087814455084e-01
-2.561850973871913073e-01 4.366951160857118763e-02 -3.276179415432253217e-01 -2.023205997690518676e-01 2.212587225533267921e-01 9.146258701954163017e-01 -2.712387696706328177e-01
-2.562237900981856331e-01 4.364215152260332575e-02 -3.274897505975019052e-01 -2.022931792724318445e-01 2.212417490149650723e-01 9.146290416847085991e-01 -2.712623715511654487e-01
-2.561543366801034560e-01 4.364150794861371141e-02 -3.276687878722600034e-01 -2.023366960716216911e-01 2.212384270671776121e-01 9.146179341660812812e-01 -2.712700763324829567e-01
-2.561547844808372831e-01 4.364339244390104400e-02 -3.276708940434313599e-01 -2.023750895212717560e-01 2.212176833204085868e-01 9.146333593115524296e-01 -2.712063379828606458e-01
-2.561753039972071710e-01 4.365809395540763693e-02 -3.275498826156018617e-01 -2.023194932955740266e-01 2.211472587962710623e-01 9.146443552001843891e-01 -2.712681626360829990e-01
-2.561087651101013885e-01 4.364762842504016360e-02 -3.277028518565043291e-01 -2.023274086145905315e-01 2.211609241706529172e-01 9.146387571200813582e-01 -2.712699933960999732e-01
-2.561093084262827113e-01 4.364976081181079492e-02 -3.277051348922366270e-01 -2.023738603340918263e-01 2.211366665042788227e-01 9.146551771015453136e-01 -2.711997462797366976e-01
-2.561527345902488983e-01 4.364395355115108233e-02 -3.275384139043390763e-01 -2.023369371933875505e-01 2.211612369926736488e-01 9.146375356368534604e-01 -2.712667497191890709e-01
-2.560867100187251277e-01 4.363098810210858103e-02 -3.276912554099339348e-01 -2.023410874649822222e-01 2.211268044862268467e-01 9.146389388450075764e-01 -2.712869923340910372e-01
-2.560871181611324432e-01 4.363310778189172234e-02 -3.276936476228001216e-01 -2.023803206004151922e-01 2.211046894073684932e-01 9.146568747614794992e-01 -2.712152717073795793e-01
-2.561430861178894958e-01 4.360274645253828241e-02 -3.275040115552151354e-01 -2.023245889253352248e-01 2.211139099397360641e-01 9.146504632202697715e-01 -2.712709525148285783e-01
-2.561249669712158950e-01 4.365100561418529257e-02 -3.276142292457544514e-01 -2.023505480731699058e-01 2.211628167252964183e-01 9.146344762731335454e-01 -2.712656244443651943e-01
-2.561253388864966896e-01 4.365304234273080508e-02 -3.276165740909953161e-01 -2.023865695418835819e-01 2.211418009611459401e-01 9.146523504712918973e-01 -2.711956085818318374e-01
-2.561822020280779544e-01 4.361026447524991856e-02 -3.274364506295626698e-01 -2.023228269775041444e-01 2.211523925429337289e-01 9.146472703469699095e-01 -2.712516613833064194e-01
-2.561657733052883912e-01 4.366964884699434113e-02 -3.275739707285984514e-01 -2.023347246384826492e-01 2.211816618451045713e-01 9.146349218180880314e-01 -2.712605600888695068e-01
-2.561659965914879766e-01 4.367188717342805615e-02 -3.275767713221588440e-01 -2.023625660903010104e-01 2.211619674718376394e-01 9.146572724529795639e-01 -2.711804748469368587e-01
-2.562248074732071945e-01 4.362194992114798442e-02 -3.274024959172579519e-01 -2.023113170704814723e-01 2.211778082483217278e-01 9.146471033792736849e-01 -2.712400862770471544e-01
-2.562380815925283661e-01 4.371417982160709370e-02 -3.275159361317938611e-01 -2.023052564336875192e-01 2.212173211060264322e-01 9.146380643700470214e-01 -2.712428639934825747e-01
-2.562387405474712554e-01 4.371604710098682400e-02 -3.275178721321581610e-01 -2.023526153535255001e-01 2.211939960244377334e-01 9.146516196998109027e-01 -2.711808432814563075e-01
-2.562974816252943655e-01 4.366731081645369716e-02 -3.273457857862798193e-01 -2.023085920755338385e-01 2.212068682313500512e-01 9.146431249374981087e-01 -2.712318363029340706e-01
-2.562871010134318839e-01 4.372789752082630044e-02 -3.274607659395117887e-01 -2.023217654245520192e-01 2.212676171432451655e-01 9.146259118876320926e-01 -2.712305037103311389e-01
-2.562876724782268689e-01 4.373005960259887526e-02 -3.274632083506023861e-01 -2.023656179324520576e-01 2.212436871301711738e-01 9.146441577862578498e-01 -2.711557711193527953e-01
-2.563256152487154438e-01 4.372897128277176970e-02 -3.273129483642983062e-01 -2.023322947688611650e-01 2.213032963463329450e-01 9.146247793556048222e-01 -2.711973571193583843e-01
-2.563054344368085324e-01 4.377265276505903913e-02 -3.274563641643439271e-01 -2.023223183351295917e-01 2.212525020197870784e-01 9.146311366465698089e-01 -2.712248029404505933e-01
-2.563631418535682327e-01 4.372893735840717444e-02 -3.272893899484185520e-01 -2.022899457013565550e-01 2.212568057979570346e-01 9.146346263893477824e-01 -2.712336704132536913e-01
-2.563635003481080643e-01 4.372969331621764932e-02 -3.272901274215553880e-01 -2.023119535853057926e-01 2.212466245332533332e-01 9.146397032618278633e-01 -2.712084397400902902e-01
-2.563015646809163606e-01 4.374021883669097777e-02 -3.274683576211127600e-01 -2.023284867177538304e-01 2.212499736090530744e-01 9.146306987907528718e-01 -2.712237406091809744e-01
-2.563619215953837349e-01 4.368469748334073699e-02 -3.273096121545590043e-01 -2.023206161978743922e-01 2.212630011086412773e-01 9.146286120872211267e-01 -2.712260211578406688e-01
-2.563621304712485616e-01 4.368551189848596250e-02 -3.273105725707511904e-01 -2.023354360559781462e-01 2.212543713439903414e-01 9.146360880259385429e-01 -2.711967937823392405e-01
-2.562816324318573646e-01 4.367549523250627286e-02 -3.274909192873112218e-01 -2.023465247634824993e-01 2.212957452356695831e-01 9.146222982180414185e-01 -2.712012696487224317e-01
-2.563253302618466734e-01 4.364638437071630128e-02 -3.273608261102077255e-01 -2.023315900578003812e-01 2.213779891749959594e-01 9.146041242452453979e-01 -2.712065808329609529e-01
-2.563255372008925725e-01 4.364750947248244306e-02 -3.273621854459146663e-01 -2.023489983997125707e-01 2.213669795431634224e-01 9.146149648814542177e-01 -2.711660178367967799e-01
-2.562663962802955719e-01 4.364864118794094250e-02 -3.275148122750853874e-01 -2.023513984767853768e-01 2.213713519792829820e-01 9.146120956823646786e-01 -2.711703348245645406e-01
-2.563117594543306010e-01 4.361919556512167118e-02 -3.273712299748179899e-01 -2.023233609634235153e-01 2.213385618156046286e-01 9.146181488469720122e-01 -2.711976040852910330e-01
-2.563119941273417357e-01 4.362019006117084929e-02 -3.273724062924532330e-01 -2.023412797785269779e-01 2.213282643926909876e-01 9.146272623985307604e-01 -2.711619013723645666e-01
-2.562510149675155113e-01 4.360518091725731904e-02 -3.274901856007834122e-01 -2.023545546577212306e-01 2.213531911238846850e-01 9.146137359882444695e-01 -2.711772721490021132e-01
-2.563076581764224260e-01 4.355960752061632801e-02 -3.273275026649056785e-01 -2.023317841375294468e-01 2.213537158372090308e-01 9.146122308817288271e-01 -2.711989099062374620e-01
-2.563079420919196494e-01 4.356070225437087828e-02 -3.273287799071935011e-01 -2.023532284048016328e-01 2.213416702283165227e-01 9.146220791429997554e-01 -2.711595255911722901e-01
-2.562680787640180813e-01 4.358742836694118328e-02 -3.274600339505321367e-01 -2.023675977399309600e-01 2.214094792911789900e-01 9.146023086898509291e-01 -2.711601276076056055e-01
-2.563196265330492385e-01 4.356723419612981707e-02 -3.272889133267010142e-01 -2.023312582699268170e-01 2.214076791795175914e-01 9.146062082737277388e-01 -2.711755617942048224e-01
-2.563198543976523136e-01 4.356816789368218867e-02 -3.272900324514361747e-01 -2.023488376677551326e-01 2.213975253485034322e-01 9.146148757319318978e-01 -2.711414995052031096e-01
-2.562694393739913812e-01 4.357042102402421124e-02 -3.274173070474030167e-01 -2.023564678178718379e-01 2.213998921046861357e-01 9.146104795248856112e-01 -2.711487017331386529e-01
-2.563265372268303532e-01 4.352008576140145579e-02 -3.272629410089593072e-01 -2.023299747168455232e-01 2.214102467358677884e-01 9.146102472587753773e-01 -2.711608002287288488e-01
-2.563266596036469225e-01 4.352115435829392864e-02 -3.272643755559308532e-01 -2.023420738146447517e-01 2.214011247466152743e-01 9.146219597553864045e-01 -2.711197113057973729e-01
-2.562667703115444340e-01 4.351204309775821844e-02 -3.274123756488430126e-01 -2.023407477742468763e-01 2.213634235425586128e-01 9.146235033108227608e-01 -2.711462773100781209e-01
-2.562935128185296341e-01 4.350872120927226638e-02 -3.273000693694003704e-01 -2.023216394118773631e-01 2.213732579427232783e-01 9.146173054874149333e-01 -2.711734120382293112e-01
-2.562937982275055870e-01 4.350974531986631644e-02 -3.273012698536055254e-01 -2.023429492068563040e-01 2.213616678542484340e-01 9.146263610858456072e-01 -2.711364278696641317e-01
-2.562273473901112153e-01 4.351086288921161838e-02 -3.274588443369873536e-01 -2.023672749088425704e-01 2.214027886426839231e-01 9.146120175141438935e-01 -2.711330829056450287e-01
-2.562910383288354299e-01 4.346782510231234076e-02 -3.272676380365379667e-01 -2.023266931522937906e-01 2.213629144025934803e-01 9.146236583843683210e-01 -2.711566574673056618e-01
-2.562913514733684561e-01 4.346873637300355253e-02 -3.272686705357344961e-01 -2.023483197319256854e-01 2.213518790427748129e-01 9.146312442518746977e-01 -2.711239387884561425e-01
-2.562399180269345211e-01 4.349394444667402382e-02 -3.274384125325811024e-01 -2.023793753607173729e-01 2.213725938520190728e-01 9.146152093051482801e-01 -2.711379391150099405e-01
-2.562845053678002860e-01 4.346424400011446310e-02 -3.273084309193196040e-01 -2.023626020294575223e-01 2.213980682395742527e-01 9.146075885353799340e-01 -2.711553644557846421e-01
-2.562847284337584908e-01 4.346516521114594800e-02 -3.273095936265793537e-01 -2.023795217300685956e-01 2.213883543816021482e-01 9.146164897158435281e-01 -2.711206419075891105e-01
-2.562181584149186842e-01 4.345874343795340378e-02 -3.274597117064831919e-01 -2.023936715285735155e-01 2.214126157112148441e-01 9.146046043033863038e-01 -2.711303618485911837e-01
-2.562621870398777424e-01 4.343281649142921585e-02 -3.273214886384398503e-01 -2.023614419512284601e-01 2.213820012215923505e-01 9.146095619072998062e-01 -2.711626921504498022e-01
-2.562624150943336732e-01 4.343363610562372967e-02 -3.273225069212463145e-01 -2.023786959632214999e-01 2.213725644823111849e-01 9.146171413396237959e-01 -2.711319528983721638e-01
-2.562164228937200416e-01 4.345354931135818333e-02 -3.274762063244927024e-01 -2.023815055628563342e-01 2.213625917958017553e-01 9.146147308142895671e-01 -2.711461291205566337e-01
-2.562475509004307761e-01 4.345100044393214456e-02 -3.273572583205369702e-01 -2.023574439832099836e-01 2.213494934801445990e-01 9.146157471981046783e-01 -2.711713509534483535e-01
-2.562478731748998872e-01 4.345188036493838335e-02 -3.273582652659947079e-01 -2.023803541464933575e-01 2.213382077794106007e-01 9.146228334457608966e-01 -2.711395629047635425e-01
-2.562141672128616654e-01 4.348665786521968557e-02 -3.274908667312540489e-01 -2.024001867552407963e-01 2.213756693688389010e-01 9.146097033839288848e-01 -2.711384662656776134e-01
-2.562572270542580188e-01 4.345965603803982058e-02 -3.273556947581551801e-01 -2.023612346028021980e-01 2.213510032232587910e-01 9.146108824872685172e-01 -2.711836974044462556e-01
-2.562574744814068439e-01 4.346045925805946952e-02 -3.273566736698724222e-01 -2.023799339062924973e-01 2.213412125186446366e-01 9.146179485523135977e-01 -2.711539012789938030e-01
-2.562342699596892870e-01 4.351391739191726171e-02 -3.274982049884913038e-01 -2.023956660393906593e-01 2.213833223848210019e-01 9.145980380159812739e-01 -2.711749394683210523e-01
-2.562723764596506748e-01 4.350247519290609266e-02 -3.273692975645950964e-01 -2.023828173209561432e-01 2.214484851615485805e-01 9.145828374844002795e-01 -2.711825898760298337e-01
-2.562727111976086936e-01 4.350346776393640424e-02 -3.273704707223588639e-01 -2.024072545632070175e-01 2.214360801701635850e-01 9.145912040668435772e-01 -2.711462615317039027e-01
-2.562406970823402075e-01 4.355047941926067090e-02 -3.275257752800117550e-01 -2.024159028932908388e-01 2.214763886641296642e-01 9.145778000127513518e-01 -2.711520961453646184e-01
-2.562909949364863826e-01 4.353047172702344259e-02 -3.273639883026018826e-01 -2.023809431955489180e-01 2.214732372069073141e-01 9.145828712613313094e-01 -2.711636602270887098e-01
-2.562910523737138013e-01 4.353145149911727407e-02 -3.273654256282544361e-01 -2.023903405638020625e-01 2.214650531753158402e-01 9.145944438239039798e-01 -2.711242954715908371e-01
-2.562628842577365784e-01 4.354392059508305213e-02 -3.274623393844203756e-01 -2.023785892269019115e-01 2.214200868976687331e-01 9.145999858325517540e-01 -2.711510974638561833e-01
-2.563041727661574676e-01 4.353076118125669136e-02 -3.273286309618778644e-01 -2.023656387070922325e-01 2.214454670796617286e-01 9.145908552240566980e-01 -2.711708334630947848e-01
-2.563042198444349107e-01 4.353174183380673079e-02 -3.273300879672276231e-01 -2.023740557061538825e-01 2.214376211712621445e-01 9.146026864163001591e-01 -2.711310522738807904e-01
-2.562753986511130955e-01 4.355689581347023387e-02 -3.274409523720370752e-01 -2.023845764029593985e-01 2.214586420962147417e-01 9.145924148502420081e-01 -2.711406789353056346e-01
-2.563147487034386773e-01 4.353943187396028258e-02 -3.273044397922071358e-01 -2.023385939931575950e-01 2.214122157577468331e-01 9.146069890059376206e-01 -2.711637508141707675e-01
-2.563149627333264902e-01 4.354006917222907891e-02 -3.273052556873641827e-01 -2.023536855726275618e-01 2.214042869160834925e-01 9.146128235497603676e-01 -2.711392827841246356e-01
-2.562935807627849116e-01 4.356538216033976896e-02 -3.274024221733332074e-01 -2.023343059642778996e-01 2.213954342583747681e-01 9.146147423437698265e-01 -2.711545009896377256e-01
-2.563353635693488841e-01 4.354086836958141749e-02 -3.272848352741682953e-01 -2.023458850218138871e-01 2.214669808786727812e-01 9.145900125058503694e-01 -2.711708469208535255e-01
-2.563355258544580129e-01 4.354175564833746848e-02 -3.272860752938216988e-01 -2.023598645301414034e-01 2.214580171918778539e-01 9.145995437521619031e-01 -2.711355867773944106e-01
-2.563106771319905164e-01 4.355973947893704290e-02 -3.273801959084210456e-01 -2.023572375876229734e-01 2.214452546304216396e-01 9.145974873934332727e-01 -2.711549071125076704e-01
-2.563605824745983086e-01 4.354126880355706219e-02 -3.272223112636224451e-01 -2.023326833833146710e-01 2.214419358941442928e-01 9.145942641172857268e-01 -2.711868107156420460e-01
-2.563608576922572491e-01 4.354225938176113642e-02 -3.272235971648000397e-01 -2.023532755737725841e-01 2.214305385057150355e-01 9.146038012315653720e-01 -2.711485851971295324e-01
-2.563140747017362830e-01 4.356269572016252534e-02 -3.273650500969279564e-01 -2.023799243683247484e-01 2.214612699623952352e-01 9.145887585676468756e-01 -2.711543376400322169e-01
-2.563681722418587050e-01 4.352658999091643666e-02 -3.272179592390748737e-01 -2.023593215969083370e-01 2.214689073546404208e-01 9.145808381080309246e-01 -2.711901889884520966e-01
-2.563683282675922048e-01 4.352751781685419707e-02 -3.272192778847783923e-01 -2.023728310607550707e-01 2.214598367457113470e-01 9.145911090994249815e-01 -2.711528740642473734e-01
-2.562896697960211911e-01 4.351097460317603083e-02 -3.273762184052566582e-01 -2.023880313120644536e-01 2.214943191330096539e-01 9.145756608065070958e-01 -2.711654698404131758e-01
-2.562898913740086493e-01 4.351158884243964964e-02 -3.273770252310667650e-01 -2.024041202496458525e-01 2.214862526789537767e-01 9.145811418882618948e-01 -2.711415624402953584e-01
-2.563240893365656969e-01 4.351416891101028694e-02 -3.272476382629285752e-01 -2.023870427306754538e-01 2.215334417680573376e-01 9.145679137892133159e-01 -2.711603772315868133e-01
-2.562629794892782309e-01 4.351567409411755127e-02 -3.273994650706605336e-01 -2.024107996640882590e-01 2.215317320991364580e-01 9.145599905508143834e-01 -2.711707645307565029e-01
-2.562630708386836598e-01 4.351639279873630028e-02 -3.274005459344777047e-01 -2.024215064125697294e-01 2.215243610328714863e-01 9.145681974360618804e-01 -2.711411135353625768e-01
-2.563063974853120319e-01 4.349484157612852619e-02 -3.272707552461039393e-01 -2.023913309868266563e-01 2.215109735943748825e-01 9.145681398250120608e-01 -2.711747689879538958e-01
-2.562561773225273676e-01 4.350987080154415654e-02 -3.274003278094868574e-01 -2.024079188083984515e-01 2.215778635901753391e-01 9.145480175970671644e-01 -2.711756041382424876e-01
-2.562563062818081772e-01 4.351074983009242669e-02 -3.274016129060917102e-01 -2.024218011667071049e-01 2.215688688104960336e-01 9.145576814318638892e-01 -2.711399972715877182e-01
-2.562940110138670069e-01 4.351028981571686272e-02 -3.272672933967117337e-01 -2.023999196848080828e-01 2.215811270717955583e-01 9.145521165143233322e-01 -2.711650840656807948e-01
-2.562217648863727715e-01 4.348986250885590599e-02 -3.274014169330932145e-01 -2.024086778286965094e-01 2.215987510322196541e-01 9.145446311623413038e-01 -2.711693904052157045e-01
-2.562219687015497294e-01 4.349046554329490111e-02 -3.274022169408269956e-01 -2.024252476054913541e-01 2.215905087187031719e-01 9.145499659678644200e-01 -2.711457639828068200e-01
-2.562597276011626679e-01 4.348968209265341445e-02 -3.272688878323696260e-01 -2.024104506760889266e-01 2.215993039133831166e-01 9.145458109231996424e-01 -2.711636363619459034e-01
-2.562407141641503960e-01 4.352255438661638276e-02 -3.273585274026890590e-01 -2.024284059327446927e-01 2.216408288447852537e-01 9.145295765157843704e-01 -2.711710477510175799e-01
-2.562409865495246519e-01 4.352363291529481870e-02 -3.273599607789825505e-01 -2.024528756232403248e-01 2.216276031624465070e-01 9.145398210052222421e-01 -2.711290365565552918e-01
-2.562907491960302320e-01 4.350101571507843101e-02 -3.272095182750814346e-01 -2.024234866824433932e-01 2.216222869140458407e-01 9.145399309905708485e-01 -2.711549531284146997e-01
-2.562760958060099070e-01 4.354011420118951425e-02 -3.273082517843686201e-01 -2.024365338399679026e-01 2.216320277959769047e-01 9.145371087419489342e-01 -2.711467697683665468e-01
-2.562763002135045043e-01 4.354091924998161611e-02 -3.273093502370071906e-01 -2.024543248623685565e-01 2.216223639804829615e-01 9.145449930730977783e-01 -2.711147907679557489e-01
-2.563284795683649642e-01 4.350908780722453906e-02 -3.271669423982658809e-01 -2.024206265566592944e-01 2.216349332829329333e-01 9.145446333905471459e-01 -2.711308905853940243e-01
-2.563287944302049537e-01 4.351074838768340114e-02 -3.271693393490189838e-01 -2.024493460543933809e-01 2.216171244701986009e-01 9.145628831506732448e-01 -2.710624378013984925e-01
-2.562954447191517771e-01 4.352903566170325533e-02 -3.272667261333426780e-01 -2.024444297435531448e-01 2.216738333252923354e-01 9.145427041929313772e-01 -2.710878209956295581e-01
-2.563429314662002412e-01 4.347080180912757386e-02 -3.271740485714612068e-01 -2.024391008196383401e-01 2.217552441609720315e-01 9.145213241133490767e-01 -2.710973439346292535e-01
-2.563315230183343951e-01 4.354047844046551874e-02 -3.273137058649329689e-01 -2.024443820918905013e-01 2.218091893871428910e-01 9.145055740527756605e-01 -2.711023988998517709e-01
-2.563835581478153269e-01 4.350946685268042291e-02 -3.271725176899540899e-01 -2.024106361835152634e-01 2.218225985845991843e-01 9.145033059941745091e-01 -2.711242749048587974e-01
-2.563837961080807637e-01 4.351021681900277271e-02 -3.271735849158121656e-01 -2.024281122992629411e-01 2.218131666045367045e-01 9.145109815067196113e-01 -2.710930526137498298e-01
-2.563572009356968606e-01 4.352485772455716440e-02 -3.272618285604916299e-01 -2.024224233802595085e-01 2.217945840436844618e-01 9.145126750545142791e-01 -2.711067910739017317e-01
-2.564116448912436286e-01 4.348352447057661496e-02 -3.271287122122994440e-01 -2.023999337645695784e-01 2.218171774811257269e-01 9.145114580432345264e-01 -2.711092025255536497e-01
-2.564118559762488814e-01 4.348438032329490777e-02 -3.271299829734564679e-01 -2.024166986044257099e-01 2.218072150403757603e-01 9.145209204513102819e-01 -2.710729155393535872e-01
-2.563587827605623981e-01 4.350102344042573732e-02 -3.272801584218855142e-01 -2.024348579452720509e-01 2.218287593515004819e-01 9.145078872295955286e-01 -2.710856949529298898e-01
-2.564098618087975456e-01 4.347170835629572683e-02 -3.271410141583225850e-01 -2.023983427164112725e-01 2.218397815437088139e-01 9.145078691356088862e-01 -2.711040012234005037e-01
-2.564101150425084907e-01 4.347259707254298722e-02 -3.271423082860834830e-01 -2.024176893611395467e-01 2.218289378350949415e-01 9.145172851170424444e-01 -2.710666644845964868e-01
-2.563595797705091606e-01 4.349318404781132852e-02 -3.272933019005498934e-01 -2.024390733127838793e-01 2.218501704109214767e-01 9.145045917030778515e-01 -2.710761428803596385e-01
-2.563936685687052131e-01 4.349072636246595347e-02 -3.271727594156454422e-01 -2.024271753282054498e-01 2.218910878473071002e-01 9.144900818629713157e-01 -2.711004868989326244e-01
-2.563937957715726745e-01 4.349130963175967812e-02 -3.271736986126041469e-01 -2.024374229723721885e-01 2.218845060117626278e-01 9.144970911784549017e-01 -2.710745764515100076e-01
-2.563431447196927726e-01 4.349442325460654846e-02 -3.273047280714001528e-01 -2.024456200476550949e-01 2.218650639203064157e-01 9.144937639343566627e-01 -2.710955921078977426e-01
-2.563657092561192896e-01 4.350474686852258410e-02 -3.272019152536586595e-01 -2.024115919388733698e-01 2.218788633084378126e-01 9.144913087789330319e-01 -2.711179883990006423e-01
-2.563658142279990892e-01 4.350565028143950352e-02 -3.272033624503174476e-01 -2.024237132922462046e-01 2.218699989280066842e-01 9.145024586966208346e-01 -2.710785806929427166e-01
-2.562914863048306735e-01 4.349220967616718170e-02 -3.273517799122603877e-01 -2.024547865847221295e-01 2.218904908007373611e-01 9.144873706934231183e-01 -2.710895024219352467e-01
-2.563252743599603867e-01 4.348939803108073376e-02 -3.272329240191014788e-01 -2.024275809447448338e-01 2.219332037165957505e-01 9.144800590687780506e-01 -2.710995188607145945e-01
-2.563254308501504708e-01 4.349012710374573765e-02 -3.272340512122712264e-01 -2.024419126232703814e-01 2.219246876591456363e-01 9.144883032984432170e-01 -2.710679769931471084e-01
-2.562750180556417900e-01 4.350985429950536554e-02 -3.273804338760780142e-01 -2.024646668156419860e-01 2.219354801774189312e-01 9.144735351949511148e-01 -2.710919673426314680e-01
-2.563086216789348670e-01 4.351182320080421162e-02 -3.272594871475514311e-01 -2.024509335317186687e-01 2.219814115422968359e-01 9.144587333158475939e-01 -2.711145468325160679e-01
-2.563087151435657352e-01 4.351257088627523417e-02 -3.272607049092750020e-01 -2.024616825621825822e-01 2.219739161087117552e-01 9.144679479780726261e-01 -2.710815740367197857e-01
-2.562561646189779885e-01 4.353097183686129024e-02 -3.274006437253980106e-01 -2.024805195350929399e-01 2.220363841443069863e-01 9.144475796951594404e-01 -2.710850554984274852e-01
-2.562939573036557839e-01 4.351976923974654188e-02 -3.272743411555522619e-01 -2.024526859248991228e-01 2.219949189858363980e-01 9.144531009215106643e-01 -2.711211760842360818e-01
-2.562941743942288575e-01 4.352058665719785169e-02 -3.272755441001816146e-01 -2.024722418302652427e-01 2.219843091101076915e-01 9.144615810893612640e-01 -2.710866549808011450e-01
-2.562720303366135544e-01 4.353957595217648746e-02 -3.273637960819233972e-01 -2.024754226154304171e-01 2.219638709453990999e-01 9.144625861758887142e-01 -2.710976239588651637e-01
-2.563097541935951962e-01 4.352379927130210768e-02 -3.272533307963391702e-01 -2.024611203633068512e-01 2.220189331015073875e-01 9.144442885904169316e-01 -2.711249364224348479e-01
-2.563099978145206292e-01 4.352459877073340533e-02 -3.272544882628312668e-01 -2.024821497993218311e-01 2.220079596268957345e-01 9.144522893613360459e-01 -2.710912306895209567e-01
-2.562904308012667332e-01 4.355389754533570135e-02 -3.273413255951494460e-01 -2.024918071820085430e-01 2.220235910356249120e-01 9.144442361534685926e-01 -2.710983806914185612e-01
-2.563302683778302393e-01 4.353292446287972128e-02 -3.272229357556376561e-01 -2.024674345108332107e-01 2.219837985213507503e-01 9.144529083332103570e-01 -2.711199173752587011e-01
-2.563305547568798803e-01 4.353374914060020862e-02 -3.272241140571222062e-01 -2.024909444626573074e-01 2.219718851436114360e-01 9.144609086181989532e-01 -2.710851272674147938e-01
-2.562733532524761881e-01 4.354273595501004235e-02 -3.273596927542407609e-01 -2.025044275917259051e-01 2.220307951775173372e-01 9.144449114410839741e-01 -2.710807753015600507e-01
-2.563108138522640078e-01 4.353177498893454067e-02 -3.272347073855342847e-01 -2.024653551805717100e-01 2.219871955559318821e-01 9.144559366085649454e-01 -2.711084745303431465e-01
-2.563109528740245002e-01 4.353247632533929767e-02 -3.272358198554798925e-01 -2.024797038059938381e-01 2.219785995999591921e-01 9.144639829035854373e-01 -2.710776546275789345e-01
-2.562697783745156443e-01 4.355704698133087971e-02 -3.273658444757726049e-01 -2.024901372905915653e-01 2.219905083077489127e-01 9.144579528926213285e-01 -2.710804509970075049e-01
-2.563225115506860829e-01 4.352415064678356871e-02 -3.272299012320565859e-01 -2.024501048789700552e-01 2.219885201348811288e-01 9.144602196040561015e-01 -2.711043318070020525e-01
-2.563227193216356947e-01 4.352505329304354187e-02 -3.272312941382958251e-01 -2.024698481408188366e-01 2.219771776196742263e-01 9.144702123346206690e-01 -2.710651655276110628e-01
-2.562635866004913665e-01 4.353191837306748246e-02 -3.273622056477155096e-01 -2.024863700289012414e-01 2.220382325885267294e-01 9.144546341698166492e-01 -2.710553730639349013e-01
-2.563039459889539518e-01 4.351824867697116905e-02 -3.272464739866707828e-01 -2.024633055998288633e-01 2.220658646429701233e-01 9.144461634597145228e-01 -2.710785417176528322e-01
-2.563041299433687636e-01 4.351908862255990385e-02 -3.272478038150358759e-01 -2.024813999702929079e-01 2.220553363079866283e-01 9.144556921209847644e-01 -2.710415049964632339e-01
-2.562470313614819695e-01 4.352580607406460189e-02 -3.273828686837386703e-01 -2.024952096808419200e-01 2.220903065052187708e-01 9.144416458240129941e-01 -2.710499256509770194e-01
-2.563012046159124924e-01 4.348559765634951724e-02 -3.272557054126400966e-01 -2.024749099367585126e-01 2.221181627629836286e-01 9.144320243919730196e-01 -2.710747228778374041e-01
-2.563013903429118834e-01 4.348625865217456421e-02 -3.272567612053728370e-01 -2.024911411156922192e-01 2.221092994792081554e-01 9.144393413884461808e-01 -2.710451766322082290e-01
-2.562383073072387329e-01 4.348032170195229029e-02 -3.273879116430873926e-01 -2.025155984907523188e-01 2.221164068313110640e-01 9.144311447863475717e-01 -2.710487329411624402e-01
-2.562790320182540271e-01 4.346327294839247291e-02 -3.272703865029676917e-01 -2.024843031259688231e-01 2.221048152225064132e-01 9.144394504303239302e-01 -2.710535916368831399e-01
-2.562791112524410719e-01 4.346388516466241636e-02 -3.272714705426490456e-01 -2.024938257357170590e-01 2.220982625750747008e-01 9.144474405966637187e-01 -2.710248894220925187e-01
-2.562827871702741955e-01 4.352191504849510506e-02 -3.273544551911253819e-01 -2.025082593145547671e-01 2.221298438226739780e-01 9.144378849389181996e-01 -2.710204641371962153e-01
-2.563375289056408768e-01 4.348258358459815287e-02 -3.272283343392153876e-01 -2.024919793296729165e-01 2.221570309161379209e-01 9.144295946070319925e-01 -2.710383154251377880e-01
-2.563377312972503486e-01 4.348329498968853124e-02 -3.272294996702792003e-01 -2.025090357420278597e-01 2.221476215637325224e-01 9.144377161962127243e-01 -2.710058816230108136e-01
-2.563319227765410435e-01 4.353299082323250357e-02 -3.273230064220150615e-01 -2.025222832409504514e-01 2.221726691462552750e-01 9.144295315623528486e-01 -2.710030658165269446e-01
-2.563758715874926430e-01 4.349930634791673856e-02 -3.272144086618838377e-01 -2.024922041671742001e-01 2.221605367129314001e-01 9.144318933421859974e-01 -2.710275181924649002e-01
-2.563759694140594902e-01 4.349981177721397307e-02 -3.272153385145146198e-01 -2.025015303202572503e-01 2.221542796647024698e-01 9.144386470820211610e-01 -2.710028910683680015e-01
-2.563360460311602251e-01 4.351197853497698609e-02 -3.273209588124136316e-01 -2.025156843309175447e-01 2.221869140380116625e-01 9.144256721031527313e-01 -2.710093412208196550e-01
-2.563854218268100671e-01 4.348643970726072394e-02 -3.271894592667615731e-01 -2.024812008869764091e-01 2.221895562187452544e-01 9.144295640939152925e-01 -2.710198086961483899e-01
-2.563856691925013309e-01 4.348722154469424062e-02 -3.271907449208451557e-01 -2.025017392207749678e-01 2.221784825160423305e-01 9.144383511188631797e-01 -2.709838916290869260e-01
-2.563614622167473822e-01 4.351754311396820174e-02 -3.272881308924757149e-01 -2.025035721190894533e-01 2.222280644726778998e-01 9.144279020756220788e-01 -2.709771255019737812e-01
-2.564120937652938914e-01 4.349174767142009734e-02 -3.271589681256193427e-01 -2.024710277084264265e-01 2.222438514926319830e-01 9.144262894724742852e-01 -2.709939381868475827e-01
-2.564122286904799153e-01 4.349253146251930158e-02 -3.271603713478339337e-01 -2.024845942650670416e-01 2.222347293448808658e-01 9.144365824330243919e-01 -2.709565479307138869e-01
-2.563624232930395985e-01 4.349890818848164975e-02 -3.272748319632186598e-01 -2.025073726122980089e-01 2.222799441825156763e-01 9.144180713367939806e-01 -2.709649078101801223e-01
-2.563947073818606537e-01 4.350289393781842096e-02 -3.271613636441091377e-01 -2.024861530287725975e-01 2.223267893594634836e-01 9.144052840091259071e-01 -2.709854851111236362e-01
-2.563950200685925496e-01 4.350354441076959011e-02 -3.271623583641214417e-01 -2.025097410974629475e-01 2.223156681299214843e-01 9.144113991719080570e-01 -2.709563461686373964e-01
-2.563686410253264158e-01 4.352714367895424430e-02 -3.272596515407379947e-01 -2.025112219290109428e-01 2.223279314350947722e-01 9.144018475252146949e-01 -2.709774107542628485e-01
-2.564222626303146457e-01 4.349058539870916118e-02 -3.271381663472801571e-01 -2.024856968733021456e-01 2.223531257021260088e-01 9.144020644285943966e-01 -2.709750811808204762e-01
-2.564223249848540664e-01 4.349138576010339041e-02 -3.271396784581525607e-01 -2.024950588391856987e-01 2.223450467376459905e-01 9.144135666606094670e-01 -2.709358972967066403e-01
-2.563772093961820819e-01 4.349589861014185876e-02 -3.272402818719327144e-01 -2.025133200493370311e-01 2.223626793914765254e-01 9.144049392114743657e-01 -2.709368951658265301e-01
-2.564169942131265811e-01 4.348493236905970338e-02 -3.271290965811293749e-01 -2.025011792730950777e-01 2.223842168270940833e-01 9.143946058454253123e-01 -2.709631659469513565e-01
-2.564172536765023658e-01 4.348548417954284373e-02 -3.271299890958253576e-01 -2.025203745755482787e-01 2.223749840062822503e-01 9.144001707553298663e-01 -2.709376166068655500e-01
-2.563653046017173032e-01 4.348349384760177849e-02 -3.272489360179964835e-01 -2.025302343749029177e-01 2.223531392406276064e-01 9.143978883161861804e-01 -2.709558773615818317e-01
-2.563945586441744307e-01 4.348339372777493272e-02 -3.271522633299305260e-01 -2.025170068237946985e-01 2.223515822131981179e-01 9.143957769296121585e-01 -2.709741666058032017e-01
-2.563947010215976152e-01 4.348400640725644251e-02 -3.271533657760625213e-01 -2.025297571695180709e-01 2.223439886946849131e-01 9.144035197417190730e-01 -2.709447383437244006e-01
-2.563424447284644025e-01 4.349539433637121533e-02 -3.272926741734057954e-01 -2.025320071864573079e-01 2.223310043607081843e-01 9.143972784753879868e-01 -2.709747731464823839e-01
-2.563965182643121454e-01 4.345771821788428635e-02 -3.271715752797393351e-01 -2.025154276025361577e-01 2.223569816652089526e-01 9.143911545286091958e-01 -2.709865140694960872e-01
-2.563966907351870050e-01 4.345833445225079361e-02 -3.271726850037004475e-01 -2.025296956172881191e-01 2.223488653664481007e-01 9.143987837113143335e-01 -2.709567655746769055e-01
-2.563176234368484407e-01 4.343654054743918691e-02 -3.273017378278821887e-01 -2.025533918676100664e-01 2.223745202078842853e-01 9.143834244544020162e-01 -2.709698309559210871e-01
-2.563570223768258938e-01 4.341729346390767186e-02 -3.272036780092099084e-01 -2.025576778469559969e-01 2.224443018001018291e-01 9.143629305501150828e-01 -2.709785064866201409e-01
-2.563572239562684763e-01 4.341788821508253682e-02 -3.272047264569001301e-01 -2.025746085621690229e-01 2.224354307597259384e-01 9.143698062896240542e-01 -2.709499297923779193e-01
-2.562787408701767133e-01 4.339637567970321130e-02 -3.273348178770502659e-01 -2.025834913904430712e-01 2.224583778948543977e-01 9.143620325374691715e-01 -2.709506829192290245e-01
-2.563239525832743393e-01 4.336255455445488238e-02 -3.272309152295138635e-01 -2.025566501398675112e-01 2.224459689678765506e-01 9.143653791475292447e-01 -2.709696436696417132e-01
-2.563241184943072515e-01 4.336319410632449856e-02 -3.272320872431422889e-01 -2.025724366395598719e-01 2.224370429824048534e-01 9.143733010783797743e-01 -2.709384359927211605e-01
-2.562757205060588461e-01 4.336946060012628057e-02 -3.273524991366466574e-01 -2.025903291630911096e-01 2.224163583739574568e-01 9.143714816298469383e-01 -2.709481788816754388e-01
-2.563183760847438375e-01 4.334756451703308811e-02 -3.272489708216941851e-01 -2.025829342412191203e-01 2.224542601071819448e-01 9.143587317214130206e-01 -2.709656189246032465e-01
-2.563187192552360827e-01 4.334821798225847733e-02 -3.272500300447688804e-01 -2.026093864849481119e-01 2.224422534403457385e-01 9.143647497670435165e-01 -2.709353885634467884e-01
-2.562826231268979238e-01 4.336712424030532420e-02 -3.273551978467768020e-01 -2.026251503112508900e-01 2.224704707815960414e-01 9.143517231028224224e-01 -2.709443938347079750e-01
-2.563406983106088499e-01 4.331745146178478389e-02 -3.272426406730961634e-01 -2.026084466030857179e-01 2.225126565634598097e-01 9.143393994325735852e-01 -2.709638309432405578e-01
-2.563408777230601898e-01 4.331811393025099266e-02 -3.272439030645885039e-01 -2.026242419945032680e-01 2.225036059535224764e-01 9.143479779201637569e-01 -2.709305024672200579e-01
-2.563083049289273663e-01 4.334475783655723780e-02 -3.273447135079541881e-01 -2.026477951582976167e-01 2.225811413539279804e-01 9.143231816859183070e-01 -2.709328811030555784e-01
-2.563546085912213890e-01 4.333134902988966530e-02 -3.272119345963927506e-01 -2.026143082121549810e-01 2.225823394055542193e-01 9.143211938046127418e-01 -2.709636485807060957e-01
-2.563547768609687472e-01 4.333202024655420648e-02 -3.272132282423263483e-01 -2.026300605453111858e-01 2.225730524106488972e-01 9.143300692090127191e-01 -2.709295470122293770e-01
-2.563272103756575326e-01 4.335794515703937646e-02 -3.273004583030945103e-01 -2.026498349620276529e-01 2.226328041913186451e-01 9.143111701323645146e-01 -2.709294429532514981e-01
-2.563802092711776615e-01 4.332233345428632143e-02 -3.271816484689787918e-01 -2.026225962939353087e-01 2.226509211379421593e-01 9.143067915180194127e-01 -2.709497033981689840e-01
-2.563802746854230707e-01 4.332296782917219313e-02 -3.271829848775086313e-01 -2.026309568197294519e-01 2.226441207689356938e-01 9.143166313468789053e-01 -2.709158328113072112e-01
-2.563791365817276735e-01 4.336760032170100532e-02 -3.272576903735386344e-01 -2.026425411237494090e-01 2.226669935712708992e-01 9.143035698308650261e-01 -2.709324504288431745e-01
-2.564002510237895494e-01 4.337894830453870032e-02 -3.271654945026818417e-01 -2.026181624798552017e-01 2.226739954879953798e-01 9.143038789086643803e-01 -2.709438852959588639e-01
-2.564003351260208952e-01 4.337963954983373172e-02 -3.271669189034567826e-01 -2.026290185763836849e-01 2.226658554570569715e-01 9.143142461496129858e-01 -2.709074693178715743e-01
-2.563696944760868734e-01 4.339514209732922567e-02 -3.272556761056223951e-01 -2.026322809572751460e-01 2.226887824508482772e-01 9.143035037939778453e-01 -2.709224387803015333e-01
