repeatability libsurvive; 20211016-000846; x y z w i j k;  frequency = 150 duration = 2 sys.args = ['repeatability.py']
-2.561702468784310960e-01 4.287435459018693051e-02 -3.271847052753109053e-01 2.036556786875154124e-01 -2.244890435463250400e-01 -9.136519697442397892e-01 2.708673329297100474e-01
-2.560859410128412117e-01 4.284403204102224527e-02 -3.273936620826404242e-01 2.036637542598208339e-01 -2.244749313424184711e-01 -9.136478894276913731e-01 2.708867190246446732e-01
-2.561462159849897113e-01 4.281041675006394542e-02 -3.271278541514196503e-01 2.036022413524187225e-01 -2.244056165368646383e-01 -9.136616323504006543e-01 2.709440314046105414e-01
-2.561467428380136413e-01 4.281287013145221310e-02 -3.271292508090069551e-01 2.036386954950529793e-01 -2.243866991312203907e-01 -9.136767327776575964e-01 2.708813742781387979e-01
-2.561124050303548727e-01 4.285495165199831868e-02 -3.273089674913903790e-01 2.036304233014696874e-01 -2.244025081888476603e-01 -9.136730096289140679e-01 2.708870548776014520e-01
-2.561777515750315315e-01 4.276848594615577370e-02 -3.270818293934700249e-01 2.035912685088678287e-01 -2.243750816812927207e-01 -9.136857797367183842e-01 2.708961314127032449e-01
-2.561778622205094225e-01 4.277009791086552881e-02 -3.270829680753826740e-01 2.036061737234004521e-01 -2.243649197908325066e-01 -9.136979797139490600e-01 2.708521933742050192e-01
-2.561224996651123575e-01 4.280284647549402466e-02 -3.273067273808918376e-01 2.036000444424044542e-01 -2.244046953118477017e-01 -9.136903658880732859e-01 2.708495337052777563e-01
-2.561826380595891295e-01 4.275504248673255014e-02 -3.270644281732587588e-01 2.035754100853687520e-01 -2.243690857303241581e-01 -9.136966102246804056e-01 2.708764852124316280e-01
-2.561825620527340419e-01 4.275655407063583269e-02 -3.270656778772280115e-01 2.035822451967625180e-01 -2.243614574222210778e-01 -9.137098687598239621e-01 2.708329403800943114e-01
-2.561548276373512567e-01 4.281115903555207658e-02 -3.272469595251346064e-01 2.035834264639700408e-01 -2.243714766521205939e-01 -9.137061779837662989e-01 2.708362037254883337e-01
-2.562107775605262372e-01 4.278793527361449134e-02 -3.269978049739639681e-01 2.035390698010381139e-01 -2.243224122866658288e-01 -9.137207379243756922e-01 2.708610630883549475e-01
-2.562110512996180756e-01 4.278921291191935261e-02 -3.269985962170359750e-01 2.035574604383453556e-01 -2.243127005488602665e-01 -9.137289822070513434e-01 2.708274722904502885e-01
-2.561891491695036382e-01 4.283677736155164228e-02 -3.271489020284417681e-01 2.035516964468858103e-01 -2.243210386937828926e-01 -9.137242642624554545e-01 2.708408155558751362e-01
-2.562267127343976214e-01 4.284314426791395458e-02 -3.269444514644515021e-01 2.035321332294958985e-01 -2.243327791672114491e-01 -9.137190713837697320e-01 2.708633115129243096e-01
-2.562269073232055772e-01 4.284440456824871457e-02 -3.269453104980395430e-01 2.035475793406835709e-01 -2.243238080656388966e-01 -9.137279912444515872e-01 2.708290421942553539e-01
-2.562457770227290488e-01 4.296105975777798902e-02 -3.271023910943930413e-01 2.035362498256498009e-01 -2.243137096560554600e-01 -9.137297442052516594e-01 2.708400066863367872e-01
-2.562838942105195583e-01 4.295805552200654409e-02 -3.269040727221012577e-01 2.035203654510256976e-01 -2.243144771690210870e-01 -9.137280511595515797e-01 2.708570189292454078e-01
-2.562840377215965804e-01 4.295916628989100705e-02 -3.269048838293207582e-01 2.035323109391337926e-01 -2.243070375157761864e-01 -9.137364022352876258e-01 2.708260300539531706e-01
-2.562293101796196404e-01 4.297328220698301560e-02 -3.270884779076534965e-01 2.035280622669949913e-01 -2.243294630202589679e-01 -9.137285029625690225e-01 2.708372994339350859e-01
-2.562884391455269029e-01 4.292354792614250236e-02 -3.268623128453355120e-01 2.034852838586502788e-01 -2.242974486340696960e-01 -9.137377136291338076e-01 2.708648823325285893e-01
-2.562883908026311053e-01 4.292490583209579436e-02 -3.268634924174305678e-01 2.034920337319383044e-01 -2.242899527324732079e-01 -9.137500165764911308e-01 2.708245124012350624e-01
-2.562233025289316624e-01 4.292949137174892349e-02 -3.270827884348344039e-01 2.034810405277534262e-01 -2.242353541332045563e-01 -9.137610731030869626e-01 2.708406789682706872e-01
-2.562572089362079031e-01 4.292109625392581673e-02 -3.269191416588025367e-01 2.034508304144187762e-01 -2.241789510963707044e-01 -9.137758801140080100e-01 2.708601085632296734e-01
-2.562573474526654294e-01 4.292248730571972259e-02 -3.269202000636605709e-01 2.034650479325268990e-01 -2.241695765006638807e-01 -9.137866939638993324e-01 2.708207030045050034e-01
-2.562178868321174918e-01 4.294558248437460590e-02 -3.270907848268123086e-01 2.034498095893199909e-01 -2.241177814396517753e-01 -9.137984604845561520e-01 2.708353164502242949e-01
-2.562782372123918462e-01 4.289293115316306082e-02 -3.268653790473587395e-01 2.034196680592130213e-01 -2.240621585735226851e-01 -9.138078909813587281e-01 2.708721582633663583e-01
-2.562784916843606764e-01 4.289403695092368352e-02 -3.268661345822483910e-01 2.034362749790699088e-01 -2.240533450084142841e-01 -9.138153833995721342e-01 2.708416985537377975e-01
-2.562132448385838202e-01 4.286022685020876577e-02 -3.270129139067451396e-01 2.034268897830432132e-01 -2.239934926971978157e-01 -9.138270812372555341e-01 2.708587848675141907e-01
-2.562441652940129488e-01 4.288022973726658693e-02 -3.268364856867800317e-01 2.033926300903804163e-01 -2.239431980353570606e-01 -9.138352911570413184e-01 2.708983992469134461e-01
-2.562445694035929700e-01 4.288135609961728212e-02 -3.268371132299074389e-01 2.034155798917117175e-01 -2.239327453181804706e-01 -9.138413296865203206e-01 2.708694364234435215e-01
-2.561735103155764470e-01 4.289283698194219785e-02 -3.270658119871777680e-01 2.034337312750027493e-01 -2.239632324477562331e-01 -9.138269904408922173e-01 2.708789748814473541e-01
-2.562200938466038802e-01 4.285595812876055732e-02 -3.268748800711827607e-01 2.033915380302791509e-01 -2.239047663627810048e-01 -9.138418727151317311e-01 2.709087845201900158e-01
-2.562203024984314736e-01 4.285707674793143296e-02 -3.268756992697368080e-01 2.034071260048153085e-01 -2.238960900855764824e-01 -9.138498956035260301e-01 2.708771866368175352e-01
-2.561189304667160216e-01 4.281300147860692129e-02 -3.271009647119347274e-01 2.034225473581413035e-01 -2.239060121911187751e-01 -9.138395335189154478e-01 2.708923622196205416e-01
-2.561623490769419642e-01 4.279516735109629988e-02 -3.269129162840494485e-01 2.033984771241535427e-01 -2.238977563311345120e-01 -9.138432576283281872e-01 2.709046967121542249e-01
-2.561624849637091916e-01 4.279637249038735491e-02 -3.269138844482181172e-01 2.034121298341234341e-01 -2.238891761136855285e-01 -9.138527366793520734e-01 2.708695588639292717e-01
-2.561229767352781739e-01 4.284684217036076326e-02 -3.271426925677613506e-01 2.034152423847018498e-01 -2.238411722743067211e-01 -9.138594827788774078e-01 2.708841348170094587e-01
-2.561799372154100474e-01 4.279830904024789495e-02 -3.269297921628504522e-01 2.033780473424973700e-01 -2.238147922610318474e-01 -9.138685591219678495e-01 2.709032396865018177e-01
-2.561801309232502599e-01 4.279965288522932787e-02 -3.269308348873167791e-01 2.033948778084313513e-01 -2.238048022792942238e-01 -9.138787503899586939e-01 2.708644748646577005e-01
-2.562033238225664977e-01 4.292238876063016184e-02 -3.270843379643521565e-01 2.033777241156534132e-01 -2.237882949465917481e-01 -9.138794275640493847e-01 2.708887082431450932e-01
-2.562033238225664977e-01 4.292238876063016184e-02 -3.270843379643521565e-01 2.033777241156534132e-01 -2.237882949465917481e-01 -9.138794275640493847e-01 2.708887082431450932e-01
-2.562443819697648451e-01 4.291254837099715835e-02 -3.268912453127122419e-01 2.033350352839748132e-01 -2.236990497504432462e-01 -9.139122975990825459e-01 2.708835743709449018e-01
-2.561676856524079393e-01 4.289125141916609596e-02 -3.270675125076802359e-01 2.033466352743724670e-01 -2.237438054245401986e-01 -9.138979893979302105e-01 2.708861761536708879e-01
-2.562089771207459732e-01 4.287766232553022472e-02 -3.268749800570190378e-01 2.033026461725473688e-01 -2.236629258697213074e-01 -9.139153619058361100e-01 2.709273720449081879e-01
-2.562091578348467125e-01 4.287894090362692756e-02 -3.268760055013397725e-01 2.033185852887590961e-01 -2.236533566658316374e-01 -9.139252365174483916e-01 2.708899979416184434e-01
-2.561352972204736234e-01 4.287700614609157856e-02 -3.270818129726551504e-01 2.033288221974479670e-01 -2.236967696971082775e-01 -9.139138110587216035e-01 2.708850148070224284e-01
-2.561913213444242943e-01 4.283280483009346828e-02 -3.268765257840951510e-01 2.033023402125237467e-01 -2.236719108202488981e-01 -9.139213751130434993e-01 2.708998982753840212e-01
-2.561916823188443715e-01 4.283386433790341286e-02 -3.268772041863396982e-01 2.033245014010126583e-01 -2.236615924833114666e-01 -9.139274888525393825e-01 2.708711581131336144e-01
-2.561341526837969673e-01 4.282903968435822217e-02 -3.270392688035885231e-01 2.033218347954225680e-01 -2.236421980994738878e-01 -9.139313694032912272e-01 2.708760800537459157e-01
-2.561640991746240159e-01 4.283334493840613988e-02 -3.268779188145877201e-01 2.032901048589631499e-01 -2.235705500021042957e-01 -9.139447682078994939e-01 2.709138296647054522e-01
-2.561640881248345991e-01 4.283447520528860242e-02 -3.268790279619766537e-01 2.032971393249391467e-01 -2.235638071589686193e-01 -9.139554678869433735e-01 2.708780168091202700e-01
-2.561359792076443598e-01 4.284061977772990470e-02 -3.270324386458408061e-01 2.032769141468410978e-01 -2.235128845489725014e-01 -9.139654899577114300e-01 2.709014023254507908e-01
-2.561660644027745626e-01 4.285580789056818440e-02 -3.268697501368360570e-01 2.032657832270374498e-01 -2.234616911073291079e-01 -9.139709837496601263e-01 2.709334509436404637e-01
-2.561663689576761382e-01 4.285713722551426352e-02 -3.268707292779113871e-01 2.032874844334334741e-01 -2.234504163076004857e-01 -9.139799969469750707e-01 2.708960599667223912e-01
-2.561704379884799931e-01 4.289847669857700663e-02 -3.270163397860173515e-01 2.032899403188736798e-01 -2.234615725731918245e-01 -9.139775529546885213e-01 2.708932602395716094e-01
-2.561787773999861795e-01 4.293430662977779089e-02 -3.269052291607765226e-01 2.032325333150302726e-01 -2.233332192638131097e-01 -9.140084576083413737e-01 2.709379080085278502e-01
-2.561790543370074946e-01 4.293552748653584050e-02 -3.269061524081497416e-01 2.032525426518733136e-01 -2.233227889394628907e-01 -9.140167741889231312e-01 2.709034373113852756e-01
-2.561201547461203210e-01 4.286876991646856871e-02 -3.270524036356554087e-01 2.032418148867701224e-01 -2.233061160242482690e-01 -9.140240174104417026e-01 2.709007914801533912e-01
-2.561211174078184549e-01 4.289621324381705236e-02 -3.269803998746201867e-01 2.031925128265720804e-01 -2.231487544474527462e-01 -9.140637529682245077e-01 2.709333711993014426e-01
-2.561212410910793658e-01 4.289748547434479864e-02 -3.269815176346231311e-01 2.032069093507637703e-01 -2.231395794951115952e-01 -9.140739940122275531e-01 2.708955767918505009e-01
-2.560849715336094290e-01 4.286551706603493328e-02 -3.271059788175093574e-01 2.032378829410304288e-01 -2.232757293383741959e-01 -9.140365150992101340e-01 2.708866196240714563e-01
-2.560705135951258926e-01 4.289562703082924755e-02 -3.270785097486774151e-01 2.031987446277949416e-01 -2.231775020566469370e-01 -9.140577433603218616e-01 2.709252933199105540e-01
-2.560707063806578754e-01 4.289667888202590429e-02 -3.270793845379667553e-01 2.032153021119739444e-01 -2.231685591308680827e-01 -9.140652994434477208e-01 2.708947462693794828e-01
-2.560772563809765034e-01 4.292570312805071842e-02 -3.270970241484273400e-01 2.031652540225372949e-01 -2.231228702557985777e-01 -9.140638169398762614e-01 2.709749119163552544e-01
-2.560775725044395768e-01 4.292798578425759126e-02 -3.270990235083466313e-01 2.031964602388321162e-01 -2.231044543252651557e-01 -9.140814045068921256e-01 2.709073401392840807e-01
-2.561109406286519175e-01 4.285064454025788727e-02 -3.271163802038300483e-01 2.031675649120215088e-01 -2.231213246919852566e-01 -9.140778078820060992e-01 2.709272525476894566e-01
-2.560932380816027809e-01 4.290716174101727454e-02 -3.270778159619645020e-01 2.031156859002052895e-01 -2.230173270012018594e-01 -9.141063488466080189e-01 2.709554815774200542e-01
-2.560664551084950724e-01 4.279756810701990100e-02 -3.271490913669687917e-01 2.031336271858699416e-01 -2.230657669783372987e-01 -9.141008643979080528e-01 2.709206577868791821e-01
-2.560470510906864838e-01 4.287141009597059127e-02 -3.271025936586836602e-01 2.031010039826230962e-01 -2.229572459206408119e-01 -9.141250217219267782e-01 2.709529356449577042e-01
-2.560367289703927018e-01 4.282264010632463869e-02 -3.272052742155838745e-01 2.031490113128282815e-01 -2.230956273274676271e-01 -9.140823323166580305e-01 2.709470612804698031e-01
-2.560175854908062210e-01 4.289592206040532263e-02 -3.271591286065757553e-01 2.031138224325087505e-01 -2.229952400757455044e-01 -9.141029016916277783e-01 2.709866844687428000e-01
-2.559666364651958514e-01 4.281591232360559829e-02 -3.272688947266664261e-01 2.031346030603709552e-01 -2.230317220710297255e-01 -9.140957243569891588e-01 2.709652942754989802e-01
-2.559474491006009655e-01 4.288715452050999299e-02 -3.272238175866127308e-01 2.030991405876490796e-01 -2.229273014939596176e-01 -9.141185911361480176e-01 2.710006617712277244e-01
-2.559476917249353667e-01 4.288964676303730350e-02 -3.272261379089813627e-01 2.031294906079439966e-01 -2.229084245904393025e-01 -9.141387869636681263e-01 2.709253078997216346e-01
-2.559447962409829302e-01 4.283702330736111064e-02 -3.273048073296306870e-01 2.031570293524335991e-01 -2.230181926374597556e-01 -9.141100040318282938e-01 2.709114388621234326e-01
-2.559328898960664955e-01 4.286740327384555571e-02 -3.272808621573700116e-01 2.031352161259545042e-01 -2.229384186288599357e-01 -9.141255201350804160e-01 2.709410985924683435e-01
-2.559330460888697978e-01 4.286844595325754737e-02 -3.272818143995607776e-01 2.031506202979376507e-01 -2.229297641394207274e-01 -9.141335414392399716e-01 2.709096051251387860e-01
-2.559439225745692159e-01 4.283360173800937476e-02 -3.273340491203355351e-01 2.031751382549081275e-01 -2.231106034060991172e-01 -9.140875452701967552e-01 2.708975478382394386e-01
-2.559254437523308945e-01 4.290440801266859339e-02 -3.272905351337174196e-01 2.031679762723125338e-01 -2.229990612900590308e-01 -9.141135043350085976e-01 2.709071672612883841e-01
-2.559404141060110383e-01 4.286933085735090965e-02 -3.273108037757716526e-01 2.031656511915227448e-01 -2.231137013224410715e-01 -9.140770587828950244e-01 2.709374929110712205e-01
-2.559250655207773728e-01 4.292018608532051360e-02 -3.272774321549251630e-01 2.031264947104746144e-01 -2.230266273477328753e-01 -9.140996166370107812e-01 2.709624355968937026e-01
-2.559254563326608944e-01 4.292205180613808957e-02 -3.272790752619085253e-01 2.031599667613063487e-01 -2.230092905367350165e-01 -9.141128898811591297e-01 2.709068267743781622e-01
-2.559324416231255617e-01 4.283764223812049077e-02 -3.273036485471094159e-01 2.031720715607212013e-01 -2.231679815396635513e-01 -9.140648549558512137e-01 2.709291462500414416e-01
-2.559160697907077453e-01 4.289166899013559242e-02 -3.272693856332532514e-01 2.031471686958314649e-01 -2.230759970990720542e-01 -9.140953095562955877e-01 2.709208231500531694e-01
-2.559166124130765052e-01 4.289388774296072626e-02 -3.272712756126349709e-01 2.031905544773169592e-01 -2.230543266743257314e-01 -9.141104143345193389e-01 2.708551574702555143e-01
-2.558550231684757481e-01 4.275384034195825467e-02 -3.273722128228874761e-01 2.031514516673519899e-01 -2.231046984385439136e-01 -9.140833654522066976e-01 2.709342765758173677e-01
-2.558552584102062877e-01 4.275467315445602434e-02 -3.273729459549277743e-01 2.031696193966169295e-01 -2.230960713023298347e-01 -9.140888668183138055e-01 2.709091956403674173e-01
-2.558556694727317504e-01 4.275642617440444937e-02 -3.273745806497420641e-01 2.032042206935273376e-01 -2.230786213824819120e-01 -9.141015159555683223e-01 2.708549277789850662e-01
-2.559263072695638352e-01 4.276532334724297835e-02 -3.273798246389482136e-01 2.031075975838798620e-01 -2.229742811366784982e-01 -9.141183392888108106e-01 2.709565196321223612e-01
-2.559267060214429068e-01 4.276720513752758912e-02 -3.273817120252573432e-01 2.031403526075077626e-01 -2.229569402435586656e-01 -9.141331376205978909e-01 2.708963023809083936e-01
-2.560588573418172142e-01 4.277482418034617151e-02 -3.272939738936957998e-01 2.030763319192411820e-01 -2.228751913860125833e-01 -9.141584191154621397e-01 2.709262579359805745e-01
-2.559938253848089706e-01 4.270983781150064496e-02 -3.273646308935027616e-01 2.030541050953390270e-01 -2.228427176185126535e-01 -9.141561442849419628e-01 2.709773006626483571e-01
-2.559941925664058204e-01 4.271162861124139232e-02 -3.273665355725648429e-01 2.030836929106847599e-01 -2.228260553364735941e-01 -9.141711520815904990e-01 2.709181932590777886e-01
-2.560800318113390928e-01 4.277526832971700887e-02 -3.272934713391471018e-01 2.029707256809468729e-01 -2.226821698868203248e-01 -9.141975401206323681e-01 2.710320891858227776e-01
-2.560802735772436112e-01 4.277616047898759322e-02 -3.272943849171625064e-01 2.029871517416410309e-01 -2.226734304829486311e-01 -9.142046059801435254e-01 2.710031328037775245e-01
-2.560806768085694962e-01 4.277816917414213604e-02 -3.272965546326197517e-01 2.030185949308599969e-01 -2.226552305648968888e-01 -9.142218571795539539e-01 2.709363288109573609e-01
-2.560806768085694962e-01 4.277816917414213604e-02 -3.272965546326197517e-01 2.030185949308599969e-01 -2.226552305648968888e-01 -9.142218571795539539e-01 2.709363288109573609e-01
-2.560481653676777158e-01 4.272933070315555748e-02 -3.273281297528727873e-01 2.030005071288337182e-01 -2.227008420789760579e-01 -9.142006924257966016e-01 2.709838058093974600e-01
-2.560487222768054738e-01 4.273129478251569413e-02 -3.273301155894751124e-01 2.030395578524047395e-01 -2.226807284895228611e-01 -9.142157840262533641e-01 2.709201567689973889e-01
-2.560487222768054738e-01 4.273129478251569413e-02 -3.273301155894751124e-01 2.030395578524047395e-01 -2.226807284895228611e-01 -9.142157840262533641e-01 2.709201567689973889e-01
-2.560161020640024931e-01 4.275446186691182759e-02 -3.273469813125877703e-01 2.030225567924012209e-01 -2.227442932835745348e-01 -9.141838731807840901e-01 2.709883157246029128e-01
-2.560164841114055956e-01 4.275669794470114693e-02 -3.273494836976035272e-01 2.030563364092403122e-01 -2.227241550198861830e-01 -9.142037863495872108e-01 2.709123696674135551e-01
-2.560227643777492346e-01 4.271344794883151497e-02 -3.273949173229907528e-01 2.030648345069281935e-01 -2.229259805649428938e-01 -9.141486151562697726e-01 2.709261699867820394e-01
-2.560071273232853439e-01 4.276793480058188601e-02 -3.273603966270998145e-01 2.030296839023348621e-01 -2.228458905180837335e-01 -9.141674679605640286e-01 2.709547878452998049e-01
-2.560076322908078073e-01 4.276967629133242299e-02 -3.273621892865952177e-01 2.030659314092003453e-01 -2.228276522586850605e-01 -9.141807224736131499e-01 2.708978987504683800e-01
-2.560076322908078073e-01 4.276967629133242299e-02 -3.273621892865952177e-01 2.030659314092003453e-01 -2.228276522586850605e-01 -9.141807224736131499e-01 2.708978987504683800e-01
-2.559885806907851169e-01 4.276519745303634934e-02 -3.273876893650354836e-01 2.030347173473879274e-01 -2.228279150305840783e-01 -9.141807249889017939e-01 2.709210694899071292e-01
-2.559886865405719414e-01 4.276613428348571833e-02 -3.273888325783346209e-01 2.030464911360078117e-01 -2.228201582207565701e-01 -9.141899004509027593e-01 2.708876620324384699e-01
-2.559803488563570650e-01 4.275108639216262940e-02 -3.273456170074551252e-01 2.030279965552890808e-01 -2.228783461475543626e-01 -9.141599648591937077e-01 2.709546716369994890e-01
-2.559809936323144131e-01 4.275307588239279921e-02 -3.273475697659170014e-01 2.030740329702015734e-01 -2.228561713883455142e-01 -9.141742025979440189e-01 2.708903676983719366e-01
-2.559809936323144131e-01 4.275307588239279921e-02 -3.273475697659170014e-01 2.030740329702015734e-01 -2.228561713883455142e-01 -9.141742025979440189e-01 2.708903676983719366e-01
-2.560162395931016022e-01 4.277743481859620778e-02 -3.273439725295358982e-01 2.030355387835059422e-01 -2.228307731962383409e-01 -9.141786263163821369e-01 2.709251846801080665e-01
-2.560163480166125494e-01 4.277844564211817635e-02 -3.273452408532873115e-01 2.030482359117412039e-01 -2.228220935124414215e-01 -9.141888264632699324e-01 2.708883868045506849e-01
-2.561167712733700697e-01 4.279417786044331651e-02 -3.273188711208716573e-01 2.030124409010447550e-01 -2.228625613699486974e-01 -9.141741404331527043e-01 2.709314831139635338e-01
-2.560990816302339823e-01 4.285263452690470098e-02 -3.272813253954863777e-01 2.030073425644637886e-01 -2.227428622231719113e-01 -9.142036081445765738e-01 2.709343076263707184e-01
-2.561037063919768264e-01 4.281821133830376880e-02 -3.273168303349470731e-01 2.030231435395122852e-01 -2.228807594401275294e-01 -9.141700671034180825e-01 2.709222373133265416e-01
-2.560873304471075196e-01 4.287124270956287064e-02 -3.272821771809079627e-01 2.029904265770982874e-01 -2.228035395422564569e-01 -9.141877572459423673e-01 2.709505748049332863e-01
-2.560875448070396576e-01 4.287298649005265305e-02 -3.272843947232576545e-01 2.030123544653598122e-01 -2.227887380180388899e-01 -9.142054925395290965e-01 2.708864698675763627e-01
-2.560875448070396576e-01 4.287298649005265305e-02 -3.272843947232576545e-01 2.030123544653598122e-01 -2.227887380180388899e-01 -9.142054925395290965e-01 2.708864698675763627e-01
-2.561171634162094923e-01 4.290076737651632444e-02 -3.272333522915404358e-01 2.029685135776067573e-01 -2.228129471504528003e-01 -9.141900690980566679e-01 2.709514543986005775e-01
-2.561175881947913013e-01 4.290248782283004325e-02 -3.272353104707484417e-01 2.030008025742879307e-01 -2.227952772748991173e-01 -9.142049836311096911e-01 2.708914662410726870e-01
-2.561406823980195702e-01 4.281068272571932065e-02 -3.272076933222513584e-01 2.029851322786294099e-01 -2.228766206426838759e-01 -9.141800563048139150e-01 2.709204176492643334e-01
-2.561284190362222435e-01 4.284534731515655948e-02 -3.271831549413065088e-01 2.029604334235846075e-01 -2.228117714634752500e-01 -9.141941931284793821e-01 2.709445592957854254e-01
-2.561286935574543788e-01 4.284645525993230342e-02 -3.271844103641918799e-01 2.029812937833910813e-01 -2.228005294197466513e-01 -9.142037856835973919e-01 2.709058078116462487e-01
-2.561865110144603830e-01 4.282502415662962914e-02 -3.271917108774976546e-01 2.029774375755208915e-01 -2.228895849012583752e-01 -9.141826150366929582e-01 2.709068827890754871e-01
-2.561676808431381791e-01 4.289186706610276234e-02 -3.271496249886135521e-01 2.029474777930171947e-01 -2.227982577179868917e-01 -9.141995897911252555e-01 2.709471676194831757e-01
-2.561679854785205435e-01 4.289285550070220943e-02 -3.271506962740020619e-01 2.029691405119873338e-01 -2.227872594700939790e-01 -9.142075016266080212e-01 2.709132868415016770e-01
-2.561835301175091617e-01 4.281605251673363532e-02 -3.271570792631732227e-01 2.029700855508300150e-01 -2.227876560438199482e-01 -9.142047600659877205e-01 2.709215040536265273e-01
-2.561725104404715125e-01 4.284767720619633846e-02 -3.271341845052270214e-01 2.029503149752948654e-01 -2.227243434284919554e-01 -9.142141544355011362e-01 2.709566687231692028e-01
-2.561729205266384812e-01 4.284864626546884547e-02 -3.271351489859681827e-01 2.029772200081260691e-01 -2.227120654363268226e-01 -9.142207625784823932e-01 2.709243092401935615e-01
-2.561732550027097099e-01 4.284931038891534594e-02 -3.271358021994013598e-01 2.029981012760010417e-01 -2.227029441524597808e-01 -9.142249540119375961e-01 2.709020173532033504e-01
-2.561495007281163194e-01 4.272814610719469219e-02 -3.271655556996067582e-01 2.029912315595635008e-01 -2.228174847878052756e-01 -9.141898941474270179e-01 2.709312935441084425e-01
-2.561369997275275701e-01 4.276319636704556393e-02 -3.271413087331406788e-01 2.029771214135636659e-01 -2.227340601546797805e-01 -9.142120539645124389e-01 2.709356879697876752e-01
-2.561373726120705907e-01 4.276393596262142993e-02 -3.271420213095520557e-01 2.030011390201926225e-01 -2.227235753442267097e-01 -9.142165773165920051e-01 2.709110486892783998e-01
-2.561217302395847883e-01 4.265482358369708515e-02 -3.271784753093195386e-01 2.030019269241851720e-01 -2.228320291332434588e-01 -9.141804013036749499e-01 2.709433489305116960e-01
-2.561065619880833477e-01 4.270469320642873712e-02 -3.271473951169086014e-01 2.029891176816817078e-01 -2.227455645294701969e-01 -9.142057005592045815e-01 2.709386806093103117e-01
-2.560446829094213395e-01 4.270319343319109451e-02 -3.273078034893358024e-01 2.030049725302898456e-01 -2.227553521459973984e-01 -9.141981065623683289e-01 2.709443783806371742e-01
-2.560294334636796232e-01 4.275051858061855448e-02 -3.272761969608121713e-01 2.029750704426848684e-01 -2.226799787614456294e-01 -9.142123955371745936e-01 2.709805227018531881e-01
-2.560297378233261090e-01 4.275143129739020220e-02 -3.272772040320442444e-01 2.029984157262325339e-01 -2.226689080802103371e-01 -9.142193225799362111e-01 2.709487604852420795e-01
-2.560298541350717327e-01 4.275236413864952345e-02 -3.272784349538339632e-01 2.030130549152633357e-01 -2.226596810310722541e-01 -9.142287792428630544e-01 2.709134643778666196e-01
-2.559934306730893838e-01 4.279127324050641112e-02 -3.273272451931353855e-01 2.029822154939369405e-01 -2.226470861860475048e-01 -9.142176586596382215e-01 2.709844419905408364e-01
-2.559935577608549728e-01 4.279195527466918281e-02 -3.273281203621227764e-01 2.029952987287083344e-01 -2.226397702851468652e-01 -9.142240419158885745e-01 2.709591160385552144e-01
-2.559936526798706757e-01 4.279291311940920661e-02 -3.273294031279835314e-01 2.030091110185128223e-01 -2.226307923128043598e-01 -9.142339092803195566e-01 2.709228493126235038e-01
-2.560170482822595739e-01 4.279194088271980057e-02 -3.273051143572790478e-01 2.029509034926640088e-01 -2.226727834255655680e-01 -9.142099224098051424e-01 2.710128780343853405e-01
-2.560174251088806474e-01 4.279259222389263095e-02 -3.273059306321433604e-01 2.029766143042830151e-01 -2.226618965671676165e-01 -9.142136788927346380e-01 2.709898949925884093e-01
-2.560176491616062422e-01 4.279324239426944565e-02 -3.273067081310551685e-01 2.029951471542781327e-01 -2.226531288743665571e-01 -9.142186932731202198e-01 2.709662992038977536e-01
-2.560578349739311976e-01 4.281821168840840852e-02 -3.272685105513447046e-01 2.029714264875799867e-01 -2.227181086115536668e-01 -9.141890427760062110e-01 2.710306960371436369e-01
-2.560583180240578738e-01 4.281982319442276252e-02 -3.272705158218600086e-01 2.030124085555631841e-01 -2.226977000233833492e-01 -9.142026562531553324e-01 2.709708465433862123e-01
-2.560583180240578738e-01 4.281982319442276252e-02 -3.272705158218600086e-01 2.030124085555631841e-01 -2.226977000233833492e-01 -9.142026562531553324e-01 2.709708465433862123e-01
-2.560762571827587264e-01 4.285412665805231336e-02 -3.272397141652977348e-01 2.029673404791927649e-01 -2.227020491675848479e-01 -9.141915176882049465e-01 2.710386042288049357e-01
-2.560763339092586577e-01 4.285574890689652916e-02 -3.272421599184967000e-01 2.029848729068489122e-01 -2.226881864633785679e-01 -9.142105860307414567e-01 2.709725398817566244e-01
-2.560763339092586577e-01 4.285574890689652916e-02 -3.272421599184967000e-01 2.029848729068489122e-01 -2.226881864633785679e-01 -9.142105860307414567e-01 2.709725398817566244e-01
-2.560824881524536578e-01 4.286921155227550739e-02 -3.272448283750493125e-01 2.029529655216923412e-01 -2.226821958895143228e-01 -9.142014001874827489e-01 2.710323473591678134e-01
-2.560829274793613997e-01 4.287108197813391253e-02 -3.272472603997895191e-01 2.029931301408272881e-01 -2.226606819730382325e-01 -9.142186882540592752e-01 2.709616206512605041e-01
-2.560829274793613997e-01 4.287108197813391253e-02 -3.272472603997895191e-01 2.029931301408272881e-01 -2.226606819730382325e-01 -9.142186882540592752e-01 2.709616206512605041e-01
-2.560647627869682141e-01 4.287140430971332627e-02 -3.272437798390298580e-01 2.029578336518171322e-01 -2.226527832528231166e-01 -9.142141275093207398e-01 2.710099351158627989e-01
-2.560650789932105154e-01 4.287221985076618280e-02 -3.272447182709964930e-01 2.029825299821296225e-01 -2.226414740419665472e-01 -9.142200350690736776e-01 2.709808001257208443e-01
-2.560260394437800513e-01 4.284167097397939550e-02 -3.272733216159429137e-01 2.029229546693023800e-01 -2.226445584184503224e-01 -9.142038574530282347e-01 2.710774466696498353e-01
-2.560263990972916903e-01 4.284352389866258326e-02 -3.272757845014087064e-01 2.029597902668261455e-01 -2.226239128054409155e-01 -9.142216394559226078e-01 2.710068466525643038e-01
-2.560264515411372344e-01 4.284414261182796502e-02 -3.272767291167483217e-01 2.029682175429396440e-01 -2.226180384098710441e-01 -9.142287647896283342e-01 2.709813227386962398e-01
-2.560264515411372344e-01 4.284414261182796502e-02 -3.272767291167483217e-01 2.029682175429396440e-01 -2.226180384098710441e-01 -9.142287647896283342e-01 2.709813227386962398e-01
-2.560121804202072360e-01 4.280196827471742516e-02 -3.272682092113647911e-01 2.029454293290177125e-01 -2.226401986750440876e-01 -9.142091996790695507e-01 2.710461840176923154e-01
-2.560123832453701231e-01 4.280281346114650498e-02 -3.272693789349470084e-01 2.029649346424807488e-01 -2.226298606556195159e-01 -9.142172644638277834e-01 2.710128664958695310e-01
-2.560123832453701231e-01 4.280281346114650498e-02 -3.272693789349470084e-01 2.029649346424807488e-01 -2.226298606556195159e-01 -9.142172644638277834e-01 2.710128664958695310e-01
-2.560241344937499441e-01 4.282202611623088517e-02 -3.273085713002341079e-01 2.029044040764142187e-01 -2.226565856136481503e-01 -9.141982152962856434e-01 2.711004810736296067e-01
-2.560243469632671465e-01 4.282279591702968513e-02 -3.273102475372727804e-01 2.029199702009934214e-01 -2.226467645053649691e-01 -9.142083075667497560e-01 2.710628604675667797e-01
-2.560155942212434255e-01 4.282686522032908005e-02 -3.273260694546201721e-01 2.028891242159178154e-01 -2.227073570854233298e-01 -9.141670674402472274e-01 2.711752370380122734e-01
-2.560160485241017581e-01 4.282852348212060067e-02 -3.273286804007569661e-01 2.029346097023434492e-01 -2.226839645914582833e-01 -9.141839698689482319e-01 2.711034218401487950e-01
-2.560162675909788965e-01 4.282934784948833062e-02 -3.273300013661224472e-01 2.029567730112071255e-01 -2.226724698377097189e-01 -9.141925593656704541e-01 2.710673050474669554e-01
-2.560080871558931270e-01 4.282115077314178897e-02 -3.273194674661059067e-01 2.028915466506472087e-01 -2.227170490533481040e-01 -9.141647444941896072e-01 2.711732956663502336e-01
-2.560082532025159119e-01 4.282314125506092584e-02 -3.273229391470372507e-01 2.029216446434419785e-01 -2.226958431516722348e-01 -9.141901537219883078e-01 2.710825158801904999e-01
-2.560243880001726313e-01 4.280738388593473276e-02 -3.273609810883559845e-01 2.029330763807170868e-01 -2.228036911988015012e-01 -9.141664351644303022e-01 2.710653251849169387e-01
-2.560052539781086933e-01 4.286376370363667587e-02 -3.273228976971442328e-01 2.028773746541452372e-01 -2.227224789618868495e-01 -9.141786629202657277e-01 2.711325146120043827e-01
-2.560053704934115437e-01 4.286514501068025562e-02 -3.273253498996233080e-01 2.028978031587789777e-01 -2.227080608199784040e-01 -9.141965683208042037e-01 2.710686916440393501e-01
-2.560055759707429157e-01 4.286588162929141910e-02 -3.273264969608612462e-01 2.029180747347447133e-01 -2.226977852707814343e-01 -9.142039565179126415e-01 2.710370403993298538e-01
-2.560282807270705674e-01 4.290571992948231939e-02 -3.273073004843362610e-01 2.028276156570626154e-01 -2.226997516113998765e-01 -9.141958597498205386e-01 2.711304279777142501e-01
-2.560286060886713400e-01 4.290737163583110969e-02 -3.273099443071040837e-01 2.028642043382523630e-01 -2.226791254607558002e-01 -9.142140125481020840e-01 2.710587776533706084e-01
-2.560440783303289947e-01 4.289038234169130492e-02 -3.273409460672200844e-01 2.028659964142708327e-01 -2.228081019355970804e-01 -9.141855090333397271e-01 2.710475830627445681e-01
-2.560256800084261819e-01 4.294214456827115389e-02 -3.273052448987448515e-01 2.028100427025472940e-01 -2.227253181318859521e-01 -9.141986247040849722e-01 2.711132490882746660e-01
-2.560258940291506580e-01 4.294393595201241587e-02 -3.273082147766454564e-01 2.028406542307509275e-01 -2.227057207053271259e-01 -9.142199753143391838e-01 2.710344400488818306e-01
-2.560260700976280668e-01 4.294472077008330835e-02 -3.273094419097947738e-01 2.028600675463308467e-01 -2.226952447730822238e-01 -9.142281449053144549e-01 2.710009594328818272e-01
-2.560182503245377328e-01 4.292083934841220416e-02 -3.272711427068654144e-01 2.028043183840705921e-01 -2.227516560882994989e-01 -9.141983454707272028e-01 2.710968337942685213e-01
-2.560186484400455709e-01 4.292234805031079625e-02 -3.272734120404075520e-01 2.028443465310383886e-01 -2.227310136787387651e-01 -9.142131493337835035e-01 2.710339170864831670e-01
-2.560187865584978018e-01 4.292318795554254940e-02 -3.272747668763510975e-01 2.028613797444815126e-01 -2.227209900769260842e-01 -9.142226117824385767e-01 2.709974857688084438e-01
-2.559915164494069306e-01 4.289786770943848637e-02 -3.272783070525398519e-01 2.028135972040731039e-01 -2.226873947369329976e-01 -9.142169030760400883e-01 2.710801046636872602e-01
-2.559916358772335032e-01 4.289872795866649102e-02 -3.272797062160903159e-01 2.028293216742862171e-01 -2.226778071183833085e-01 -9.142268418287635701e-01 2.710426943599512639e-01
-2.559919006639304051e-01 4.289964206423141357e-02 -3.272810360660644013e-01 2.028552704495941161e-01 -2.226648347254125970e-01 -9.142353234730531408e-01 2.710053208733150809e-01
-2.559688191900317267e-01 4.290693736638596933e-02 -3.273002317860820853e-01 2.028224459759828402e-01 -2.227150277432780046e-01 -9.142071974579284444e-01 2.710835146993460509e-01
-2.559689674179536079e-01 4.290774450500640935e-02 -3.273014881071151794e-01 2.028399712779714037e-01 -2.227051181292052373e-01 -9.142158564929454556e-01 2.710493389548822574e-01
-2.559692620980341671e-01 4.290863373117158319e-02 -3.273027306608652931e-01 2.028671003789074834e-01 -2.226921394387917919e-01 -9.142235243857200766e-01 2.710138337350706528e-01
-2.559635250744564106e-01 4.286185043525324312e-02 -3.273004731028867353e-01 2.028371663261991087e-01 -2.227595802508042233e-01 -9.141862924125974121e-01 2.711063926360869347e-01
-2.559640602253088204e-01 4.286322902812225721e-02 -3.273023760916974889e-01 2.028841050351057884e-01 -2.227378465500217675e-01 -9.141975032516166388e-01 2.710513174416860904e-01
-2.559643257390225024e-01 4.286391870537466231e-02 -3.273033518950166365e-01 2.029071038134963589e-01 -2.227271587381631779e-01 -9.142033094191068798e-01 2.710232997909896580e-01
-2.559594139797788936e-01 4.286712073684728619e-02 -3.272831713480699456e-01 2.028687801789191003e-01 -2.227933991140013115e-01 -9.141813962420783923e-01 2.710714557175483708e-01
-2.559594944135190620e-01 4.286797134144140764e-02 -3.272846001946514427e-01 2.028825882883150411e-01 -2.227841314049092136e-01 -9.141918524790138001e-01 2.710334721479680797e-01
-2.559595860681409540e-01 4.286876459172155041e-02 -3.272859205970708452e-01 2.028966480235873115e-01 -2.227751619003848771e-01 -9.142013705986768990e-01 2.709982130135741851e-01
-2.559705840863303328e-01 4.287540509117683529e-02 -3.272964057857249975e-01 2.028638203797765993e-01 -2.228884631807293570e-01 -9.141598214033931358e-01 2.710697775362848616e-01
-2.559709393982764203e-01 4.287705386271357944e-02 -3.272990048275560282e-01 2.029014924708370526e-01 -2.228677963399829376e-01 -9.141776639438752294e-01 2.709983919763841453e-01
-2.559709254876177953e-01 4.287792467314706368e-02 -3.273006029999799282e-01 2.029096372070037790e-01 -2.228598957785307144e-01 -9.141899710184184791e-01 2.709572713020408363e-01
-2.559709254876177953e-01 4.287792467314706368e-02 -3.273006029999799282e-01 2.029096372070037790e-01 -2.228598957785307144e-01 -9.141899710184184791e-01 2.709572713020408363e-01
-2.559815029101707995e-01 4.285011433746029053e-02 -3.273005480979719328e-01 2.028902773864273978e-01 -2.228498249232197526e-01 -9.141916783857414464e-01 2.709742903745849807e-01
-2.559221663862535356e-01 4.283335365650016435e-02 -3.273109984478471124e-01 2.028267368307021257e-01 -2.228671987044017477e-01 -9.141703948639455790e-01 2.710793531838219805e-01
-2.559222747910777085e-01 4.283485610465406768e-02 -3.273135982521990228e-01 2.028499193492065977e-01 -2.228511356105366548e-01 -9.141895077321782193e-01 2.710107479962963750e-01
-2.559223532961718561e-01 4.283553584743636511e-02 -3.273147629122846181e-01 2.028621325172848822e-01 -2.228434322956797664e-01 -9.141978520864579849e-01 2.709797909692284179e-01
-2.559223532961718561e-01 4.283553584743636511e-02 -3.273147629122846181e-01 2.028621325172848822e-01 -2.228434322956797664e-01 -9.141978520864579849e-01 2.709797909692284179e-01
-2.559348971167489939e-01 4.285298518443689253e-02 -3.272992545873527614e-01 2.028661926066820942e-01 -2.228855741357645415e-01 -9.141883558590895298e-01 2.709741293022155939e-01
-2.559454476447914351e-01 4.291687334870650239e-02 -3.273016452093203132e-01 2.028206619489701101e-01 -2.229670026854866371e-01 -9.141483862697775686e-01 2.710760459361787889e-01
-2.559457927914022823e-01 4.291855282859978471e-02 -3.273042798335736858e-01 2.028594489239472221e-01 -2.229457752281674421e-01 -9.141664768338919611e-01 2.710034647809747566e-01
-2.559459161348910383e-01 4.291927717881549587e-02 -3.273054726211245824e-01 2.028747618421731236e-01 -2.229369071346505304e-01 -9.141748027350524719e-01 2.709712097050999691e-01
-2.559425903150490678e-01 4.292137788786361263e-02 -3.272937736802902786e-01 2.028549567547305033e-01 -2.230579617680510940e-01 -9.141368402125265025e-01 2.710144822295972311e-01
-2.559430151319583291e-01 4.292278861803514034e-02 -3.272959165490269551e-01 2.028956807948153196e-01 -2.230377084700750911e-01 -9.141506300743695856e-01 2.709541452900453007e-01
-2.559841119498159623e-01 4.302146215031836529e-02 -3.273092863121188079e-01 2.028353532466751208e-01 -2.230612970874271683e-01 -9.141246841813264190e-01 2.710674067189951519e-01
-2.559845809725925236e-01 4.302228309942819628e-02 -3.273108450056368413e-01 2.028634593014867760e-01 -2.230480223727476230e-01 -9.141327853436445050e-01 2.710299750133010610e-01
-2.559972797471590233e-01 4.300710862131248979e-02 -3.272778392274919290e-01 2.027905072817107746e-01 -2.230797822828632371e-01 -9.141038127720403361e-01 2.711561180734735621e-01
-2.559976307401589657e-01 4.300879952222048941e-02 -3.272809545879938331e-01 2.028339385830579267e-01 -2.230556401989575166e-01 -9.141242589895839377e-01 2.710745540641198992e-01
-2.559977746106422702e-01 4.300970014882585235e-02 -3.272826571979126631e-01 2.028550207934111671e-01 -2.230431469926618115e-01 -9.141357101870435375e-01 2.710304382893996555e-01
-2.559977746106422702e-01 4.300970014882585235e-02 -3.272826571979126631e-01 2.028550207934111671e-01 -2.230431469926618115e-01 -9.141357101870435375e-01 2.710304382893996555e-01
-2.560017237048223815e-01 4.296747823921590048e-02 -3.273196225753381428e-01 2.028512094891030126e-01 -2.231875283585724179e-01 -9.140924244177026647e-01 2.710604242897991512e-01
-2.559902140164080908e-01 4.299345173464305669e-02 -3.273021726636851647e-01 2.028538231390255020e-01 -2.231141259831952994e-01 -9.141171014555793395e-01 2.710356767126528288e-01
-2.560727907187554941e-01 4.295099316603409600e-02 -3.272622749562145716e-01 2.027898710363672252e-01 -2.231117063099926079e-01 -9.141144122857829402e-01 2.710945885920908460e-01
-2.560588695259869985e-01 4.298627569079431499e-02 -3.272390155879491558e-01 2.027865881829912231e-01 -2.230222314463797817e-01 -9.141369551064038035e-01 2.710946536591452571e-01
-2.560590402080776262e-01 4.298689521649332046e-02 -3.272402002668883259e-01 2.028047065097861590e-01 -2.230126819798945448e-01 -9.141444126318654106e-01 2.710638071516663361e-01
-2.560834141093514815e-01 4.297734977049824656e-02 -3.271998810227176313e-01 2.027424294613591749e-01 -2.230561114269593026e-01 -9.141143917225554860e-01 2.711758788994551028e-01
-2.560837284643296963e-01 4.297905345090272111e-02 -3.272031566835504890e-01 2.027816297465273587e-01 -2.230328218431988363e-01 -9.141364388150170495e-01 2.710913909525725640e-01
-2.560839211612577215e-01 4.297975336450300665e-02 -3.272044731047487054e-01 2.028021804639236203e-01 -2.230219288257134780e-01 -9.141447456589022469e-01 2.710569660535544489e-01
-2.560535371945170668e-01 4.296866997260355425e-02 -3.272380175750896902e-01 2.027672772052039885e-01 -2.231290308749512286e-01 -9.140996930940614718e-01 2.711468568155193104e-01
-2.560539314732986904e-01 4.297031110894725114e-02 -3.272410735850967423e-01 2.028113936990997290e-01 -2.231048948390517150e-01 -9.141195288879340186e-01 2.710668393411226340e-01
-2.560540979232620584e-01 4.297114937068037543e-02 -3.272426810864624280e-01 2.028318425883666176e-01 -2.230931009161355449e-01 -9.141302122383173634e-01 2.710252147475578632e-01
-2.560431464329281370e-01 4.298161903649706794e-02 -3.272390990638288089e-01 2.027860142537903643e-01 -2.231267709249082354e-01 -9.140968120144998821e-01 2.711444168420459322e-01
-2.560433678240683353e-01 4.298318435191710030e-02 -3.272421511670833838e-01 2.028172040239271112e-01 -2.231070413372858163e-01 -9.141179491110649202e-01 2.710660527816419751e-01
-2.560436036023400752e-01 4.298392754114516157e-02 -3.272434856592156271e-01 2.028407830098347964e-01 -2.230952171651945370e-01 -9.141261588256863746e-01 2.710304532272485023e-01
-2.560217365845817716e-01 4.296675133218096077e-02 -3.272608863016836511e-01 2.028108919771912100e-01 -2.231848937915720810e-01 -9.140773278765665921e-01 2.711436592301149640e-01
-2.560219862968230453e-01 4.296810822566443644e-02 -3.272634817702857468e-01 2.028425837571342094e-01 -2.231662955459952080e-01 -9.140948446201320188e-01 2.710761992243220786e-01
-2.560221483248283914e-01 4.296875997675013437e-02 -3.272647023923162535e-01 2.028609162354307882e-01 -2.231563781771765953e-01 -9.141027278909616971e-01 2.710440598966686321e-01
-2.560208725953400100e-01 4.300887455807028692e-02 -3.272738792788147943e-01 2.028038703553725619e-01 -2.231516340642850094e-01 -9.140809109826109058e-01 2.711642058984201631e-01
-2.560210153666528377e-01 4.300967443888796538e-02 -3.272753696075389462e-01 2.028219825823863176e-01 -2.231410241493853031e-01 -9.140910280198417670e-01 2.711252832484320474e-01
-2.560213117871128485e-01 4.301104726711593718e-02 -3.272779427736606239e-01 2.028563656193280718e-01 -2.231218643904042676e-01 -9.141080426948227089e-01 2.710579547611687845e-01
-2.560360256831309966e-01 4.305342394933964201e-02 -3.272541081556720743e-01 2.028163801743740891e-01 -2.232684841592803560e-01 -9.140545669494832826e-01 2.711474664328870077e-01
-2.560360357794584374e-01 4.305429329298846031e-02 -3.272558451582280314e-01 2.028265473312280687e-01 -2.232596917229489053e-01 -9.140674528327025206e-01 2.711036580745495028e-01
-2.560364556319333906e-01 4.305562572990807857e-02 -3.272582074296880306e-01 2.028690611369609043e-01 -2.232383755893109778e-01 -9.140820294761033971e-01 2.710402462486002362e-01
-2.560302915040321703e-01 4.308645893960257045e-02 -3.272567942436068744e-01 2.028122232741937925e-01 -2.232868257856839289e-01 -9.140501112254982852e-01 2.711504926969272034e-01
-2.560303831478830672e-01 4.308729340452296941e-02 -3.272583697642118539e-01 2.028283550889718456e-01 -2.232763709618134640e-01 -9.140611671549537798e-01 2.711097623497686904e-01
-2.560308027308550449e-01 4.308877805818225881e-02 -3.272609868618828743e-01 2.028739311968372760e-01 -2.232529464432236321e-01 -9.140775855875635791e-01 2.710395865396239556e-01
-2.560814888337066830e-01 4.311386623977887800e-02 -3.272233356164962470e-01 2.027987532975299434e-01 -2.232986024815417081e-01 -9.140558407358464477e-01 2.711315544296582503e-01
-2.560815579488660565e-01 4.311490337488896318e-02 -3.272253098504189772e-01 2.028148802974217291e-01 -2.232869448359310893e-01 -9.140701366892585167e-01 2.710808916332145269e-01
-2.560820050178682084e-01 4.311640821258606870e-02 -3.272279731418978321e-01 2.028603985194961379e-01 -2.232636031161248646e-01 -9.140868952356915322e-01 2.710095389363450513e-01
-2.560840457251219449e-01 4.313053871904448666e-02 -3.272145280215254526e-01 2.028013416614803943e-01 -2.232997263889419659e-01 -9.140592706231214226e-01 2.711171293054984721e-01
-2.560842061624867827e-01 4.313139079024599920e-02 -3.272160705426537253e-01 2.028208407992486972e-01 -2.232884392170613186e-01 -9.140697585136621228e-01 2.710764763314404413e-01
-2.560845414893819783e-01 4.313297324493806095e-02 -3.272189524100552194e-01 2.028598504344840958e-01 -2.232665279476901965e-01 -9.140890017516214439e-01 2.710004344214345107e-01
-2.560752017812986114e-01 4.316563445322492421e-02 -3.272623523059545181e-01 2.027734708041109279e-01 -2.231869488318638517e-01 -9.140883569762450200e-01 2.711327738390290065e-01
-2.560753617757496881e-01 4.316661367224622348e-02 -3.272641026801517139e-01 2.027942229169641952e-01 -2.231745860032349760e-01 -9.141003900301534202e-01 2.710868574101496509e-01
-2.560758167361984472e-01 4.316808696101262499e-02 -3.272666265856017942e-01 2.028407238567267734e-01 -2.231511432610026602e-01 -9.141159696241455412e-01 2.710188223808351893e-01
-2.560758167361984472e-01 4.316808696101262499e-02 -3.272666265856017942e-01 2.028407238567267734e-01 -2.231511432610026602e-01 -9.141159696241455412e-01 2.710188223808351893e-01
-2.560876092759527545e-01 4.314263265579158790e-02 -3.272668368061930622e-01 2.027984844838767176e-01 -2.231724790928083513e-01 -9.141017355189322569e-01 2.710808668790347653e-01
-2.560878306689216566e-01 4.314433173898628293e-02 -3.272700136965054352e-01 2.028315445660684446e-01 -2.231514121624679770e-01 -9.141239303921235848e-01 2.709986193014559119e-01
-2.560878306689216566e-01 4.314433173898628293e-02 -3.272700136965054352e-01 2.028315445660684446e-01 -2.231514121624679770e-01 -9.141239303921235848e-01 2.709986193014559119e-01
-2.560956100466184049e-01 4.314003352539862168e-02 -3.272329416335847951e-01 2.027931496009330870e-01 -2.231755673146660901e-01 -9.141060361282257185e-01 2.710678131808600400e-01
-2.560958330122548032e-01 4.314126448386028378e-02 -3.272352579419515184e-01 2.028206456182881645e-01 -2.231591989813035415e-01 -9.141218364255898621e-01 2.710074275567203594e-01
-2.560958330122548032e-01 4.314126448386028378e-02 -3.272352579419515184e-01 2.028206456182881645e-01 -2.231591989813035415e-01 -9.141218364255898621e-01 2.710074275567203594e-01
-2.560785220017009478e-01 4.311867824166432106e-02 -3.272298241491979898e-01 2.028307450640532139e-01 -2.232175960971904405e-01 -9.140983175203634126e-01 2.710311044064748764e-01
-2.560785816857434338e-01 4.311933559141836736e-02 -3.272311089386601424e-01 2.028421829465208714e-01 -2.232096508963078429e-01 -9.141074948142551282e-01 2.709981337364614773e-01
-2.561023990812159590e-01 4.310401344569599058e-02 -3.272620962429489966e-01 2.028333893884889660e-01 -2.233521360323596494e-01 -9.140660804463491829e-01 2.710270098281872819e-01
-2.560879146886391178e-01 4.313887923452432160e-02 -3.272402002962034318e-01 2.028249910582098636e-01 -2.232664662320143489e-01 -9.140957784928860352e-01 2.710037191626538111e-01
-2.560881725642720208e-01 4.313955530936135208e-02 -3.272413527423727042e-01 2.028494201788764439e-01 -2.232547113791119031e-01 -9.141026381095833653e-01 2.709719793285330081e-01
-2.560881725642720208e-01 4.313955530936135208e-02 -3.272413527423727042e-01 2.028494201788764439e-01 -2.232547113791119031e-01 -9.141026381095833653e-01 2.709719793285330081e-01
-2.560881725642720208e-01 4.313955530936135208e-02 -3.272413527423727042e-01 2.028494201788764439e-01 -2.232547113791119031e-01 -9.141026381095833653e-01 2.709719793285330081e-01
-2.560957349553865114e-01 4.313011055694944418e-02 -3.272028327040924500e-01 2.028255683788012242e-01 -2.232826676137100175e-01 -9.140796415347518522e-01 2.710443655323260814e-01
-2.561318179369744263e-01 4.308371988803280650e-02 -3.271915309066792399e-01 2.027895978830188128e-01 -2.233683117901765214e-01 -9.140550632213764182e-01 2.710835990572199039e-01
-2.561243150040376504e-01 4.309570228118579649e-02 -3.271827395954141071e-01 2.028009721589860981e-01 -2.233073635631308007e-01 -9.140779908686976762e-01 2.710479914688522229e-01
-2.561245894635619802e-01 4.309629134534014028e-02 -3.271839129676929470e-01 2.028281191424968211e-01 -2.232948204304587847e-01 -9.140842864587117589e-01 2.710167790069724636e-01
-2.561637797056354193e-01 4.305394886834643109e-02 -3.271737511100309970e-01 2.027976364400581322e-01 -2.233940826871075314e-01 -9.140559455848757953e-01 2.710533726328642201e-01
-2.561452312092086792e-01 4.309638880178716380e-02 -3.271472566387705894e-01 2.027736531367970441e-01 -2.232895627309395281e-01 -9.140992945714512263e-01 2.710112477978708356e-01
-2.561455029117808979e-01 4.309713137716646159e-02 -3.271487422386276656e-01 2.028018308383755519e-01 -2.232757536401158149e-01 -9.141079849843394278e-01 2.709722255747110120e-01
-2.561386327089699155e-01 4.304437686981722744e-02 -3.271140933891282798e-01 2.027135297403816483e-01 -2.232440069272969563e-01 -9.141004752983443726e-01 2.710897624230421687e-01
-2.561388492237402503e-01 4.304589264353857192e-02 -3.271173524488955597e-01 2.027456675448318091e-01 -2.232232147475471939e-01 -9.141228542545136726e-01 2.710073763187121343e-01
-2.561390188336103990e-01 4.304657977095256716e-02 -3.271187862937891544e-01 2.027654828427603584e-01 -2.232123098461950006e-01 -9.141320535477137632e-01 2.709705009356334071e-01
-2.561425535532833031e-01 4.303460649420474959e-02 -3.270806543021338442e-01 2.027026166837746779e-01 -2.232497668041321104e-01 -9.141039259824212948e-01 2.710815436634799180e-01
-2.561431807511528880e-01 4.303598834948442475e-02 -3.270832617553360855e-01 2.027622161419188884e-01 -2.232219340621393044e-01 -9.141184456587724272e-01 2.710109207488980987e-01
-2.561433970345827760e-01 4.303667404984895528e-02 -3.270846581645501794e-01 2.027842762327408677e-01 -2.232105560014745471e-01 -9.141271349304728178e-01 2.709744751560210219e-01
-2.561323893471975643e-01 4.306474417487687889e-02 -3.271037370974706482e-01 2.027191355099504655e-01 -2.232052842474994137e-01 -9.141102741673508003e-01 2.710844146087745266e-01
-2.561326086803832336e-01 4.306638932722650637e-02 -3.271071836460175408e-01 2.027525834360468238e-01 -2.231836170241879302e-01 -9.141340909848000296e-01 2.709969127156298674e-01
-2.561328684334752692e-01 4.306709301164383941e-02 -3.271085507763317746e-01 2.027786873037308035e-01 -2.231708474037409351e-01 -9.141421742496279590e-01 2.709606283256569825e-01
-2.560913340893785084e-01 4.306254028365825992e-02 -3.271336435452408264e-01 2.027286057179025491e-01 -2.231844785340983961e-01 -9.141144481016638679e-01 2.710803879607085465e-01
-2.560915506895961036e-01 4.306399456400104853e-02 -3.271366440176642909e-01 2.027612683297343454e-01 -2.231643338444329050e-01 -9.141348027955186195e-01 2.710038938522584262e-01
-2.560918237009388032e-01 4.306479960349982039e-02 -3.271381833174631937e-01 2.027899544153599631e-01 -2.231500803961101731e-01 -9.141440415435597711e-01 2.709629999055814253e-01
-2.560723316529183169e-01 4.303389557423457912e-02 -3.271158205618487913e-01 2.027322137947434322e-01 -2.232160731554028721e-01 -9.141080333063733576e-01 2.710733067266462015e-01
-2.560727149112054790e-01 4.303623508190633495e-02 -3.271205599981638623e-01 2.027871710641722669e-01 -2.231832894018089819e-01 -9.141399893076922467e-01 2.709514025284068262e-01
-2.560729310254706292e-01 4.303009607212708587e-02 -3.271204989856756340e-01 2.027300216001591271e-01 -2.232091685025696104e-01 -9.141100949504605833e-01 2.710736795560393375e-01
-2.560731956571569712e-01 4.303215679125510507e-02 -3.271247807511239447e-01 2.027739039509637298e-01 -2.231813544425086948e-01 -9.141395488477244147e-01 2.709644112022300266e-01
-2.560698937433060207e-01 4.300507561983438198e-02 -3.271281142290287103e-01 2.027200731160038183e-01 -2.232026852405211148e-01 -9.141135143400660468e-01 2.710749272030094081e-01
-2.560702603621828333e-01 4.300728124019108367e-02 -3.271326177817109881e-01 2.027714577579837196e-01 -2.231718504087721322e-01 -9.141440173585491102e-01 2.709589943725788652e-01
-2.561038165278601841e-01 4.304416281144246570e-02 -3.271200167932105662e-01 2.027266143922281660e-01 -2.232707945646205117e-01 -9.141016161389290406e-01 2.710540674547161633e-01
-2.561043101008942391e-01 4.304618642408085394e-02 -3.271240950530419633e-01 2.027834360249684553e-01 -2.232393003085144101e-01 -9.141282020027681199e-01 2.709478237130883982e-01
-2.560840320076038790e-01 4.302715694662413715e-02 -3.271097976705520383e-01 2.027223993505647970e-01 -2.232806618701927426e-01 -9.141027763829510100e-01 2.710451789745387252e-01
-2.560846928763413355e-01 4.302935308925619207e-02 -3.271140429868120147e-01 2.027939684962236366e-01 -2.232436639528043720e-01 -9.141292962771626618e-01 2.709326531341311739e-01
-2.561568321325705111e-01 4.302663452332214367e-02 -3.270924942533840474e-01 2.027635693199452693e-01 -2.233622422107917616e-01 -9.140972304763901324e-01 2.709658593745654653e-01
-2.561422573668766245e-01 4.305913514630564654e-02 -3.270702780875110460e-01 2.027580087536297038e-01 -2.232809446870608894e-01 -9.141175642311700766e-01 2.709684269245944410e-01
-2.561424859105186913e-01 4.305971963257569646e-02 -3.270714079444678735e-01 2.027800502710652153e-01 -2.232701071994919184e-01 -9.141243022138172414e-01 2.709381304750096975e-01
-2.561795780783064358e-01 4.305568011498445147e-02 -3.270328465267415274e-01 2.027056213890182645e-01 -2.232968477525122397e-01 -9.141057138306407648e-01 2.710344863357024847e-01
