repeatability libsurvive; 20211016-000910; x y z w i j k;  frequency = 150 duration = 2 sys.args = ['repeatability.py']
-2.558515309413214589e-01 4.280802407852436764e-02 -3.278614603525267235e-01 -2.037264603479027048e-01 2.265564264800082328e-01 9.132922711433593133e-01 -2.703052763904687517e-01
-2.558515309413214589e-01 4.280802407852436764e-02 -3.278614603525267235e-01 -2.037264603479027048e-01 2.265564264800082328e-01 9.132922711433593133e-01 -2.703052763904687517e-01
-2.558515309413214589e-01 4.280802407852436764e-02 -3.278614603525267235e-01 -2.037264603479027048e-01 2.265564264800082328e-01 9.132922711433593133e-01 -2.703052763904687517e-01
-2.558518098152550158e-01 4.280912338752902724e-02 -3.278621852141453408e-01 -2.037453367167695317e-01 2.265468762891148513e-01 9.132991103877082795e-01 -2.702759433890398189e-01
-2.558464078515380602e-01 4.273172959812970850e-02 -3.278660397428266871e-01 -2.036915435744670877e-01 2.264724442329219545e-01 9.133128303199256059e-01 -2.703325009177102722e-01
-2.558466131599148596e-01 4.273261413467802083e-02 -3.278672124649986142e-01 -2.037135118289774560e-01 2.264605638779949026e-01 9.133211290902953916e-01 -2.702978602645489947e-01
-2.558466131599148596e-01 4.273261413467802083e-02 -3.278672124649986142e-01 -2.037135118289774560e-01 2.264605638779949026e-01 9.133211290902953916e-01 -2.702978602645489947e-01
-2.558466131599148596e-01 4.273261413467802083e-02 -3.278672124649986142e-01 -2.037135118289774560e-01 2.264605638779949026e-01 9.133211290902953916e-01 -2.702978602645489947e-01
-2.558466131599148596e-01 4.273261413467802083e-02 -3.278672124649986142e-01 -2.037135118289774560e-01 2.264605638779949026e-01 9.133211290902953916e-01 -2.702978602645489947e-01
-2.560231538931660999e-01 4.281727585843113359e-02 -3.276555516592470907e-01 -2.035866824748383819e-01 2.264214704546047563e-01 9.133187691588400270e-01 -2.704341072021892445e-01
-2.559115548164718201e-01 4.268972885337736500e-02 -3.277686477191911196e-01 -2.035905581839067557e-01 2.262600175479166920e-01 9.133472676592011563e-01 -2.704700680982154437e-01
-2.559773013309254441e-01 4.267636781142605806e-02 -3.277157034598423557e-01 -2.034597794001501148e-01 2.262877559902489732e-01 9.133103895975853703e-01 -2.706697284670865900e-01
-2.559776930097416581e-01 4.267880513348494553e-02 -3.277196411884911176e-01 -2.035215250612337212e-01 2.262512112446825596e-01 9.133379073075975629e-01 -2.705609826306107912e-01
-2.559781501265571135e-01 4.268080863337246622e-02 -3.277227567818735698e-01 -2.035837501149168061e-01 2.262174733252708680e-01 9.133584462411412641e-01 -2.704730303217788290e-01
-2.559781501265571135e-01 4.268080863337246622e-02 -3.277227567818735698e-01 -2.035837501149168061e-01 2.262174733252708680e-01 9.133584462411412641e-01 -2.704730303217788290e-01
-2.559781501265571135e-01 4.268080863337246622e-02 -3.277227567818735698e-01 -2.035837501149168061e-01 2.262174733252708680e-01 9.133584462411412641e-01 -2.704730303217788290e-01
-2.559781501265571135e-01 4.268080863337246622e-02 -3.277227567818735698e-01 -2.035837501149168061e-01 2.262174733252708680e-01 9.133584462411412641e-01 -2.704730303217788290e-01
-2.560227597446504966e-01 4.276628071565778677e-02 -3.277002658771079324e-01 -2.034286281755855463e-01 2.262077635764374595e-01 9.133329181270579689e-01 -2.706839884475230606e-01
-2.560125063782565658e-01 4.277766668897151070e-02 -3.276791648438754367e-01 -2.033320662947423474e-01 2.262234559122637823e-01 9.133082792714951603e-01 -2.708265234897850315e-01
-2.560129224917207513e-01 4.278098669989069402e-02 -3.276854373931293862e-01 -2.034186139959144046e-01 2.261690246470249854e-01 9.133514379586084031e-01 -2.706613946412325111e-01
-2.560288242216834931e-01 4.280929107601401384e-02 -3.276818539856336532e-01 -2.033152916441851865e-01 2.262075212735829566e-01 9.133189497937194146e-01 -2.708164423564399792e-01
-2.560293583268323236e-01 4.281156793338986022e-02 -3.276857384705877396e-01 -2.033932262244147193e-01 2.261650253906828945e-01 9.133435832688758804e-01 -2.707103169767013373e-01
-2.560295897488890082e-01 4.281247974068105866e-02 -3.276873007101429036e-01 -2.034260159199832996e-01 2.261475296737943674e-01 9.133532769589217670e-01 -2.706675864187696456e-01
-2.560073073540721222e-01 4.281082732316181250e-02 -3.277155788033281336e-01 -2.034030271292547876e-01 2.262267344737357577e-01 9.133330360996518849e-01 -2.706869748122310293e-01
-2.560965996589793514e-01 4.292603459341112759e-02 -3.275755392380942932e-01 -2.033650183647028875e-01 2.262059612301730027e-01 9.133421002890436124e-01 -2.707023092791341345e-01
-2.560238664419402510e-01 4.285287564721640408e-02 -3.276483760061693062e-01 -2.033383135380839035e-01 2.261925738953491360e-01 9.133297570067582249e-01 -2.707751922316014581e-01
-2.560241445167061314e-01 4.285498310177204839e-02 -3.276520502309383520e-01 -2.033866672295624733e-01 2.261615336428793865e-01 9.133558878598009301e-01 -2.706766454746082351e-01
-2.561106574528353441e-01 4.302088475759532904e-02 -3.275635385191951743e-01 -2.033880946926319155e-01 2.261833973660478114e-01 9.133334410411254600e-01 -2.707330404092383458e-01
-2.559971200017849835e-01 4.290711340000742668e-02 -3.276891705027806800e-01 -2.033725378001028650e-01 2.261342176233152035e-01 9.133293786144254245e-01 -2.707995063666555069e-01
-2.559972499200345863e-01 4.290979152360446802e-02 -3.276939006732705884e-01 -2.034138325116990054e-01 2.261014372289387730e-01 9.133655038574041152e-01 -2.706739906034955068e-01
-2.560980406562110012e-01 4.298136315746577119e-02 -3.275816466183958386e-01 -2.033969761787403907e-01 2.261181537100352412e-01 9.133545358325136920e-01 -2.707097015592224154e-01
-2.559851803894590550e-01 4.287050850844106864e-02 -3.277007979552855055e-01 -2.033969930950485228e-01 2.260982046613707608e-01 9.133369859539915980e-01 -2.707855519359849139e-01
-2.559854301219885997e-01 4.287305127749023448e-02 -3.277051137363407585e-01 -2.034448209840722388e-01 2.260645893015877372e-01 9.133692287856740588e-01 -2.706689087910288949e-01
-2.560947992444813082e-01 4.296836082732816142e-02 -3.275513036848580750e-01 -2.033755148916349675e-01 2.260295807244852573e-01 9.133903186620193626e-01 -2.706790615370361364e-01
-2.559878712330759809e-01 4.287364819987141140e-02 -3.276595747610703269e-01 -2.033718377554456502e-01 2.261113937117125161e-01 9.133545755926099075e-01 -2.707340992297849747e-01
-2.559882987332692816e-01 4.287598646964160820e-02 -3.276632109933452219e-01 -2.034286369184856169e-01 2.260774390742611439e-01 9.133805127189519313e-01 -2.706322601028470776e-01
-2.559883833225161665e-01 4.287723476939872547e-02 -3.276653232281052652e-01 -2.034491131136180186e-01 2.260620867424823488e-01 9.133966286273766944e-01 -2.705752947389299945e-01
-2.559842942474209737e-01 4.285531608121187497e-02 -3.276533103140992775e-01 -2.033696443411618371e-01 2.261006710399853792e-01 9.133634000411010589e-01 -2.707149308427171386e-01
-2.559847679571559120e-01 4.285730961364284108e-02 -3.276562644916888312e-01 -2.034256436685283886e-01 2.260695807291310255e-01 9.133837924971159872e-01 -2.706300053035234354e-01
-2.560700163685181163e-01 4.297412839363606851e-02 -3.275365807987919986e-01 -2.033881832989140603e-01 2.260954058747871587e-01 9.133808962280243193e-01 -2.706463610366366401e-01
-2.559629796217127162e-01 4.287512526005661517e-02 -3.276510261525148460e-01 -2.033910820685129739e-01 2.261126607963210855e-01 9.133634097684285580e-01 -2.706887771201396675e-01
-2.559631006018038835e-01 4.287768306328469670e-02 -3.276552137248774921e-01 -2.034280595705695582e-01 2.260834665959542411e-01 9.133961683702784828e-01 -2.705748146406141696e-01
-2.559632835730293321e-01 4.287899657846726276e-02 -3.276572296973534471e-01 -2.034554977414090859e-01 2.260659452257309243e-01 9.134111781516789375e-01 -2.705181481445453340e-01
-2.559826375241995855e-01 4.287297829053816900e-02 -3.276064384579598920e-01 -2.033822459635234448e-01 2.261623622227032504e-01 9.133685608122836808e-01 -2.706365091046976090e-01
-2.559827528862312906e-01 4.287550271313851635e-02 -3.276105390553029628e-01 -2.034175509790196734e-01 2.261342834576010041e-01 9.134008459056623952e-01 -2.705244545279331669e-01
-2.559830318586494013e-01 4.287653091098808655e-02 -3.276119682468173755e-01 -2.034481282085859599e-01 2.261179794921842623e-01 9.134106020462344766e-01 -2.704821446016916764e-01
-2.559891376087043979e-01 4.287320091683669010e-02 -3.275815082602430706e-01 -2.033464982201615978e-01 2.261555140687001031e-01 9.133815526074253732e-01 -2.706252472966427236e-01
-2.559896243022969919e-01 4.287560230738518552e-02 -3.275849751851358516e-01 -2.034049674363710980e-01 2.261217500011671877e-01 9.134065878536673511e-01 -2.705250056171125683e-01
-2.560538447168747567e-01 4.297897352418213190e-02 -3.274843320398604374e-01 -2.033675689560391908e-01 2.260957481549785153e-01 9.134101602084037097e-01 -2.705627908475393140e-01
-2.559614130635499141e-01 4.289213401950815741e-02 -3.275804784270230363e-01 -2.033428150911153198e-01 2.261047642728420404e-01 9.133963082821844326e-01 -2.706206184687703908e-01
-2.559617196887671864e-01 4.289435699184562800e-02 -3.275837485910233493e-01 -2.033879493544004102e-01 2.260762320782274126e-01 9.134208282730782447e-01 -2.705277616505318283e-01
-2.560436142344703070e-01 4.299849665155019984e-02 -3.274652154103208090e-01 -2.033718263481860411e-01 2.260997504726311447e-01 9.134162665792046054e-01 -2.705356298762227052e-01
-2.559767859677227198e-01 4.293654474815442046e-02 -3.275305977384255218e-01 -2.033569416874038971e-01 2.261094276245222967e-01 9.134021445515777549e-01 -2.705864064128782331e-01
-2.559770294375050548e-01 4.293900371111863956e-02 -3.275342279904229770e-01 -2.033989242185572643e-01 2.260807865450900622e-01 9.134302412035270047e-01 -2.704839182590222935e-01
-2.560535118806784860e-01 4.304544753919223310e-02 -3.274966099453227031e-01 -2.033668496776039614e-01 2.260476231306684514e-01 9.134413695635272834e-01 -2.704981717111770156e-01
-2.559625196097702893e-01 4.296236021274357775e-02 -3.275927055501633989e-01 -2.033491715213764095e-01 2.260623548327033161e-01 9.134267555210560108e-01 -2.705484955924530865e-01
-2.559628812121129138e-01 4.296441365525824341e-02 -3.275955912520501223e-01 -2.033949755317571162e-01 2.260350632240186730e-01 9.134479310591449019e-01 -2.704653607497962131e-01
-2.559627785011451828e-01 4.296574357743661310e-02 -3.275977870123175095e-01 -2.034035081316234173e-01 2.260235553165767519e-01 9.134662006014506730e-01 -2.704068521331390307e-01
-2.560132569445543460e-01 4.306724697166998406e-02 -3.275843350894901973e-01 -2.033136317459109665e-01 2.260115072968695848e-01 9.134485515695898172e-01 -2.705440987179420498e-01
-2.560137110704091556e-01 4.306926933888577391e-02 -3.275870429113045268e-01 -2.033617720549763253e-01 2.259844299851505589e-01 9.134680639464431984e-01 -2.704646431992229760e-01
-2.560139446356712867e-01 4.307029377539083048e-02 -3.275884073422968834e-01 -2.033875424292621026e-01 2.259700410601016562e-01 9.134777785005498973e-01 -2.704244743243134907e-01
-2.560008446519482783e-01 4.304773975214651327e-02 -3.275736075501901046e-01 -2.032874116068727477e-01 2.259336303685983705e-01 9.134718526219953727e-01 -2.705501754166553252e-01
-2.560011131771947057e-01 4.304982004946476815e-02 -3.275765340817189952e-01 -2.033239781891121312e-01 2.259097647266544717e-01 9.134943105593331669e-01 -2.704667866305018875e-01
-2.560887057556043289e-01 4.314015902975580630e-02 -3.274903251152245787e-01 -2.032621228429080940e-01 2.258118796991329114e-01 9.135259351438200781e-01 -2.704882071805494448e-01
-2.559843246137962214e-01 4.304496819634018312e-02 -3.275997707242317980e-01 -2.032558107858408181e-01 2.258184072950201737e-01 9.135078839802805994e-01 -2.705484581630456797e-01
-2.559846258320287449e-01 4.304732629915795916e-02 -3.276030204628941345e-01 -2.032979752111070959e-01 2.257912629986140174e-01 9.135327372134051105e-01 -2.704554988679996885e-01
-2.559850354645805681e-01 4.304818431966596359e-02 -3.276039260115534701e-01 -2.033319547100772007e-01 2.257759042337212918e-01 9.135378426663296469e-01 -2.704255300036830234e-01
-2.559905779592023811e-01 4.308006784539850087e-02 -3.276074112412512562e-01 -2.032380591584758145e-01 2.257093657920812291e-01 9.135345111877439805e-01 -2.705628769291937852e-01
-2.559908322060960306e-01 4.308257574298672565e-02 -3.276108756762031171e-01 -2.032773964203737349e-01 2.256826691469316359e-01 9.135614351976939496e-01 -2.704646688031553392e-01
-2.560784087069620796e-01 4.313552915283619393e-02 -3.275073455437716996e-01 -2.032532719462903092e-01 2.257022271742323838e-01 9.135594745869419775e-01 -2.704731012210812580e-01
-2.559793269603938271e-01 4.305300898016208022e-02 -3.276057076035755466e-01 -2.032608641888710710e-01 2.257771860161374433e-01 9.135270912334081395e-01 -2.705142084003283043e-01
-2.559795256116236817e-01 4.305517227144442516e-02 -3.276087869688478760e-01 -2.032942672953985397e-01 2.257540103386712627e-01 9.135510464730860480e-01 -2.704275377781699130e-01
-2.561084310347181425e-01 4.311415639824180135e-02 -3.275167689073832378e-01 -2.032696995373312887e-01 2.257647684068112559e-01 9.135495383956113713e-01 -2.704421185640050740e-01
-2.560235170905341695e-01 4.304403738032741566e-02 -3.276004306511625108e-01 -2.032565674258077770e-01 2.258425366474421936e-01 9.135175567907793948e-01 -2.704950829015786429e-01
-2.560239289522974748e-01 4.304589343300180282e-02 -3.276029343899618529e-01 -2.032983082643246564e-01 2.258187439105084904e-01 9.135356871452218197e-01 -2.704223383296047722e-01
-2.561114873058108476e-01 4.305187266678688063e-02 -3.274639509027026940e-01 -2.032801289816677515e-01 2.258347564631484894e-01 9.135279589810562095e-01 -2.704487383855441185e-01
-2.560266367799982068e-01 4.297804338406042979e-02 -3.275534555719169516e-01 -2.032724297784619105e-01 2.258656674818624865e-01 9.135067019817003642e-01 -2.705005082794663673e-01
-2.560271706518593149e-01 4.297987644635245519e-02 -3.275558368623492922e-01 -2.033212566570304913e-01 2.258398184514521234e-01 9.135233118553145459e-01 -2.704292914795269898e-01
-2.561270082824891325e-01 4.304096253493712443e-02 -3.274620925310315345e-01 -2.033009754945251102e-01 2.258258729484206584e-01 9.135214484828548809e-01 -2.704624773084890466e-01
-2.560642758334916724e-01 4.298288237971323311e-02 -3.275296458615671313e-01 -2.032894834354984082e-01 2.257950580308712984e-01 9.135300881030761211e-01 -2.704676613270974306e-01
-2.560646865075874024e-01 4.298475518548901253e-02 -3.275322384757936023e-01 -2.033309335604143731e-01 2.257709971320727704e-01 9.135490776010871672e-01 -2.703924391059090993e-01
-2.560814655286179908e-01 4.296036679127591962e-02 -3.275319810115455144e-01 -2.032477958151593933e-01 2.257706816750637557e-01 9.135376224776106113e-01 -2.704938910774342675e-01
-2.560816547840709112e-01 4.296126132882560622e-02 -3.275332332031772320e-01 -2.032660509445905483e-01 2.257598398795211403e-01 9.135468983063580461e-01 -2.704578928887027556e-01
-2.560822799217448709e-01 4.296316935920278801e-02 -3.275356983909327169e-01 -2.033198076430716983e-01 2.257319953020994197e-01 9.135638010671301990e-01 -2.703836228337322956e-01
-2.560779315883743301e-01 4.295627920606646943e-02 -3.275215578660427562e-01 -2.032580616754287028e-01 2.257277286685238082e-01 9.135462313476817586e-01 -2.704929501198595210e-01
-2.560781855376762506e-01 4.295720491570952093e-02 -3.275227923264147911e-01 -2.032805205154396277e-01 2.257154695782218057e-01 9.135550648563199871e-01 -2.704564664551756814e-01
-2.560787266824102182e-01 4.295894700125939270e-02 -3.275250986534929964e-01 -2.033273123025229057e-01 2.256907813030799015e-01 9.135711040951280948e-01 -2.703877087980264826e-01
-2.560344789797470155e-01 4.297925338923176686e-02 -3.275826612909520930e-01 -2.032656790678822045e-01 2.256876567761285646e-01 9.135502597246796253e-01 -2.705070576693762718e-01
-2.560347867812980960e-01 4.298013692393318208e-02 -3.275837685427859802e-01 -2.032915983959076300e-01 2.256746736873656567e-01 9.135577056262753626e-01 -2.704732633156065602e-01
-2.560352736209078328e-01 4.298209045772277692e-02 -3.275863861216148920e-01 -2.033375260893375280e-01 2.256493802384618164e-01 9.135764920449416238e-01 -2.703963773143509552e-01
-2.560426433308736205e-01 4.297465733463279314e-02 -3.275621350105470397e-01 -2.032554027664592033e-01 2.257026765445749872e-01 9.135460322038770897e-01 -2.705165246180207816e-01
-2.560430061625077469e-01 4.297561430622710843e-02 -3.275632915182264404e-01 -2.032850288777068026e-01 2.256881263331690368e-01 9.135536873178216055e-01 -2.704805483845839076e-01
-2.560435139385991432e-01 4.297752717439143333e-02 -3.275658163409206347e-01 -2.033320323962513887e-01 2.256626617343097108e-01 9.135716291677687950e-01 -2.704058543751320931e-01
-2.560435139385991432e-01 4.297752717439143333e-02 -3.275658163409206347e-01 -2.033320323962513887e-01 2.256626617343097108e-01 9.135716291677687950e-01 -2.704058543751320931e-01
-2.560434589269771077e-01 4.302546854109580432e-02 -3.275842637333956087e-01 -2.033051867254768441e-01 2.256821830094043468e-01 9.135476952322070243e-01 -2.704905947691181867e-01
-2.560438521822479552e-01 4.302743322674648652e-02 -3.275869461231046831e-01 -2.033463032090882527e-01 2.256580032159779536e-01 9.135675535504225175e-01 -2.704127801263671027e-01
-2.560438521822479552e-01 4.302743322674648652e-02 -3.275869461231046831e-01 -2.033463032090882527e-01 2.256580032159779536e-01 9.135675535504225175e-01 -2.704127801263671027e-01
-2.560738471454224174e-01 4.309566960061966823e-02 -3.275550570782742588e-01 -2.033113430905921781e-01 2.256967895096371746e-01 9.135483565181217180e-01 -2.704715461537144372e-01
-2.560741423571792907e-01 4.309764570441312892e-02 -3.275578271887213955e-01 -2.033453594605675596e-01 2.256750133556294502e-01 9.135695626378175227e-01 -2.703925060990703400e-01
-2.560752311228297051e-01 4.309660266590337185e-02 -3.275005578117371474e-01 -2.032662338030860050e-01 2.256775399031383800e-01 9.135476861262771253e-01 -2.705237722495036357e-01
-2.560755114070600302e-01 4.309758379961453612e-02 -3.275018047042473346e-01 -2.032910424083767542e-01 2.256644231233487785e-01 9.135565747748047860e-01 -2.704860530575434185e-01
-2.560757255785237052e-01 4.309944804068266411e-02 -3.275044757450444877e-01 -2.033198574729327412e-01 2.256449175171346133e-01 9.135772946839391118e-01 -2.704106754435686710e-01
-2.560709376401695825e-01 4.312261896630074920e-02 -3.274899031361799828e-01 -2.032585723519702570e-01 2.257050928472345008e-01 9.135449432154603144e-01 -2.705158046283460127e-01
-2.560709585477215500e-01 4.312367037607238440e-02 -3.274914558595731773e-01 -2.032687385919743905e-01 2.256960169498744562e-01 9.135575703195901731e-01 -2.704730921107614816e-01
-2.560713561532602656e-01 4.312539061356521208e-02 -3.274937410857786668e-01 -2.033066713268348591e-01 2.256747080072415979e-01 9.135743135931189141e-01 -2.704058007933815011e-01
-2.560733491422042540e-01 4.314840927393866210e-02 -3.274804528108088419e-01 -2.032396671228516305e-01 2.257138080807138958e-01 9.135520425977665671e-01 -2.704987615774676057e-01
-2.560735455795697391e-01 4.314927695303616417e-02 -3.274815931918657053e-01 -2.032588813207951706e-01 2.257029865533564106e-01 9.135603981958002606e-01 -2.704651324541578750e-01
-2.560737706480922249e-01 4.315151938735820036e-02 -3.274847591820536086e-01 -2.032919287505058903e-01 2.256801766253483943e-01 9.135851736001665557e-01 -2.703756278979381200e-01
-2.560902603880950701e-01 4.313032431639410302e-02 -3.274551305154335679e-01 -2.032191869551610575e-01 2.256942794141179043e-01 9.135663220555234609e-01 -2.704822166039186904e-01
-2.560905157353803863e-01 4.313134446955842194e-02 -3.274564458831902281e-01 -2.032424891237693265e-01 2.256815141260949953e-01 9.135759265494158843e-01 -2.704429167604572859e-01
-2.560909505854685464e-01 4.313300798763672339e-02 -3.274586284404056857e-01 -2.032825241087305723e-01 2.256597688624581433e-01 9.135916030472381877e-01 -2.703780075200330479e-01
-2.560997860192489872e-01 4.311955841654731281e-02 -3.274302405901501900e-01 -2.032084545918285690e-01 2.256177771687403188e-01 9.135837784426450447e-01 -2.704951429772767812e-01
-2.560999615377207439e-01 4.312049143694071662e-02 -3.274314996909952202e-01 -2.032261800914837713e-01 2.256071867786947349e-01 9.135932873414860378e-01 -2.704585408594152307e-01
-2.561005264469222165e-01 4.312262502130656538e-02 -3.274342129805664636e-01 -2.032778708498382825e-01 2.255794411351072504e-01 9.136127910836380206e-01 -2.703769423014725781e-01
-2.561064258291811946e-01 4.308057607279515422e-02 -3.274299281889094249e-01 -2.032169845024345001e-01 2.255733163934168228e-01 9.135935792967101454e-01 -2.704927134117271481e-01
-2.561067590909067437e-01 4.308156604564521153e-02 -3.274311475674304139e-01 -2.032437176252900879e-01 2.255598503321261106e-01 9.136020442210281978e-01 -2.704552642474511437e-01
-2.561073109279070059e-01 4.308351290188473792e-02 -3.274336573817109297e-01 -2.032914659007849512e-01 2.255345055155443812e-01 9.136199482046507558e-01 -2.703800232197270947e-01
-2.560833700297543425e-01 4.307640849745511535e-02 -3.274820504452772840e-01 -2.032098868566014904e-01 2.254806373781887974e-01 9.136193163365292635e-01 -2.704883895253650250e-01
-2.560836403408782713e-01 4.307730741351954717e-02 -3.274832062603929006e-01 -2.032326956915595506e-01 2.254687970944509456e-01 9.136274158846726667e-01 -2.704537629293012335e-01
-2.560843099370993525e-01 4.307901950486585363e-02 -3.274852879873961786e-01 -2.032864160617356974e-01 2.254428314373204123e-01 9.136409945568995106e-01 -2.703891563346773053e-01
-2.561169826734122079e-01 4.309335451720514021e-02 -3.274194069388471351e-01 -2.031893036223962890e-01 2.254104708931846668e-01 9.136350333006892921e-01 -2.705092464793149576e-01
-2.561172160952946419e-01 4.309428583532902424e-02 -3.274206306944837386e-01 -2.032104484631247487e-01 2.253987075146851593e-01 9.136439404818895715e-01 -2.704730787099713929e-01
-2.561175609226050143e-01 4.309599619558167338e-02 -3.274230081974133788e-01 -2.032435776297123464e-01 2.253790470571209181e-01 9.136616650318958310e-01 -2.704046877386612757e-01
-2.561000902360465181e-01 4.311974912610179456e-02 -3.274432350086711185e-01 -2.032036849638670373e-01 2.254430695001082841e-01 9.136242333565617324e-01 -2.705077541496905269e-01
-2.561004847271194373e-01 4.312053651964144196e-02 -3.274441068489027939e-01 -2.032325758784906122e-01 2.254299514990851794e-01 9.136294676517693336e-01 -2.704793021790357077e-01
-2.561011814176767376e-01 4.312233579675388284e-02 -3.274462585703027950e-01 -2.032872863487481530e-01 2.254036138088784114e-01 9.136436010397850360e-01 -2.704123894534314898e-01
-2.560831215093868352e-01 4.311858284567830768e-02 -3.274257667053661613e-01 -2.032464439221302044e-01 2.254124216270836367e-01 9.136167145312164006e-01 -2.705265645706689259e-01
-2.560834564661954027e-01 4.311967163564919825e-02 -3.274270943587991867e-01 -2.032745476147916341e-01 2.253980140965396450e-01 9.136260212943833059e-01 -2.704860195040272863e-01
-2.560838760749885035e-01 4.312148218068967420e-02 -3.274294954533630841e-01 -2.033139901811726880e-01 2.253758050208301555e-01 9.136435599295964494e-01 -2.704156306632378159e-01
-2.560827327711273083e-01 4.310656295994265419e-02 -3.273966087274645109e-01 -2.032504186331120510e-01 2.254147586817978888e-01 9.136160537957980221e-01 -2.705238624234188594e-01
-2.560828351536571512e-01 4.310766640553956308e-02 -3.273981822248346329e-01 -2.032656952296297559e-01 2.254038230807382526e-01 9.136284479195113661e-01 -2.704796347889931729e-01
-2.560834788130958994e-01 4.310917005839141891e-02 -3.273999418019058472e-01 -2.033152666344282822e-01 2.253806015915668648e-01 9.136396796857698677e-01 -2.704237831317327645e-01
-2.560828321106590755e-01 4.315014407893898174e-02 -3.274001853761243086e-01 -2.032619700763929060e-01 2.253931725648818385e-01 9.136185501413782717e-01 -2.705247384609526518e-01
-2.560829857073152471e-01 4.315123148770420858e-02 -3.274016954960307091e-01 -2.032802012178182571e-01 2.253815143221601924e-01 9.136301572242390145e-01 -2.704815494726131031e-01
-2.560833278960704118e-01 4.315336619668182216e-02 -3.274046524243374723e-01 -2.033184238666203569e-01 2.253578900741310398e-01 9.136526197372053515e-01 -2.703966167411692711e-01
-2.560982672842797014e-01 4.318714255323174989e-02 -3.273890707026790858e-01 -2.032428105016101938e-01 2.253845739691102690e-01 9.136326533314940157e-01 -2.704986664710627986e-01
-2.560984807951207087e-01 4.318824638276630434e-02 -3.273905483885802825e-01 -2.032642632045564834e-01 2.253719403324871973e-01 9.136437241472541437e-01 -2.704556768511522380e-01
-2.560989040371672298e-01 4.318973128843354992e-02 -3.273925016206069571e-01 -2.033003364177900785e-01 2.253529468130082147e-01 9.136575071715810070e-01 -2.703978220402657451e-01
-2.560989040371672298e-01 4.318973128843354992e-02 -3.273925016206069571e-01 -2.033003364177900785e-01 2.253529468130082147e-01 9.136575071715810070e-01 -2.703978220402657451e-01
-2.561255208885109269e-01 4.324539915354561059e-02 -3.273804024470594598e-01 -2.032491173000424423e-01 2.253361501004764733e-01 9.136469048345594590e-01 -2.704861346924804510e-01
-2.561258740857483840e-01 4.324706131651565033e-02 -3.273826668987166455e-01 -2.032833922675929827e-01 2.253161923058087379e-01 9.136636034880669666e-01 -2.704205901446711802e-01
-2.561145160634215601e-01 4.323560472946572086e-02 -3.273898320143377449e-01 -2.032312329783796390e-01 2.252921499990655496e-01 9.136511926587015386e-01 -2.705217389494204427e-01
-2.561147772002684286e-01 4.323668661100260602e-02 -3.273912339667400251e-01 -2.032547640619932761e-01 2.252791284656627258e-01 9.136614306386277029e-01 -2.704803233642528726e-01
-2.561153748688524412e-01 4.323826798627795898e-02 -3.273931418133289029e-01 -2.033018424949001590e-01 2.252563687370021106e-01 9.136740265914515824e-01 -2.704213421935518502e-01
-2.561017621377401077e-01 4.318752037442462333e-02 -3.274100408129618223e-01 -2.032531000481251626e-01 2.253005102189888920e-01 9.136457298402529403e-01 -2.705167975571235450e-01
-2.561019541858263748e-01 4.318849629865144368e-02 -3.274113845472905182e-01 -2.032717825537031231e-01 2.252894416600900729e-01 9.136557211681020085e-01 -2.704782303083190786e-01
-2.561022890780044747e-01 4.319021813747880856e-02 -3.274138003962865362e-01 -2.033046284031557183e-01 2.252699264486514030e-01 9.136736075849459793e-01 -2.704093694944464943e-01
-2.561317301975252203e-01 4.321327458386318987e-02 -3.273560479731381090e-01 -2.032216862365966992e-01 2.251856371559054493e-01 9.136750971487972439e-01 -2.705368586939296272e-01
-2.561318771153926477e-01 4.321420594732382214e-02 -3.273573601795666810e-01 -2.032373031707510602e-01 2.251756258406857891e-01 9.136850797276732106e-01 -2.704997434567567582e-01
-2.561324664914493843e-01 4.321608424597295217e-02 -3.273597428042716584e-01 -2.032854716824936681e-01 2.251508398109851594e-01 9.137015978667881733e-01 -2.704283757132606159e-01
-2.561694429896969050e-01 4.324465364506431542e-02 -3.273409202893787784e-01 -2.032142782105638701e-01 2.250986922252336542e-01 9.136944887180298291e-01 -2.705492878869714124e-01
-2.561694714903787751e-01 4.324562771402561123e-02 -3.273424338578696524e-01 -2.032233419020269549e-01 2.250902024731479267e-01 9.137066198326238009e-01 -2.705085709008315797e-01
-2.561697530844186943e-01 4.324748108565058813e-02 -3.273451573941181247e-01 -2.032527699379166608e-01 2.250708130497479642e-01 9.137272499103821222e-01 -2.704328999898120700e-01
-2.561955018501394510e-01 4.327849806215920692e-02 -3.273015391904532945e-01 -2.031702101559575702e-01 2.250518638966282348e-01 9.137204274481555144e-01 -2.705337404572625837e-01
-2.561957249276206050e-01 4.327922600270218967e-02 -3.273025088420575268e-01 -2.031882904557225922e-01 2.250422554599489922e-01 9.137271791342262972e-01 -2.705053492827624861e-01
-2.561962379277240576e-01 4.328111450586710762e-02 -3.273050538930240561e-01 -2.032317539160567732e-01 2.250186783304884974e-01 9.137452102318242009e-01 -2.704313949618332713e-01
-2.562334264130634032e-01 4.329205920982240330e-02 -3.272518247487516962e-01 -2.031635616652145426e-01 2.250542302049368670e-01 9.137268448841779911e-01 -2.705150894430350395e-01
-2.562336514778888463e-01 4.329297734785306218e-02 -3.272530914469035102e-01 -2.031827063457050109e-01 2.250433501445707751e-01 9.137360733753758790e-01 -2.704785880810030574e-01
-2.562339481614768211e-01 4.329495710100617067e-02 -3.272560045906791060e-01 -2.032141988373646069e-01 2.250224678266501410e-01 9.137582583871632913e-01 -2.703973439095699871e-01
-2.562542037832645780e-01 4.327968773930626623e-02 -3.272075601519877641e-01 -2.031696773501070474e-01 2.250778403857685017e-01 9.137259937828992040e-01 -2.704937268370289916e-01
-2.562545131599218151e-01 4.328066875105800182e-02 -3.272088519045358579e-01 -2.031944986043457968e-01 2.250649090371310002e-01 9.137350232045887699e-01 -2.704553379512889544e-01
-2.563600548829881864e-01 4.333103760696502271e-02 -3.271216830898413530e-01 -2.031562363314624864e-01 2.250598964398716206e-01 9.137437598086778356e-01 -2.704587363440315029e-01
-2.562550126332152622e-01 4.324579263557880304e-02 -3.272286158942225853e-01 -2.031730064110938705e-01 2.250373734954875804e-01 9.137418244273985968e-01 -2.704714186161246703e-01
-2.562551405985979414e-01 4.324699753837636662e-02 -3.272304137026618154e-01 -2.031891628516954151e-01 2.250255948554052976e-01 9.137558396993703536e-01 -2.704217283705152020e-01
-2.563412642757956217e-01 4.330766077365794109e-02 -3.271558219213564489e-01 -2.031611676909540198e-01 2.250546649761185347e-01 9.137530774214315255e-01 -2.704279039185835676e-01
-2.562596595034452029e-01 4.323941196644913443e-02 -3.272416834685380471e-01 -2.031599848842680078e-01 2.250113882698546175e-01 9.137586980069392073e-01 -2.704458125158532011e-01
-2.562597995733323364e-01 4.324019099662049226e-02 -3.272428581893959132e-01 -2.031728841963478249e-01 2.250030622032049843e-01 9.137675284701081146e-01 -2.704132116597640079e-01
-2.563639484346611486e-01 4.332596545309638780e-02 -3.271858140984686969e-01 -2.031571827957631138e-01 2.249962609544109982e-01 9.137644671582244582e-01 -2.704410105625062455e-01
-2.562708612618793125e-01 4.325027201793626985e-02 -3.272812347271179534e-01 -2.031694360786207298e-01 2.249623309209143884e-01 9.137666291477608560e-01 -2.704527266752222991e-01
-2.562710876889729428e-01 4.325117664909723658e-02 -3.272825412203924644e-01 -2.031882413520381403e-01 2.249516310045112655e-01 9.137760382839750228e-01 -2.704157061687052499e-01
-2.563458771029260008e-01 4.327300866661107359e-02 -3.271924330333820241e-01 -2.031518078592796928e-01 2.249325373543418216e-01 9.137841313813723776e-01 -2.704316139774243788e-01
-2.562774950272294627e-01 4.322224976419397624e-02 -3.272593453836538102e-01 -2.031590964718915648e-01 2.249485923646907248e-01 9.137806878574605829e-01 -2.704244197786417891e-01
-2.562778991927202599e-01 4.322384264095695261e-02 -3.272617094539599369e-01 -2.031933820136071489e-01 2.249290274200413386e-01 9.137975823250102936e-01 -2.703578381824959243e-01
-2.563800193694595331e-01 4.328002231470971795e-02 -3.271695698346440695e-01 -2.031437906858279407e-01 2.249349337743356547e-01 9.137898918644455915e-01 -2.704161781404590958e-01
-2.563106777895423072e-01 4.322844268606380880e-02 -3.272336513353876764e-01 -2.031517096703941982e-01 2.249594847455528845e-01 9.137817113029345073e-01 -2.704174498239554358e-01
-2.563109418593548239e-01 4.323006096168592605e-02 -3.272361926822124345e-01 -2.031779559071694163e-01 2.249419048351603001e-01 9.138007805544056117e-01 -2.703479075944053012e-01
-2.563813445743742259e-01 4.331385495421238851e-02 -3.271631630612554242e-01 -2.031036801886030030e-01 2.248652654945094698e-01 9.138178939608845308e-01 -2.704096228776321498e-01
-2.563046331609449280e-01 4.326179654494025084e-02 -3.272358452869310041e-01 -2.031152558508367290e-01 2.249348304089248130e-01 9.137991454912530731e-01 -2.704064285645096377e-01
-2.563050260234074340e-01 4.326352384067866375e-02 -3.272384385199066381e-01 -2.031508989333237480e-01 2.249141262330180413e-01 9.138177600529415745e-01 -2.703339591972210298e-01
-2.563599736391705131e-01 4.334118039037634929e-02 -3.271641784978206458e-01 -2.031093816770112026e-01 2.249352983162198338e-01 9.138061289296368628e-01 -2.703868513386095684e-01
-2.563034947388584950e-01 4.329864477720450633e-02 -3.272176707379976235e-01 -2.031164949997251723e-01 2.249411036460700064e-01 9.138012027164865714e-01 -2.703933269580021670e-01
-2.563037309937627461e-01 4.330053158812523229e-02 -3.272206349794699598e-01 -2.031454008487306728e-01 2.249213121629403123e-01 9.138235126114409024e-01 -2.703126657176783132e-01
-2.563655702564267003e-01 4.338381562923791790e-02 -3.271508179641227643e-01 -2.030945445334707000e-01 2.249237682044222253e-01 9.138198320650166018e-01 -2.703612749676446159e-01
-2.562978331948000399e-01 4.333439374993199034e-02 -3.272152332042504441e-01 -2.031168603137071538e-01 2.249424168550527292e-01 9.138068962100921455e-01 -2.703727179184089446e-01
-2.562980416318050847e-01 4.333609196509334571e-02 -3.272179043186229652e-01 -2.031431487459677832e-01 2.249245596403534608e-01 9.138268790469713521e-01 -2.703002751005600945e-01
-2.563665728348268891e-01 4.341473204460952195e-02 -3.271604262534874019e-01 -2.031058057365281444e-01 2.249498721271790402e-01 9.138149424255281872e-01 -2.703476238214609917e-01
-2.562899468594327379e-01 4.336036142847768393e-02 -3.272372892858652071e-01 -2.031140632211924646e-01 2.249814766845825154e-01 9.138016976265517233e-01 -2.703598895646950329e-01
-2.562905095695127700e-01 4.336171789319519243e-02 -3.272391354808858455e-01 -2.031591843052194257e-01 2.249601821192057649e-01 9.138129973596427202e-01 -2.703055089152219259e-01
-2.563827943242044105e-01 4.341267449027713665e-02 -3.271376879568266283e-01 -2.031078761931972010e-01 2.249716112940132740e-01 9.138070523298438275e-01 -2.703546482905488380e-01
-2.562898981214132288e-01 4.333962888569760363e-02 -3.272318028074531204e-01 -2.031164588875425392e-01 2.249385314495295773e-01 9.138080708404641150e-01 -2.703722819838298985e-01
-2.562901810835589433e-01 4.334144934162478813e-02 -3.272346397184830447e-01 -2.031488659164914778e-01 2.249182198330683669e-01 9.138287988931177441e-01 -2.702947631337476730e-01
-2.562901810835589433e-01 4.334144934162478813e-02 -3.272346397184830447e-01 -2.031488659164914778e-01 2.249182198330683669e-01 9.138287988931177441e-01 -2.702947631337476730e-01
-2.562990744109671648e-01 4.333175636396129071e-02 -3.271883448599346433e-01 -2.030836320483213053e-01 2.248677565118802346e-01 9.138308379508286450e-01 -2.703788639769428848e-01
-2.562993431556958024e-01 4.333338115811592728e-02 -3.271908882033662813e-01 -2.031127915753484503e-01 2.248495823848181141e-01 9.138494232383124194e-01 -2.703092503908176569e-01
-2.563709362365746980e-01 4.338886650245510346e-02 -3.270954200429261327e-01 -2.030523973696156115e-01 2.248083988452519444e-01 9.138546621047338725e-01 -2.703711602233649924e-01
-2.562684204671594190e-01 4.331055213209650256e-02 -3.271975405512035362e-01 -2.030784185107499251e-01 2.247906436193352064e-01 9.138466600691019792e-01 -2.703934251362721808e-01
-2.562688547307138687e-01 4.331209394591750694e-02 -3.271997886506510245e-01 -2.031177236250704121e-01 2.247700389148944433e-01 9.138618522544672551e-01 -2.703296782626734007e-01
-2.563655788342262820e-01 4.333960760608873697e-02 -3.271110502448004165e-01 -2.030756708628823626e-01 2.247879627349828047e-01 9.138524073649558765e-01 -2.703782928903889493e-01
-2.562636659325548960e-01 4.326212553510873360e-02 -3.272136424467246285e-01 -2.031006492451901679e-01 2.247672422871157538e-01 9.138508286096586053e-01 -2.703820928247054334e-01
-2.562641912578774717e-01 4.326362248253709519e-02 -3.272157728318930703e-01 -2.031450232999373884e-01 2.247452631192259909e-01 9.138645289399658367e-01 -2.703207150021474936e-01
-2.562641912578774717e-01 4.326362248253709519e-02 -3.272157728318930703e-01 -2.031450232999373884e-01 2.247452631192259909e-01 9.138645289399658367e-01 -2.703207150021474936e-01
-2.562607716205723696e-01 4.324694597691541853e-02 -3.272203768758389919e-01 -2.031146073826196052e-01 2.247586685214435498e-01 9.138448502479947777e-01 -2.703989402114810869e-01
-2.562612717523023442e-01 4.324821565881530050e-02 -3.272221940396680684e-01 -2.031552457612971208e-01 2.247389882271879635e-01 9.138561423734062883e-01 -2.703466003793713601e-01
-2.563513465523732937e-01 4.328936921629095158e-02 -3.271238406518735542e-01 -2.031056765110407780e-01 2.247269727319616828e-01 9.138517773751182460e-01 -2.704085813802103444e-01
-2.562730586722058446e-01 4.322933667061214236e-02 -3.272006245114185141e-01 -2.031143711473772095e-01 2.247081088620144773e-01 9.138502553226285352e-01 -2.704228705043805747e-01
-2.562733695473315976e-01 4.323086277364253383e-02 -3.272030317624492479e-01 -2.031460340239830686e-01 2.246893774670585264e-01 9.138672956553498539e-01 -2.703570573248828546e-01
-2.563608900358634868e-01 4.327151280513297227e-02 -3.271023338765676192e-01 -2.031054703876071788e-01 2.247000990728006409e-01 9.138566719180016840e-01 -2.704145272840503544e-01
-2.562726243807345594e-01 4.320906874301498612e-02 -3.271883380877688707e-01 -2.031270662288728324e-01 2.247231053492396713e-01 9.138463886324525998e-01 -2.704139398604850641e-01
-2.562731614180505102e-01 4.321046767537872757e-02 -3.271903566982056200e-01 -2.031708699566393550e-01 2.247015545028843153e-01 9.138591588476642213e-01 -2.703557781799552640e-01
-2.563531940792649899e-01 4.325499562150066091e-02 -3.270806231964654143e-01 -2.031227718457980225e-01 2.247115206698545586e-01 9.138493168798943467e-01 -2.704168967983912597e-01
-2.562538803127392129e-01 4.318191755101861984e-02 -3.271799511530335547e-01 -2.031476207470566675e-01 2.247060996388763332e-01 9.138433857991091758e-01 -2.704227786284173485e-01
-2.562542315847224361e-01 4.318331874826966676e-02 -3.271821563178695103e-01 -2.031806731355726980e-01 2.246878712477332618e-01 9.138585969148496080e-01 -2.703616826089823011e-01
-2.563205194989076063e-01 4.328100368523797592e-02 -3.271226411762156450e-01 -2.031541431381331808e-01 2.247735231013623380e-01 9.138295777147370513e-01 -2.704085063974829839e-01
-2.562372974291177719e-01 4.323056969131749971e-02 -3.272052615129807385e-01 -2.031888850067722074e-01 2.248856916586174925e-01 9.137953161866053664e-01 -2.704049237945784778e-01
-2.562375475545302650e-01 4.323187391166519178e-02 -3.272073892464935074e-01 -2.032167362393697829e-01 2.248694203994557328e-01 9.138102496774087591e-01 -2.703470537400829987e-01
-2.563189362671117744e-01 4.328255628826419010e-02 -3.270973019891855738e-01 -2.031887349378919128e-01 2.249290449707006534e-01 9.137867615261267007e-01 -2.703978867937052444e-01
-2.562640911128616916e-01 4.324632709848150180e-02 -3.271480139280610322e-01 -2.032122729094170410e-01 2.249860874301050639e-01 9.137643291627970399e-01 -2.704085489616503413e-01
-2.562645626602110260e-01 4.324784482521899787e-02 -3.271502987052195000e-01 -2.032544065196069394e-01 2.249645112622695176e-01 9.137794889753539929e-01 -2.703435969850801479e-01
-2.563328927441805294e-01 4.329960959255585440e-02 -3.270616101513337259e-01 -2.032283131393642639e-01 2.250386045666383228e-01 9.137535075160803100e-01 -2.703893612834816773e-01
-2.562448531138817875e-01 4.323705309518206807e-02 -3.271505409939334807e-01 -2.032661312464371373e-01 2.250591910292247810e-01 9.137399148057840925e-01 -2.703897344798718572e-01
-2.562452432221142828e-01 4.323865100218321489e-02 -3.271530314945086948e-01 -2.033050093494330191e-01 2.250378574451310509e-01 9.137570772377281436e-01 -2.703202539357647538e-01
-2.562932743926119028e-01 4.327334569883400928e-02 -3.270504026332078373e-01 -2.032864140920022100e-01 2.251357394040864324e-01 9.137235978279800719e-01 -2.703658992197094935e-01
-2.562056319678355787e-01 4.321122947849338758e-02 -3.271378470568345742e-01 -2.033156372989266547e-01 2.251615895774589649e-01 9.137069766106418189e-01 -2.703785699749949867e-01
-2.562059515730073511e-01 4.321264822995939114e-02 -3.271400823125170665e-01 -2.033497899578657342e-01 2.251426477157261186e-01 9.137224337540656993e-01 -2.703164167382202665e-01
-2.562876691427241616e-01 4.326315954724020696e-02 -3.270323799056294445e-01 -2.033186698280066707e-01 2.252005039982268308e-01 9.136982434791680596e-01 -2.703733924804686550e-01
-2.562020784961785980e-01 4.320792241941920353e-02 -3.271143723753011656e-01 -2.033587885301821885e-01 2.252821469074502425e-01 9.136656979780142240e-01 -2.703851877426995953e-01
-2.562024253475003732e-01 4.320945312241086800e-02 -3.271167661800202797e-01 -2.033954560369958253e-01 2.252618460864075911e-01 9.136823219730854095e-01 -2.703183376597255716e-01
-2.562583467675066951e-01 4.326847396811739355e-02 -3.270521848550307920e-01 -2.033850704997979542e-01 2.253445896098043022e-01 9.136510620154116857e-01 -2.703628412143419535e-01
-2.561642272986600632e-01 4.320762603270004998e-02 -3.271477304906006411e-01 -2.034225442283480179e-01 2.254152488410580135e-01 9.136239912506122218e-01 -2.703672256411468466e-01
-2.561646642458231260e-01 4.320912673934484971e-02 -3.271499992485092378e-01 -2.034661342457573796e-01 2.253930493532794732e-01 9.136388834025191974e-01 -2.703026012699756286e-01
-2.562459568444434566e-01 4.329717552186555796e-02 -3.270713881499759390e-01 -2.034487068510659746e-01 2.254701922910188339e-01 9.136094768315285997e-01 -2.703507719842880852e-01
-2.561610023808134073e-01 4.324374577265048536e-02 -3.271527151327681682e-01 -2.034977521318198090e-01 2.255486525062866399e-01 9.135811024755475795e-01 -2.703442979414545366e-01
-2.561611955268367491e-01 4.324522313748413449e-02 -3.271551876890896327e-01 -2.035262460472201385e-01 2.255309800138859955e-01 9.135989112062826711e-01 -2.702774013242641993e-01
-2.562337390486839617e-01 4.331605157646004067e-02 -3.270678816899339481e-01 -2.035065206307308805e-01 2.256123558014502817e-01 9.135671928956350385e-01 -2.703315465040719290e-01
-2.561712120532229076e-01 4.328265434894008890e-02 -3.271227707497663673e-01 -2.035577593622529546e-01 2.257335948393486835e-01 9.135266336197973569e-01 -2.703288227910675134e-01
-2.561715637445242111e-01 4.328404396506797813e-02 -3.271249566795379482e-01 -2.035960783833944132e-01 2.257133193624981105e-01 9.135413150036060248e-01 -2.702672753234246494e-01
-2.562628227549560989e-01 4.335392993190281818e-02 -3.270591025918226924e-01 -2.035628124369273650e-01 2.257551865795531798e-01 9.135217301369746856e-01 -2.703235574136070296e-01
-2.562107362014259815e-01 4.332557841742624982e-02 -3.271044729827567443e-01 -2.035877004715137828e-01 2.258560372129896354e-01 9.134922189117036240e-01 -2.703203001236461622e-01
-2.562110490087307069e-01 4.332692648104505273e-02 -3.271066755958749184e-01 -2.036216977170244857e-01 2.258372920289326569e-01 9.135073331208247716e-01 -2.702592719637085250e-01
-2.562924224184356947e-01 4.341231238931475556e-02 -3.270293398722210476e-01 -2.035968837146267807e-01 2.258981225510341417e-01 9.134788444090828907e-01 -2.703234136856393910e-01
-2.562283072005917539e-01 4.337047532201677991e-02 -3.270903086055965692e-01 -2.036077282029638835e-01 2.259492456723434239e-01 9.134591548041453013e-01 -2.703390535986678334e-01
-2.562286382531094864e-01 4.337199968942907768e-02 -3.270927935146051291e-01 -2.036448690207145473e-01 2.259283980826953253e-01 9.134763762161379752e-01 -2.702703023943916483e-01
-2.562286382531094864e-01 4.337199968942907768e-02 -3.270927935146051291e-01 -2.036448690207145473e-01 2.259283980826953253e-01 9.134763762161379752e-01 -2.702703023943916483e-01
-2.562087625243793521e-01 4.340847779423813446e-02 -3.271284490342296625e-01 -2.036685173067746824e-01 2.260172723745149659e-01 9.134313317030384738e-01 -2.703304087772184228e-01
-2.562088437481345737e-01 4.340992196690597604e-02 -3.271310063009739144e-01 -2.036894070246553223e-01 2.260019205666505826e-01 9.134504269382499597e-01 -2.702629735876866945e-01
-2.562678533338186293e-01 4.346785102750615193e-02 -3.270687424130116483e-01 -2.036707281588764351e-01 2.260967758741418976e-01 9.134173022187607183e-01 -2.703096639743984841e-01
-2.561864809608326299e-01 4.342147886926910061e-02 -3.271477178415256315e-01 -2.037206891203315884e-01 2.261947144872946125e-01 9.133855611515186990e-01 -2.702973337683406974e-01
-2.561867466030744445e-01 4.342283997309702437e-02 -3.271499696865883822e-01 -2.037540364071511179e-01 2.261759175457872528e-01 9.134009837769512252e-01 -2.702358040774985870e-01
-2.562606195438565937e-01 4.344029026024198714e-02 -3.270394350609859280e-01 -2.037338327070686850e-01 2.262633578941228851e-01 9.133680947382311066e-01 -2.702889968149237987e-01
-2.561755565915747046e-01 4.338578234581198789e-02 -3.271202368861882981e-01 -2.037834231282499298e-01 2.263140940291771264e-01 9.133415262650228517e-01 -2.702989154653858139e-01
-2.562028689692180117e-01 4.341742987887840799e-02 -3.271244526017861864e-01 -2.038160757190755623e-01 2.264818557874587190e-01 9.132894861731766234e-01 -2.703096201082751393e-01
-2.562031510766232811e-01 4.341876913458211917e-02 -3.271267160138149332e-01 -2.038486042113200614e-01 2.264636178302951164e-01 9.133050260086599259e-01 -2.702478599871449005e-01
-2.562033102584327371e-01 4.342021408797033799e-02 -3.271293000850876154e-01 -2.038753424134502612e-01 2.264460998067730491e-01 9.133236946792950839e-01 -2.701792689594464947e-01
-2.562344135146089052e-01 4.344011826291194200e-02 -3.271181235403372023e-01 -2.038633915808589492e-01 2.265754670244795044e-01 9.132668671618908718e-01 -2.702719087513417162e-01
-2.563364673462102949e-01 4.350671831625869956e-02 -3.270417830111334023e-01 -2.038731422242804903e-01 2.266160744758724532e-01 9.132598027136644703e-01 -2.702543790878192964e-01
-2.562752489207941742e-01 4.347636217444517115e-02 -3.270965471926128854e-01 -2.039260755770918032e-01 2.267255934400435602e-01 9.132339677083252116e-01 -2.702098836140079396e-01
-2.562753879900924736e-01 4.347717454120345049e-02 -3.270979839671713796e-01 -2.039427877414136947e-01 2.267153015962505846e-01 9.132441563508599813e-01 -2.701714682222893793e-01
-2.563174852022491179e-01 4.350332723019322001e-02 -3.270526326182396359e-01 -2.039105858741130373e-01 2.269194182714737162e-01 9.131797502260875499e-01 -2.702421032275175716e-01
-2.563179934190935039e-01 4.350510788351394376e-02 -3.270557539685090553e-01 -2.039567409876343884e-01 2.268940621139067249e-01 9.132008007519558657e-01 -2.701574168686470268e-01
-2.563914295430437806e-01 4.358533505281496356e-02 -3.269840766446927005e-01 -2.039359635664220738e-01 2.269960690058351882e-01 9.131654461723797134e-01 -2.702069120820782544e-01
-2.563178429134642666e-01 4.353826607933479476e-02 -3.270586104585787024e-01 -2.039599585380940938e-01 2.270209330311082629e-01 9.131554574578775174e-01 -2.702016687471015532e-01
-2.563181082747778006e-01 4.353961916727974724e-02 -3.270610428801143943e-01 -2.039886707498349272e-01 2.270034510246100590e-01 9.131725783878223979e-01 -2.701368125768294215e-01
-2.563827897273943113e-01 4.360543503147047695e-02 -3.269818180638719429e-01 -2.039583401412717878e-01 2.271064341340960913e-01 9.131407633834591753e-01 -2.701806975140642608e-01
-2.563090809160347705e-01 4.356160421426737150e-02 -3.270479127819384546e-01 -2.040057964064384555e-01 2.271792497303741776e-01 9.131097109906698428e-01 -2.701885993506283890e-01
-2.563092651806468947e-01 4.356297867517928968e-02 -3.270504361599234633e-01 -2.040307290235431614e-01 2.271626385978299245e-01 9.131279423691136543e-01 -2.701221170214349598e-01
-2.563836338362106559e-01 4.366448885876912656e-02 -3.270065930575880020e-01 -2.040011369510181805e-01 2.272097611334666922e-01 9.131050701289145088e-01 -2.701821449934005415e-01
-2.562985884806637249e-01 4.361034853057761673e-02 -3.270905746223059518e-01 -2.040167866445805334e-01 2.272403846411087391e-01 9.130947107762423798e-01 -2.701795838101589964e-01
-2.562987008532523481e-01 4.361143422520487312e-02 -3.270926236455046210e-01 -2.040350833160612387e-01 2.272275757879050340e-01 9.131095197721978973e-01 -2.701264860748499030e-01
-2.563618195063228633e-01 4.369383621480392443e-02 -3.270377161714359548e-01 -2.040070499020837369e-01 2.272925234450144383e-01 9.130862055499566754e-01 -2.701718223846235611e-01
-2.562671865534366655e-01 4.363486161497202864e-02 -3.271303932353182842e-01 -2.040389564136822764e-01 2.273333961421964422e-01 9.130689144502706078e-01 -2.701717763362316838e-01
-2.562673198987289180e-01 4.363640707845249656e-02 -3.271332199427254284e-01 -2.040650141472008794e-01 2.273153727942343050e-01 9.130894031090479590e-01 -2.700980066984638994e-01
-2.563315916024525021e-01 4.365665282255733193e-02 -3.270431149685754102e-01 -2.040285066985081108e-01 2.273433235997690538e-01 9.130725954588131410e-01 -2.701588737966864051e-01
-2.562484356545042807e-01 4.360483453834637646e-02 -3.271261078165750291e-01 -2.040530934302732802e-01 2.273759175282760725e-01 9.130579139451728832e-01 -2.701624936437325153e-01
-2.562487110651445743e-01 4.360623313283676361e-02 -3.271285761257064495e-01 -2.040862840234397568e-01 2.273568863860807587e-01 9.130747202974442978e-01 -2.700966309306249147e-01
-2.563306127303944248e-01 4.365730624839267437e-02 -3.270724832694202333e-01 -2.040626518109724397e-01 2.274489451823146768e-01 9.130425938566559818e-01 -2.701455779294483217e-01
-2.562356434504958203e-01 4.360883473101156982e-02 -3.271798150411776018e-01 -2.041033717059922425e-01 2.275188242937089544e-01 9.130157345894409637e-01 -2.701467501976610452e-01
-2.562358690100699499e-01 4.361045660697709936e-02 -3.271827572890798064e-01 -2.041365703058229397e-01 2.274982513196553979e-01 9.130362949757485636e-01 -2.700694917372797876e-01
-2.563116803624814199e-01 4.366228078772874110e-02 -3.271081545329752038e-01 -2.041147899401640209e-01 2.275657672906412632e-01 9.130096635275994910e-01 -2.701191003804132573e-01
-2.562694898785922160e-01 4.367748735469689780e-02 -3.272294617302505815e-01 -2.041303584509296942e-01 2.275735082701720868e-01 9.129998071271863136e-01 -2.701341283104032320e-01
-2.562696387137565202e-01 4.367820942472425139e-02 -3.272307485868358179e-01 -2.041472971099432265e-01 2.275637469171137295e-01 9.130085072239975119e-01 -2.701001442212796477e-01
-2.563314099149938130e-01 4.367395448705961580e-02 -3.271174588023811336e-01 -2.041412357844316072e-01 2.276305474335935664e-01 9.129901858178012253e-01 -2.701103669388948969e-01
-2.563084648606700489e-01 4.370727577305427713e-02 -3.272048915845405803e-01 -2.041780619616016257e-01 2.277352448783508398e-01 9.129573574454010743e-01 -2.701052401196844532e-01
-2.563086909648189526e-01 4.370884013327676343e-02 -3.272078076543842862e-01 -2.042081839485572203e-01 2.277158062053717957e-01 9.129778619109825133e-01 -2.700295407416019033e-01
-2.563769309614135072e-01 4.367884578609562696e-02 -3.270719933119244915e-01 -2.041453843914901034e-01 2.277058549481112970e-01 9.129805649263995626e-01 -2.700762738943810470e-01
-2.563325746581013864e-01 4.368036850586524966e-02 -3.271723790390590469e-01 -2.041450647801244800e-01 2.276764187063262113e-01 9.129845514863382805e-01 -2.700878554068474879e-01
-2.563327695935799233e-01 4.368171341259177720e-02 -3.271749483047623475e-01 -2.041700801794908704e-01 2.276597584906124294e-01 9.130027702539169621e-01 -2.700213958784922763e-01
-2.563718423241567179e-01 4.365632951878004042e-02 -3.270824216465821888e-01 -2.041353168048509747e-01 2.277221488176266462e-01 9.129823634155739276e-01 -2.700640654788759587e-01
-2.563652563456692013e-01 4.370309682330324186e-02 -3.271676478029159618e-01 -2.041333327816156895e-01 2.277446963053448847e-01 9.129763246238471464e-01 -2.700669665630878180e-01
-2.563657348560214322e-01 4.370441914412126483e-02 -3.271699931532864314e-01 -2.041746442078421764e-01 2.277234781934033281e-01 9.129911551518804513e-01 -2.700034865636636860e-01
-2.564108969545294547e-01 4.368840551875906308e-02 -3.270410645389186799e-01 -2.041185614772394186e-01 2.277160817138675908e-01 9.129846528003660033e-01 -2.700741060159987383e-01
-2.563523041485867293e-01 4.368061302060445572e-02 -3.271364294323397814e-01 -2.041328120668714496e-01 2.277618733768682069e-01 9.129669510787814524e-01 -2.700845614089124602e-01
-2.563526570242671832e-01 4.368183325817544260e-02 -3.271386898486705608e-01 -2.041662023875051579e-01 2.277434856036434918e-01 9.129818641651488154e-01 -2.700244105137478701e-01
-2.563830719397276470e-01 4.368301014441261509e-02 -3.270328672494424160e-01 -2.041315213274660645e-01 2.277739352456889521e-01 9.129687998563454920e-01 -2.700691150651830519e-01
-2.563862157912545903e-01 4.373289390098203389e-02 -3.271110396684742683e-01 -2.041360066712782084e-01 2.277785375903163545e-01 9.129633935829594149e-01 -2.700801187999717357e-01
-2.564067598278992888e-01 4.373959621382708662e-02 -3.270228538989831679e-01 -2.040998549018187558e-01 2.277701345570702918e-01 9.129686646499279856e-01 -2.700967093472964042e-01
-2.564069205893698689e-01 4.374030302231572687e-02 -3.270241537864694847e-01 -2.041160326110614265e-01 2.277605008736096615e-01 9.129777399866316756e-01 -2.700619294936348891e-01
-2.563738967190966056e-01 4.375164340632847759e-02 -3.271115199450430056e-01 -2.041202508113386938e-01 2.277398981909234954e-01 9.129809524193290837e-01 -2.700652560034306759e-01
-2.564240521763308522e-01 4.372416515562879691e-02 -3.269921519572506208e-01 -2.040809429260426466e-01 2.277400459791490417e-01 9.129788510592675710e-01 -2.701019394790271644e-01
-2.564241791977586171e-01 4.372499813812619207e-02 -3.269937329014485639e-01 -2.040961781228968486e-01 2.277298344178134148e-01 9.129903121102187491e-01 -2.700602943502571351e-01
-2.563705259209561604e-01 4.372156521847744837e-02 -3.271062353396842481e-01 -2.040965179222216097e-01 2.276819704669725275e-01 9.129990480199896563e-01 -2.700708610918504116e-01
