Drift libsurvive; 20211006-204705; x y z w i j k; Frequency = 50; Duration = 5
-5.318421067109502243e-02 -2.945431057775312403e-03 -1.779945857184381253e-02 -2.799029803751386658e-01 -8.932748388274597273e-01 -3.424720172799315399e-01 8.017045138394210402e-02
-5.318373821685128816e-02 -2.939329706227943387e-03 -1.779984784819926835e-02 -2.799096347466082935e-01 -8.932730812112994467e-01 -3.424719293396364939e-01 8.016717765818053010e-02
-5.318441968073881615e-02 -2.934504964946219388e-03 -1.780095354286344647e-02 -2.799041432712265354e-01 -8.932757550143022307e-01 -3.424725473723746472e-01 8.015391680701383637e-02
-5.318395945500380834e-02 -2.933251243379497546e-03 -1.780269535361900940e-02 -2.799097816777575409e-01 -8.932706190912549360e-01 -3.424806414162764323e-01 8.015688020707895101e-02
-5.318415884973334840e-02 -2.928595039669015451e-03 -1.779994023987418322e-02 -2.799087422070207776e-01 -8.932677316564294756e-01 -3.424878873177067962e-01 8.016172813827321386e-02
-5.318426742465610924e-02 -2.925960994119275634e-03 -1.779908450538781120e-02 -2.799039745493565601e-01 -8.932685384368104220e-01 -3.424917399733857781e-01 8.015292459068669439e-02
-5.318413870691068857e-02 -2.928107650480445655e-03 -1.779960517141074630e-02 -2.798872810469449357e-01 -8.932742960803614629e-01 -3.424935579901487448e-01 8.013928253691789128e-02
-5.318434788942325020e-02 -2.922599419280815479e-03 -1.779910188214977110e-02 -2.799044743656060596e-01 -8.932660392098771274e-01 -3.424977980068013572e-01 8.015314582038776670e-02
-5.318429144542327625e-02 -2.919596852894927423e-03 -1.779940395724259952e-02 -2.799169565505121859e-01 -8.932605964726625380e-01 -3.424997318808015168e-01 8.016194787042678349e-02
-5.318479623135480283e-02 -2.917266944911314948e-03 -1.779944718790581540e-02 -2.799190687637191921e-01 -8.932542645790639835e-01 -3.425106804868116028e-01 8.017834811362153924e-02
-5.318484643154405833e-02 -2.918693954667267963e-03 -1.780114419928450001e-02 -2.799330045265479572e-01 -8.932513898605088931e-01 -3.425104885625101514e-01 8.016253934151051919e-02
-5.318389648139728448e-02 -2.913071585679805585e-03 -1.780257928081708033e-02 -2.799204338564191263e-01 -8.932531104901706431e-01 -3.425180363246189130e-01 8.015501295362650880e-02
-5.318387896065678022e-02 -2.909047872933170735e-03 -1.780148346109376375e-02 -2.799314385127870120e-01 -8.932509813965612278e-01 -3.425154348762347034e-01 8.015142442767786424e-02
-5.318325577713009511e-02 -2.904248031267321097e-03 -1.780064383722317067e-02 -2.799348043499134131e-01 -8.932507149974149296e-01 -3.425160182031787293e-01 8.014014439980973736e-02
-5.318349719127259817e-02 -2.905500247927271691e-03 -1.780070066800724243e-02 -2.799512386432960187e-01 -8.932485786313937304e-01 -3.425115047343380015e-01 8.012583777845042055e-02
-5.318286809016792988e-02 -2.905480080520850619e-03 -1.780144669037894353e-02 -2.799678964915496837e-01 -8.932448937101215014e-01 -3.425094000408985817e-01 8.011771139089378380e-02
-5.318279932794511833e-02 -2.908507033089465475e-03 -1.780234613465215762e-02 -2.799821259909044402e-01 -8.932406125387419848e-01 -3.425096946561089206e-01 8.011445751926116188e-02
-5.318257428559097083e-02 -2.910952882154299766e-03 -1.780472135433040781e-02 -2.799787651365643337e-01 -8.932381708471488491e-01 -3.425176876203192000e-01 8.011925412454667939e-02
-5.318181426037849741e-02 -2.908872807847497945e-03 -1.780489868709903348e-02 -2.799743809365985991e-01 -8.932372447830888573e-01 -3.425248161233736544e-01 8.011442373963442720e-02
-5.318347422938371483e-02 -2.909833931919012136e-03 -1.780398303789801698e-02 -2.799640172018575957e-01 -8.932365904857993977e-01 -3.425321440662012495e-01 8.012660463861891180e-02
-5.318202694106700934e-02 -2.910470800127597929e-03 -1.780376242586349800e-02 -2.799484913424349353e-01 -8.932386699338494829e-01 -3.425388744744781722e-01 8.012889743194949455e-02
-5.318287964894947983e-02 -2.910157722597117580e-03 -1.780228846945348248e-02 -2.799465740378928036e-01 -8.932368718972116817e-01 -3.425439141489641237e-01 8.013409541036828343e-02
-5.318352206359651391e-02 -2.905202589749529551e-03 -1.779946955743618581e-02 -2.799446144170307238e-01 -8.932374881365601205e-01 -3.425449300703387601e-01 8.012972937365592241e-02
-5.318390161902618318e-02 -2.905733420303368252e-03 -1.779764756511246007e-02 -2.799688338313948144e-01 -8.932313269109839471e-01 -3.425416059792625312e-01 8.012800310178357088e-02
-5.318441918052872752e-02 -2.894074043843431442e-03 -1.779401098822122607e-02 -2.799724574950633871e-01 -8.932287040533197775e-01 -3.425457342427806195e-01 8.012693212320144698e-02
-5.318580645333213092e-02 -2.891967643780869388e-03 -1.779345944384319589e-02 -2.799736088083190078e-01 -8.932257882092884405e-01 -3.425506705924011297e-01 8.013431053823442951e-02
-5.318546816646484154e-02 -2.891301889811238347e-03 -1.779546475925214422e-02 -2.799752857710114951e-01 -8.932225293286327750e-01 -3.425577728128664234e-01 8.013441671771699693e-02
-5.318551416232535078e-02 -2.894787723461834071e-03 -1.779580563539332611e-02 -2.799828513374945649e-01 -8.932197397303445197e-01 -3.425589910221889522e-01 8.013387038476156576e-02
-5.318598699548533759e-02 -2.887345967216261439e-03 -1.779329701259148300e-02 -2.799746863386836648e-01 -8.932170978836259101e-01 -3.425698264599587040e-01 8.014552424872195546e-02
-5.318542484826394023e-02 -2.884760566435819358e-03 -1.779090995010663284e-02 -2.799555747301147868e-01 -8.932204537588434023e-01 -3.425758850631947516e-01 8.014898712738564857e-02
-5.318466495978457775e-02 -2.882954249955235401e-03 -1.779164664285308450e-02 -2.799571422246798780e-01 -8.932193557064109779e-01 -3.425787723890748038e-01 8.014340782128488716e-02
-5.318483800696190145e-02 -2.877575210598675923e-03 -1.778982226918660037e-02 -2.799679311940350690e-01 -8.932142379159717649e-01 -3.425830386558475493e-01 8.014452141255765105e-02
-5.318475022471855218e-02 -2.874090353697345869e-03 -1.778944962941761410e-02 -2.799671115513346353e-01 -8.932115907372347730e-01 -3.425884957431505340e-01 8.015356016239370829e-02
-5.318696917088276688e-02 -2.873167642033130041e-03 -1.778820063486686795e-02 -2.799644244979689889e-01 -8.932106302528366459e-01 -3.425900183655350983e-01 8.016713999609606511e-02
-5.318658256893263325e-02 -2.874401650336560164e-03 -1.779008078589467204e-02 -2.799565672086958834e-01 -8.932125537605954957e-01 -3.425923527551777426e-01 8.016317181143775561e-02
-5.318611819864506318e-02 -2.877436942951946269e-03 -1.779172146022698839e-02 -2.799647618371003954e-01 -8.932112139738624945e-01 -3.425923487319321170e-01 8.014949751042037274e-02
-5.318619930360689307e-02 -2.881197073003988543e-03 -1.779354397970823315e-02 -2.799611435300063400e-01 -8.932122995326459147e-01 -3.425932461092467407e-01 8.014620263807321898e-02
-5.318611794133275283e-02 -2.877456031114191543e-03 -1.779384606065229774e-02 -2.799581253921541446e-01 -8.932068647472894973e-01 -3.426038085315772919e-01 8.017215959974363648e-02
-5.318756993685276602e-02 -2.879441651660573538e-03 -1.779278754800676238e-02 -2.799582275898742645e-01 -8.932046091389590492e-01 -3.426075189587429737e-01 8.018107613764004216e-02
-5.318844756323315437e-02 -2.882007296801634283e-03 -1.779151959767507479e-02 -2.799813841322286723e-01 -8.931966041292416225e-01 -3.426069019481796096e-01 8.019202983378562188e-02
-5.318853184563870906e-02 -2.886595856214204184e-03 -1.779102915997416226e-02 -2.799951227452152080e-01 -8.931942389203275656e-01 -3.426042439242976689e-01 8.018176128951581827e-02
-5.319021210767971991e-02 -2.890688480664778577e-03 -1.779057392444375815e-02 -2.799809105308561641e-01 -8.931948684882210499e-01 -3.426109038687485953e-01 8.019591756979450869e-02
-5.318958262283055016e-02 -2.894412826690858850e-03 -1.779071708543466385e-02 -2.799823735262315094e-01 -8.931945285941222945e-01 -3.426114372762106286e-01 8.019231666232450040e-02
-5.318942020658240510e-02 -2.894622984560833376e-03 -1.779270120228068630e-02 -2.799773469130534265e-01 -8.931959482108307036e-01 -3.426157290031063285e-01 8.017571674112437818e-02
-5.318839226901277140e-02 -2.891544855615766837e-03 -1.779354062821961874e-02 -2.799788357712021947e-01 -8.931941976883028822e-01 -3.426218289295344666e-01 8.016395123203404194e-02
-5.318939956553657422e-02 -2.886814777252877211e-03 -1.779235586524086088e-02 -2.799773064694658364e-01 -8.931917018946984310e-01 -3.426294710221315376e-01 8.016443797376338054e-02
-5.318914098326388284e-02 -2.883037093753417109e-03 -1.779097716657385142e-02 -2.799829842269188629e-01 -8.931877215429487871e-01 -3.426350240657345947e-01 8.016522258297743841e-02
-5.318948804631401517e-02 -2.882556876519376705e-03 -1.778937609757757707e-02 -2.799918540892901153e-01 -8.931839261706162603e-01 -3.426379897608536340e-01 8.016385498917806551e-02
-5.318945436094911494e-02 -2.877983232827616318e-03 -1.778763655222815113e-02 -2.799825781614054265e-01 -8.931833309563987910e-01 -3.426449697484553192e-01 8.017304992205850911e-02
-5.319095715854847001e-02 -2.882525947314498044e-03 -1.778840692620610106e-02 -2.799784241623690106e-01 -8.931827343621828730e-01 -3.426486300673181606e-01 8.017855919035260515e-02
-5.319060765382703504e-02 -2.883632041754569109e-03 -1.779009975262475438e-02 -2.799592196836984126e-01 -8.931863132955570883e-01 -3.426555265923567628e-01 8.017627548907556301e-02
-5.319019719070108149e-02 -2.883094119434857945e-03 -1.779177610821203182e-02 -2.799466487759130207e-01 -8.931884662650371176e-01 -3.426608317222267774e-01 8.017351167111413934e-02
-5.318927636810232701e-02 -2.873114902342451156e-03 -1.778939915805732852e-02 -2.799617187946207841e-01 -8.931839805257985043e-01 -3.426625313693551500e-01 8.016359857938856748e-02
-5.318804591451855440e-02 -2.862992702464144112e-03 -1.778605301657869633e-02 -2.799579980692333825e-01 -8.931834377470386777e-01 -3.426682016580288037e-01 8.015840207926723526e-02
-5.318799475793325321e-02 -2.857054793907699494e-03 -1.778505599872524587e-02 -2.799429998617219417e-01 -8.931867407957274629e-01 -3.426745276219461123e-01 8.014693390393691497e-02
-5.318857457892917778e-02 -2.851951366956117541e-03 -1.778303876235047890e-02 -2.799421342440526761e-01 -8.931858431619212890e-01 -3.426767517552411491e-01 8.015045138044556150e-02
-5.318908718370613659e-02 -2.846075011800832874e-03 -1.778200361233064214e-02 -2.799458929076139579e-01 -8.931831254391933150e-01 -3.426799107141377809e-01 8.015410324982501222e-02
-5.318863770620137210e-02 -2.849277077239810788e-03 -1.778354855774647372e-02 -2.799531524090870249e-01 -8.931823714522799662e-01 -3.426782950376302539e-01 8.014405712963894313e-02
-5.318891281948104344e-02 -2.848368278687200481e-03 -1.778441400677126596e-02 -2.799580054147909336e-01 -8.931760362544409748e-01 -3.426866438960290417e-01 8.016200820995866838e-02
-5.318917205203516074e-02 -2.843506329226434294e-03 -1.778244671334086591e-02 -2.799559227983571263e-01 -8.931751824260754091e-01 -3.426902840213766899e-01 8.016323362748788151e-02
-5.319053419406848116e-02 -2.850407782696565660e-03 -1.778281428805741221e-02 -2.799361333597453760e-01 -8.931795451732780222e-01 -3.426952290024667391e-01 8.016259316288347481e-02
-5.319029200146101199e-02 -2.854429756112164540e-03 -1.778190587300061340e-02 -2.799255169083856298e-01 -8.931816920920043756e-01 -3.426981621185113958e-01 8.016320587296507649e-02
-5.319124994955613805e-02 -2.855924833422048524e-03 -1.778151905302128438e-02 -2.799233998522500655e-01 -8.931796342607452033e-01 -3.427025772345830279e-01 8.017465131681915380e-02
-5.319153718585764579e-02 -2.858263462090787285e-03 -1.778110840222043784e-02 -2.799106428440176209e-01 -8.931796814311109278e-01 -3.427108076948482407e-01 8.018348327687413457e-02
-5.319090207859954178e-02 -2.861382527675402493e-03 -1.778127296663907855e-02 -2.799223476367356245e-01 -8.931776084083311584e-01 -3.427088077296270852e-01 8.017426168072930293e-02
-5.319076925942980982e-02 -2.862116746251649503e-03 -1.778062714295917945e-02 -2.799446191357387592e-01 -8.931709067493051046e-01 -3.427066784312323700e-01 8.018026011558233856e-02
-5.319068437761111101e-02 -2.855506401568863942e-03 -1.778120171054068874e-02 -2.799415915780668063e-01 -8.931716510048850477e-01 -3.427080160087839777e-01 8.017682276861461121e-02
-5.319071863150662272e-02 -2.847893276059496222e-03 -1.778150914260659757e-02 -2.799423458529402553e-01 -8.931728712770010681e-01 -3.427073321835556463e-01 8.016351714327714373e-02
-5.318986324076589722e-02 -2.841577391473319551e-03 -1.778073004338159499e-02 -2.799507527750006441e-01 -8.931697407439445069e-01 -3.427083907191761369e-01 8.016451316373149338e-02
-5.318995135914068861e-02 -2.837069146594277738e-03 -1.777851000761858369e-02 -2.799526378676677196e-01 -8.931673895134009111e-01 -3.427125603777727014e-01 8.016630102519739509e-02
-5.318962405880510447e-02 -2.837115275289891006e-03 -1.777833757991962096e-02 -2.799580909838055298e-01 -8.931656549592603689e-01 -3.427136528026093476e-01 8.016191288006493942e-02
-5.318858757420853733e-02 -2.834613480711754840e-03 -1.777768330434630756e-02 -2.799763114020640264e-01 -8.931622375434447036e-01 -3.427110851647778844e-01 8.014733049367396556e-02
-5.318882088364407235e-02 -2.839230721465028223e-03 -1.777801035824307097e-02 -2.799903212869109814e-01 -8.931586699166076393e-01 -3.427086280785276440e-01 8.014865300790968705e-02
-5.318811931569004947e-02 -2.839171193751900517e-03 -1.777705926519172752e-02 -2.799777376416109909e-01 -8.931625032599068703e-01 -3.427103461566406994e-01 8.014254695714120857e-02
-5.318736722387010230e-02 -2.844701414551583860e-03 -1.777836790948687101e-02 -2.799756372168896723e-01 -8.931639121649981305e-01 -3.427098588682069846e-01 8.013626648182274603e-02
-5.318646463310816586e-02 -2.844100017335970780e-03 -1.777899064047263819e-02 -2.799690743415717553e-01 -8.931661817826254124e-01 -3.427105233935479056e-01 8.013105694729086292e-02
-5.318551689264240656e-02 -2.842624043096133625e-03 -1.777841602205872812e-02 -2.799782849690318765e-01 -8.931659353050083183e-01 -3.427070993575394575e-01 8.011626555494694157e-02
-5.318571107512451435e-02 -2.836439329950528332e-03 -1.777568690130598705e-02 -2.799663378626768839e-01 -8.931673033480569401e-01 -3.427115385192190389e-01 8.012377462096598180e-02
-5.318453608240021613e-02 -2.828255764485711719e-03 -1.777545912762229854e-02 -2.799548377493412121e-01 -8.931711150709760183e-01 -3.427120365495294196e-01 8.011933616601661645e-02
-5.318469208824233574e-02 -2.824157815610550334e-03 -1.777596031535342777e-02 -2.799636909703204224e-01 -8.931692754703798309e-01 -3.427096138439625905e-01 8.011927154507597626e-02
-5.318438695573261821e-02 -2.825842292240430056e-03 -1.777688436344319889e-02 -2.799582113929192095e-01 -8.931714788702228569e-01 -3.427097623914450719e-01 8.011321968349423284e-02
-5.318506349860000620e-02 -2.825441496408015972e-03 -1.777766378953688636e-02 -2.799572482371510684e-01 -8.931692037439054044e-01 -3.427150231374096467e-01 8.011944557275127443e-02
-5.318396102595143726e-02 -2.825191517039273709e-03 -1.777988711165544647e-02 -2.799647598348480315e-01 -8.931675906736287196e-01 -3.427169639096129261e-01 8.010287678640537479e-02
-5.318290089445731894e-02 -2.821535182409448672e-03 -1.778008243092287985e-02 -2.799501592547102291e-01 -8.931700626650476149e-01 -3.427234114617186411e-01 8.009875609657748918e-02
-5.318267000151971624e-02 -2.817463539779073954e-03 -1.778119833581668155e-02 -2.799456633233963765e-01 -8.931702402478181035e-01 -3.427275455584051778e-01 8.009480031556399926e-02
-5.318171353599210338e-02 -2.813137986209892673e-03 -1.777972387751510647e-02 -2.799339000444335812e-01 -8.931717875070764867e-01 -3.427356411473564957e-01 8.008401772287318532e-02
-5.318108602583124234e-02 -2.809488372981575055e-03 -1.777767582262309090e-02 -2.799264809942917376e-01 -8.931714679306844706e-01 -3.427428015950829687e-01 8.008287000009717271e-02
-5.318006373170246215e-02 -2.808322182743170671e-03 -1.777609219051994038e-02 -2.799250759341865291e-01 -8.931697342673543538e-01 -3.427471315366435456e-01 8.008858517557956858e-02
-5.317975350667443479e-02 -2.798934733727374315e-03 -1.777482726633634186e-02 -2.799224953088417234e-01 -8.931721138451476083e-01 -3.427458370370229934e-01 8.007660621712454907e-02
-5.318011199280905932e-02 -2.805919459811219083e-03 -1.777645604457319187e-02 -2.799163356003091518e-01 -8.931725215698355091e-01 -3.427498313901664040e-01 8.007649379617884366e-02
-5.318000829751167585e-02 -2.812904438562489028e-03 -1.777758840351927050e-02 -2.799066278264288887e-01 -8.931744986825020938e-01 -3.427529224431294375e-01 8.007514445064717323e-02
-5.317937889250547168e-02 -2.807294744570310897e-03 -1.777801410221349285e-02 -2.799090766613388515e-01 -8.931710650336510682e-01 -3.427577262609058928e-01 8.008432104790486061e-02
-5.317796539143904155e-02 -2.803654015896704134e-03 -1.777754052092404141e-02 -2.799164498554520542e-01 -8.931671898729266479e-01 -3.427612630371086877e-01 8.008663181845925016e-02
-5.317873847716030056e-02 -2.802278790459343874e-03 -1.777652419658530894e-02 -2.799039857461830261e-01 -8.931668091504749718e-01 -3.427696637242042543e-01 8.009848578940532982e-02
-5.317868080907173917e-02 -2.800155567390258393e-03 -1.777602054173208629e-02 -2.799112327773792819e-01 -8.931634993856049087e-01 -3.427712008920976161e-01 8.010348912062248417e-02
-5.317811981262422771e-02 -2.798465874962863427e-03 -1.777461554999345411e-02 -2.799216038057870670e-01 -8.931588814219902916e-01 -3.427738151783570331e-01 8.010755200284623567e-02
-5.317875831087930799e-02 -2.797031735313280920e-03 -1.777552366300509321e-02 -2.799002449619892308e-01 -8.931643615573129358e-01 -3.427796855931766196e-01 8.009596281198379242e-02
-5.317741325105545397e-02 -2.793689528978443755e-03 -1.777704688129349425e-02 -2.799016034004954689e-01 -8.931651727216307624e-01 -3.427799825516541499e-01 8.008089792740086255e-02
-5.317758166870689696e-02 -2.797213068171029368e-03 -1.777670863848616889e-02 -2.799157433992628397e-01 -8.931637340297864380e-01 -3.427757428485016522e-01 8.006566633623217466e-02
-5.317708291804633391e-02 -2.799007401254628540e-03 -1.777645609986536895e-02 -2.799183560311267471e-01 -8.931626940916026491e-01 -3.427766967708689161e-01 8.006404930250134167e-02
-5.317819191089375591e-02 -2.799501147822917348e-03 -1.777572577584777408e-02 -2.799034874320256439e-01 -8.931635840739857723e-01 -3.427838203443024923e-01 8.007560376086605980e-02
-5.317831750479638797e-02 -2.802095350397789883e-03 -1.777748571810830805e-02 -2.799065182698816656e-01 -8.931609362762096271e-01 -3.427870816330012005e-01 8.008058195197780005e-02
-5.317864961723182959e-02 -2.811786294016674868e-03 -1.778079760154829825e-02 -2.798982903155202706e-01 -8.931628604872861033e-01 -3.427904576794670866e-01 8.007342785543292152e-02
-5.317799915605969652e-02 -2.815123097629979726e-03 -1.778233627029925101e-02 -2.798968448059399039e-01 -8.931622113316465272e-01 -3.427948244541144107e-01 8.006702719793935830e-02
-5.317880973282868018e-02 -2.815201930860817929e-03 -1.778053278718388919e-02 -2.798874268068540783e-01 -8.931626805271266623e-01 -3.427991633308496988e-01 8.007613907216719340e-02
-5.317943355230481117e-02 -2.814001494035402000e-03 -1.777866802993231451e-02 -2.798748119596863315e-01 -8.931650203857119941e-01 -3.428024820383184790e-01 8.007992443983022457e-02
-5.317913609621233162e-02 -2.809218256927904778e-03 -1.777747604254468344e-02 -2.798820694562019207e-01 -8.931614520084152353e-01 -3.428051799991668758e-01 8.008280969641172475e-02
-5.317942590746656262e-02 -2.808262566514009052e-03 -1.777763295281773598e-02 -2.798893270038972370e-01 -8.931605914835417659e-01 -3.428038479590326260e-01 8.007274364323607729e-02
-5.317910239176938669e-02 -2.810325729935586603e-03 -1.777797783716088612e-02 -2.798960606705872545e-01 -8.931593939786848235e-01 -3.428025208319612216e-01 8.006824514105437274e-02
-5.317886688998874067e-02 -2.807435928919638744e-03 -1.777868726857893128e-02 -2.798901293945335600e-01 -8.931585917717630441e-01 -3.428084773239077898e-01 8.007242525773941577e-02
-5.317968009351683317e-02 -2.804121737282854257e-03 -1.777940774534055718e-02 -2.798795235817340687e-01 -8.931556463492542619e-01 -3.428202419168674409e-01 8.009198091050118151e-02
-5.317944616269600078e-02 -2.801379770755643012e-03 -1.778264661777783501e-02 -2.798995257862678665e-01 -8.931506709122607468e-01 -3.428180216169059991e-01 8.008706867073542290e-02
-5.317924273575262706e-02 -2.800402393830694198e-03 -1.778196116767114671e-02 -2.799223259052222579e-01 -8.931431137625021055e-01 -3.428196329899881878e-01 8.008476156574720339e-02
-5.317847550391832656e-02 -2.799605652544855106e-03 -1.778244477098287965e-02 -2.799322032566670115e-01 -8.931406295799024786e-01 -3.428212185372488396e-01 8.007115269633252597e-02
-5.317891070563186828e-02 -2.802954788671817819e-03 -1.778141405091021587e-02 -2.799339374292059701e-01 -8.931377652972742887e-01 -3.428238378491958449e-01 8.008582319937013194e-02
-5.317910151000580787e-02 -2.804419758835293049e-03 -1.778110237138794819e-02 -2.799372178387131149e-01 -8.931340209132407892e-01 -3.428271061019083632e-01 8.010212280494455328e-02
-5.317987853577858803e-02 -2.802556814500779640e-03 -1.778076873766258614e-02 -2.799367205887683951e-01 -8.931339005728049507e-01 -3.428273198728450377e-01 8.010428741593467183e-02
-5.317999450153321900e-02 -2.800874807710125418e-03 -1.778150572236056326e-02 -2.799451126177748828e-01 -8.931311561771567709e-01 -3.428271610916961420e-01 8.010623823950853428e-02
-5.318000980369043396e-02 -2.804767812862175684e-03 -1.778290885797714424e-02 -2.799674060606173742e-01 -8.931257031619999065e-01 -3.428237027153815397e-01 8.010392469528779258e-02
-5.318123652294030890e-02 -2.806701041211575806e-03 -1.778268099227596488e-02 -2.799771797692509057e-01 -8.931209984123038570e-01 -3.428263366485619357e-01 8.011094746408145562e-02
-5.318181400534114506e-02 -2.806133845912422292e-03 -1.778255308374082633e-02 -2.799608768950037074e-01 -8.931252167082295301e-01 -3.428289936246978198e-01 8.010952389282785524e-02
-5.318204784367141363e-02 -2.806259225606819001e-03 -1.778245381573616973e-02 -2.799552908790166050e-01 -8.931235316509957833e-01 -3.428375780212199464e-01 8.011109421697946986e-02
-5.318222445635743811e-02 -2.806506202952674910e-03 -1.778029211883777952e-02 -2.799547312725357839e-01 -8.931227478836087919e-01 -3.428385208334414069e-01 8.011775261258907710e-02
-5.318135862607829834e-02 -2.805184909463047903e-03 -1.778048025436025290e-02 -2.799466068174825129e-01 -8.931257392785646454e-01 -3.428392400221790259e-01 8.010971645505868266e-02
-5.318197779535137337e-02 -2.805334155512290151e-03 -1.777988070272693011e-02 -2.799271973168774297e-01 -8.931315394622026949e-01 -3.428418428957158426e-01 8.010173643600462801e-02
-5.318190363691224776e-02 -2.802692501476565859e-03 -1.778048826383359093e-02 -2.799289332037843137e-01 -8.931257444107805199e-01 -3.428509375762550104e-01 8.012135563732811216e-02
-5.318128182172567053e-02 -2.807108814734999083e-03 -1.778269576159427490e-02 -2.799075621201579933e-01 -8.931317752997118831e-01 -3.428537656352333984e-01 8.011668994457611659e-02
-5.318186323439919039e-02 -2.808602626872375510e-03 -1.778193588850304416e-02 -2.799057768528340207e-01 -8.931309951789778712e-01 -3.428564356779068567e-01 8.012019751137286483e-02
-5.318117806348797438e-02 -2.808270081963781112e-03 -1.778160458190360463e-02 -2.798975347348250931e-01 -8.931352685243206802e-01 -3.428554604350634860e-01 8.010552675825531599e-02
-5.318128985848284696e-02 -2.808730045061767419e-03 -1.778126380681949517e-02 -2.798750744591026463e-01 -8.931397838661172539e-01 -3.428621462672216680e-01 8.010504247007008138e-02
-5.318105821367000163e-02 -2.806295431824382125e-03 -1.778074806787847267e-02 -2.798591697460753869e-01 -8.931423945680986298e-01 -3.428692909106417219e-01 8.010092062288630410e-02
-5.318216173424853560e-02 -2.808301550267137438e-03 -1.778002475938871008e-02 -2.798648039416919975e-01 -8.931382610955705958e-01 -3.428718648531607904e-01 8.011630529408220180e-02
-5.318339977587849265e-02 -2.806912867519151082e-03 -1.777947343836737068e-02 -2.798677031106223678e-01 -8.931359638128406608e-01 -3.428738617382636744e-01 8.012324154939723386e-02
-5.318260259130468820e-02 -2.808216938425272917e-03 -1.778141821435343106e-02 -2.798814860667995230e-01 -8.931369736468324216e-01 -3.428665883414859783e-01 8.009496027270975038e-02
-5.318233615279959609e-02 -2.803243293056065059e-03 -1.778105433609728642e-02 -2.798849040820248213e-01 -8.931361716615695556e-01 -3.428664214399027022e-01 8.009267373303313731e-02
-5.318167787666013002e-02 -2.797248278887863766e-03 -1.778196613272825174e-02 -2.798978775644094252e-01 -8.931357854359260884e-01 -3.428616238513858550e-01 8.007217868074532896e-02
-5.318154572769873134e-02 -2.795327826997939108e-03 -1.778111600433317230e-02 -2.798947203766948832e-01 -8.931372101276389142e-01 -3.428623284374057167e-01 8.006430621163181105e-02
-5.318160059830795428e-02 -2.796152525557072353e-03 -1.778053835653826270e-02 -2.798950133658675288e-01 -8.931349929047120995e-01 -3.428674091445974015e-01 8.006625811471555776e-02
-5.318126465653977286e-02 -2.795260112563548692e-03 -1.778053353100889772e-02 -2.799084804282160888e-01 -8.931298117654171698e-01 -3.428686743397589831e-01 8.007155597797423197e-02
-5.318198084402946113e-02 -2.791491365084814054e-03 -1.777922203437897614e-02 -2.798893173426775238e-01 -8.931346642970675598e-01 -3.428728828761069547e-01 8.006639530191024534e-02
-5.318152087289955421e-02 -2.789461556813181524e-03 -1.777969793799356185e-02 -2.798921142284094832e-01 -8.931344691156934967e-01 -3.428722037861081096e-01 8.006170333584572418e-02
-5.318086807328617494e-02 -2.782265795113424665e-03 -1.777984314215450348e-02 -2.798987714808026661e-01 -8.931326852134795491e-01 -3.428722217255772975e-01 8.005825314022260719e-02
-5.318201882878435816e-02 -2.784664524482008234e-03 -1.778007614744847933e-02 -2.798859301381264042e-01 -8.931342609556176537e-01 -3.428776967335486758e-01 8.006212026092711376e-02
-5.318136159323941237e-02 -2.784661072510893030e-03 -1.778158132528185123e-02 -2.799013439569769113e-01 -8.931297047920960797e-01 -3.428773486323254960e-01 8.006055123422635422e-02
-5.318163139016071628e-02 -2.786897656237908617e-03 -1.778320075135051900e-02 -2.799200909517139957e-01 -8.931239206752279447e-01 -3.428767848738160651e-01 8.006194722768331107e-02
-5.318209454635590416e-02 -2.779600970768394616e-03 -1.778082538522288147e-02 -2.799164266795607370e-01 -8.931204381801672865e-01 -3.428851560964757406e-01 8.007775414250523083e-02
-5.318268590249145000e-02 -2.781046075948550092e-03 -1.777868345276471806e-02 -2.799180866248434096e-01 -8.931171232355594736e-01 -3.428899954463111577e-01 8.008820129428385892e-02
-5.318311783946626237e-02 -2.783114906534775793e-03 -1.777860042196614115e-02 -2.799117810225741909e-01 -8.931172910313829316e-01 -3.428957634342101879e-01 8.008367326992822666e-02
-5.318242175072677991e-02 -2.781318872822458044e-03 -1.777834571506518163e-02 -2.799024294598998486e-01 -8.931199566249994337e-01 -3.428996304774242776e-01 8.007007230576815293e-02
-5.318038681028648684e-02 -2.772307664222838086e-03 -1.777761208623144726e-02 -2.798980384181007919e-01 -8.931253460952632839e-01 -3.428961086454040408e-01 8.004038310599669026e-02
-5.318072550671935905e-02 -2.771601660092259771e-03 -1.777718009526540327e-02 -2.798737418895358986e-01 -8.931331736055441173e-01 -3.428991995343818044e-01 8.002475719874937998e-02
-5.318067249608067482e-02 -2.769996166963077308e-03 -1.777824519547046428e-02 -2.798783830624621549e-01 -8.931321580342914679e-01 -3.428999242894837374e-01 8.001675388078068052e-02
-5.318127204917608153e-02 -2.766888545262384189e-03 -1.777806002216872350e-02 -2.798602137720671013e-01 -8.931329477220727453e-01 -3.429095380008684302e-01 8.003028919581105238e-02
-5.318094870209360420e-02 -2.764558599116476341e-03 -1.777733371979057370e-02 -2.798397124258178437e-01 -8.931357159622583808e-01 -3.429166580739076986e-01 8.004057619384187527e-02
-5.318029776967269501e-02 -2.757535311268866779e-03 -1.777616708707499202e-02 -2.798436183389482190e-01 -8.931340929110140880e-01 -3.429194739906630818e-01 8.003296641354713803e-02
-5.317950632815550416e-02 -2.752228782273387353e-03 -1.777565261593604118e-02 -2.798409090521865039e-01 -8.931355810576591114e-01 -3.429206106678261978e-01 8.002096130919993111e-02
-5.317942841717007707e-02 -2.745404127238833085e-03 -1.777303062515226545e-02 -2.798330105899131115e-01 -8.931366309323898189e-01 -3.429242919232882159e-01 8.002108896932728921e-02
-5.318134553850210888e-02 -2.739810948371964802e-03 -1.777062731123404959e-02 -2.798342681534156662e-01 -8.931334745991208468e-01 -3.429276612977145700e-01 8.003747893595723750e-02
-5.318238224849873574e-02 -2.739909336878081428e-03 -1.777156861432831192e-02 -2.798334154452603584e-01 -8.931355763016548543e-01 -3.429244528539754922e-01 8.003075395966775807e-02
-5.318148900580439709e-02 -2.744212064263312767e-03 -1.777413357203138505e-02 -2.798215056326988637e-01 -8.931391090984879266e-01 -3.429273408240303689e-01 8.002059547121506689e-02
-5.318291307260265832e-02 -2.745533513665828276e-03 -1.777285930190703259e-02 -2.798113942626418438e-01 -8.931398077153951398e-01 -3.429330214761897588e-01 8.002381080725078089e-02
-5.318269589971669209e-02 -2.746512782390558155e-03 -1.777231866539082106e-02 -2.798130631824294334e-01 -8.931381127270920928e-01 -3.429365390004789349e-01 8.002181880666529856e-02
-5.318261156354518737e-02 -2.746691918314858941e-03 -1.777163088256153087e-02 -2.798114337921271955e-01 -8.931351670577312163e-01 -3.429430356517731981e-01 8.003255076466789242e-02
-5.318220689409504376e-02 -2.749740338362967502e-03 -1.777248814661798806e-02 -2.797937358219746429e-01 -8.931387746261902905e-01 -3.429484013914993468e-01 8.003117290796876726e-02
-5.318169812284180564e-02 -2.746641081117363881e-03 -1.777285008339490185e-02 -2.797828695601375926e-01 -8.931403690073196344e-01 -3.429534707142683492e-01 8.002964497735627625e-02
-5.318090293229640886e-02 -2.744598983510420677e-03 -1.777410055387792717e-02 -2.798014427368661350e-01 -8.931328167652241579e-01 -3.429562505088202262e-01 8.003708200775630499e-02
-5.317969959342205843e-02 -2.738779886889117048e-03 -1.777374775928701467e-02 -2.797996856120466558e-01 -8.931311320715855651e-01 -3.429596868349909511e-01 8.004729890491404931e-02
-5.317930440239986012e-02 -2.737220098687827285e-03 -1.777465684982640695e-02 -2.798205993301995376e-01 -8.931264879747942143e-01 -3.429554015847689485e-01 8.004437014636214820e-02
-5.317846419362619315e-02 -2.734124562313480604e-03 -1.777599626249319262e-02 -2.798306025434528221e-01 -8.931233435807941490e-01 -3.429554173094808145e-01 8.004441747749056757e-02
-5.317797389673838138e-02 -2.730156256323802537e-03 -1.777556202874386662e-02 -2.798358923701290690e-01 -8.931239030135417201e-01 -3.429529779042174709e-01 8.003013278697372612e-02
-5.317825000738374275e-02 -2.728563441645960076e-03 -1.777486735534032289e-02 -2.798234748870624400e-01 -8.931255252729906058e-01 -3.429586093441135408e-01 8.003131440083720294e-02
-5.317838592555439170e-02 -2.726444894039043061e-03 -1.777410503636493722e-02 -2.798199113284890460e-01 -8.931266747555688390e-01 -3.429600692787708183e-01 8.002468959313573105e-02
-5.317929899737526556e-02 -2.721087353110594222e-03 -1.777231477732865370e-02 -2.798202814941690431e-01 -8.931258165568101148e-01 -3.429614447766350382e-01 8.002707829840050024e-02
-5.317915607240325526e-02 -2.723540836903582882e-03 -1.777302122014306693e-02 -2.798181199491641680e-01 -8.931263568570371181e-01 -3.429610130915534127e-01 8.003045629388241822e-02
-5.317916429786009869e-02 -2.724796366065806823e-03 -1.777465462114438330e-02 -2.798124564080902155e-01 -8.931266656182239583e-01 -3.429643630359441864e-01 8.003245646544111802e-02
-5.317833622332464316e-02 -2.726357264403510804e-03 -1.777583830901860451e-02 -2.798156849079664332e-01 -8.931246901135372340e-01 -3.429670067125814570e-01 8.003188549382028727e-02
-5.317931143141514660e-02 -2.725042882452849077e-03 -1.777415050245350486e-02 -2.797931896395453588e-01 -8.931277213760717704e-01 -3.429754597530627613e-01 8.004047943441221225e-02
-5.318044688192288816e-02 -2.723883120421972601e-03 -1.777323988292201645e-02 -2.798079599126182537e-01 -8.931242736788316261e-01 -3.429741609814661585e-01 8.003288220636185779e-02
-5.318063892593200004e-02 -2.726506470285130351e-03 -1.777127966090428016e-02 -2.798020560060857642e-01 -8.931277019168404330e-01 -3.429724535781940586e-01 8.002258187576900827e-02
-5.318005701215218484e-02 -2.731253918158907737e-03 -1.777214974214440940e-02 -2.798099253434339073e-01 -8.931293083075354522e-01 -3.429660526619567329e-01 8.000456888754065021e-02
-5.317892505740805242e-02 -2.735571162837558551e-03 -1.777358019342816647e-02 -2.798100401366114820e-01 -8.931292544631707075e-01 -3.429664667880127360e-01 8.000299319247883290e-02
-5.317914308011906233e-02 -2.735310211377478366e-03 -1.777352811138294478e-02 -2.797938027140153272e-01 -8.931310471237137172e-01 -3.429757152878149529e-01 8.000012093328931484e-02
-5.317968936400893631e-02 -2.734388431461871362e-03 -1.777344647671769834e-02 -2.797921305663273461e-01 -8.931299989123540062e-01 -3.429783399875629968e-01 8.000641858844359522e-02
-5.318005782870884046e-02 -2.732306209641648109e-03 -1.777344719905705334e-02 -2.797966019259578441e-01 -8.931297770976389661e-01 -3.429762611889302093e-01 8.000216917728912580e-02
-5.318039471423079145e-02 -2.731051568423585076e-03 -1.777372357005967476e-02 -2.797972238408311108e-01 -8.931294647732902492e-01 -3.429767163016028686e-01 8.000152973356075559e-02
-5.318101470001367070e-02 -2.731750805474788234e-03 -1.777290990157857908e-02 -2.797930744314107709e-01 -8.931297002997427015e-01 -3.429794721398601309e-01 8.000159769263152920e-02
-5.318159637998048916e-02 -2.733985425742390535e-03 -1.777257241309952024e-02 -2.797969074396184364e-01 -8.931277329324340819e-01 -3.429815604925650629e-01 8.000120259271729928e-02
-5.318129316462168188e-02 -2.734657734925293078e-03 -1.777115831012420280e-02 -2.797883384980150989e-01 -8.931277789186971017e-01 -3.429867057147162335e-01 8.000859870814840125e-02
-5.318061541136850923e-02 -2.739941681058894254e-03 -1.777194099740257716e-02 -2.797967383291656840e-01 -8.931255905126584960e-01 -3.429849682486239004e-01 8.001110140015510463e-02
-5.318071051149354800e-02 -2.740162617242885255e-03 -1.777005688092124155e-02 -2.798029236252207452e-01 -8.931202055750500080e-01 -3.429886491283571370e-01 8.003379844455839331e-02
-5.318125276671380880e-02 -2.735857724419532566e-03 -1.776887180322093973e-02 -2.797945889942266562e-01 -8.931229283572070798e-01 -3.429890952183484165e-01 8.003064021671742190e-02
-5.318139586123959983e-02 -2.734202654736173944e-03 -1.776844037528785628e-02 -2.798087232453361217e-01 -8.931186618637455554e-01 -3.429882789032163148e-01 8.003233572461147804e-02
-5.318087032146902315e-02 -2.731325352623621867e-03 -1.776919576872463408e-02 -2.797966344427524343e-01 -8.931245287631712770e-01 -3.429862555103257993e-01 8.001779806441630671e-02
-5.318088171139322140e-02 -2.727271707392769223e-03 -1.776902381256921515e-02 -2.797973033763422879e-01 -8.931230043367250904e-01 -3.429879031434082126e-01 8.002541124641000814e-02
-5.318125664609819891e-02 -2.723180435478110561e-03 -1.776731047723136350e-02 -2.798027256076972558e-01 -8.931210844942549798e-01 -3.429888157006036886e-01 8.002396815084164561e-02
-5.318130726193936314e-02 -2.725836907769715878e-03 -1.776718760809065795e-02 -2.797922967664075999e-01 -8.931246693110743706e-01 -3.429895337538585443e-01 8.001734482893929634e-02
-5.318239559544872541e-02 -2.726118470913441519e-03 -1.776648381541125199e-02 -2.797864875397241269e-01 -8.931244728914002895e-01 -3.429928523303427679e-01 8.002562441454574849e-02
-5.318136033181939532e-02 -2.728580908234565228e-03 -1.776807313216655776e-02 -2.797911683443200515e-01 -8.931254476202421522e-01 -3.429901987669348729e-01 8.000975240232237329e-02
-5.318054787626229352e-02 -2.729434911583394040e-03 -1.776963980194504883e-02 -2.797978515366367214e-01 -8.931246901956104711e-01 -3.429885482136663666e-01 8.000191143190392429e-02
-5.318038943295422261e-02 -2.731141207776336365e-03 -1.777089757751269816e-02 -2.798009590257976575e-01 -8.931207533215697048e-01 -3.429941046808759331e-01 8.001117089957071604e-02
-5.318081800693061356e-02 -2.727640795480448799e-03 -1.776946826058214968e-02 -2.798202793633039476e-01 -8.931151821634615295e-01 -3.429930837855735271e-01 8.001016886266451578e-02
-5.318050295312500009e-02 -2.725859693312755044e-03 -1.776938993107745127e-02 -2.798133105068236759e-01 -8.931166224082529581e-01 -3.429972166945908785e-01 8.000074612808161234e-02
-5.318015314896833851e-02 -2.725272556754718654e-03 -1.776841457089001208e-02 -2.798064218539274561e-01 -8.931159587415866685e-01 -3.430044309496894095e-01 8.000131798463108734e-02
-5.318013573573941721e-02 -2.723971346232153569e-03 -1.776929618088194177e-02 -2.798028387068394740e-01 -8.931171373562908355e-01 -3.430068135215979530e-01 7.999047624472731266e-02
-5.317889015344155756e-02 -2.723260307145802632e-03 -1.777075435216165025e-02 -2.797899007329222587e-01 -8.931213134024816869e-01 -3.430084413683112121e-01 7.998212390384078219e-02
-5.317850059287208830e-02 -2.724022551401065854e-03 -1.777177853494404589e-02 -2.798078469099952725e-01 -8.931131728165886408e-01 -3.430121723779547271e-01 7.999424322809323140e-02
-5.317711442290312673e-02 -2.721490213364418168e-03 -1.777312428935462485e-02 -2.798071309373548754e-01 -8.931150816814481530e-01 -3.430100677301738954e-01 7.998445964990889834e-02
-5.317784005494927135e-02 -2.719502696204554454e-03 -1.777363611509746172e-02 -2.798020571686636870e-01 -8.931112581367328662e-01 -3.430196139132578592e-01 8.000396155444694513e-02
-5.317898799545703326e-02 -2.726255455648317165e-03 -1.777438469194851309e-02 -2.798248250844423968e-01 -8.931016433374334706e-01 -3.430223931011909810e-01 8.001974609787734782e-02
-5.317898985092466002e-02 -2.724104140478970232e-03 -1.777370821426927511e-02 -2.798260992496427457e-01 -8.930993845045738233e-01 -3.430250589561475438e-01 8.002907286987712143e-02
-5.317817461496746750e-02 -2.724225723202354163e-03 -1.777326213271753635e-02 -2.798106921551176685e-01 -8.931059935265961425e-01 -3.430248801487844057e-01 8.000995239004737858e-02
-5.317791760948216429e-02 -2.723346865433300297e-03 -1.777258847577909209e-02 -2.798166520245178313e-01 -8.931064763306335585e-01 -3.430214273847195794e-01 7.999852211771793509e-02
-5.317876545747281247e-02 -2.722106215327567587e-03 -1.777136617334881125e-02 -2.798099333818437895e-01 -8.931082645384922358e-01 -3.430228357023462071e-01 7.999601977980959344e-02
-5.317874827004069604e-02 -2.722232329342709131e-03 -1.777098304910904036e-02 -2.798141670155054328e-01 -8.931060657686094029e-01 -3.430251893944549213e-01 7.999566654284193112e-02
-5.317836534006910310e-02 -2.721503761652831199e-03 -1.777103541382901025e-02 -2.798092413185696015e-01 -8.931083213978444624e-01 -3.430253450140888782e-01 7.998704520493375714e-02
-5.317956290291536714e-02 -2.723027414799976745e-03 -1.777025577113280908e-02 -2.798091965565657757e-01 -8.931058781127352297e-01 -3.430289753426177257e-01 7.999891298163319675e-02
-5.317998810424565820e-02 -2.723525130951040887e-03 -1.776969036325392465e-02 -2.798016942066045565e-01 -8.931059724510755915e-01 -3.430335895743391594e-01 8.000431435289180604e-02
-5.317962961357917961e-02 -2.724721151728050524e-03 -1.776931498410489613e-02 -2.798150597197645029e-01 -8.931024214224643210e-01 -3.430316366559024166e-01 8.000558390842725520e-02
-5.317920412628643345e-02 -2.718394312232399503e-03 -1.776785405259233286e-02 -2.798075257756635903e-01 -8.931034200443727089e-01 -3.430350513056830142e-01 8.000614476434675382e-02
-5.317846839751837196e-02 -2.714315248685894924e-03 -1.776854375094536614e-02 -2.797996939360681834e-01 -8.931061561855815345e-01 -3.430363505535556912e-01 7.999742030588456732e-02
-5.317812509253058706e-02 -2.711389175992466073e-03 -1.776951479464830563e-02 -2.798179141331069708e-01 -8.931001032262078088e-01 -3.430362664231972336e-01 8.000162789573332656e-02
-5.317746066881486044e-02 -2.708487866689756295e-03 -1.776927113507557540e-02 -2.798181602219585451e-01 -8.931001045641935310e-01 -3.430366871041446997e-01 7.999894835582609109e-02
-5.317726137917884455e-02 -2.708625753337478431e-03 -1.776816888309053211e-02 -2.798093501422170837e-01 -8.931040765768326617e-01 -3.430363453373533322e-01 7.998688487761723698e-02
-5.317740008600645857e-02 -2.710766252276445264e-03 -1.776684657322974079e-02 -2.798003198332853492e-01 -8.931058305521986096e-01 -3.430389843165740360e-01 7.998757212162355135e-02
-5.317813183616069972e-02 -2.712948331259200374e-03 -1.776617956183296904e-02 -2.798048791819111591e-01 -8.931014306870259656e-01 -3.430431648067056027e-01 8.000281976394953143e-02
-5.317851240898874982e-02 -2.714662218016795220e-03 -1.776514960886537570e-02 -2.797997435064302763e-01 -8.931002029849719470e-01 -3.430478134693447090e-01 8.001455265037432651e-02
-5.317895925468500706e-02 -2.714202213453122126e-03 -1.776421815033054491e-02 -2.797882423874908375e-01 -8.931019057303856146e-01 -3.430532107234171013e-01 8.001262409661814845e-02
-5.317886648227206081e-02 -2.711011198468470107e-03 -1.776324684934965994e-02 -2.797930786423717953e-01 -8.930974636551085588e-01 -3.430574774133591243e-01 8.002700011507536682e-02
-5.317903017577381430e-02 -2.712433648842944856e-03 -1.776367829055219144e-02 -2.797857431963244879e-01 -8.931002060575846668e-01 -3.430567172485201044e-01 8.002529971608503268e-02
-5.318031290425113966e-02 -2.713626251247677409e-03 -1.776351672702509293e-02 -2.797717696627344264e-01 -8.931017746814244873e-01 -3.430618723616346011e-01 8.003454686822017439e-02
-5.318059831953474148e-02 -2.713635195550499236e-03 -1.776469884161008261e-02 -2.797605228876844929e-01 -8.931048492537054795e-01 -3.430649635140022302e-01 8.002630119068089576e-02
-5.317918342272728860e-02 -2.712235173426149649e-03 -1.776530573002129548e-02 -2.797577400474442477e-01 -8.931032978792330379e-01 -3.430697507806592661e-01 8.003282014324576699e-02
-5.317834683167430021e-02 -2.714385782207517223e-03 -1.776586425698984187e-02 -2.797787530006191625e-01 -8.930964545741224558e-01 -3.430708274609091668e-01 8.003111608517055053e-02
-5.317793560538418285e-02 -2.712464534909570131e-03 -1.776439521584660328e-02 -2.797824728515588832e-01 -8.930936587768960599e-01 -3.430730766959357303e-01 8.003966881458401961e-02
-5.317901423338321221e-02 -2.712532631193813500e-03 -1.776369936269621072e-02 -2.797821226451262522e-01 -8.930927234717600527e-01 -3.430750012457509102e-01 8.004307996454204654e-02
-5.317832416594789335e-02 -2.712669364205097522e-03 -1.776431926082999713e-02 -2.797890108711905688e-01 -8.930903107573932020e-01 -3.430763340691270757e-01 8.004021007388933961e-02
-5.317766242074279531e-02 -2.714207136357504012e-03 -1.776425928743920191e-02 -2.798036953886890443e-01 -8.930866743303882416e-01 -3.430747006327206639e-01 8.003645398248064591e-02
-5.317725070775991547e-02 -2.711714586817675667e-03 -1.776487081312537811e-02 -2.797823933619530967e-01 -8.930906490233461170e-01 -3.430814466034525778e-01 8.003765356504362327e-02
-5.317622888640292922e-02 -2.710194189226176366e-03 -1.776508634444426762e-02 -2.797885262015826768e-01 -8.930863767430075040e-01 -3.430845151429677831e-01 8.005073235835057088e-02
-5.317621432683768135e-02 -2.708315095620650488e-03 -1.776474086290262197e-02 -2.797783113749361394e-01 -8.930875734880190375e-01 -3.430898194952988201e-01 8.005034868227965672e-02
-5.317604174606703482e-02 -2.707947796401887625e-03 -1.776421137901303127e-02 -2.797646236468798175e-01 -8.930942011831215499e-01 -3.430886447692118590e-01 8.002927588843423978e-02
-5.317632285719967045e-02 -2.709396191302325743e-03 -1.776327471151787143e-02 -2.797633360867429198e-01 -8.930964622932174857e-01 -3.430865309895297366e-01 8.001760477873688659e-02
-5.317778200545207612e-02 -2.708431067616600546e-03 -1.776180969160798262e-02 -2.797655844763409783e-01 -8.930925992911964428e-01 -3.430908943510623810e-01 8.003414925701260452e-02
-5.317721356864372334e-02 -2.710104066386994498e-03 -1.776179641935756934e-02 -2.797770509898909186e-01 -8.930872495247710319e-01 -3.430933733487775417e-01 8.004313611944270657e-02
-5.317613791251817740e-02 -2.712503523239621558e-03 -1.776209976137625712e-02 -2.797559573420125290e-01 -8.930911729060275750e-01 -3.430995509777376995e-01 8.004660722269860140e-02
-5.317662550829189289e-02 -2.714675914159867323e-03 -1.776187488465448550e-02 -2.797382637967243957e-01 -8.930967402709228953e-01 -3.431005015928225155e-01 8.004225191859273836e-02
-5.317630971381244465e-02 -2.714631558317669342e-03 -1.776296241527871439e-02 -2.797347305136624884e-01 -8.930978995201910298e-01 -3.431010318304568707e-01 8.003939263854527308e-02
-5.317645492462887147e-02 -2.713195027651066175e-03 -1.776407220628515096e-02 -2.797408677530187626e-01 -8.930978154836772820e-01 -3.430983460658302842e-01 8.003039306390780094e-02
-5.317543221463905123e-02 -2.711744040902797949e-03 -1.776532792951067419e-02 -2.797262293491718510e-01 -8.931006609750696823e-01 -3.431031864218745953e-01 8.002905376889547784e-02
-5.317505051063438348e-02 -2.714203344659130331e-03 -1.776559798722825156e-02 -2.797275078788241109e-01 -8.931022794485241612e-01 -3.430982878039910977e-01 8.002752455075859417e-02
