Drift libsurvive; 20211006-204820; x y z w i j k; Frequency = 50; Duration = 5
-5.310344380150722882e-02 -2.379528756151339138e-03 -1.765462562748185485e-02 -2.799134746955355135e-01 -8.931960398200060602e-01 -3.426706359075373243e-01 8.016306144636713149e-02
-5.310389312063639594e-02 -2.381148213353135971e-03 -1.765402596334941093e-02 -2.799003740230379123e-01 -8.931980934135415051e-01 -3.426756183584740989e-01 8.016462515857802895e-02
-5.310326708401282014e-02 -2.382974095797810166e-03 -1.765572174790597249e-02 -2.799000361355610256e-01 -8.931976696609410515e-01 -3.426770692564851672e-01 8.016432429305582474e-02
-5.310351693746372115e-02 -2.385092372820304257e-03 -1.765482829478847923e-02 -2.799260918716776070e-01 -8.931894140298202167e-01 -3.426759126873134553e-01 8.017027266033285859e-02
-5.310413848994981201e-02 -2.387717490153024209e-03 -1.765598959024953715e-02 -2.799277407056111611e-01 -8.931882140984640506e-01 -3.426776189977310261e-01 8.017059072436986955e-02
-5.310468941734208109e-02 -2.381239998672675211e-03 -1.765569557297461817e-02 -2.799281396523296550e-01 -8.931910968713110410e-01 -3.426718994608480839e-01 8.016152705945994716e-02
-5.310364634039760334e-02 -2.385475489421238528e-03 -1.765884773677930952e-02 -2.799211851768038106e-01 -8.931943736377808696e-01 -3.426710407479570675e-01 8.015297139681042127e-02
-5.310580816258270165e-02 -2.390360391850751727e-03 -1.765890588047884166e-02 -2.799341812543251762e-01 -8.931898569840029944e-01 -3.426700658328045157e-01 8.016208286034111341e-02
-5.310650251830417723e-02 -2.395222195953912621e-03 -1.765918956514391999e-02 -2.799436609553445088e-01 -8.931831094681330629e-01 -3.426771557170920635e-01 8.017385235474355776e-02
-5.310478890336843560e-02 -2.394974653232991371e-03 -1.765936638781217746e-02 -2.799504197581530462e-01 -8.931819759968810946e-01 -3.426800256863443139e-01 8.015060964925474485e-02
-5.310652055755396561e-02 -2.403016189853254651e-03 -1.765892201609817538e-02 -2.799432943119805617e-01 -8.931820706478710292e-01 -3.426838830327949559e-01 8.015795002682445103e-02
-5.310655301703993969e-02 -2.393524377403576445e-03 -1.765688569078874628e-02 -2.799362682015769099e-01 -8.931870181682488585e-01 -3.426825592200311577e-01 8.013301396738441162e-02
-5.310572978787939102e-02 -2.392021417148215527e-03 -1.765648790878574306e-02 -2.799358692946473104e-01 -8.931848588597408600e-01 -3.426882135841197163e-01 8.013429513310474372e-02
-5.310691967036350325e-02 -2.390335441095078374e-03 -1.765543024096467156e-02 -2.799283907474208188e-01 -8.931851669445594055e-01 -3.426902261068993094e-01 8.014837824049132753e-02
-5.310789638722526740e-02 -2.395649241035853298e-03 -1.765564503617397460e-02 -2.799365203267661917e-01 -8.931821449245942457e-01 -3.426908880645007094e-01 8.015083164139301386e-02
-5.310680055512868175e-02 -2.386396147742042388e-03 -1.765531355899179269e-02 -2.799316361556323796e-01 -8.931811006010907938e-01 -3.426941206311626686e-01 8.016570521793710269e-02
-5.310600189538779159e-02 -2.381371361532497698e-03 -1.765636346076611060e-02 -2.799429221450563943e-01 -8.931785304939495740e-01 -3.426942642860134058e-01 8.015431511168737144e-02
-5.310653106626160580e-02 -2.372622341749312455e-03 -1.765590603666982936e-02 -2.799311957747362412e-01 -8.931799375975009170e-01 -3.426992563682809134e-01 8.015824592690246053e-02
-5.310603680386671854e-02 -2.363257793671248198e-03 -1.765416923182116030e-02 -2.799401630719668965e-01 -8.931776039225118868e-01 -3.426987925708426252e-01 8.015491576296333853e-02
-5.310680834877347378e-02 -2.358219069759866227e-03 -1.765231961633721702e-02 -2.799398436561377768e-01 -8.931770246728512053e-01 -3.427007557302055307e-01 8.015409254851625642e-02
-5.310585090408619785e-02 -2.354697117836918388e-03 -1.765111528058463386e-02 -2.799339127354261159e-01 -8.931799179605064420e-01 -3.427013558538454796e-01 8.013999843170564741e-02
-5.310455112152440149e-02 -2.333923505992866430e-03 -1.764877039507586204e-02 -2.799440580898860387e-01 -8.931810797222856646e-01 -3.426954775161070166e-01 8.011674516794695111e-02
-5.310400625799137353e-02 -2.323733576531753463e-03 -1.764757579584139147e-02 -2.799445424537808091e-01 -8.931810561333111131e-01 -3.426968664809284526e-01 8.010937410240352718e-02
-5.310334584726336682e-02 -2.323859860839128447e-03 -1.764944775918709033e-02 -2.799461332407937042e-01 -8.931800573720614089e-01 -3.426986963237327877e-01 8.010712286921020664e-02
-5.310250140134241403e-02 -2.319586095748425031e-03 -1.765008719322243291e-02 -2.799586303448014513e-01 -8.931755070617819481e-01 -3.427005188783017187e-01 8.010638701710644238e-02
-5.310115673178938261e-02 -2.314650191841799085e-03 -1.765105242031539054e-02 -2.799757042546733299e-01 -8.931700672356972515e-01 -3.427005385947314853e-01 8.010728349008454374e-02
-5.310059692835218670e-02 -2.302417070945423326e-03 -1.764886053968247812e-02 -2.799568770252300887e-01 -8.931742687697219463e-01 -3.427045074042898709e-01 8.010925800889608095e-02
-5.310100101189608318e-02 -2.295596024614745580e-03 -1.764567183869088229e-02 -2.799497357785365459e-01 -8.931783041485801267e-01 -3.427021761510857245e-01 8.009919411020463564e-02
-5.310093362991004373e-02 -2.290660008488957719e-03 -1.764339115003282082e-02 -2.799457972405303696e-01 -8.931815413581323249e-01 -3.426997266272903686e-01 8.008734078526530409e-02
-5.310154956713646068e-02 -2.280330122731628363e-03 -1.764116226223166189e-02 -2.799321283212660161e-01 -8.931855931534443682e-01 -3.427029060538354654e-01 8.007632545835267901e-02
-5.310226522851245468e-02 -2.277014076906473325e-03 -1.764028073320469264e-02 -2.799344364090691206e-01 -8.931824697124967072e-01 -3.427078048347638739e-01 8.008213044093567823e-02
-5.310360301693707596e-02 -2.277101151132534564e-03 -1.764049016972979098e-02 -2.799439193242238000e-01 -8.931797635754858966e-01 -3.427070318323600095e-01 8.008247189794724663e-02
-5.310243126476017761e-02 -2.276622167580096348e-03 -1.764102825183933021e-02 -2.799521410486255912e-01 -8.931787426495982896e-01 -3.427049088348437245e-01 8.007420222315358993e-02
-5.310228371630286437e-02 -2.266609144696995863e-03 -1.764004957580187979e-02 -2.799566911917824585e-01 -8.931774901638047659e-01 -3.427042014576127116e-01 8.007529222510077760e-02
-5.310303642381813960e-02 -2.261334834949675632e-03 -1.763961524491099858e-02 -2.799456701003520953e-01 -8.931797024072091196e-01 -3.427085582073252645e-01 8.007050100561681483e-02
-5.310273336726745869e-02 -2.260317901720076614e-03 -1.763875011888667646e-02 -2.799593144302496839e-01 -8.931755905308957910e-01 -3.427092186963978104e-01 8.006583643499184944e-02
-5.310201812499658336e-02 -2.259888147924002735e-03 -1.763952483774544611e-02 -2.799623831946631558e-01 -8.931749313473752450e-01 -3.427120972368179475e-01 8.005013689006494626e-02
-5.310241653983605037e-02 -2.264797512141179976e-03 -1.763925273125346513e-02 -2.799642333394209981e-01 -8.931743872692505803e-01 -3.427126920452254755e-01 8.004719038157154243e-02
-5.310306866378677881e-02 -2.270777712562527077e-03 -1.763929255713245908e-02 -2.799569549877619079e-01 -8.931738039016277053e-01 -3.427174986934239942e-01 8.005857522589268638e-02
-5.310336928862190164e-02 -2.270267214422831345e-03 -1.763934882367920384e-02 -2.799603383884213814e-01 -8.931723435770229091e-01 -3.427179072233004220e-01 8.006128694350676811e-02
-5.310312968584590676e-02 -2.266306732823551891e-03 -1.763928143239182345e-02 -2.799647208780361995e-01 -8.931707303407920850e-01 -3.427180683372641479e-01 8.006326973933582114e-02
-5.310289024894591925e-02 -2.265803802529517928e-03 -1.764134053383303868e-02 -2.799569427571080293e-01 -8.931716582897369916e-01 -3.427212802591946827e-01 8.006636676878306491e-02
-5.310202678026505752e-02 -2.268382709552626934e-03 -1.764263808133460093e-02 -2.799286995029715008e-01 -8.931809254715413759e-01 -3.427238612695625020e-01 8.005068697305182945e-02
-5.310110137904536926e-02 -2.269897978911134331e-03 -1.764263027024303918e-02 -2.799387483729502968e-01 -8.931741542532927181e-01 -3.427290525948645250e-01 8.006886936086818340e-02
-5.310175106377787446e-02 -2.267670885705636713e-03 -1.764320810058380914e-02 -2.799053466705395676e-01 -8.931835452507650430e-01 -3.427350074620770792e-01 8.005539368768192776e-02
-5.310266794607734764e-02 -2.274503074005680692e-03 -1.764302272064816740e-02 -2.799192934850067149e-01 -8.931795890589593334e-01 -3.427336187055029515e-01 8.005671384933470136e-02
-5.310247775398432846e-02 -2.278797874703720854e-03 -1.764423791107477130e-02 -2.799002062703231930e-01 -8.931814423848790652e-01 -3.427419723516440531e-01 8.006700879639762347e-02
-5.310293854667143959e-02 -2.286357764971916687e-03 -1.764650001713945204e-02 -2.798972370265674359e-01 -8.931836386920668502e-01 -3.427411597287128298e-01 8.005636580253995549e-02
-5.310278322665903245e-02 -2.284548867279842521e-03 -1.764477812629782275e-02 -2.798916195692667808e-01 -8.931853941283172116e-01 -3.427430654676345001e-01 8.004826097164238763e-02
-5.310177895239308332e-02 -2.282690650312516924e-03 -1.764263555683601159e-02 -2.799009464487329790e-01 -8.931848051569999392e-01 -3.427394294790835905e-01 8.003778791363430622e-02
-5.310155466767704779e-02 -2.280130116281544293e-03 -1.764261292399011902e-02 -2.799048263747883625e-01 -8.931830128452571405e-01 -3.427415314947119263e-01 8.003521928144020914e-02
-5.310140741785662061e-02 -2.286325775773752171e-03 -1.764260301839305073e-02 -2.799201473979222032e-01 -8.931778952161134599e-01 -3.427410910786974352e-01 8.004063383196667603e-02
-5.310120510833195306e-02 -2.282553810463169332e-03 -1.764289375427602335e-02 -2.799064612174704259e-01 -8.931808613082955484e-01 -3.427451104313384289e-01 8.003818611571270059e-02
-5.310151793108813800e-02 -2.283718259690525713e-03 -1.764321117226058666e-02 -2.798973629043711164e-01 -8.931839730331081473e-01 -3.427471682476487258e-01 8.002646571096835859e-02
-5.310018155219255187e-02 -2.279061007825387668e-03 -1.764358064581002250e-02 -2.799080355757898597e-01 -8.931818223521670319e-01 -3.427462934033325137e-01 8.001688695544788288e-02
-5.310099013533507717e-02 -2.280874945989204081e-03 -1.764385752089446535e-02 -2.799197248857785425e-01 -8.931805843755891150e-01 -3.427426387821970177e-01 8.000546778169324857e-02
-5.310227437428533676e-02 -2.280937908128356610e-03 -1.764371788746838324e-02 -2.799121860995883448e-01 -8.931815303447820931e-01 -3.427462724551350592e-01 8.000571630835547066e-02
-5.310323229553208513e-02 -2.285516204224375715e-03 -1.764387649298634550e-02 -2.799236047513059544e-01 -8.931767317712770993e-01 -3.427478566363143520e-01 8.001254961959045064e-02
-5.310317941903944239e-02 -2.292102849340157955e-03 -1.764400895938778024e-02 -2.799274669801365967e-01 -8.931773185737927889e-01 -3.427452222968024320e-01 8.000377121192066288e-02
-5.310366792213065679e-02 -2.298635276624104093e-03 -1.764428041191606553e-02 -2.799079894923732215e-01 -8.931817322834989525e-01 -3.427497450683276159e-01 8.000326736441404352e-02
-5.310527566914245018e-02 -2.299257414633234728e-03 -1.764373967325322951e-02 -2.798851019465031786e-01 -8.931844749493497160e-01 -3.427585034438441758e-01 8.001519689900379873e-02
-5.310426217461277493e-02 -2.302363012819622946e-03 -1.764702729835535694e-02 -2.798687001496051319e-01 -8.931905213818940314e-01 -3.427599779156957349e-01 7.999875454869641300e-02
-5.310341088259058762e-02 -2.304721574478124820e-03 -1.764870157115768987e-02 -2.798709892347692185e-01 -8.931904512184680733e-01 -3.427616432025312188e-01 7.998439339022053729e-02
-5.310348332024291546e-02 -2.307019811926004291e-03 -1.764855058697319817e-02 -2.798690117477250494e-01 -8.931901842683989123e-01 -3.427645727642762985e-01 7.998173946382029775e-02
-5.310518605763733802e-02 -2.311677746936643442e-03 -1.764774753418768896e-02 -2.798607432433866116e-01 -8.931879435600651451e-01 -3.427718090800146999e-01 8.000467967697416638e-02
-5.310534911398001601e-02 -2.313912725373405872e-03 -1.764738935904284003e-02 -2.798515581157408616e-01 -8.931898537128586391e-01 -3.427740544432684167e-01 8.000586381708357786e-02
-5.310628667579318785e-02 -2.321632416063492375e-03 -1.764812067816655047e-02 -2.798565740659581524e-01 -8.931860042227597329e-01 -3.427778194893855157e-01 8.001516280522941171e-02
-5.310551436925930319e-02 -2.321226234082610952e-03 -1.764835998645733831e-02 -2.798611166131795835e-01 -8.931821756798508094e-01 -3.427817993746074543e-01 8.002496156412045036e-02
-5.310453236580278680e-02 -2.318138032044492029e-03 -1.764884917688085142e-02 -2.798675351553797652e-01 -8.931799691478556902e-01 -3.427813602915957270e-01 8.002902295874367300e-02
-5.310362379297894897e-02 -2.313953725459860257e-03 -1.764787453117269700e-02 -2.798502249116946450e-01 -8.931847381112583140e-01 -3.427834309915837041e-01 8.002746190924013570e-02
-5.310399674318132257e-02 -2.312173910962915177e-03 -1.764745335642854684e-02 -2.798533619767281655e-01 -8.931824977787838904e-01 -3.427855644930894452e-01 8.003235737580735587e-02
-5.310492524267251824e-02 -2.310154733750274976e-03 -1.764709291398214308e-02 -2.798357018823498521e-01 -8.931857373469652694e-01 -3.427905379623406024e-01 8.003665182564677349e-02
-5.310625148844022592e-02 -2.309036642175778253e-03 -1.764642741031741818e-02 -2.798106875087751355e-01 -8.931928512378967122e-01 -3.427940845323496077e-01 8.002952744463275037e-02
-5.310613515262899154e-02 -2.302999856046172335e-03 -1.764588027110100890e-02 -2.798185497995916982e-01 -8.931942642431376367e-01 -3.427895135209998445e-01 8.000584310692405998e-02
-5.310608174530051517e-02 -2.304830758457499830e-03 -1.764647676891243841e-02 -2.798173037299693799e-01 -8.931957211904397731e-01 -3.427893515105650546e-01 7.999462901561961437e-02
-5.310630944520425278e-02 -2.309148856138279644e-03 -1.764864923948410852e-02 -2.798103791533257945e-01 -8.931971404295049322e-01 -3.427916820347224891e-01 7.999301703544353659e-02
-5.310641892165847422e-02 -2.313541238583369762e-03 -1.765088469530490256e-02 -2.798177196665579958e-01 -8.931927018632895843e-01 -3.427954976539144272e-01 8.000054929167201012e-02
-5.310544044845170314e-02 -2.309688924848940332e-03 -1.765189202996968187e-02 -2.798221912409808998e-01 -8.931962223986193994e-01 -3.427909733374470691e-01 7.996498096227776242e-02
-5.310416213264430169e-02 -2.311686752312368948e-03 -1.765368690646324998e-02 -2.798444173507394495e-01 -8.931904585562653320e-01 -3.427896998599515022e-01 7.995704153855275054e-02
-5.310297869493303680e-02 -2.309193922992312971e-03 -1.765497351445866406e-02 -2.798443664962850796e-01 -8.931906879443953784e-01 -3.427912345258314342e-01 7.994807716241220108e-02
-5.310301618571573734e-02 -2.306209829798168583e-03 -1.765475787640264152e-02 -2.798420100807907374e-01 -8.931912188962431998e-01 -3.427924250448023957e-01 7.994528886988550020e-02
-5.310337753444023534e-02 -2.306276970895855365e-03 -1.765349883104725195e-02 -2.798463349360452712e-01 -8.931888569823625001e-01 -3.427945736532724275e-01 7.994732552921726687e-02
-5.310330029678439479e-02 -2.310751076277098998e-03 -1.765377327899125826e-02 -2.798420270511934316e-01 -8.931897394392727119e-01 -3.427974222304763785e-01 7.994033130043799729e-02
-5.310311212972473882e-02 -2.300431278237726612e-03 -1.765273821322439762e-02 -2.798434696226498319e-01 -8.931893587090000697e-01 -3.427997123729668583e-01 7.992971409665763916e-02
-5.310334991421615525e-02 -2.300655340152749258e-03 -1.765081193895974218e-02 -2.798194121875834384e-01 -8.931946324558890371e-01 -3.428064708903587610e-01 7.992601973501609058e-02
-5.310318427017147319e-02 -2.304779720501380635e-03 -1.765171093916504189e-02 -2.798381992750542113e-01 -8.931883949208030415e-01 -3.428071204050074927e-01 7.992716437433075582e-02
-5.310325275226211034e-02 -2.304838765113616586e-03 -1.765176279021270569e-02 -2.798475548791435896e-01 -8.931864145691277290e-01 -3.428072964161764102e-01 7.991578305405620808e-02
-5.310271563386970151e-02 -2.305163885677028075e-03 -1.765140983679851228e-02 -2.798415578121859482e-01 -8.931859609332283290e-01 -3.428136156634328247e-01 7.991474600346522295e-02
-5.310286331771246066e-02 -2.307044222631670326e-03 -1.765275718910355729e-02 -2.798394123095951369e-01 -8.931852720050781347e-01 -3.428179087412753789e-01 7.991154258111682340e-02
-5.310212751816981852e-02 -2.306925682574001261e-03 -1.765407905007950612e-02 -2.798391655122384747e-01 -8.931860012244128288e-01 -3.428182111892267292e-01 7.990295826298395021e-02
-5.310150878595967794e-02 -2.305690565933250780e-03 -1.765505520524414049e-02 -2.798473576683478403e-01 -8.931798152791668999e-01 -3.428244174782588138e-01 7.991678650076861068e-02
-5.310104020071821501e-02 -2.305836772262743681e-03 -1.765618999332408193e-02 -2.798510824111628548e-01 -8.931763723577970104e-01 -3.428283079204701433e-01 7.992553298823780461e-02
-5.310248393002823392e-02 -2.306362998300879631e-03 -1.765501625132279498e-02 -2.798665018584299835e-01 -8.931704208857660365e-01 -3.428288149189433476e-01 7.993587463424454975e-02
-5.310153823984377353e-02 -2.304846094734645627e-03 -1.765518694868176836e-02 -2.798681745517263009e-01 -8.931697699359237852e-01 -3.428299718248046246e-01 7.993232990659536463e-02
-5.310178428966894071e-02 -2.301610705883818352e-03 -1.765500468246601964e-02 -2.798673172042083213e-01 -8.931688541518306712e-01 -3.428335564142719893e-01 7.993019035612945744e-02
-5.310127059739394584e-02 -2.303656731163289048e-03 -1.765571565880673377e-02 -2.798649712308836635e-01 -8.931685220920984047e-01 -3.428378855858025265e-01 7.992354614761049136e-02
-5.310033068920291116e-02 -2.303240635063001120e-03 -1.765681880384091865e-02 -2.798461951694003469e-01 -8.931733145967626353e-01 -3.428420704566416122e-01 7.991778191645251828e-02
-5.310058028520678319e-02 -2.311756134379578526e-03 -1.765929605127191868e-02 -2.798542944433419777e-01 -8.931724554241927683e-01 -3.428368226936078789e-01 7.992153501084220402e-02
-5.310091015757111010e-02 -2.317823521437921593e-03 -1.765998066441186454e-02 -2.798511218450903115e-01 -8.931736596390813521e-01 -3.428387199903368265e-01 7.991104682309094209e-02
-5.310155853893150368e-02 -2.317868496461807266e-03 -1.765946667917796253e-02 -2.798422692010944512e-01 -8.931712790834862581e-01 -3.428489028188480559e-01 7.992496746739162494e-02
-5.310277830537865618e-02 -2.316817522278783251e-03 -1.765547038791818665e-02 -2.798367600900601992e-01 -8.931693852868576311e-01 -3.428522900772135729e-01 7.995088540726175141e-02
-5.310218575168068611e-02 -2.326626399822444291e-03 -1.765785612636656954e-02 -2.798482134683015765e-01 -8.931665347749925266e-01 -3.428513292646946375e-01 7.994676102297021414e-02
-5.310295474050916176e-02 -2.331631188966200134e-03 -1.765706335175167355e-02 -2.798526037823570456e-01 -8.931610723110138261e-01 -3.428577010184962193e-01 7.996509186380321155e-02
-5.310349025802936496e-02 -2.330856008904385115e-03 -1.765652772806641096e-02 -2.798380022683165658e-01 -8.931655147864212552e-01 -3.428595590634943568e-01 7.995860454992208266e-02
-5.310355483482288863e-02 -2.329822535000068175e-03 -1.765840269864903112e-02 -2.798096173654826546e-01 -8.931751633010350799e-01 -3.428617768508597230e-01 7.994065090192140066e-02
-5.310353295347562674e-02 -2.331807695819964124e-03 -1.766029617782507652e-02 -2.797990220126661542e-01 -8.931797918926999147e-01 -3.428609090126424896e-01 7.992974231344088243e-02
-5.310314162181857534e-02 -2.328422388477691986e-03 -1.766094000540554057e-02 -2.798073787803928569e-01 -8.931794661306293737e-01 -3.428574550543126431e-01 7.991894378887653971e-02
-5.310301224105330731e-02 -2.326054243037243251e-03 -1.765905920276643684e-02 -2.798111241384697578e-01 -8.931794952613946181e-01 -3.428551972968877370e-01 7.991519091811329079e-02
-5.310341028476683878e-02 -2.324897494073959077e-03 -1.765754447334064864e-02 -2.798277410935634535e-01 -8.931750191937126715e-01 -3.428537955207043297e-01 7.991304837028459507e-02
-5.310398964505598507e-02 -2.326916881317793971e-03 -1.765782759657681319e-02 -2.798364765192764003e-01 -8.931742623931693270e-01 -3.428516549067632257e-01 7.990010097232691511e-02
-5.310415966706264618e-02 -2.327675775065343039e-03 -1.765721576140514421e-02 -2.798294020138328286e-01 -8.931709738655484454e-01 -3.428610137420098347e-01 7.992147689106826602e-02
-5.310564820481659259e-02 -2.330206178931014567e-03 -1.765745912481734084e-02 -2.798307629490177639e-01 -8.931697639218513229e-01 -3.428628918204978393e-01 7.992217674488565071e-02
-5.310440787853717981e-02 -2.335600058665754722e-03 -1.766019875559834279e-02 -2.798189091060167555e-01 -8.931738077451742974e-01 -3.428630283295860393e-01 7.991790205811608039e-02
-5.310257084817911893e-02 -2.335597943042855631e-03 -1.766141707592302004e-02 -2.798323731475293452e-01 -8.931695415844826957e-01 -3.428628935558442059e-01 7.991901617826031867e-02
-5.310270766871585946e-02 -2.333445719527513056e-03 -1.766079995172561978e-02 -2.798637652997088554e-01 -8.931597005390421451e-01 -3.428596802446641778e-01 7.993285849889607275e-02
-5.310424729668741795e-02 -2.335767990252794572e-03 -1.765987355491279928e-02 -2.798413137352201430e-01 -8.931641130047875965e-01 -3.428645656198844316e-01 7.994120345357136337e-02
-5.310538390544277537e-02 -2.331110588474223297e-03 -1.765806326843489399e-02 -2.798341639493019395e-01 -8.931655966609310937e-01 -3.428674921973601242e-01 7.993710291480045360e-02
-5.310504550318332490e-02 -2.333635197641815810e-03 -1.765835674095667801e-02 -2.798436371237331688e-01 -8.931653730964195237e-01 -3.428631079713124752e-01 7.992524166460884816e-02
-5.310532904972391222e-02 -2.336711433009923920e-03 -1.765807176580554833e-02 -2.798370540576862187e-01 -8.931649378980648368e-01 -3.428666482528966442e-01 7.993796595914900993e-02
-5.310568238007389030e-02 -2.339957558502004341e-03 -1.765763255918516295e-02 -2.798451190236292963e-01 -8.931619333059015453e-01 -3.428666435040647609e-01 7.994332382489369171e-02
-5.310659459386192494e-02 -2.345026803784123516e-03 -1.765851491338793836e-02 -2.798359949021262949e-01 -8.931631690577892524e-01 -3.428706913903799003e-01 7.994409534960544850e-02
-5.310815128144498465e-02 -2.345263954931633109e-03 -1.765875576516104731e-02 -2.798255300625900888e-01 -8.931634360603620815e-01 -3.428771219448880081e-01 7.995016233147007878e-02
-5.310735554359496263e-02 -2.346105108195463244e-03 -1.766069027556640275e-02 -2.798136570659544020e-01 -8.931674822825554916e-01 -3.428790853109726644e-01 7.993809335184504095e-02
-5.310816090857559124e-02 -2.348108812982085090e-03 -1.765993110511364719e-02 -2.798386787269636633e-01 -8.931582659160912652e-01 -3.428803000019662317e-01 7.994826942885965848e-02
-5.310750863971317598e-02 -2.351816363820809913e-03 -1.765958605774373136e-02 -2.798368245702574364e-01 -8.931601837431778490e-01 -3.428792368821940162e-01 7.993789280042194745e-02
-5.310719810941590818e-02 -2.350494976425398716e-03 -1.765940600694901330e-02 -2.798346717678117934e-01 -8.931656712804461051e-01 -3.428721132474993882e-01 7.991466748942258058e-02
-5.310718778705150744e-02 -2.354527919456519958e-03 -1.765928352665641771e-02 -2.798397982471934609e-01 -8.931626334360578401e-01 -3.428740170864155168e-01 7.992249969539778898e-02
-5.310636315425810994e-02 -2.355949195095089800e-03 -1.766072064845237294e-02 -2.798486454299711212e-01 -8.931602433264265173e-01 -3.428733350420394288e-01 7.992115808243922814e-02
-5.310622455756290605e-02 -2.353961335061363104e-03 -1.766160881022071569e-02 -2.798458603834850789e-01 -8.931579893754046928e-01 -3.428797789681176655e-01 7.992845310580261320e-02
-5.310677917117070934e-02 -2.354311504681868769e-03 -1.766145463717340089e-02 -2.798421912367589082e-01 -8.931555657263150483e-01 -3.428878417496684095e-01 7.993379383070432775e-02
-5.310807075456898396e-02 -2.360661135456039623e-03 -1.766242069185600810e-02 -2.798362432043375314e-01 -8.931540756456841645e-01 -3.428931649040140028e-01 7.994843093454000182e-02
-5.310760590980129203e-02 -2.362235913831022861e-03 -1.766413829121167220e-02 -2.798478758055752968e-01 -8.931520653187019487e-01 -3.428908147380144156e-01 7.994025139030520866e-02
-5.310678294433871655e-02 -2.359256967308401461e-03 -1.766420984918036161e-02 -2.798394111306378718e-01 -8.931561806942457382e-01 -3.428893051222040023e-01 7.993037782056275353e-02
-5.310606377612586693e-02 -2.357903620142884696e-03 -1.766523613710714591e-02 -2.798545707879687150e-01 -8.931519605011153384e-01 -3.428870570907828208e-01 7.993410249523037747e-02
-5.310714257458457044e-02 -2.360622456334522841e-03 -1.766498009801557162e-02 -2.798543062677951720e-01 -8.931479664708433797e-01 -3.428940996760840854e-01 7.994944439892065491e-02
-5.310707481510188593e-02 -2.355011747576681719e-03 -1.766244910721969860e-02 -2.798559494869891640e-01 -8.931469365682092043e-01 -3.428967550147509202e-01 7.994380924069661998e-02
-5.310732794339710627e-02 -2.354577289006391794e-03 -1.766048109735042504e-02 -2.798757258567288186e-01 -8.931398196198576667e-01 -3.428975427298466272e-01 7.995070903632005288e-02
-5.310732867728819306e-02 -2.361242468056182729e-03 -1.766064962566412863e-02 -2.798775097085972052e-01 -8.931377743192111529e-01 -3.429001489446584228e-01 7.995613483136326805e-02
-5.310802464145321367e-02 -2.361676545322135591e-03 -1.766002341305247803e-02 -2.798876341029838399e-01 -8.931323608787846702e-01 -3.429034774765771232e-01 7.996688915915670104e-02
-5.310834391142062877e-02 -2.359147637328162274e-03 -1.766044940608904601e-02 -2.798822364371617577e-01 -8.931309998516925308e-01 -3.429079882527115708e-01 7.998163803853197695e-02
-5.310851426078008752e-02 -2.357135689391091742e-03 -1.766039881916428231e-02 -2.798821229541126887e-01 -8.931291294533028058e-01 -3.429107072235496600e-01 7.999126354877228451e-02
-5.310868411728011940e-02 -2.355954197417526284e-03 -1.765861721613878887e-02 -2.798752623746061374e-01 -8.931286599418912786e-01 -3.429159903867234904e-01 7.999786146041237833e-02
-5.310894627437392351e-02 -2.354342360169858935e-03 -1.765695301781884316e-02 -2.798933984999929514e-01 -8.931235154936572052e-01 -3.429145617491951570e-01 7.999796802877398583e-02
-5.310899788790429676e-02 -2.347763686770440970e-03 -1.765556584094911743e-02 -2.798925782728482470e-01 -8.931267593404422778e-01 -3.429106130622421866e-01 7.998154679108508691e-02
-5.310754230638481399e-02 -2.343128149774125271e-03 -1.765452967348501989e-02 -2.798709384748766515e-01 -8.931331259688819468e-01 -3.429133662089317580e-01 7.997437320482220224e-02
-5.310834643502738983e-02 -2.337600728017080222e-03 -1.765331255877265748e-02 -2.798923172268799608e-01 -8.931292376405152167e-01 -3.429082012259161427e-01 7.996512465472832565e-02
-5.310800215792074730e-02 -2.337116633893164715e-03 -1.765374290978075078e-02 -2.798909128250336997e-01 -8.931305867243828356e-01 -3.429083976479450069e-01 7.995412933581370896e-02
-5.310801510672261139e-02 -2.340215748515978890e-03 -1.765551599090401519e-02 -2.798948775467363648e-01 -8.931254293354726759e-01 -3.429145838363594767e-01 7.997132729773516469e-02
-5.310611870125823281e-02 -2.342227325463099724e-03 -1.765703181237916058e-02 -2.799123755517118339e-01 -8.931211759982904397e-01 -3.429142419746341597e-01 7.995904981545255696e-02
-5.310582815737868029e-02 -2.342753780899143462e-03 -1.765666601390050022e-02 -2.799069496815689284e-01 -8.931239229862306672e-01 -3.429144884982422425e-01 7.994630252634611633e-02
-5.310429439575106714e-02 -2.340724983078460407e-03 -1.765763290174588926e-02 -2.799156481302269572e-01 -8.931253052112629875e-01 -3.429086337920843053e-01 7.992551528748177703e-02
-5.310565392275228697e-02 -2.338563581489270897e-03 -1.765580245917833940e-02 -2.798971857788707940e-01 -8.931286138388311313e-01 -3.429137199976642347e-01 7.993137789854476427e-02
-5.310522052744083565e-02 -2.335009587207612265e-03 -1.765463564342233810e-02 -2.798980254526249323e-01 -8.931252407619909572e-01 -3.429205808187195670e-01 7.993669315470465497e-02
-5.310521447965207281e-02 -2.329781388717590621e-03 -1.765373205995487971e-02 -2.799057581234431491e-01 -8.931210697129262632e-01 -3.429241847596734560e-01 7.994075875979927970e-02
-5.310588487549774972e-02 -2.333009111121961063e-03 -1.765351109239879368e-02 -2.799223025417902910e-01 -8.931131126423665911e-01 -3.429270058650677466e-01 7.995962240021994849e-02
-5.310700144535753647e-02 -2.331390027773938556e-03 -1.765261959332354094e-02 -2.799266549183292430e-01 -8.931106692325231355e-01 -3.429284374334738983e-01 7.996553738145585621e-02
-5.310745331048974394e-02 -2.329874249771328627e-03 -1.765245927486077185e-02 -2.799161823927072135e-01 -8.931128349942989431e-01 -3.429316073286614031e-01 7.996441394845468786e-02
-5.310822188007670308e-02 -2.328613202036449413e-03 -1.765261980211326950e-02 -2.799217545853505129e-01 -8.931094997931768864e-01 -3.429330744467966041e-01 7.997586598160626170e-02
-5.310771532465687755e-02 -2.327365518764376584e-03 -1.765321204983569606e-02 -2.799275308860414424e-01 -8.931084480596063191e-01 -3.429309409761967520e-01 7.997654142175621150e-02
-5.310700235436149885e-02 -2.322870348101184479e-03 -1.765455436140207085e-02 -2.799315843532057535e-01 -8.931090450886225440e-01 -3.429287096807902557e-01 7.996525332330887970e-02
-5.310776173921220866e-02 -2.323242034096611487e-03 -1.765545708949010223e-02 -2.799225355169600027e-01 -8.931105904336849033e-01 -3.429312459128330826e-01 7.996879354862676537e-02
-5.310501241732468181e-02 -2.323279256012264482e-03 -1.765876252492011231e-02 -2.799384111092069194e-01 -8.931100251879897645e-01 -3.429227495913904633e-01 7.995596730101760252e-02
-5.310354567945920617e-02 -2.314884212605087740e-03 -1.765718988897205938e-02 -2.799475054014631814e-01 -8.931089816836150774e-01 -3.429210325545846150e-01 7.994314534249483128e-02
-5.310403908228725905e-02 -2.312971799099518798e-03 -1.765648546351404960e-02 -2.799371337072485422e-01 -8.931113859053401161e-01 -3.429248519666324158e-01 7.993622108703724027e-02
-5.310387688569979947e-02 -2.310473374183693966e-03 -1.765598023356867996e-02 -2.799496944601424508e-01 -8.931050252146393031e-01 -3.429289262400543326e-01 7.994581950217817534e-02
-5.310429517258731524e-02 -2.309995534932835458e-03 -1.765596136978578312e-02 -2.799542889875968887e-01 -8.931005891756729209e-01 -3.429344419730995241e-01 7.995562644438432287e-02
-5.310511068405603802e-02 -2.307745019237167350e-03 -1.765505658267887620e-02 -2.799563497683176805e-01 -8.930977700626625548e-01 -3.429381402179783045e-01 7.996403765026456611e-02
-5.310545422898751977e-02 -2.306650748033459326e-03 -1.765527735617039226e-02 -2.799408030427296135e-01 -8.931000484837162690e-01 -3.429438393853938560e-01 7.996857643962623774e-02
-5.310531557668555364e-02 -2.302384616459089706e-03 -1.765487306226589878e-02 -2.799433150354702637e-01 -8.930978579357069513e-01 -3.429463422337118983e-01 7.997351352867580754e-02
-5.310519473154892700e-02 -2.298245541616647340e-03 -1.765416150788633523e-02 -2.799312968802033508e-01 -8.930993972574111650e-01 -3.429522620820023571e-01 7.997300530962851706e-02
-5.310522613748039356e-02 -2.297461088068089054e-03 -1.765331158599831377e-02 -2.799399962539135256e-01 -8.930944035698350492e-01 -3.429567835045610469e-01 7.997893133697749068e-02
-5.310553602619289687e-02 -2.297621296179151208e-03 -1.765194374524022003e-02 -2.799468001440461595e-01 -8.930910614096121414e-01 -3.429597530653011872e-01 7.997970302989167168e-02
-5.310620525361559041e-02 -2.303227176216217538e-03 -1.765148073295543310e-02 -2.799567418448684064e-01 -8.930871227503807130e-01 -3.429606132039448863e-01 7.998519652927091328e-02
-5.310650158030255641e-02 -2.303436771786964918e-03 -1.765124376144994178e-02 -2.799762634364608149e-01 -8.930824253460221129e-01 -3.429577267786615979e-01 7.998169223664207406e-02
-5.310629950295304297e-02 -2.307808481895744397e-03 -1.765256979164042325e-02 -2.799864273534954928e-01 -8.930824401620396369e-01 -3.429514654718519018e-01 7.997279476641884488e-02
-5.310569042051899169e-02 -2.308171192684166720e-03 -1.765331006005883482e-02 -2.799730832642713940e-01 -8.930848406491203040e-01 -3.429560773387905770e-01 7.997292708549673390e-02
-5.310475601508912735e-02 -2.306393133307876354e-03 -1.765503541367281076e-02 -2.799599166857923982e-01 -8.930893910150534687e-01 -3.429578041818716061e-01 7.996079824760436716e-02
-5.310419843530268108e-02 -2.305850954436037062e-03 -1.765572266586253741e-02 -2.799484046820825967e-01 -8.930899903796830630e-01 -3.429630220320952216e-01 7.997202834858732623e-02
-5.310454924432685131e-02 -2.306306226095037812e-03 -1.765491247718248627e-02 -2.799582586708684318e-01 -8.930865268811085667e-01 -3.429636774799503796e-01 7.997340079578089955e-02
-5.310429677536922938e-02 -2.304051641093834805e-03 -1.765508333619401210e-02 -2.799465138339988779e-01 -8.930885250400542041e-01 -3.429678691765845611e-01 7.997422426284743480e-02
-5.310491283787562022e-02 -2.305654861182370070e-03 -1.765505258419877710e-02 -2.799322150971446654e-01 -8.930905587611773777e-01 -3.429732433520128465e-01 7.997851678453986313e-02
-5.310469932161819562e-02 -2.306934990361380645e-03 -1.765457310611361769e-02 -2.799386547428990291e-01 -8.930913922320868892e-01 -3.429696275534373506e-01 7.996217404213737390e-02
-5.310630230509190419e-02 -2.306662835789357983e-03 -1.765323310603411286e-02 -2.799346004254466558e-01 -8.930911021360314894e-01 -3.429717903313335148e-01 7.997033079219711960e-02
-5.310621103225174333e-02 -2.307692969398718492e-03 -1.765406845669584973e-02 -2.799344046646179973e-01 -8.930913327350229469e-01 -3.429712749090653712e-01 7.997065127843193399e-02
-5.310527507179818585e-02 -2.307663555582420076e-03 -1.765587119958091436e-02 -2.799308799688117744e-01 -8.930930996772226127e-01 -3.429716382850178658e-01 7.996169758645650660e-02
-5.310605072888878453e-02 -2.306799238780645432e-03 -1.765610701692185702e-02 -2.799245056119323283e-01 -8.930917492055847617e-01 -3.429766083420023315e-01 7.997777684482811067e-02
-5.310569444382402110e-02 -2.307916300799030783e-03 -1.765708363442282033e-02 -2.799478360912638908e-01 -8.930876120080926128e-01 -3.429701332723508744e-01 7.997008208478466329e-02
-5.310568146168444248e-02 -2.309991747155615976e-03 -1.765642473478086505e-02 -2.799521773120778323e-01 -8.930842470802412558e-01 -3.429738841673583560e-01 7.997637660272503835e-02
-5.310433517900389755e-02 -2.311075542980913812e-03 -1.765581376823030166e-02 -2.799697991600609281e-01 -8.930802752195010630e-01 -3.429712644305888958e-01 7.997027789759546257e-02
-5.310400714324414739e-02 -2.313833982756491152e-03 -1.765456826592913184e-02 -2.799593047883901509e-01 -8.930827226900142080e-01 -3.429740450123083262e-01 7.996775939644280851e-02
-5.310493290534196165e-02 -2.320798339811531996e-03 -1.765397541388908503e-02 -2.799687434036607359e-01 -8.930782167636479585e-01 -3.429749292814103234e-01 7.998124369906740860e-02
-5.310545799910862397e-02 -2.329272698691624809e-03 -1.765467360581148698e-02 -2.799798024611041547e-01 -8.930727356977552489e-01 -3.429771716381586621e-01 7.999411667277495086e-02
-5.310703620057308227e-02 -2.331298949365213057e-03 -1.765381647438750770e-02 -2.799740167384777711e-01 -8.930706467576394747e-01 -3.429836321643149333e-01 8.000998636787733098e-02
-5.310743740833664961e-02 -2.334231250180795331e-03 -1.765455183888587146e-02 -2.799672585385181156e-01 -8.930728041626486702e-01 -3.429845033265125354e-01 8.000581909683475434e-02
-5.310684094209919270e-02 -2.337641247101679073e-03 -1.765514200947079088e-02 -2.799604130339587438e-01 -8.930751896211917007e-01 -3.429838444657098417e-01 8.000597010504485740e-02
-5.310659664388804602e-02 -2.333558627896401005e-03 -1.765499793941941245e-02 -2.799502671013267552e-01 -8.930771695238246544e-01 -3.429869764984376790e-01 8.000594463956968438e-02
-5.310763244140179196e-02 -2.332825047106137743e-03 -1.765399951278776719e-02 -2.799242763789667743e-01 -8.930826473441204616e-01 -3.429937114912688934e-01 8.000686460531516997e-02
-5.310803613631941145e-02 -2.329913321497029816e-03 -1.765352358133320115e-02 -2.799427299796774515e-01 -8.930754335577129055e-01 -3.429959227340872441e-01 8.001334198132532827e-02
-5.310855104547554384e-02 -2.331145781721001044e-03 -1.765278317211768644e-02 -2.799654189375819224e-01 -8.930678679139052445e-01 -3.429955530273249287e-01 8.001998564293241745e-02
-5.310841714938958902e-02 -2.331378476288822887e-03 -1.765168978726694426e-02 -2.799531429634644075e-01 -8.930707133665312103e-01 -3.429991175519299662e-01 8.001589861065303011e-02
-5.310758183390147658e-02 -2.331806085540430278e-03 -1.765236182709395418e-02 -2.799829749333478945e-01 -8.930641522372240182e-01 -3.429949121697716818e-01 8.000277471395290940e-02
-5.310790065693932194e-02 -2.331873741425115679e-03 -1.765334410604517054e-02 -2.799643542883385461e-01 -8.930660180052208963e-01 -3.430036991568188309e-01 8.000943804921309410e-02
-5.310790458483448384e-02 -2.336051420412041564e-03 -1.765518533806250193e-02 -2.799514297078700142e-01 -8.930659971707965994e-01 -3.430108828915466312e-01 8.002409587000655633e-02
-5.310696229094356846e-02 -2.339462258200129298e-03 -1.765785152744905537e-02 -2.799322836256491476e-01 -8.930705508449542362e-01 -3.430155100513772592e-01 8.002042028015519948e-02
-5.310773905798476385e-02 -2.341510145157582774e-03 -1.765856771740987458e-02 -2.799195483163871012e-01 -8.930752522109552949e-01 -3.430165718570418187e-01 8.000794829347258885e-02
-5.310831243030293691e-02 -2.346918096781796907e-03 -1.766020253844842111e-02 -2.798979814669955157e-01 -8.930812533844866286e-01 -3.430209938985763207e-01 7.999745351402567928e-02
-5.310885785036412871e-02 -2.346256580433418032e-03 -1.766029933279969488e-02 -2.798977488299147498e-01 -8.930798871847174247e-01 -3.430245816460150143e-01 7.999813555736631776e-02
-5.310985860141627379e-02 -2.347191510088221869e-03 -1.765927699099880885e-02 -2.798899522009592467e-01 -8.930795840638479088e-01 -3.430308964286537532e-01 8.000172048552092741e-02
-5.311003814492865766e-02 -2.347068359825605841e-03 -1.765874767581182558e-02 -2.798865809066402033e-01 -8.930811966169307503e-01 -3.430313618923626073e-01 7.999351746193364421e-02
-5.311028097928931213e-02 -2.347948277284812174e-03 -1.765923441551081260e-02 -2.798721092494302343e-01 -8.930812661195985935e-01 -3.430393899073429509e-01 8.000894664028149195e-02
-5.311016400218571132e-02 -2.346716885415622324e-03 -1.765894075166802787e-02 -2.798543140836659004e-01 -8.930839989405821022e-01 -3.430465359846016082e-01 8.001004858156617050e-02
-5.311035967857566376e-02 -2.351199260823859036e-03 -1.765926210940017144e-02 -2.798547029644851136e-01 -8.930819612032709909e-01 -3.430505951004518828e-01 8.001403003976774453e-02
-5.311047869076803568e-02 -2.351771308727480976e-03 -1.766017686146045818e-02 -2.798406017632927290e-01 -8.930869522652811199e-01 -3.430515177292863260e-01 8.000368417705967794e-02
-5.311063684293344800e-02 -2.349323422217419396e-03 -1.765889839691448318e-02 -2.798484761853082259e-01 -8.930812255466651362e-01 -3.430573547789729227e-01 8.001503786714948829e-02
-5.311047725887792226e-02 -2.346986585012734126e-03 -1.765817170103951839e-02 -2.798375912527178988e-01 -8.930833219646441279e-01 -3.430620619347507505e-01 8.000952575506130315e-02
-5.311014062370554567e-02 -2.347987920247678571e-03 -1.765736309197176238e-02 -2.798165897067594887e-01 -8.930873891428691147e-01 -3.430686105330066904e-01 8.000949909732577026e-02
-5.310969942767231056e-02 -2.352987225751177261e-03 -1.765774818084480877e-02 -2.798207848007873144e-01 -8.930870820536818133e-01 -3.430678602278404155e-01 8.000147211772284939e-02
-5.310993727852239554e-02 -2.352314679971839566e-03 -1.765743614981851034e-02 -2.798254687274154828e-01 -8.930863852751564913e-01 -3.430678163344336729e-01 7.999305521831129306e-02
-5.310953824428348014e-02 -2.353108953096501484e-03 -1.765795423898662217e-02 -2.798452708994588756e-01 -8.930802550950800445e-01 -3.430677338995988812e-01 7.999257635249354403e-02
-5.310995851049649108e-02 -2.354031171809701367e-03 -1.765764965865970412e-02 -2.798640447818593335e-01 -8.930745661386128020e-01 -3.430671744194582207e-01 7.999280961758324648e-02
-5.310963537725041372e-02 -2.353929506025733732e-03 -1.765882562782754295e-02 -2.798737193350227526e-01 -8.930735030199064006e-01 -3.430643761444195916e-01 7.998283096999296571e-02
-5.310935033497506119e-02 -2.350759892328571285e-03 -1.765882371552315866e-02 -2.798677528255120173e-01 -8.930737672420290263e-01 -3.430678472734196571e-01 7.998586975028502966e-02
-5.310777472282085521e-02 -2.344218197496926274e-03 -1.765953971535782693e-02 -2.798665321803774364e-01 -8.930747294799934455e-01 -3.430688508440243867e-01 7.997509181068310213e-02
-5.310683311754588187e-02 -2.343838957750550740e-03 -1.765959863903594079e-02 -2.798634471675275903e-01 -8.930749907296970935e-01 -3.430704958400173088e-01 7.997591360368919156e-02
-5.310675365868277459e-02 -2.348523006429322282e-03 -1.766035677311808202e-02 -2.798582108981970129e-01 -8.930769944411887096e-01 -3.430706525813788099e-01 7.997118937555140750e-02
-5.310635477933671467e-02 -2.351267956549912830e-03 -1.766094577454201814e-02 -2.798726404609875873e-01 -8.930726254451906154e-01 -3.430683215227117722e-01 7.997948217773190316e-02
-5.310693864449748947e-02 -2.350813722107045374e-03 -1.766069030862903871e-02 -2.798694280566251247e-01 -8.930747510959007318e-01 -3.430676479449119021e-01 7.996987637728530940e-02
-5.310574356535723711e-02 -2.352405747115938681e-03 -1.766080307249895051e-02 -2.798773432053056620e-01 -8.930727770198041426e-01 -3.430670377311932362e-01 7.996683893226373685e-02
-5.310406400843627195e-02 -2.354317951579585830e-03 -1.766181299643424657e-02 -2.798804164189024890e-01 -8.930750757234118264e-01 -3.430628764781777362e-01 7.994826082737846451e-02
-5.310463143532054286e-02 -2.351202691165251921e-03 -1.766173547574308861e-02 -2.798646502364834920e-01 -8.930772599499099407e-01 -3.430678323179218170e-01 7.995778721959480306e-02
-5.310285630705808418e-02 -2.350035487869768340e-03 -1.766458317401237155e-02 -2.798827065953618520e-01 -8.930767361535054683e-01 -3.430572269488444959e-01 7.994593753547071802e-02
-5.310283025335713059e-02 -2.349586642914956378e-03 -1.766636998280105356e-02 -2.798633514264864952e-01 -8.930824847848806147e-01 -3.430598862788813430e-01 7.993806555777599465e-02
-5.310213094357223163e-02 -2.352990402484041871e-03 -1.766875940183203209e-02 -2.798548929118192530e-01 -8.930845006614311909e-01 -3.430618397014069121e-01 7.993677334195030404e-02
-5.310184385536528134e-02 -2.355692344150784635e-03 -1.766995044919172225e-02 -2.798686784227663038e-01 -8.930819715742788212e-01 -3.430579930569191416e-01 7.993327396430138787e-02
-5.310153827650614111e-02 -2.356307715544417314e-03 -1.767059400648359271e-02 -2.798749252256403364e-01 -8.930778375163266336e-01 -3.430608710595182687e-01 7.994523822585306028e-02
-5.310170940169966353e-02 -2.357197119524001051e-03 -1.766968666380432096e-02 -2.798823861867024698e-01 -8.930738183395299234e-01 -3.430635454270846707e-01 7.995254028415044179e-02
-5.310148375815239991e-02 -2.359045011224998947e-03 -1.766985810213925201e-02 -2.798710640393881621e-01 -8.930762666734135546e-01 -3.430663533421137723e-01 7.995277745446117967e-02
-5.310122376323736515e-02 -2.360512513245579223e-03 -1.766961426066394891e-02 -2.798745755052541861e-01 -8.930737927549904365e-01 -3.430682194921707562e-01 7.996011164600499987e-02
-5.310225060649516327e-02 -2.364260697034656529e-03 -1.767072318147892146e-02 -2.798682336799840353e-01 -8.930718117472202788e-01 -3.430747115787650681e-01 7.997657853728500077e-02
-5.310208167689736691e-02 -2.364893013104819169e-03 -1.767197966891533717e-02 -2.798726104583770802e-01 -8.930703028712710934e-01 -3.430759968152667927e-01 7.997259814361810937e-02
-5.310260929668730867e-02 -2.369149663461710999e-03 -1.767204070832266438e-02 -2.798850747710262543e-01 -8.930657935743064879e-01 -3.430766997951658626e-01 7.997631727935926305e-02
-5.310115839895958312e-02 -2.373518680959620097e-03 -1.767425796683616546e-02 -2.798957889887562223e-01 -8.930643544419710755e-01 -3.430741276639525106e-01 7.996592436235075430e-02
-5.310262112781554550e-02 -2.386948589761991694e-03 -1.767660670337160150e-02 -2.798841572814140810e-01 -8.930673394622858918e-01 -3.430771408169924208e-01 7.996037229443506145e-02
-5.310225769244011906e-02 -2.390402260853364755e-03 -1.767652622668149792e-02 -2.798890773361452644e-01 -8.930638470625205105e-01 -3.430804913499818642e-01 7.996778046730768086e-02
-5.310282437355955121e-02 -2.389334300718933164e-03 -1.767686748368116345e-02 -2.798799948359371736e-01 -8.930635601856775629e-01 -3.430869363146063500e-01 7.997512169028278550e-02
-5.310314751814872170e-02 -2.391871079583261263e-03 -1.767858183801317845e-02 -2.798959333988608744e-01 -8.930594852222814017e-01 -3.430856968737266421e-01 7.997016269811971223e-02
-5.310401522123850415e-02 -2.392555637735279718e-03 -1.767831301699281793e-02 -2.799020662730295483e-01 -8.930554001259377594e-01 -3.430883800818703144e-01 7.998280474444363630e-02
-5.310377179471423292e-02 -2.388112522234507769e-03 -1.767672639117167169e-02 -2.798849013938808361e-01 -8.930578886243549785e-01 -3.430967098526002124e-01 7.997935499782093949e-02
-5.310453092569775851e-02 -2.386926743311965082e-03 -1.767526846193256257e-02 -2.798829761134408178e-01 -8.930591484099089650e-01 -3.430960503294238073e-01 7.997485462069205131e-02
-5.310501767295483511e-02 -2.389907669120312252e-03 -1.767489507902004695e-02 -2.798722494740578659e-01 -8.930606214298784096e-01 -3.430983463942199330e-01 7.998609333604252136e-02
