repeatability steamvr; 20211015-225917; x y z w i j k;  frequency = 150 duration = 2 sys.args = ['.\\repeatability.py']
2.322778254747390747e-01 -5.110368132591247559e-01 -1.748344421386718750e+00 6.470242101893872722e-01 4.846488923265578341e-01 -1.997413825150242128e-01 5.536952840751129257e-01
2.322782129049301147e-01 -5.110369324684143066e-01 -1.748344540596008301e+00 6.470241727651498964e-01 4.846490815710230438e-01 -1.997411752803209817e-01 5.536952239799530773e-01
2.322785258293151855e-01 -5.110371112823486328e-01 -1.748344659805297852e+00 6.470241382196980640e-01 4.846492571440234043e-01 -1.997410247326467103e-01 5.536951614212467510e-01
2.322790771722793579e-01 -5.110373497009277344e-01 -1.748345017433166504e+00 6.470240921590927341e-01 4.846495564939150569e-01 -1.997407280427924425e-01 5.536950626560946942e-01
2.322794795036315918e-01 -5.110375285148620605e-01 -1.748345136642456055e+00 6.470240532954544266e-01 4.846497583317808111e-01 -1.997405212523659379e-01 5.536950037926877677e-01
2.322795987129211426e-01 -5.110375881195068359e-01 -1.748345136642456055e+00 6.470240432196959768e-01 4.846498234547346740e-01 -1.997404667870549544e-01 5.536949893847779025e-01
2.322797775268554688e-01 -5.110373497009277344e-01 -1.748345017433166504e+00 6.470216163967332790e-01 4.846483824596196643e-01 -1.997467778052283982e-01 5.536967897972382424e-01
2.322798371315002441e-01 -5.110374093055725098e-01 -1.748345017433166504e+00 6.470215832905444886e-01 4.846484072576500157e-01 -1.997468110560754739e-01 5.536968181282722057e-01
2.322798818349838257e-01 -5.110374093055725098e-01 -1.748345017433166504e+00 6.470215602601513405e-01 4.846484129932591145e-01 -1.997468411963520818e-01 5.536968148064265183e-01
2.322799116373062134e-01 -5.110374093055725098e-01 -1.748345017433166504e+00 6.470215415479562138e-01 4.846484385247371574e-01 -1.997468815187246338e-01 5.536968308196226207e-01
2.322799563407897949e-01 -5.110374093055725098e-01 -1.748345017433166504e+00 6.470215228357606430e-01 4.846484295106245899e-01 -1.997468872955072972e-01 5.536968238024251310e-01
2.322800010442733765e-01 -5.110374093055725098e-01 -1.748345136642456055e+00 6.470214998053653854e-01 4.846484352462366307e-01 -1.997469174357900668e-01 5.536968435109768105e-01
2.322800308465957642e-01 -5.110374689102172852e-01 -1.748345136642456055e+00 6.470214810931684823e-01 4.846484607777190035e-01 -1.997469462429709575e-01 5.536968364937804310e-01
2.322800755500793457e-01 -5.110374689102172852e-01 -1.748345136642456055e+00 6.470214638203709567e-01 4.846484622006302923e-01 -1.997469746057854434e-01 5.536968512751963001e-01
2.322801202535629272e-01 -5.110374689102172852e-01 -1.748345136642456055e+00 6.470214350323740815e-01 4.846484722489493580e-01 -1.997469950083488877e-01 5.536968528804939726e-01
2.322801500558853149e-01 -5.110374689102172852e-01 -1.748345136642456055e+00 6.470214163201754021e-01 4.846484862652373216e-01 -1.997470238155354405e-01 5.536968688936974026e-01
2.322801947593688965e-01 -5.110375285148620605e-01 -1.748345136642456055e+00 6.470213990473761001e-01 4.846484876881507753e-01 -1.997470521783553943e-01 5.536968836751171574e-01
2.322802245616912842e-01 -5.110375285148620605e-01 -1.748345136642456055e+00 6.470213745775763581e-01 4.846485175323457240e-01 -1.997470597326195529e-01 5.536968815850635828e-01
2.322802692651748657e-01 -5.110375285148620605e-01 -1.748345255851745605e+00 6.470213573047759459e-01 4.846485189552608985e-01 -1.997470880954426153e-01 5.536968733360847494e-01
2.322803139686584473e-01 -5.110375285148620605e-01 -1.748345255851745605e+00 6.470213385925750460e-01 4.846485099411521058e-01 -1.997471284178367612e-01 5.536968893492925092e-01
2.322803437709808350e-01 -5.110375881195068359e-01 -1.748345255851745605e+00 6.470213213197737456e-01 4.846485343944699209e-01 -1.997471337502614297e-01 5.536969041307162609e-01
2.322803884744644165e-01 -5.110375881195068359e-01 -1.748345255851745605e+00 6.470212968499710060e-01 4.846485412082695010e-01 -1.997471643349334747e-01 5.536969020406657949e-01
2.322804331779479980e-01 -5.110375881195068359e-01 -1.748345255851745605e+00 6.470212738195676438e-01 4.846485699742973385e-01 -1.997471944752391149e-01 5.536968987188304325e-01
2.322804778814315796e-01 -5.110375881195068359e-01 -1.748345255851745605e+00 6.470212479103628622e-01 4.846485663510745612e-01 -1.997472255042852807e-01 5.536968978605666392e-01
2.322805821895599365e-01 -5.110376477241516113e-01 -1.748345375061035156e+00 6.470211975313505670e-01 4.846485925720632193e-01 -1.997472756028134955e-01 5.536969409730688740e-01
2.322806268930435181e-01 -5.110376477241516113e-01 -1.748345375061035156e+00 6.470211788191451152e-01 4.846485950731613257e-01 -1.997473044100208373e-01 5.536969339558793779e-01
2.322807013988494873e-01 -5.110377073287963867e-01 -1.748345375061035156e+00 6.470211370765307501e-01 4.846486148250953585e-01 -1.997473518423452665e-01 5.536969696776761207e-01
2.322808206081390381e-01 -5.110377669334411621e-01 -1.748345375061035156e+00 6.470210708641024322e-01 4.846486529060515247e-01 -1.997474183441665108e-01 5.536969572486177826e-01
2.322809249162673950e-01 -5.110377669334411621e-01 -1.748345494270324707e+00 6.470210204850763702e-01 4.846486791270644412e-01 -1.997474914731404982e-01 5.536970003611482172e-01
2.322809845209121704e-01 -5.110378265380859375e-01 -1.748345494270324707e+00 6.470209931364606648e-01 4.846486996124437785e-01 -1.997475229465838498e-01 5.536970007346836420e-01
2.322810143232345581e-01 -5.110378265380859375e-01 -1.748345494270324707e+00 6.470209686666454907e-01 4.846486949110550557e-01 -1.997475535312899508e-01 5.536969986446463876e-01
2.322810590267181396e-01 -5.110378265380859375e-01 -1.748345494270324707e+00 6.470209456362304712e-01 4.846487236771117035e-01 -1.997475951868360744e-01 5.536970183532381462e-01
2.322811037302017212e-01 -5.110378265380859375e-01 -1.748345494270324707e+00 6.470209269240176919e-01 4.846487261782200240e-01 -1.997476009636500183e-01 5.536970113360543122e-01
2.322811335325241089e-01 -5.110378861427307129e-01 -1.748345494270324707e+00 6.470209038936011181e-01 4.846487319138638727e-01 -1.997476311039925179e-01 5.536970310446491794e-01
2.322811782360076904e-01 -5.110378861427307129e-01 -1.748345613479614258e+00 6.470208851813870066e-01 4.846487574453912650e-01 -1.997476599112258944e-01 5.536970240274664556e-01
2.322812229394912720e-01 -5.110378861427307129e-01 -1.748345613479614258e+00 6.470208679085736048e-01 4.846487473531145285e-01 -1.997476652436722400e-01 5.536970388089145212e-01
2.322812527418136597e-01 -5.110378861427307129e-01 -1.748345613479614258e+00 6.470208434387537677e-01 4.846487771973588266e-01 -1.997477073436006167e-01 5.536970597493013901e-01
2.322812974452972412e-01 -5.110378861427307129e-01 -1.748345613479614258e+00 6.470208261659392557e-01 4.846487786202927084e-01 -1.997477357064686154e-01 5.536970515003326598e-01
2.322813272476196289e-01 -5.110379457473754883e-01 -1.748345613479614258e+00 6.470208074537229237e-01 4.846487811214057473e-01 -1.997477414832887765e-01 5.536970444831514904e-01
2.322813719511032104e-01 -5.110379457473754883e-01 -1.748345613479614258e+00 6.470207844233021310e-01 4.846487983722663762e-01 -1.997477716236431555e-01 5.536970411613335585e-01
2.322814166545867920e-01 -5.110379457473754883e-01 -1.748345613479614258e+00 6.470207599534791854e-01 4.846488051860967095e-01 -1.997478022083709059e-01 5.536970851321479925e-01
2.322814464569091797e-01 -5.110379457473754883e-01 -1.748345613479614258e+00 6.470207426806623419e-01 4.846488066090332558e-01 -1.997478190560345035e-01 5.536970768831808165e-01
2.322814911603927612e-01 -5.110380053520202637e-01 -1.748345732688903809e+00 6.470207239684436784e-01 4.846488321405725275e-01 -1.997478478632818966e-01 5.536970698660015344e-01
2.322815656661987305e-01 -5.110380053520202637e-01 -1.748345732688903809e+00 6.470206836652014903e-01 4.846488623295908682e-01 -1.997478833361000794e-01 5.536971043560691141e-01
2.322816997766494751e-01 -5.110380649566650391e-01 -1.748345732688903809e+00 6.470206088163166225e-01 4.846488838492842288e-01 -1.997479870499070109e-01 5.536970993177863232e-01
2.322817891836166382e-01 -5.110380649566650391e-01 -1.748345851898193359e+00 6.470205728312726778e-01 4.846489108037770333e-01 -1.997480211896271451e-01 5.536971301125018785e-01
2.322818636894226074e-01 -5.110381245613098145e-01 -1.748345851898193359e+00 6.470205253310117310e-01 4.846489118380686856e-01 -1.997480703995419549e-01 5.536971477311035672e-01
2.322819381952285767e-01 -5.110381245613098145e-01 -1.748345851898193359e+00 6.470204893459631235e-01 4.846489387925700387e-01 -1.997481275697042813e-01 5.536971554953979968e-01
2.322820276021957397e-01 -5.110381841659545898e-01 -1.748345851898193359e+00 6.470204447245001544e-01 4.846489607009412670e-01 -1.997481758908906113e-01 5.536971706504306701e-01
2.322821468114852905e-01 -5.110382437705993652e-01 -1.748345971107482910e+00 6.470203799514032683e-01 4.846489861886282280e-01 -1.997482419485167027e-01 5.536972030505218356e-01
2.322821915149688721e-01 -5.110382437705993652e-01 -1.748345971107482910e+00 6.470203540421627375e-01 4.846490171110985901e-01 -1.997482729776587085e-01 5.536972021922996756e-01
2.322822511196136475e-01 -5.110382437705993652e-01 -1.748345971107482910e+00 6.470203223753117072e-01 4.846490178006396254e-01 -1.997483172995132283e-01 5.536972062612377510e-01
2.322822958230972290e-01 -5.110383033752441406e-01 -1.748345971107482910e+00 6.470203051024832064e-01 4.846490422540297716e-01 -1.997483456624246645e-01 5.536972210427164587e-01
2.322823256254196167e-01 -5.110383033752441406e-01 -1.748345971107482910e+00 6.470202863902518864e-01 4.846490447551636827e-01 -1.997483744697106933e-01 5.536972140255475017e-01
2.322823703289031982e-01 -5.110383033752441406e-01 -1.748345971107482910e+00 6.470202633598125530e-01 4.846490389756217265e-01 -1.997483815796778361e-01 5.536972107037486657e-01
2.322824150323867798e-01 -5.110383033752441406e-01 -1.748346090316772461e+00 6.470202446475800118e-01 4.846490645071970249e-01 -1.997484219021873342e-01 5.536972267170203743e-01
2.322824448347091675e-01 -5.110383629798889160e-01 -1.748346090316772461e+00 6.470202273747494015e-01 4.846490659301519455e-01 -1.997484502651056260e-01 5.536972184680621911e-01
2.322824895381927490e-01 -5.110383629798889160e-01 -1.748346090316772461e+00 6.470202029049053616e-01 4.846490727440140867e-01 -1.997484578194499982e-01 5.536972394084973548e-01
2.322825491428375244e-01 -5.110383629798889160e-01 -1.748346090316772461e+00 6.470201769956577253e-01 4.846490921512803252e-01 -1.997484888486113219e-01 5.536972385502825222e-01
2.322826236486434937e-01 -5.110384225845336914e-01 -1.748346090316772461e+00 6.470201352529787453e-01 4.846491234185475450e-01 -1.997485593115498892e-01 5.536972512417652759e-01
2.322826534509658813e-01 -5.110384225845336914e-01 -1.748346090316772461e+00 6.470201179801452485e-01 4.846491248415064068e-01 -1.997485646440326224e-01 5.536972660232537535e-01
2.322827130556106567e-01 -5.110384225845336914e-01 -1.748346209526062012e+00 6.470200863132826719e-01 4.846491485615076478e-01 -1.997485974506981177e-01 5.536972700922063728e-01
2.322827577590942383e-01 -5.110384225845336914e-01 -1.748346209526062012e+00 6.470200676010450236e-01 4.846491510626502186e-01 -1.997486262580031036e-01 5.536972861054885175e-01
2.322827875614166260e-01 -5.110384821891784668e-01 -1.748346209526062012e+00 6.470200445705979186e-01 4.846491567983396975e-01 -1.997486679136553089e-01 5.536972827836978972e-01
2.322828322649002075e-01 -5.110384821891784668e-01 -1.748346209526062012e+00 6.470200258583590491e-01 4.846491708147076527e-01 -1.997486736905163818e-01 5.536972987969824844e-01
2.322828620672225952e-01 -5.110384821891784668e-01 -1.748346209526062012e+00 6.470200085855226657e-01 4.846491722376702338e-01 -1.997487020534527702e-01 5.536973135784771793e-01
2.322829067707061768e-01 -5.110384821891784668e-01 -1.748346209526062012e+00 6.470199913126857272e-01 4.846491966910826954e-01 -1.997487304163908517e-01 5.536973053295237701e-01
2.322829514741897583e-01 -5.110385417938232422e-01 -1.748346209526062012e+00 6.470199668428328055e-01 4.846492035049588809e-01 -1.997487379707513222e-01 5.536973032395270389e-01
2.322829812765121460e-01 -5.110385417938232422e-01 -1.748346209526062012e+00 6.470199438123820368e-01 4.846491977254283046e-01 -1.997487796264151294e-01 5.536972999177396382e-01
2.322830259799957275e-01 -5.110385417938232422e-01 -1.748346328735351562e+00 6.470199251001402807e-01 4.846492232570276948e-01 -1.997488084337330216e-01 5.536973389614815444e-01
2.322830557823181152e-01 -5.110385417938232422e-01 -1.748346328735351562e+00 6.470199020696880687e-01 4.846492289927248343e-01 -1.997488155437235624e-01 5.536973356396963641e-01
2.322831004858016968e-01 -5.110386013984680176e-01 -1.748346328735351562e+00 6.470198833574450914e-01 4.846492314938744550e-01 -1.997488443510447020e-01 5.536973286225362889e-01
2.322831451892852783e-01 -5.110386013984680176e-01 -1.748346328735351562e+00 6.470198660846048222e-01 4.846492559472957429e-01 -1.997488727139931086e-01 5.536973434040384223e-01
2.322831749916076660e-01 -5.110386013984680176e-01 -1.748346328735351562e+00 6.470198473723607346e-01 4.846492469332198127e-01 -1.997488900060905570e-01 5.536973594173336677e-01
2.322832196950912476e-01 -5.110386013984680176e-01 -1.748346328735351562e+00 6.470198243419058581e-01 4.846492756993758255e-01 -1.997489201465410535e-01 5.536973560955511520e-01
2.322832494974136353e-01 -5.110386610031127930e-01 -1.748346328735351562e+00 6.470198070690640346e-01 4.846492771223456786e-01 -1.997489485094945671e-01 5.536973708770566160e-01
2.322833091020584106e-01 -5.110386610031127930e-01 -1.748346447944641113e+00 6.470197739627827627e-01 4.846492788901032300e-01 -1.997489817605742346e-01 5.536973761778215541e-01
2.322833687067031860e-01 -5.110386610031127930e-01 -1.748346447944641113e+00 6.470197422959033107e-01 4.846493141253663817e-01 -1.997490260825119657e-01 5.536974032772543630e-01
2.322834283113479614e-01 -5.110387206077575684e-01 -1.748346447944641113e+00 6.470197163866372447e-01 4.846493335326699237e-01 -1.997490571117238323e-01 5.536974024190612909e-01
2.322834581136703491e-01 -5.110387206077575684e-01 -1.748346447944641113e+00 6.470196976743888273e-01 4.846493360338273715e-01 -1.997490628886020025e-01 5.536973954019057675e-01
2.322835028171539307e-01 -5.110387206077575684e-01 -1.748346447944641113e+00 6.470196804015436731e-01 4.846493259415713406e-01 -1.997490912515658967e-01 5.536973871529575764e-01
2.322835326194763184e-01 -5.110387206077575684e-01 -1.748346447944641113e+00 6.470196616892942565e-01 4.846493514731906038e-01 -1.997491200589068538e-01 5.536974261967243516e-01
2.322829067707061768e-01 -5.110388398170471191e-01 -1.748346328735351562e+00 6.470271868487204037e-01 4.846421027129924064e-01 -1.997440447965329047e-01 5.536967901047741281e-01
2.322829514741897583e-01 -5.110388994216918945e-01 -1.748346328735351562e+00 6.470272501817490030e-01 4.846420207294377391e-01 -1.997440252449679543e-01 5.536967819676018587e-01
2.322829961776733398e-01 -5.110388994216918945e-01 -1.748346328735351562e+00 6.470272832876478031e-01 4.846419959321686122e-01 -1.997440150248340485e-01 5.536967766672559188e-01
2.322830259799957275e-01 -5.110388994216918945e-01 -1.748346328735351562e+00 6.470273207117052117e-01 4.846419448702891097e-01 -1.997439919565467958e-01 5.536967676716252340e-01
2.322830557823181152e-01 -5.110388994216918945e-01 -1.748346328735351562e+00 6.470273595751472318e-01 4.846419042453691262e-01 -1.997439799590030596e-01 5.536967804744226118e-01
2.322830855846405029e-01 -5.110389590263366699e-01 -1.748346328735351562e+00 6.470273912416538709e-01 4.846418574960696390e-01 -1.997439586681352408e-01 5.536967994360304512e-01
2.322831153869628906e-01 -5.110389590263366699e-01 -1.748346328735351562e+00 6.470274229081588446e-01 4.846418107467759806e-01 -1.997439719225473920e-01 5.536967953674528653e-01
2.322831451892852783e-01 -5.110389590263366699e-01 -1.748346447944641113e+00 6.470274560140488740e-01 4.846417859495307789e-01 -1.997439501873297663e-01 5.536967900671151410e-01
2.322832047939300537e-01 -5.110389590263366699e-01 -1.748346447944641113e+00 6.470275265439826562e-01 4.846416985753580486e-01 -1.997439168989343095e-01 5.536967988013427044e-01
2.322832345962524414e-01 -5.110390186309814453e-01 -1.748346447944641113e+00 6.470275582104810796e-01 4.846416518260868722e-01 -1.997438956080775929e-01 5.536967947327715578e-01
2.322832643985748291e-01 -5.110390186309814453e-01 -1.748346447944641113e+00 6.470275898769779488e-01 4.846416050768214689e-01 -1.997439088624919090e-01 5.536967906642021875e-01
2.322832942008972168e-01 -5.110390186309814453e-01 -1.748346447944641113e+00 6.470276229828593184e-01 4.846415687645107551e-01 -1.997438871272858019e-01 5.536968083940513319e-01
2.322833240032196045e-01 -5.110390186309814453e-01 -1.748346447944641113e+00 6.470276604068971871e-01 4.846415177026974219e-01 -1.997438640590241121e-01 5.536967993984402980e-01
2.322834134101867676e-01 -5.110390782356262207e-01 -1.748346567153930664e+00 6.470277539669823108e-01 4.846414130783702201e-01 -1.997438351761008923e-01 5.536968114546853004e-01
2.322834432125091553e-01 -5.110390782356262207e-01 -1.748346567153930664e+00 6.470277985879412386e-01 4.846413566258872541e-01 -1.997438214011727220e-01 5.536968193304515617e-01
2.322834730148315430e-01 -5.110390782356262207e-01 -1.748346567153930664e+00 6.470278360119688932e-01 4.846413055641076717e-01 -1.997438098480093238e-01 5.536968103348510750e-01
2.322835028171539307e-01 -5.110391378402709961e-01 -1.748346567153930664e+00 6.470278691178377173e-01 4.846412692518355381e-01 -1.997437881128204251e-01 5.536968050345342229e-01
2.322835326194763184e-01 -5.110391378402709961e-01 -1.748346567153930664e+00 6.470279007843193764e-01 4.846412225026226483e-01 -1.997437783370704378e-01 5.536968239961471694e-01
2.322835773229598999e-01 -5.110391378402709961e-01 -1.748346567153930664e+00 6.470279439658827014e-01 4.846411671283112899e-01 -1.997437534914213997e-01 5.536968100735131237e-01
2.322836518287658691e-01 -5.110391974449157715e-01 -1.748346567153930664e+00 6.470280245714600253e-01 4.846410722073487554e-01 -1.997437286077070051e-01 5.536968101854596869e-01
2.322836965322494507e-01 -5.110391974449157715e-01 -1.748346686363220215e+00 6.470280763893258014e-01 4.846410103642407319e-01 -1.997437126110384042e-01 5.536968119024414658e-01
2.322837263345718384e-01 -5.110391974449157715e-01 -1.748346686363220215e+00 6.470281152527224133e-01 4.846409697394583604e-01 -1.997436890984593261e-01 5.536968247052600489e-01
2.322837561368942261e-01 -5.110391974449157715e-01 -1.748346686363220215e+00 6.470281483585769156e-01 4.846409219121501910e-01 -1.997436788783699402e-01 5.536968194049568526e-01
2.322837859392166138e-01 -5.110392570495605469e-01 -1.748346686363220215e+00 6.470281800250449189e-01 4.846408751629847633e-01 -1.997436806177126933e-01 5.536968153364147938e-01
2.322838157415390015e-01 -5.110392570495605469e-01 -1.748346686363220215e+00 6.470282116915113679e-01 4.846408514439818904e-01 -1.997436708419773610e-01 5.536968342980311819e-01
2.322838604450225830e-01 -5.110392570495605469e-01 -1.748346686363220215e+00 6.470282534336693203e-01 4.846407856327958341e-01 -1.997436464407052747e-01 5.536968216071795901e-01
2.322838902473449707e-01 -5.110392570495605469e-01 -1.748346686363220215e+00 6.470282908576706626e-01 4.846407576012589091e-01 -1.997436348875682721e-01 5.536968356417618642e-01
2.322839200496673584e-01 -5.110393166542053223e-01 -1.748346686363220215e+00 6.470283225241316716e-01 4.846407108521170737e-01 -1.997436135967620707e-01 5.536968315732258006e-01
2.322839498519897461e-01 -5.110393166542053223e-01 -1.748346686363220215e+00 6.470283556299756267e-01 4.846406630248453751e-01 -1.997436148917589305e-01 5.536968262729330403e-01
2.322839796543121338e-01 -5.110393166542053223e-01 -1.748346805572509766e+00 6.470283872964334160e-01 4.846406277907905347e-01 -1.997436051160321191e-01 5.536968452345512048e-01
2.322840094566345215e-01 -5.110393166542053223e-01 -1.748346805572509766e+00 6.470284247204269867e-01 4.846405767291251387e-01 -1.997435820478276614e-01 5.536968362389865783e-01
2.322840392589569092e-01 -5.110393166542053223e-01 -1.748346805572509766e+00 6.470284578262657238e-01 4.846405519320198252e-01 -1.997435718277535133e-01 5.536968309386989251e-01
2.322840690612792969e-01 -5.110393762588500977e-01 -1.748346805572509766e+00 6.470284894927186281e-01 4.846404936678326836e-01 -1.997435505369583864e-01 5.536968499003180888e-01
2.322840988636016846e-01 -5.110393762588500977e-01 -1.748346805572509766e+00 6.470285211591698671e-01 4.846404469187254316e-01 -1.997435522763116866e-01 5.536968458317909070e-01
2.322841286659240723e-01 -5.110393762588500977e-01 -1.748346805572509766e+00 6.470285542650036081e-01 4.846404221216342179e-01 -1.997435420562421460e-01 5.536968405315078057e-01
2.322841584682464600e-01 -5.110393762588500977e-01 -1.748346805572509766e+00 6.470285916889876310e-01 4.846403710600010184e-01 -1.997435189880502338e-01 5.536968315359539483e-01
2.322841882705688477e-01 -5.110394358634948730e-01 -1.748346805572509766e+00 6.470286291129694334e-01 4.846403315134464318e-01 -1.997435074349326600e-01 5.536968455705449932e-01
2.322842180728912354e-01 -5.110394358634948730e-01 -1.748346805572509766e+00 6.470286622187976233e-01 4.846402836862286345e-01 -1.997434856997984121e-01 5.536968633004083484e-01
2.322842478752136230e-01 -5.110394358634948730e-01 -1.748346924781799316e+00 6.470286938852404246e-01 4.846402599672900990e-01 -1.997434874391570414e-01 5.536968592318888271e-01
2.322842776775360107e-01 -5.110394358634948730e-01 -1.748346924781799316e+00 6.470287327485999551e-01 4.846402078275501291e-01 -1.997434754416945180e-01 5.536968490045858227e-01
2.322843074798583984e-01 -5.110394358634948730e-01 -1.748346924781799316e+00 6.470287644150394257e-01 4.846401495634146683e-01 -1.997434541509172934e-01 5.536968449360702982e-01
2.322843372821807861e-01 -5.110394954681396484e-01 -1.748346924781799316e+00 6.470287960814772310e-01 4.846401258444901772e-01 -1.997434443752107158e-01 5.536968408675566611e-01
2.322844266891479492e-01 -5.110394954681396484e-01 -1.748346924781799316e+00 6.470288982776978282e-01 4.846399917217447673e-01 -1.997434128263491926e-01 5.536968685635089704e-01
2.322844862937927246e-01 -5.110395550727844238e-01 -1.748346924781799316e+00 6.470289616105587838e-01 4.846399212538042289e-01 -1.997433702448194459e-01 5.536968604264939087e-01
2.322845309972763062e-01 -5.110395550727844238e-01 -1.748347043991088867e+00 6.470290062314344448e-01 4.846398532865275888e-01 -1.997433679850389998e-01 5.536968683023133497e-01
2.322845757007598877e-01 -5.110395550727844238e-01 -1.748347043991088867e+00 6.470290623673703445e-01 4.846397882092762233e-01 -1.997433506553987215e-01 5.536968663240876554e-01
2.322846055030822754e-01 -5.110396146774291992e-01 -1.748347043991088867e+00 6.470290954731764410e-01 4.846397634122601716e-01 -1.997433289202938667e-01 5.536968610238315325e-01
2.322846353054046631e-01 -5.110396146774291992e-01 -1.748347043991088867e+00 6.470291271395980370e-01 4.846397166632546161e-01 -1.997433076295412890e-01 5.536968799854572465e-01
2.322846651077270508e-01 -5.110396146774291992e-01 -1.748347043991088867e+00 6.470291602454008029e-01 4.846396803511856533e-01 -1.997433204396264483e-01 5.536968746852038992e-01
2.322846949100494385e-01 -5.110396146774291992e-01 -1.748347043991088867e+00 6.470291976693497427e-01 4.846396292896695268e-01 -1.997432973714798055e-01 5.536968656896864571e-01
2.322847247123718262e-01 -5.110396146774291992e-01 -1.748347043991088867e+00 6.470292293357663427e-01 4.846395825406816238e-01 -1.997432875957939613e-01 5.536968616211926930e-01
2.322847545146942139e-01 -5.110396742820739746e-01 -1.748347043991088867e+00 6.470292624415638905e-01 4.846395462286292033e-01 -1.997432658607005973e-01 5.536968793510649300e-01
2.322847843170166016e-01 -5.110396742820739746e-01 -1.748347163200378418e+00 6.470292941079773819e-01 4.846394994796524025e-01 -1.997432445699590942e-01 5.536968752825734974e-01
2.322848141193389893e-01 -5.110396742820739746e-01 -1.748347163200378418e+00 6.470293315319185501e-01 4.846394714482800681e-01 -1.997432560469994678e-01 5.536968662870647151e-01
2.322848439216613770e-01 -5.110396742820739746e-01 -1.748347163200378418e+00 6.470293646377108798e-01 4.846394236211850615e-01 -1.997432343119127374e-01 5.536968840169383954e-01
2.322848737239837646e-01 -5.110397338867187500e-01 -1.748347163200378418e+00 6.470293963041192642e-01 4.846393883872827657e-01 -1.997432245362350534e-01 5.536968799484517367e-01
2.322849035263061523e-01 -5.110397338867187500e-01 -1.748347163200378418e+00 6.470294294099082633e-01 4.846393405601993054e-01 -1.997432028011531524e-01 5.536968976783258611e-01
2.322849333286285400e-01 -5.110397338867187500e-01 -1.748347163200378418e+00 6.470294610763135390e-01 4.846392938112508153e-01 -1.997431815104227515e-01 5.536968936098415339e-01
2.322849631309509277e-01 -5.110397338867187500e-01 -1.748347163200378418e+00 6.470294985002450483e-01 4.846392657799047932e-01 -1.997431929874668166e-01 5.536968846143421885e-01
2.322849929332733154e-01 -5.110397338867187500e-01 -1.748347163200378418e+00 6.470295316060288293e-01 4.846392064377841313e-01 -1.997431712523915492e-01 5.536968793141078260e-01
2.322850227355957031e-01 -5.110397934913635254e-01 -1.748347163200378418e+00 6.470295632724291091e-01 4.846391827189620582e-01 -1.997431614767219976e-01 5.536968752456294940e-01
2.322850525379180908e-01 -5.110397934913635254e-01 -1.748347282409667969e+00 6.470295949388278345e-01 4.846391359700358281e-01 -1.997431401860000622e-01 5.536968942072603150e-01
2.322850823402404785e-01 -5.110397934913635254e-01 -1.748347282409667969e+00 6.470296338021332971e-01 4.846390838304765469e-01 -1.997431166735386954e-01 5.536969070101219748e-01
2.322851121425628662e-01 -5.110397934913635254e-01 -1.748347282409667969e+00 6.470296654685285809e-01 4.846390485966153849e-01 -1.997431299279799621e-01 5.536969029416470844e-01
2.322851419448852539e-01 -5.110398530960083008e-01 -1.748347282409667969e+00 6.470296971349223103e-01 4.846390018477068629e-01 -1.997431086372644660e-01 5.536968988731739705e-01
2.322852462530136108e-01 -5.110398530960083008e-01 -1.748347282409667969e+00 6.470298166035756138e-01 4.846388547879123543e-01 -1.997430602413173550e-01 5.536969117881631597e-01
2.322853058576583862e-01 -5.110399127006530762e-01 -1.748347401618957520e+00 6.470298828151088699e-01 4.846387821639979165e-01 -1.997430282862633077e-01 5.536969011877268532e-01
2.322853654623031616e-01 -5.110399127006530762e-01 -1.748347401618957520e+00 6.470299533447781970e-01 4.846386947906783926e-01 -1.997430180282696865e-01 5.536969099221358270e-01
2.322854250669479370e-01 -5.110399723052978516e-01 -1.748347401618957520e+00 6.470300152381550651e-01 4.846386254011825212e-01 -1.997429758912274422e-01 5.536969260470632204e-01
2.322854548692703247e-01 -5.110399723052978516e-01 -1.748347401618957520e+00 6.470300483439124228e-01 4.846385660591618350e-01 -1.997429887013260075e-01 5.536969207468536158e-01
2.322854846715927124e-01 -5.110399723052978516e-01 -1.748347401618957520e+00 6.470300814496681152e-01 4.846385412622838396e-01 -1.997429669662883489e-01 5.536969154466460097e-01
2.322855144739151001e-01 -5.110399723052978516e-01 -1.748347401618957520e+00 6.470301203129442680e-01 4.846384891228214253e-01 -1.997429549689085648e-01 5.536969052194328222e-01
2.322855442762374878e-01 -5.110399723052978516e-01 -1.748347401618957520e+00 6.470301519793156819e-01 4.846384538890337601e-01 -1.997429336782235165e-01 5.536969011509815797e-01
2.322855740785598755e-01 -5.110400319099426270e-01 -1.748347520828247070e+00 6.470301908425877269e-01 4.846384017495852792e-01 -1.997429101658050876e-01 5.536969369839467303e-01
2.322856038808822632e-01 -5.110400319099426270e-01 -1.748347520828247070e+00 6.470302225089556991e-01 4.846383550007656860e-01 -1.997429234202535153e-01 5.536969329154972641e-01
2.322856336832046509e-01 -5.110400319099426270e-01 -1.748347520828247070e+00 6.470302599328431326e-01 4.846383269695400120e-01 -1.997429003521866697e-01 5.536969239200439930e-01
2.322856634855270386e-01 -5.110400319099426270e-01 -1.748347520828247070e+00 6.470302930385879447e-01 4.846382676275663992e-01 -1.997428901322053918e-01 5.536969186198471560e-01
2.322856932878494263e-01 -5.110400915145874023e-01 -1.748347520828247070e+00 6.470303247049510320e-01 4.846382439088460226e-01 -1.997428688415317510e-01 5.536969145514034629e-01
2.322857528924942017e-01 -5.110400915145874023e-01 -1.748347520828247070e+00 6.470303808407724677e-01 4.846381788319526485e-01 -1.997428630270452199e-01 5.536969356033553114e-01
2.322857826948165894e-01 -5.110400915145874023e-01 -1.748347520828247070e+00 6.470304254615502071e-01 4.846381108650185676e-01 -1.997428377372569286e-01 5.536969204491580809e-01
2.322858422994613647e-01 -5.110401511192321777e-01 -1.748347640037536621e+00 6.470304931124010173e-01 4.846380371631726081e-01 -1.997428053379284030e-01 5.536969316471092029e-01
2.322858870029449463e-01 -5.110401511192321777e-01 -1.748347640037536621e+00 6.470305319756524121e-01 4.846379850237921838e-01 -1.997427933405735989e-01 5.536969214199227718e-01
2.322859168052673340e-01 -5.110401511192321777e-01 -1.748347640037536621e+00 6.470305708389015864e-01 4.846379213693832178e-01 -1.997427698281844799e-01 5.536969342228124091e-01
2.322859764099121094e-01 -5.110402107238769531e-01 -1.748347640037536621e+00 6.470306341715988951e-01 4.846378509019500513e-01 -1.997427617919841636e-01 5.536969491160226298e-01
2.322860211133956909e-01 -5.110402107238769531e-01 -1.748347640037536621e+00 6.470306802317384864e-01 4.846377818569569396e-01 -1.997427475729064983e-01 5.536969327300954591e-01
2.322860509157180786e-01 -5.110402107238769531e-01 -1.748347640037536621e+00 6.470307262918747471e-01 4.846377473570771532e-01 -1.997427333538319139e-01 5.536969393742408041e-01
2.322860807180404663e-01 -5.110402107238769531e-01 -1.748347640037536621e+00 6.470307593975956895e-01 4.846376995302269508e-01 -1.997427116188408291e-01 5.536969571041336913e-01
2.322861105203628540e-01 -5.110402703285217285e-01 -1.748347640037536621e+00 6.470307910639359061e-01 4.846376758115685801e-01 -1.997427018432308410e-01 5.536969530357105373e-01
2.322861552238464355e-01 -5.110402703285217285e-01 -1.748347759246826172e+00 6.470308342453063855e-01 4.846376089228540129e-01 -1.997426769978241645e-01 5.536969621433586175e-01
2.322861999273300171e-01 -5.110402703285217285e-01 -1.748347759246826172e+00 6.470308946992202603e-01 4.846375406117395812e-01 -1.997426698503354803e-01 5.536969564700189306e-01
2.322835624217987061e-01 -5.110363364219665527e-01 -1.748358845710754395e+00 6.470289947163700983e-01 4.846527933289952461e-01 -1.997573393130561703e-01 5.536805267647950668e-01
2.322836071252822876e-01 -5.110363364219665527e-01 -1.748358964920043945e+00 6.470289774437730790e-01 4.846527717217258835e-01 -1.997573907058864395e-01 5.536805415454323365e-01
2.322836369276046753e-01 -5.110362768173217773e-01 -1.748358964920043945e+00 6.470289673680913456e-01 4.846527792688486991e-01 -1.997574398768136861e-01 5.536805271373412829e-01
2.322836667299270630e-01 -5.110362768173217773e-01 -1.748358964920043945e+00 6.470289500954936601e-01 4.846527691766438495e-01 -1.997574567244531640e-01 5.536805419179797738e-01
2.322836965322494507e-01 -5.110362768173217773e-01 -1.748358964920043945e+00 6.470289385804282034e-01 4.846527778019278365e-01 -1.997575063397650508e-01 5.536805287416084465e-01
2.322837412357330322e-01 -5.110362768173217773e-01 -1.748358964920043945e+00 6.470289328228955306e-01 4.846527590844387778e-01 -1.997575426624872141e-01 5.536805566986193750e-01
2.322837710380554199e-01 -5.110362768173217773e-01 -1.748358964920043945e+00 6.470289213078298518e-01 4.846527677097229869e-01 -1.997575692476704079e-01 5.536805435222481586e-01
2.322676926851272583e-01 -5.110651254653930664e-01 -1.748407006263732910e+00 6.470269910920476431e-01 4.846507129390586477e-01 -1.997403858513331076e-01 5.536907855309123327e-01
2.322677075862884521e-01 -5.110651254653930664e-01 -1.748407006263732910e+00 6.470269795769474364e-01 4.846506985341574869e-01 -1.997404354665021087e-01 5.536907953849139474e-01
2.322677224874496460e-01 -5.110651254653930664e-01 -1.748407006263732910e+00 6.470269623042966822e-01 4.846506999570064922e-01 -1.997404868590577642e-01 5.536907871357160671e-01
2.322677373886108398e-01 -5.110651254653930664e-01 -1.748407125473022461e+00 6.470269522285835295e-01 4.846506844739423836e-01 -1.997405014845821392e-01 5.536908187881698362e-01
2.322677522897720337e-01 -5.110651850700378418e-01 -1.748407125473022461e+00 6.470269464710330931e-01 4.846507003016933268e-01 -1.997405493223708972e-01 5.536908006849696751e-01
2.322677671909332275e-01 -5.110651850700378418e-01 -1.748407125473022461e+00 6.470269349559319982e-01 4.846506858967916664e-01 -1.997405874224453814e-01 5.536908105389729551e-01
2.322677671909332275e-01 -5.110651850700378418e-01 -1.748407244682312012e+00 6.470269234408307923e-01 4.846506945220922513e-01 -1.997406140074199088e-01 5.536908203929766792e-01
2.322677820920944214e-01 -5.110651850700378418e-01 -1.748407244682312012e+00 6.470269176832800229e-01 4.846506758045398544e-01 -1.997406503301104586e-01 5.536908253199788188e-01
2.322678267955780029e-01 -5.110651850700378418e-01 -1.748407363891601562e+00 6.470268773804237483e-01 4.846506714477884503e-01 -1.997407548926346255e-01 5.536908367787927165e-01
2.322678416967391968e-01 -5.110652446746826172e-01 -1.748407483100891113e+00 6.470268673047092634e-01 4.846506674798252701e-01 -1.997408040634725268e-01 5.536908223708432164e-01
2.322678565979003906e-01 -5.110652446746826172e-01 -1.748407483100891113e+00 6.470268500320555116e-01 4.846506689026758852e-01 -1.997408669711505103e-01 5.536908371518524108e-01
2.322678864002227783e-01 -5.110652446746826172e-01 -1.748407602310180664e+00 6.470268327594013158e-01 4.846506703255269444e-01 -1.997409183637290364e-01 5.536908289026569729e-01
2.322679013013839722e-01 -5.110653042793273926e-01 -1.748407602310180664e+00 6.470268039716432495e-01 4.846506458283715846e-01 -1.997410078564008373e-01 5.536908535376759977e-01
2.322679162025451660e-01 -5.110653042793273926e-01 -1.748407721519470215e+00 6.470267938959276544e-01 4.846506533755119972e-01 -1.997410570272485919e-01 5.536908391297260534e-01
2.322679311037063599e-01 -5.110653042793273926e-01 -1.748407721519470215e+00 6.470267881383757747e-01 4.846506346579563806e-01 -1.997410818348469563e-01 5.536908440567303025e-01
2.322679460048675537e-01 -5.110653042793273926e-01 -1.748407840728759766e+00 6.470267766232719042e-01 4.846506432832599631e-01 -1.997411199349410915e-01 5.536908539107392446e-01
2.322679609060287476e-01 -5.110653042793273926e-01 -1.748407840728759766e+00 6.470267651081679228e-01 4.846506288783556382e-01 -1.997411580350366145e-01 5.536908407345401129e-01
2.322679758071899414e-01 -5.110653042793273926e-01 -1.748407840728759766e+00 6.470267535930636082e-01 4.846506375036598313e-01 -1.997411846200292107e-01 5.536908505885497211e-01
2.322679907083511353e-01 -5.110653638839721680e-01 -1.748407959938049316e+00 6.470267420779591827e-01 4.846506346138598209e-01 -1.997412227201273982e-01 5.536908604425596625e-01
2.322679907083511353e-01 -5.110653638839721680e-01 -1.748407959938049316e+00 6.470267320022425883e-01 4.846506421610015103e-01 -1.997412718909835072e-01 5.536908690648187914e-01
2.322680056095123291e-01 -5.110653638839721680e-01 -1.748407959938049316e+00 6.470267204871377187e-01 4.846506277560968523e-01 -1.997412869608747032e-01 5.536908558886198817e-01
2.322680205106735229e-01 -5.110653638839721680e-01 -1.748408079147338867e+00 6.470267089720326270e-01 4.846506133511918613e-01 -1.997413365760820070e-01 5.536908427124207499e-01
2.322680354118347168e-01 -5.110653638839721680e-01 -1.748408079147338867e+00 6.470267032144800812e-01 4.846506176638444297e-01 -1.997413728987915971e-01 5.536908706696367366e-01
2.322680503129959106e-01 -5.110653638839721680e-01 -1.748408079147338867e+00 6.470266916993746564e-01 4.846506032589391055e-01 -1.997413994837909101e-01 5.536908574934377159e-01
2.322680652141571045e-01 -5.110653638839721680e-01 -1.748408198356628418e+00 6.470266801842691207e-01 4.846506233993503332e-01 -1.997414375838968970e-01 5.536908673474497666e-01
2.322680652141571045e-01 -5.110654234886169434e-01 -1.748408198356628418e+00 6.470266686691633629e-01 4.846506089944448425e-01 -1.997414756840042993e-01 5.536908772014622615e-01
2.322680801153182983e-01 -5.110654234886169434e-01 -1.748408198356628418e+00 6.470266585934455472e-01 4.846506165415879752e-01 -1.997415018246581908e-01 5.536908627935116511e-01
2.322680950164794922e-01 -5.110654234886169434e-01 -1.748408317565917969e+00 6.470266470783394563e-01 4.846506021366820960e-01 -1.997415399247681189e-01 5.536908726475247011e-01
2.322681099176406860e-01 -5.110654234886169434e-01 -1.748408317565917969e+00 6.470266355632330324e-01 4.846505877317759947e-01 -1.997415895399859698e-01 5.536908825015384172e-01
2.322681397199630737e-01 -5.110654234886169434e-01 -1.748408436775207520e+00 6.470266067754663064e-01 4.846506092950438882e-01 -1.997416675176105771e-01 5.536908841063606923e-01
2.322682291269302368e-01 -5.110655426979064941e-01 -1.748408675193786621e+00 6.470265391242091546e-01 4.846505793629777292e-01 -1.997419071890875197e-01 5.536908959382741413e-01
2.322683185338973999e-01 -5.110656023025512695e-01 -1.748409032821655273e+00 6.470264599578355869e-01 4.846505465411114488e-01 -1.997421849607501909e-01 5.536909176242156283e-01
2.322684079408645630e-01 -5.110656619071960449e-01 -1.748409271240234375e+00 6.470263750338967057e-01 4.846505180319005679e-01 -1.997424529947783856e-01 5.536909212069599517e-01
2.322684973478317261e-01 -5.110657215118408203e-01 -1.748409509658813477e+00 6.470263073826154621e-01 4.846504996149444966e-01 -1.997426811513184353e-01 5.536909560691266607e-01
2.322685569524765015e-01 -5.110657811164855957e-01 -1.748409748077392578e+00 6.470262512464405313e-01 4.846504840877881581e-01 -1.997428596926345279e-01 5.536909580470525949e-01
2.322686016559600830e-01 -5.110657811164855957e-01 -1.748409867286682129e+00 6.470262224586565969e-01 4.846504826208494765e-01 -1.997429722157087473e-01 5.536909596518939658e-01
2.322686761617660522e-01 -5.110658407211303711e-01 -1.748410105705261230e+00 6.470261605649169079e-01 4.846504483761238102e-01 -1.997431755647185725e-01 5.536909895870714138e-01
2.322687506675720215e-01 -5.110659003257751465e-01 -1.748410344123840332e+00 6.470260929136131267e-01 4.846504414742873745e-01 -1.997434152365328841e-01 5.536909783888117609e-01
2.322687953710556030e-01 -5.110659599304199219e-01 -1.748410582542419434e+00 6.470260482925366263e-01 4.846504288369322122e-01 -1.997435441626748964e-01 5.536910165731901978e-01
2.322685420513153076e-01 -5.110663175582885742e-01 -1.748410344123840332e+00 6.470317439321747743e-01 4.846465310751335576e-01 -1.997387343969486140e-01 5.536895280004658915e-01
2.322685718536376953e-01 -5.110663175582885742e-01 -1.748410344123840332e+00 6.470318216585251303e-01 4.846464383106884877e-01 -1.997387334328512565e-01 5.536894845171252966e-01
2.322685867547988892e-01 -5.110663771629333496e-01 -1.748410463333129883e+00 6.470318648398268868e-01 4.846464059665873125e-01 -1.997387316177970384e-01 5.536894705952892792e-01
2.322686016559600830e-01 -5.110663771629333496e-01 -1.748410463333129883e+00 6.470318921879830709e-01 4.846463739669804038e-01 -1.997387231754217951e-01 5.536894702224716136e-01
2.322686016559600830e-01 -5.110663771629333496e-01 -1.748410463333129883e+00 6.470319252936443943e-01 4.846463261398196720e-01 -1.997387244707181098e-01 5.536894649227410703e-01
2.322686165571212769e-01 -5.110663771629333496e-01 -1.748410582542419434e+00 6.470319583993040524e-01 4.846463013426885458e-01 -1.997387142510030911e-01 5.536894596230124144e-01
2.322686314582824707e-01 -5.110663771629333496e-01 -1.748410582542419434e+00 6.470319857474563507e-01 4.846462693430935720e-01 -1.997387288386534843e-01 5.536894362201760789e-01
2.322686314582824707e-01 -5.110664367675781250e-01 -1.748410582542419434e+00 6.470320188531127892e-01 4.846462445459700508e-01 -1.997387186189401864e-01 5.536894309204521969e-01
2.322686463594436646e-01 -5.110664367675781250e-01 -1.748410701751708984e+00 6.470320462012625340e-01 4.846462010313722368e-01 -1.997387332065898580e-01 5.536894305476417477e-01
2.322686612606048584e-01 -5.110664367675781250e-01 -1.748410701751708984e+00 6.470320850644207811e-01 4.846461719217153297e-01 -1.997387212095371734e-01 5.536894203210102061e-01
2.322686612606048584e-01 -5.110664367675781250e-01 -1.748410701751708984e+00 6.470321167306960497e-01 4.846461366877306554e-01 -1.997387344641804174e-01 5.536894162530198171e-01
2.322687357664108276e-01 -5.110665559768676758e-01 -1.748410940170288086e+00 6.470323153645695102e-01 4.846459418451257717e-01 -1.997387422359793718e-01 5.536893383947313341e-01
2.322687357664108276e-01 -5.110665559768676758e-01 -1.748411059379577637e+00 6.470323470308335656e-01 4.846458950961684553e-01 -1.997387439756155014e-01 5.536893343267560441e-01
2.322687804698944092e-01 -5.110666155815124512e-01 -1.748411178588867188e+00 6.470324492264932781e-01 4.846457840036740294e-01 -1.997387354578487040e-01 5.536893159642098938e-01
2.322688251733779907e-01 -5.110666155815124512e-01 -1.748411297798156738e+00 6.470325960427648626e-01 4.846456394891172637e-01 -1.997387477107191167e-01 5.536892824481918218e-01
2.322688996791839600e-01 -5.110667347908020020e-01 -1.748411655426025391e+00 6.470328177064844644e-01 4.846454273968187620e-01 -1.997387368582080880e-01 5.536892079125290689e-01
2.322689890861511230e-01 -5.110668540000915527e-01 -1.748411893844604492e+00 6.470330955057140843e-01 4.846451387126821109e-01 -1.997387547366724636e-01 5.536891313997395203e-01
2.322691529989242554e-01 -5.110670328140258789e-01 -1.748412609100341797e+00 6.470336295132247395e-01 4.846446005472833662e-01 -1.997387626137186178e-01 5.536889968504764559e-01
2.322691828012466431e-01 -5.110670924186706543e-01 -1.748412728309631348e+00 6.470337187543290236e-01 4.846444991585006079e-01 -1.997387465800454787e-01 5.536889665437172425e-01
2.322691977024078369e-01 -5.110670924186706543e-01 -1.748412728309631348e+00 6.470337748898561392e-01 4.846444455966057441e-01 -1.997387753109762243e-01 5.536889415365825462e-01
2.322692275047302246e-01 -5.110671520233154297e-01 -1.748412847518920898e+00 6.470338353434952339e-01 4.846443772853689103e-01 -1.997387796789477088e-01 5.536889358642530512e-01
2.322692424058914185e-01 -5.110671520233154297e-01 -1.748412847518920898e+00 6.470338814034068964e-01 4.846443312703785367e-01 -1.997387654602942320e-01 5.536889194791725366e-01
2.322692424058914185e-01 -5.110671520233154297e-01 -1.748412966728210449e+00 6.470339145089664123e-01 4.846442834435455982e-01 -1.997387552406389155e-01 5.536889141795735547e-01
2.322692871093750000e-01 -5.110672116279602051e-01 -1.748413085937500000e+00 6.470340253406098308e-01 4.846441889129635694e-01 -1.997387670869214815e-01 5.536888653970849505e-01
2.322693020105361938e-01 -5.110672116279602051e-01 -1.748413085937500000e+00 6.470340814761103010e-01 4.846441123211930324e-01 -1.997387612729231710e-01 5.536888634199416126e-01
2.322693169116973877e-01 -5.110672712326049805e-01 -1.748413205146789551e+00 6.470341433690923738e-01 4.846440659618630464e-01 -1.997387651965702449e-01 5.536888565159280295e-01
2.322693467140197754e-01 -5.110672712326049805e-01 -1.748413324356079102e+00 6.470342182164116052e-01 4.846439753545207507e-01 -1.997387651212265969e-01 5.536888385264555623e-01
2.322693616151809692e-01 -5.110673308372497559e-01 -1.748413324356079102e+00 6.470342757912667109e-01 4.846439322295925667e-01 -1.997387703778734924e-01 5.536888122876703067e-01
2.322693765163421631e-01 -5.110673308372497559e-01 -1.748413443565368652e+00 6.470343348054877763e-01 4.846438534816449040e-01 -1.997387636752193663e-01 5.536887848171763160e-01
2.322694063186645508e-01 -5.110673308372497559e-01 -1.748413562774658203e+00 6.470343923803324460e-01 4.846438103567431988e-01 -1.997387689318687043e-01 5.536887816083463365e-01
2.322694212198257446e-01 -5.110673904418945312e-01 -1.748413562774658203e+00 6.470344571520265653e-01 4.846437272963406984e-01 -1.997387719668581585e-01 5.536887492110003084e-01
2.322694361209869385e-01 -5.110673904418945312e-01 -1.748413681983947754e+00 6.470345161662311995e-01 4.846436715783785099e-01 -1.997387652642108324e-01 5.536887447704662568e-01
2.322694808244705200e-01 -5.110674500465393066e-01 -1.748413801193237305e+00 6.470346140434366511e-01 4.846435752361921145e-01 -1.997387926244639511e-01 5.536887070735886374e-01
2.322694957256317139e-01 -5.110674500465393066e-01 -1.748413801193237305e+00 6.470346730576268524e-01 4.846435195182681177e-01 -1.997387859218208161e-01 5.536887026330720163e-01
2.322695404291152954e-01 -5.110675096511840820e-01 -1.748414039611816406e+00 6.470348097978031454e-01 4.846433825519399496e-01 -1.997387782551931223e-01 5.536886547098277545e-01
2.322695553302764893e-01 -5.110675692558288574e-01 -1.748414039611816406e+00 6.470348760088254769e-01 4.846432984135455313e-01 -1.997387693309012058e-01 5.536886210808357189e-01
2.322695702314376831e-01 -5.110675692558288574e-01 -1.748414158821105957e+00 6.470349119930739468e-01 4.846432714605565240e-01 -1.997387927674917074e-01 5.536886363477916406e-01
2.322695851325988770e-01 -5.110675692558288574e-01 -1.748414158821105957e+00 6.470349393411013450e-01 4.846432509762879648e-01 -1.997387843251934025e-01 5.536886359751211906e-01
2.322695851325988770e-01 -5.110675692558288574e-01 -1.748414158821105957e+00 6.470349710072369476e-01 4.846431927127900496e-01 -1.997387860648600633e-01 5.536886088773903536e-01
2.322696000337600708e-01 -5.110675692558288574e-01 -1.748414278030395508e+00 6.470350041127407303e-01 4.846431679160526640e-01 -1.997387758452381090e-01 5.536886035778638693e-01
2.322696149349212646e-01 -5.110676288604736328e-01 -1.748414278030395508e+00 6.470350314607643538e-01 4.846431474317942634e-01 -1.997387904328569719e-01 5.536885801752839953e-01
2.322696149349212646e-01 -5.110676288604736328e-01 -1.748414278030395508e+00 6.470350631268954045e-01 4.846431237131825220e-01 -1.997387806575680047e-01 5.536885991373896587e-01
2.322696298360824585e-01 -5.110676288604736328e-01 -1.748414397239685059e+00 6.470350904749164744e-01 4.846430917139737393e-01 -1.997387952451861182e-01 5.536885987647263141e-01
2.322696447372436523e-01 -5.110676288604736328e-01 -1.748414397239685059e+00 6.470351235804141510e-01 4.846430438873399194e-01 -1.997387850255674668e-01 5.536885704352957349e-01
2.322696447372436523e-01 -5.110676288604736328e-01 -1.748414397239685059e+00 6.470351552465407607e-01 4.846430201687399464e-01 -1.997387982801912265e-01 5.536885663674933067e-01
2.322512120008468628e-01 -5.110724568367004395e-01 -1.748372793197631836e+00 6.470394589466018642e-01 4.846409250858539353e-01 -1.997650709063462648e-01 5.536758789441372786e-01
2.322512120008468628e-01 -5.110725164413452148e-01 -1.748372912406921387e+00 6.470394517498029296e-01 4.846409535061063090e-01 -1.997651652472920425e-01 5.536758390429715737e-01
2.322512269020080566e-01 -5.110725164413452148e-01 -1.748372912406921387e+00 6.470394459923637376e-01 4.846409693333815216e-01 -1.997652245992202757e-01 5.536758209398925379e-01
2.322512269020080566e-01 -5.110725164413452148e-01 -1.748372912406921387e+00 6.470394402349244345e-01 4.846409851606571784e-01 -1.997652724362710408e-01 5.536757798070560677e-01
2.322512269020080566e-01 -5.110725164413452148e-01 -1.748373031616210938e+00 6.470394387955645810e-01 4.846410092685137228e-01 -1.997652959104124770e-01 5.536757580089682884e-01
2.322512269020080566e-01 -5.110725760459899902e-01 -1.748373031616210938e+00 6.470394315987654243e-01 4.846410031441318322e-01 -1.997653441918487982e-01 5.536757641673151209e-01
2.322512418031692505e-01 -5.110725760459899902e-01 -1.748373031616210938e+00 6.470394301594055708e-01 4.846410157371099370e-01 -1.997653906957482517e-01 5.536757193394694632e-01
2.322512418031692505e-01 -5.110725760459899902e-01 -1.748373031616210938e+00 6.470394301594055708e-01 4.846410272519887097e-01 -1.997654367552633148e-01 5.536756963097119177e-01
2.322512567043304443e-01 -5.110726356506347656e-01 -1.748373270034790039e+00 6.470394128870872175e-01 4.846410862486985605e-01 -1.997656263259437459e-01 5.536755959409526140e-01
2.322512716054916382e-01 -5.110726952552795410e-01 -1.748373270034790039e+00 6.470394013722080562e-01 4.846411179032542038e-01 -1.997657335149376212e-01 5.536755367050298915e-01
2.322586029767990112e-01 -5.110817551612854004e-01 -1.748364567756652832e+00 6.470557479762196751e-01 4.846125697315933900e-01 -1.997898993332344886e-01 5.536726952918481492e-01
2.322586327791213989e-01 -5.110818147659301758e-01 -1.748364686965942383e+00 6.470557422189254781e-01 4.846126085872858313e-01 -1.997900047421971859e-01 5.536726541598960827e-01
2.322586625814437866e-01 -5.110818743705749512e-01 -1.748364686965942383e+00 6.470557393402783797e-01 4.846126337724265820e-01 -1.997900632039734947e-01 5.536725875355655857e-01
2.322586774826049805e-01 -5.110819339752197266e-01 -1.748364806175231934e+00 6.470557249470425543e-01 4.846126560668349015e-01 -1.997901597648535921e-01 5.536725768223907940e-01
2.322587072849273682e-01 -5.110819339752197266e-01 -1.748364806175231934e+00 6.470557163111009258e-01 4.846126855639049658e-01 -1.997902315188904987e-01 5.536725381536368173e-01
2.322587370872497559e-01 -5.110819935798645020e-01 -1.748364925384521484e+00 6.470557134324536053e-01 4.846127222636362197e-01 -1.997902899806702215e-01 5.536724945584813318e-01
2.322587817907333374e-01 -5.110820531845092773e-01 -1.748365044593811035e+00 6.470557047965118658e-01 4.846127402461186673e-01 -1.997904308222450687e-01 5.536724098313690057e-01
2.322587966918945312e-01 -5.110821127891540527e-01 -1.748365044593811035e+00 6.470557004785408850e-01 4.846127549946547264e-01 -1.997904897284447090e-01 5.536723674678121210e-01
2.322588115930557251e-01 -5.110821127891540527e-01 -1.748365044593811035e+00 6.470556932819225837e-01 4.846127718991557476e-01 -1.997905149797132573e-01 5.536723736258116757e-01
2.322588413953781128e-01 -5.110821723937988281e-01 -1.748365163803100586e+00 6.470556904032752632e-01 4.846128085988886669e-01 -1.997906079852645733e-01 5.536723300306539697e-01
2.322588711977005005e-01 -5.110822319984436035e-01 -1.748365163803100586e+00 6.470556860853041714e-01 4.846128233474256142e-01 -1.997907244644141211e-01 5.536722646379167445e-01
2.322589308023452759e-01 -5.110822916030883789e-01 -1.748365283012390137e+00 6.470556702527434645e-01 4.846128697490029724e-01 -1.997908790426848047e-01 5.536721860687959795e-01
2.322589457035064697e-01 -5.110823512077331543e-01 -1.748365402221679688e+00 6.470556601774773986e-01 4.846128888094717313e-01 -1.997909397265666687e-01 5.536721486316337204e-01
2.322589755058288574e-01 -5.110823512077331543e-01 -1.748365402221679688e+00 6.470556558595060848e-01 4.846129265871901293e-01 -1.997909986327738863e-01 5.536721062680723948e-01
2.322589904069900513e-01 -5.110824108123779297e-01 -1.748365402221679688e+00 6.470556558595060848e-01 4.846129381017801330e-01 -1.997910562057239603e-01 5.536721062680723948e-01
2.322590351104736328e-01 -5.110824704170227051e-01 -1.748365521430969238e+00 6.470556429055922543e-01 4.846129823473969700e-01 -1.997912098951708793e-01 5.536720022065655389e-01
2.322590649127960205e-01 -5.110825300216674805e-01 -1.748365640640258789e+00 6.470556400269446007e-01 4.846129960179533791e-01 -1.997912798715520133e-01 5.536719816405836214e-01
2.322590947151184082e-01 -5.110825896263122559e-01 -1.748365640640258789e+00 6.470556285123542084e-01 4.846130276709990081e-01 -1.997913755436346028e-01 5.536719224058350708e-01
2.322591245174407959e-01 -5.110825896263122559e-01 -1.748365759849548340e+00 6.470556213157351300e-01 4.846130560900961393e-01 -1.997914468532785981e-01 5.536718825054685045e-01
2.322591394186019897e-01 -5.110826492309570312e-01 -1.748365759849548340e+00 6.470556213157351300e-01 4.846130676046867536e-01 -1.997915044262317807e-01 5.536718364471059362e-01
2.322591543197631836e-01 -5.110826492309570312e-01 -1.748365759849548340e+00 6.470556141191159405e-01 4.846130845091939920e-01 -1.997915527066965180e-01 5.536718195759195993e-01
2.322591692209243774e-01 -5.110827088356018066e-01 -1.748365759849548340e+00 6.470556126797920582e-01 4.846130971017681421e-01 -1.997915992094801418e-01 5.536717977783370825e-01
2.322591990232467651e-01 -5.110827088356018066e-01 -1.748365879058837891e+00 6.470556040438489864e-01 4.846131150842593605e-01 -1.997916594489581865e-01 5.536717591095672297e-01
2.322592139244079590e-01 -5.110827684402465820e-01 -1.748365879058837891e+00 6.470555982865534572e-01 4.846131309107842289e-01 -1.997917187995962296e-01 5.536717410067808487e-01
2.322592288255691528e-01 -5.110827684402465820e-01 -1.748365879058837891e+00 6.470555982865534572e-01 4.846131424253752873e-01 -1.997917648579604077e-01 5.536717179775987319e-01
2.322592437267303467e-01 -5.110827684402465820e-01 -1.748365998268127441e+00 6.470555910899340457e-01 4.846131593298840801e-01 -1.997918131384298357e-01 5.536716780772283908e-01
2.322592586278915405e-01 -5.110828280448913574e-01 -1.748365998268127441e+00 6.470555896506101634e-01 4.846131719224588408e-01 -1.997918366120332856e-01 5.536716793088271027e-01
