repeatability steamvr; 20211020-213135; x y z w i j k;  frequency = 150 duration = 2 sys.args = ['.\\repeatability.py']
3.424732089042663574e-01 -4.959805011749267578e-01 -1.831676006317138672e+00 5.948051606624397136e-01 6.281110877998555830e-01 -3.737181675708552975e-01 3.346907424058210845e-01
3.424809575080871582e-01 -4.959780871868133545e-01 -1.831682562828063965e+00 5.948072106311694807e-01 6.281110399524734156e-01 -3.737098555942372502e-01 3.346964782370471236e-01
3.424395024776458740e-01 -4.960128664970397949e-01 -1.831637024879455566e+00 5.947967454217585326e-01 6.281182081718932331e-01 -3.737112951008579320e-01 3.347000278072551627e-01
3.424025475978851318e-01 -4.959832131862640381e-01 -1.831600189208984375e+00 5.947955004273249857e-01 6.280620021945375608e-01 -3.737801201377912164e-01 3.347308728991646443e-01
3.424032330513000488e-01 -4.959827065467834473e-01 -1.831602811813354492e+00 5.947930482053884749e-01 6.280616353617336500e-01 -3.737859991927222625e-01 3.347293530847997300e-01
3.424589931964874268e-01 -4.959357678890228271e-01 -1.831609487533569336e+00 5.947861851009469403e-01 6.280566816271379027e-01 -3.737941147968579791e-01 3.347417522517128208e-01
3.424671292304992676e-01 -4.959332048892974854e-01 -1.831611871719360352e+00 5.947888925772164548e-01 6.280483611931765298e-01 -3.737951902404289539e-01 3.347513926883079471e-01
3.424755930900573730e-01 -4.959299564361572266e-01 -1.831615090370178223e+00 5.947806700943564229e-01 6.280578452842491277e-01 -3.737901634276432072e-01 3.347538126101898825e-01
3.424840569496154785e-01 -4.959911704063415527e-01 -1.831611990928649902e+00 5.947922155945717382e-01 6.280614873828337386e-01 -3.737923002142691797e-01 3.347240188149517293e-01
3.424938023090362549e-01 -4.959976375102996826e-01 -1.831614017486572266e+00 5.947905441062447673e-01 6.280594693986754073e-01 -3.737997618153189316e-01 3.347224604452901930e-01
3.425039649009704590e-01 -4.960046708583831787e-01 -1.831616163253784180e+00 5.947908725325421475e-01 6.280631811517793928e-01 -3.738003649316676835e-01 3.347142524704269095e-01
3.424532115459442139e-01 -4.960561394691467285e-01 -1.831571817398071289e+00 5.947636158601831147e-01 6.280856628065959457e-01 -3.737983424172355851e-01 3.347227707379257233e-01
3.424603343009948730e-01 -4.960642755031585693e-01 -1.831570625305175781e+00 5.947580395748109927e-01 6.280838223550819777e-01 -3.738116440044199629e-01 3.347212645908768103e-01
3.424679338932037354e-01 -4.960734844207763672e-01 -1.831569433212280273e+00 5.947561117717606871e-01 6.280848309606057445e-01 -3.738146478136769590e-01 3.347194589014915178e-01
3.424544334411621094e-01 -4.960869848728179932e-01 -1.831488728523254395e+00 5.947282224234230474e-01 6.281460172233662709e-01 -3.738195058051828057e-01 3.346487611318690880e-01
3.424624204635620117e-01 -4.960978031158447266e-01 -1.831481456756591797e+00 5.947304190743968322e-01 6.281420560275990939e-01 -3.738178823705146647e-01 3.346541146479578011e-01
3.424714207649230957e-01 -4.961090385913848877e-01 -1.831474661827087402e+00 5.947287898891061575e-01 6.281343559180893044e-01 -3.738232699505410483e-01 3.346654074541152157e-01
3.424427807331085205e-01 -4.960504770278930664e-01 -1.831612110137939453e+00 5.947621038149263351e-01 6.280648362521773498e-01 -3.738496895881758264e-01 3.347071768834395389e-01
3.424479365348815918e-01 -4.960536062717437744e-01 -1.831617355346679688e+00 5.947622108815583397e-01 6.280631948976971302e-01 -3.738486209129944227e-01 3.347112505377211056e-01
3.424541056156158447e-01 -4.960562586784362793e-01 -1.831622958183288574e+00 5.947620098624728513e-01 6.280617035007056703e-01 -3.738508095237615403e-01 3.347119680917279294e-01
3.424730896949768066e-01 -4.959835410118103027e-01 -1.831667780876159668e+00 5.947951015431618416e-01 6.279938168550180944e-01 -3.738688025521914038e-01 3.347604809410494320e-01
3.424804806709289551e-01 -4.959793686866760254e-01 -1.831678271293640137e+00 5.947911674897355949e-01 6.279979454638474623e-01 -3.738785798319697595e-01 3.347487469808645422e-01
3.424888253211975098e-01 -4.959756731986999512e-01 -1.831688284873962402e+00 5.947905677889575582e-01 6.279934553512729334e-01 -3.738789599286501675e-01 3.347578279156223635e-01
3.424713909626007080e-01 -4.959550797939300537e-01 -1.831656098365783691e+00 5.948403471587482283e-01 6.279223139429134237e-01 -3.738801030199192521e-01 3.348015869778375175e-01
3.424781858921051025e-01 -4.959501624107360840e-01 -1.831667423248291016e+00 5.948399653313102275e-01 6.279214519452304133e-01 -3.738815892859786438e-01 3.348021776473798505e-01
3.424844741821289062e-01 -4.959472119808197021e-01 -1.831679463386535645e+00 5.948408264487117236e-01 6.279164346290138088e-01 -3.738872152005594529e-01 3.348037627848157727e-01
3.424662351608276367e-01 -4.959729909896850586e-01 -1.831655740737915039e+00 5.948778785625825627e-01 6.279109907039505112e-01 -3.738603220378813319e-01 3.347781939558410191e-01
3.424719274044036865e-01 -4.959761202335357666e-01 -1.831669330596923828e+00 5.948792503911450869e-01 6.279066871102275682e-01 -3.738553471515161930e-01 3.347893703342346150e-01
3.424787819385528564e-01 -4.959774315357208252e-01 -1.831682324409484863e+00 5.948703831563949551e-01 6.279098595814656125e-01 -3.738603969934160554e-01 3.347935748333607520e-01
3.424284458160400391e-01 -4.960302710533142090e-01 -1.831641674041748047e+00 5.948675202741784407e-01 6.279218241723605320e-01 -3.738752760251836116e-01 3.347596345058682643e-01
3.424303233623504639e-01 -4.960328638553619385e-01 -1.831653952598571777e+00 5.948706925558560066e-01 6.279212060240264570e-01 -3.738716235104727614e-01 3.347591925996032391e-01
3.424336612224578857e-01 -4.960368871688842773e-01 -1.831665396690368652e+00 5.948699089784139638e-01 6.279227971455381141e-01 -3.738677417241053069e-01 3.347619193146148531e-01
3.424510061740875244e-01 -4.960343539714813232e-01 -1.831621050834655762e+00 5.948652959486326885e-01 6.279371603412300384e-01 -3.738215358524345500e-01 3.347947971914633780e-01
3.424561917781829834e-01 -4.960358142852783203e-01 -1.831626892089843750e+00 5.948667319957617883e-01 6.279359200052967438e-01 -3.738169221711529211e-01 3.347996908853830833e-01
3.424623608589172363e-01 -4.960371553897857666e-01 -1.831632971763610840e+00 5.948710422690315358e-01 6.279307814921031294e-01 -3.738168743114155257e-01 3.348017300732712975e-01
3.424445390701293945e-01 -4.960965812206268311e-01 -1.831592321395874023e+00 5.948633052817656752e-01 6.279738929298031014e-01 -3.738315096023992479e-01 3.347182571533118267e-01
3.424501121044158936e-01 -4.961063265800476074e-01 -1.831593275070190430e+00 5.948707320869583981e-01 6.279728036564665716e-01 -3.738255406274170189e-01 3.347138215271325268e-01
3.424578011035919189e-01 -4.961170256137847900e-01 -1.831594109535217285e+00 5.948780625169529657e-01 6.279646521038360074e-01 -3.738272081511072042e-01 3.347141745176690497e-01
3.424471914768218994e-01 -4.960847198963165283e-01 -1.831618905067443848e+00 5.948490426202838188e-01 6.279831882494280038e-01 -3.738354065111192392e-01 3.347218581603644272e-01
3.424547016620635986e-01 -4.960894882678985596e-01 -1.831620573997497559e+00 5.948406434613682237e-01 6.279883604066304192e-01 -3.738382661166765875e-01 3.347238633082265657e-01
3.424945175647735596e-01 -4.960597455501556396e-01 -1.831627368927001953e+00 5.948639963014653587e-01 6.279757310418728755e-01 -3.738241185738194194e-01 3.347218449690869679e-01
3.425037860870361328e-01 -4.960551559925079346e-01 -1.831510782241821289e+00 5.948561506072251870e-01 6.279730416470918897e-01 -3.738737742791404806e-01 3.346854218897206135e-01
3.425197601318359375e-01 -4.960567355155944824e-01 -1.831505894660949707e+00 5.948562433705901764e-01 6.279767387975427884e-01 -3.738735852465370213e-01 3.346785185173878352e-01
3.425077199935913086e-01 -4.960303902626037598e-01 -1.831441640853881836e+00 5.948651920317599151e-01 6.279922915781347426e-01 -3.738340187333712983e-01 3.346775795066417314e-01
3.425138890743255615e-01 -4.960057735443115234e-01 -1.831557512283325195e+00 5.948370551366846115e-01 6.279931883242918511e-01 -3.738405831214895447e-01 3.347185801965576468e-01
3.425260484218597412e-01 -4.960009157657623291e-01 -1.831557035446166992e+00 5.948400674912125430e-01 6.279882545285233597e-01 -3.738361339852914744e-01 3.347274314796498396e-01
3.425025641918182373e-01 -4.960258603096008301e-01 -1.831496357917785645e+00 5.948558660545342214e-01 6.279934822709682951e-01 -3.738116200218728480e-01 3.347169602904466745e-01
3.424843847751617432e-01 -4.960157871246337891e-01 -1.831646680831909180e+00 5.948732440678565769e-01 6.279442133504253842e-01 -3.738480477575751859e-01 3.347378049895283203e-01
3.424910604953765869e-01 -4.960128366947174072e-01 -1.831652283668518066e+00 5.948769595726632886e-01 6.279428713752031044e-01 -3.738505503801985430e-01 3.347309643268512325e-01
3.424824178218841553e-01 -4.959973692893981934e-01 -1.831614971160888672e+00 5.948915820289782941e-01 6.279523848554994236e-01 -3.738188949348751344e-01 3.347224798803439261e-01
3.424808681011199951e-01 -4.959935545921325684e-01 -1.831679105758666992e+00 5.948981386419495143e-01 6.279034204397050400e-01 -3.738724892397642385e-01 3.347428433568723216e-01
3.424868881702423096e-01 -4.959866702556610107e-01 -1.831687927246093750e+00 5.948979085110480680e-01 6.279049783724689471e-01 -3.738683279154544903e-01 3.347449610552606369e-01
3.424472510814666748e-01 -4.960119128227233887e-01 -1.831624388694763184e+00 5.949231274711214157e-01 6.279002776062595492e-01 -3.738411354955865629e-01 3.347392996945476873e-01
3.424580097198486328e-01 -4.960280060768127441e-01 -1.831648349761962891e+00 5.949293970664442099e-01 6.279014125791642087e-01 -3.738459544155870451e-01 3.347206625159301896e-01
3.424627184867858887e-01 -4.960273206233978271e-01 -1.831655144691467285e+00 5.949222997387116907e-01 6.279055971068450148e-01 -3.738456185743394555e-01 3.347258047219154875e-01
3.424635827541351318e-01 -4.960059225559234619e-01 -1.831607699394226074e+00 5.949072117166249729e-01 6.279464571922621641e-01 -3.738252468850274401e-01 3.346987291787076879e-01
3.424615859985351562e-01 -4.959870278835296631e-01 -1.831643342971801758e+00 5.949295375641093786e-01 6.278898679396868188e-01 -3.738703698578530465e-01 3.347147663182507560e-01
3.424674868583679199e-01 -4.959807991981506348e-01 -1.831647992134094238e+00 5.949209786910545361e-01 6.278961459195775419e-01 -3.738747458960476888e-01 3.347133512014829337e-01
3.424294888973236084e-01 -4.960049688816070557e-01 -1.831539988517761230e+00 5.948773989110790472e-01 6.279439230890975221e-01 -3.738811160191767291e-01 3.346940420587591336e-01
3.424308300018310547e-01 -4.959993958473205566e-01 -1.831558823585510254e+00 5.948788263183738545e-01 6.279448210530431673e-01 -3.738697789116468551e-01 3.347024945941688978e-01
3.424343764781951904e-01 -4.959946572780609131e-01 -1.831558585166931152e+00 5.948751180660184490e-01 6.279503135520866364e-01 -3.738690981040761474e-01 3.346995711723076972e-01
3.424324691295623779e-01 -4.960000813007354736e-01 -1.831578135490417480e+00 5.949036466889265906e-01 6.279357800465585893e-01 -3.738866653817322083e-01 3.346564875633659675e-01
3.424441516399383545e-01 -4.960062503814697266e-01 -1.831614851951599121e+00 5.949126846520343959e-01 6.279081058995060749e-01 -3.738840755174283048e-01 3.346952148945848138e-01
3.424476981163024902e-01 -4.960025548934936523e-01 -1.831616878509521484e+00 5.949151512528103591e-01 6.279110129642155869e-01 -3.738836305648791103e-01 3.346859340956568341e-01
3.424165546894073486e-01 -4.959894418716430664e-01 -1.831527948379516602e+00 5.949231388206358551e-01 6.279279553116000612e-01 -3.738279488380855664e-01 3.347021044725649874e-01
3.424389362335205078e-01 -4.960536658763885498e-01 -1.831515550613403320e+00 5.949031396618994494e-01 6.279695164117518047e-01 -3.738449025397397874e-01 3.346407326436309226e-01
3.424425423145294189e-01 -4.960580170154571533e-01 -1.831512451171875000e+00 5.949083889655628621e-01 6.279683838032269483e-01 -3.738471159248478171e-01 3.346310388723930940e-01
3.424457311630249023e-01 -4.960291981697082520e-01 -1.831469893455505371e+00 5.948925780986991096e-01 6.279964582874084655e-01 -3.738429081284905253e-01 3.346112051026093326e-01
3.424555957317352295e-01 -4.960272312164306641e-01 -1.831535458564758301e+00 5.949070743446722709e-01 6.279670162159003421e-01 -3.738276759658021864e-01 3.346576935005499687e-01
3.424634635448455811e-01 -4.960267841815948486e-01 -1.831532478332519531e+00 5.949014373707768311e-01 6.279675811565775811e-01 -3.738291227291324348e-01 3.346650287908291554e-01
3.424826860427856445e-01 -4.960390329360961914e-01 -1.831568956375122070e+00 5.949046274748324148e-01 6.280047038214930932e-01 -3.737758190630953714e-01 3.346492010574588227e-01
3.424819111824035645e-01 -4.960213303565979004e-01 -1.831645607948303223e+00 5.949167811018488683e-01 6.279649983002401070e-01 -3.737947624326530272e-01 3.346809532293479328e-01
3.424907326698303223e-01 -4.960216879844665527e-01 -1.831649065017700195e+00 5.949047364726873788e-01 6.279646247090090450e-01 -3.737982483616691387e-01 3.346991605569162864e-01
3.424534201622009277e-01 -4.960247874259948730e-01 -1.831646680831909180e+00 5.948912761628334378e-01 6.280045331607918557e-01 -3.737770963801669843e-01 3.346718785777670901e-01
3.424571752548217773e-01 -4.960263073444366455e-01 -1.831650257110595703e+00 5.948965159823673687e-01 6.279967223298926760e-01 -3.737736123934723986e-01 3.346810855038043764e-01
3.424617350101470947e-01 -4.960252642631530762e-01 -1.831654906272888184e+00 5.948920831951111099e-01 6.279949017047865567e-01 -3.737859324078977030e-01 3.346786291390762558e-01
3.424117863178253174e-01 -4.960363507270812988e-01 -1.831561803817749023e+00 5.948885251216869952e-01 6.279989959468899041e-01 -3.737635788749847920e-01 3.347022635275007652e-01
3.423852026462554932e-01 -4.959944784641265869e-01 -1.831615209579467773e+00 5.948854918776212974e-01 6.279767985603287306e-01 -3.738071094722594800e-01 3.347006699530303275e-01
3.423829078674316406e-01 -4.959897696971893311e-01 -1.831618189811706543e+00 5.948841376759220756e-01 6.279754226238156711e-01 -3.738174186991642944e-01 3.346940956890334107e-01
3.424043059349060059e-01 -4.959792792797088623e-01 -1.831620693206787109e+00 5.949114038941666349e-01 6.279223071635665621e-01 -3.738509094951119605e-01 3.347079082444365805e-01
3.424077928066253662e-01 -4.959730803966522217e-01 -1.831625103950500488e+00 5.949074813725880873e-01 6.279176806162385382e-01 -3.738615541733355530e-01 3.347116994178689908e-01
3.424125313758850098e-01 -4.959649741649627686e-01 -1.831630110740661621e+00 5.949098123847877950e-01 6.279204302057063147e-01 -3.738506259272855181e-01 3.347145583827887960e-01
3.424639999866485596e-01 -4.959772825241088867e-01 -1.831643581390380859e+00 5.948789748515108666e-01 6.279381264582531985e-01 -3.738761372608889744e-01 3.347077089004599770e-01
3.424737751483917236e-01 -4.959703683853149414e-01 -1.831648230552673340e+00 5.948814308288352670e-01 6.279430737428163267e-01 -3.738729569144048082e-01 3.346976068852137165e-01
3.424852192401885986e-01 -4.959636032581329346e-01 -1.831652164459228516e+00 5.948903988760190220e-01 6.279376527684866760e-01 -3.738628299916388897e-01 3.347031443029965248e-01
3.424460589885711670e-01 -4.959593415260314941e-01 -1.831584811210632324e+00 5.949011667336315812e-01 6.279500951889996907e-01 -3.738276677970625572e-01 3.346999541044395898e-01
3.424367308616638184e-01 -4.959300756454467773e-01 -1.831603765487670898e+00 5.948847891412571975e-01 6.279257644801006233e-01 -3.738723124222085303e-01 3.347247959589055299e-01
3.424423336982727051e-01 -4.959216713905334473e-01 -1.831606268882751465e+00 5.948838235867927038e-01 6.279233143978453224e-01 -3.738712409798624625e-01 3.347323497993901498e-01
3.424074351787567139e-01 -4.959656894207000732e-01 -1.831583499908447266e+00 5.948801785752099169e-01 6.279378452787094389e-01 -3.738887138526283405e-01 3.346920366633324151e-01
3.423908650875091553e-01 -4.959360659122467041e-01 -1.831612110137939453e+00 5.948944590808218358e-01 6.279045613679096194e-01 -3.739119328673601306e-01 3.347031518554878238e-01
3.423905670642852783e-01 -4.959298372268676758e-01 -1.831613779067993164e+00 5.948989738441673447e-01 6.279007479534097769e-01 -3.739104290203294489e-01 3.347039275093579569e-01
3.423771262168884277e-01 -4.959849417209625244e-01 -1.831552028656005859e+00 5.949014459810672006e-01 6.279042504272008829e-01 -3.739331398013633345e-01 3.346675882480710795e-01
3.423771560192108154e-01 -4.959876537322998047e-01 -1.831546545028686523e+00 5.949064170331375134e-01 6.278981144437218997e-01 -3.739320628736940155e-01 3.346714920731861387e-01
3.423778414726257324e-01 -4.959898591041564941e-01 -1.831540822982788086e+00 5.948988382315159029e-01 6.278999517806337360e-01 -3.739416601615128677e-01 3.346707992521585906e-01
3.423872888088226318e-01 -4.960218369960784912e-01 -1.831516742706298828e+00 5.948941461712868861e-01 6.279376299316721255e-01 -3.739174045837068694e-01 3.346355374763965163e-01
3.423889875411987305e-01 -4.960294961929321289e-01 -1.831511497497558594e+00 5.948929201670515310e-01 6.279369577317748252e-01 -3.739241429829048280e-01 3.346314616482118365e-01
3.423898220062255859e-01 -4.960379898548126221e-01 -1.831506609916687012e+00 5.948917794818314730e-01 6.279393515849303053e-01 -3.739217813498345588e-01 3.346316649437451884e-01
3.424300849437713623e-01 -4.960579574108123779e-01 -1.831436872482299805e+00 5.949232090702114562e-01 6.279228592009667986e-01 -3.739226739116885967e-01 3.346056801900268440e-01
3.424367606639862061e-01 -4.960644245147705078e-01 -1.831428408622741699e+00 5.949219316615893538e-01 6.279262989145243390e-01 -3.739213837823560094e-01 3.346029358680120414e-01
3.424446582794189453e-01 -4.960707426071166992e-01 -1.831420540809631348e+00 5.949224120599146959e-01 6.279272696524832442e-01 -3.739164574961167387e-01 3.346058153667422208e-01
3.424229025840759277e-01 -4.960087239742279053e-01 -1.831391096115112305e+00 5.949180526510416955e-01 6.279208876517091698e-01 -3.739265246137749577e-01 3.346142723919312556e-01
3.424269556999206543e-01 -4.960091114044189453e-01 -1.831382155418395996e+00 5.949150671087238829e-01 6.279208202221997492e-01 -3.739352633838217144e-01 3.346099276974703884e-01
3.424319326877593994e-01 -4.960102736949920654e-01 -1.831372618675231934e+00 5.949147209437406492e-01 6.279194948823609845e-01 -3.739367450857231101e-01 3.346113904306904918e-01
3.423958718776702881e-01 -4.959770143032073975e-01 -1.831349849700927734e+00 5.949172791158223728e-01 6.279066631054194270e-01 -3.739383322556815714e-01 3.346291441951521062e-01
3.423978686332702637e-01 -4.959765374660491943e-01 -1.831342697143554688e+00 5.949213303314891954e-01 6.279051049005374141e-01 -3.739381512629783022e-01 3.346250526854871454e-01
3.424006402492523193e-01 -4.959754943847656250e-01 -1.831336140632629395e+00 5.949189717731658833e-01 6.279099486861625667e-01 -3.739375117594007092e-01 3.346208814078903693e-01
3.423911333084106445e-01 -4.959529638290405273e-01 -1.831407904624938965e+00 5.949401125598441364e-01 6.278843552489857816e-01 -3.739265534712664096e-01 3.346435613025234845e-01
3.423928916454315186e-01 -4.959505796432495117e-01 -1.831408500671386719e+00 5.949406804104488966e-01 6.278853338820891139e-01 -3.739359482558946568e-01 3.346302302578496035e-01
3.423967659473419189e-01 -4.959482252597808838e-01 -1.831409096717834473e+00 5.949319440217516464e-01 6.278912605223924137e-01 -3.739391914345373547e-01 3.346309926850449257e-01
3.424058556556701660e-01 -4.959613978862762451e-01 -1.831485271453857422e+00 5.949226243743259701e-01 6.278826368284531334e-01 -3.739300585434198743e-01 3.346739778214236627e-01
3.424099087715148926e-01 -4.959596395492553711e-01 -1.831491112709045410e+00 5.949247400784022366e-01 6.278834220976446945e-01 -3.739235119038760713e-01 3.346760688103059267e-01
3.424149155616760254e-01 -4.959571063518524170e-01 -1.831497073173522949e+00 5.949250788016913205e-01 6.278831397507403933e-01 -3.739246640769944285e-01 3.346746478210879672e-01
3.424218297004699707e-01 -4.959653317928314209e-01 -1.831562280654907227e+00 5.949740699340957395e-01 6.278344066716067262e-01 -3.739261622902184667e-01 3.346773571212078302e-01
3.424285650253295898e-01 -4.959641396999359131e-01 -1.831572890281677246e+00 5.949645441258550882e-01 6.278378968391344905e-01 -3.739372889139093159e-01 3.346752989581723847e-01
3.424360454082489014e-01 -4.959619343280792236e-01 -1.831583023071289062e+00 5.949614494380510710e-01 6.278454328068345802e-01 -3.739325092048781385e-01 3.346719899520820274e-01
3.424178361892700195e-01 -4.960285425186157227e-01 -1.831537246704101562e+00 5.949647787313365743e-01 6.278469661789423117e-01 -3.739279904819572398e-01 3.346682387917137014e-01
3.424239456653594971e-01 -4.960333704948425293e-01 -1.831546306610107422e+00 5.949686891351860796e-01 6.278491260510324912e-01 -3.739252886662072228e-01 3.346602568698972546e-01
3.424308598041534424e-01 -4.960373044013977051e-01 -1.831555128097534180e+00 5.949749921003115727e-01 6.278457557261352129e-01 -3.739214385646372207e-01 3.346596825572187850e-01
3.424149751663208008e-01 -4.960148036479949951e-01 -1.831515789031982422e+00 5.949714073252120317e-01 6.278456816167042875e-01 -3.739290628935059702e-01 3.346576916950032565e-01
3.424222767353057861e-01 -4.960159659385681152e-01 -1.831522583961486816e+00 5.949721320694335569e-01 6.278455930475518310e-01 -3.739276752562095685e-01 3.346580980106902414e-01
3.424313664436340332e-01 -4.960161447525024414e-01 -1.831529736518859863e+00 5.949692542191912237e-01 6.278541524001556295e-01 -3.739188780482591845e-01 3.346570243771614939e-01
3.424412012100219727e-01 -4.960175752639770508e-01 -1.831537008285522461e+00 5.949746485138299734e-01 6.278519788333596363e-01 -3.739186068293599008e-01 3.346518269685017644e-01
3.424113988876342773e-01 -4.959786832332611084e-01 -1.831542253494262695e+00 5.949839552153661781e-01 6.278250900875551599e-01 -3.739340616181610621e-01 3.346684156421569356e-01
3.424187004566192627e-01 -4.959749877452850342e-01 -1.831552147865295410e+00 5.949838722549780634e-01 6.278325157087341069e-01 -3.739240113723300007e-01 3.346659014907989449e-01
3.424267172813415527e-01 -4.959711134433746338e-01 -1.831560611724853516e+00 5.949732436422112691e-01 6.278243464168808963e-01 -3.739461854619497982e-01 3.346753111464709773e-01
3.424176275730133057e-01 -4.959210753440856934e-01 -1.831531167030334473e+00 5.949719520574523468e-01 6.278411371304901678e-01 -3.739158802043580088e-01 3.346799572365065645e-01
3.424266874790191650e-01 -4.959108233451843262e-01 -1.831540226936340332e+00 5.949569960022127457e-01 6.278469516088418523e-01 -3.739251842312363294e-01 3.346852710209506920e-01
3.424360156059265137e-01 -4.959012567996978760e-01 -1.831549763679504395e+00 5.949703319471701946e-01 6.278404549300670157e-01 -3.739230681138391854e-01 3.346761099821747298e-01
3.424152433872222900e-01 -4.959013462066650391e-01 -1.831485152244567871e+00 5.949726625174659445e-01 6.278823129514295998e-01 -3.738802547090057660e-01 3.346412510837305510e-01
3.424224853515625000e-01 -4.958922266960144043e-01 -1.831489562988281250e+00 5.949774396590910008e-01 6.278811535751208650e-01 -3.738755145080188136e-01 3.346402516123641591e-01
3.424313962459564209e-01 -4.958817362785339355e-01 -1.831492900848388672e+00 5.949697379056280155e-01 6.278802024593785891e-01 -3.738880345250488735e-01 3.346417376917724673e-01
3.424402773380279541e-01 -4.959801435470581055e-01 -1.831514239311218262e+00 5.949795363846260843e-01 6.278729677114153196e-01 -3.738791503573495323e-01 3.346477848003405198e-01
3.424503207206726074e-01 -4.959755837917327881e-01 -1.831518054008483887e+00 5.949776460839653058e-01 6.278724705551691487e-01 -3.738746545779180752e-01 3.346571096976943549e-01
3.424617946147918701e-01 -4.959720075130462646e-01 -1.831522226333618164e+00 5.949865066329774743e-01 6.278706711955419628e-01 -3.738760351238603064e-01 3.346432351680125317e-01
3.424634635448455811e-01 -4.959957003593444824e-01 -1.831471681594848633e+00 5.949930089808574962e-01 6.278638220680973214e-01 -3.738963079164473458e-01 3.346218717444042756e-01
3.424754142761230469e-01 -4.959911406040191650e-01 -1.831473231315612793e+00 5.949993607980686994e-01 6.278605880051171262e-01 -3.738904404965145978e-01 3.346231768620724356e-01
3.424876928329467773e-01 -4.959860146045684814e-01 -1.831474900245666504e+00 5.949935771722950628e-01 6.278636858055077763e-01 -3.738907987932217902e-01 3.346272466297254278e-01
3.424388468265533447e-01 -4.959721863269805908e-01 -1.831460475921630859e+00 5.950085641995055408e-01 6.278149889689670360e-01 -3.739295189897566818e-01 3.346486794379154306e-01
3.424461781978607178e-01 -4.959656000137329102e-01 -1.831462502479553223e+00 5.950064619022982226e-01 6.278187473737149027e-01 -3.739233630617290749e-01 3.346522816772553588e-01
3.424534201622009277e-01 -4.959591627120971680e-01 -1.831463932991027832e+00 5.950087729614194076e-01 6.278115881597315928e-01 -3.739306039744287880e-01 3.346534674396718922e-01
3.424212932586669922e-01 -4.959574937820434570e-01 -1.831471204757690430e+00 5.950267395160159234e-01 6.277942845095719759e-01 -3.739126073106296966e-01 3.346741372581046314e-01
3.424264192581176758e-01 -4.959520101547241211e-01 -1.831475019454956055e+00 5.950274964745922990e-01 6.277911819284162087e-01 -3.739090936352371664e-01 3.346825390964935365e-01
3.424122929573059082e-01 -4.959277808666229248e-01 -1.831439971923828125e+00 5.950175941125217527e-01 6.277956068165995163e-01 -3.739132549094925095e-01 3.346871165899920064e-01
3.424451351165771484e-01 -4.959262609481811523e-01 -1.831438779830932617e+00 5.950243616150666659e-01 6.277655648192768112e-01 -3.739441038091335656e-01 3.346970116502361314e-01
3.424527645111083984e-01 -4.959183931350708008e-01 -1.831441998481750488e+00 5.950218759021301818e-01 6.277716933461434667e-01 -3.739337415626547978e-01 3.347015496241925736e-01
3.424580693244934082e-01 -4.959096014499664307e-01 -1.831439971923828125e+00 5.950293678348385074e-01 6.277704630474990610e-01 -3.739201510703576981e-01 3.347056934550596830e-01
3.424626588821411133e-01 -4.959619343280792236e-01 -1.831467866897583008e+00 5.950388787146663194e-01 6.277735136167227337e-01 -3.738893880391849223e-01 3.347174350355456296e-01
3.424715101718902588e-01 -4.959594905376434326e-01 -1.831469535827636719e+00 5.950374513000263876e-01 6.277747065308618701e-01 -3.738895446337122119e-01 3.347175712238645851e-01
3.424741327762603760e-01 -4.959533512592315674e-01 -1.831465244293212891e+00 5.950323142615204786e-01 6.278020886088044872e-01 -3.738820800892256879e-01 3.346836701887385135e-01
3.424480259418487549e-01 -4.959972202777862549e-01 -1.831479430198669434e+00 5.950513396877563643e-01 6.277819409257198169e-01 -3.738750765042335722e-01 3.346954663662106699e-01
3.424549996852874756e-01 -4.959977865219116211e-01 -1.831483006477355957e+00 5.950493112978791910e-01 6.277859465148327711e-01 -3.738778307800283973e-01 3.346884436109970329e-01
3.424691855907440186e-01 -4.960060119628906250e-01 -1.831496477127075195e+00 5.950359528631287143e-01 6.278244565740275229e-01 -3.738485604078018998e-01 3.346726834659105032e-01
3.424675762653350830e-01 -4.959681332111358643e-01 -1.831498742103576660e+00 5.950100407922750412e-01 6.278081092130867180e-01 -3.738679809598570158e-01 3.347277316149762649e-01
3.424746692180633545e-01 -4.959628880023956299e-01 -1.831501603126525879e+00 5.950092853767154910e-01 6.278076415689120005e-01 -3.738692210118144676e-01 3.347286042346240276e-01
3.424959480762481689e-01 -4.959640204906463623e-01 -1.831522107124328613e+00 5.950001293351779852e-01 6.278234006673258927e-01 -3.738621164971032695e-01 3.347231834565337905e-01
3.424651026725769043e-01 -4.959926903247833252e-01 -1.831507921218872070e+00 5.950167346204946472e-01 6.278164230520886235e-01 -3.738377088893593547e-01 3.347340584253100104e-01
3.424740135669708252e-01 -4.959897100925445557e-01 -1.831511974334716797e+00 5.950116420118285454e-01 6.278087237358686012e-01 -3.738493739843100072e-01 3.347445209253762655e-01
3.424774706363677979e-01 -4.959806799888610840e-01 -1.831504821777343750e+00 5.950014353372813369e-01 6.278465906961727683e-01 -3.738257992770525617e-01 3.347179471113400084e-01
3.424407243728637695e-01 -4.959533512592315674e-01 -1.831522345542907715e+00 5.950219381184485012e-01 6.277952432969344798e-01 -3.738283455905620500e-01 3.347750097037548445e-01
3.424469232559204102e-01 -4.959452450275421143e-01 -1.831526398658752441e+00 5.950106660979800344e-01 6.277990849045540500e-01 -3.738411687085356205e-01 3.347734755725438327e-01
3.424545228481292725e-01 -4.959395527839660645e-01 -1.831527948379516602e+00 5.950088621792346544e-01 6.278036052908093634e-01 -3.738193621685220180e-01 3.347925626068998795e-01
3.424942195415496826e-01 -4.959250092506408691e-01 -1.831416964530944824e+00 5.950111401637884212e-01 6.277901450561311769e-01 -3.738498959075725048e-01 3.347796700698916772e-01
3.425070643424987793e-01 -4.959181249141693115e-01 -1.831415534019470215e+00 5.950097353783297960e-01 6.277936682843734406e-01 -3.738484604523442112e-01 3.347771202817593772e-01
3.424956500530242920e-01 -4.958900511264801025e-01 -1.831391334533691406e+00 5.950064816633395814e-01 6.277975646001663357e-01 -3.738380502508131809e-01 3.347872247775074972e-01
3.424422740936279297e-01 -4.960126578807830811e-01 -1.831429243087768555e+00 5.950637188200953442e-01 6.277625331888269100e-01 -3.738084924356443461e-01 3.347841770502018033e-01
3.424470722675323486e-01 -4.960157573223114014e-01 -1.831431388854980469e+00 5.950702050649081531e-01 6.277597973250164110e-01 -3.738149022953547451e-01 3.347706210630922441e-01
3.424395620822906494e-01 -4.960067570209503174e-01 -1.831414699554443359e+00 5.950581165883630508e-01 6.277788355512496921e-01 -3.737893780679925060e-01 3.347849280519917259e-01
3.424448668956756592e-01 -4.959692955017089844e-01 -1.831490039825439453e+00 5.951293010749545420e-01 6.277012544616324963e-01 -3.738121989206487639e-01 3.347784010228035956e-01
3.424518108367919922e-01 -4.959642887115478516e-01 -1.831496834754943848e+00 5.951293014661815928e-01 6.276998518914708169e-01 -3.738123731621478263e-01 3.347808107609680506e-01
3.424381613731384277e-01 -4.959432482719421387e-01 -1.831472396850585938e+00 5.951232741926943959e-01 6.277027662607893577e-01 -3.738007813253425016e-01 3.347990649912923056e-01
3.424313366413116455e-01 -4.959246516227722168e-01 -1.831499338150024414e+00 5.951385640842504765e-01 6.276712162594045852e-01 -3.738054660618487790e-01 3.348257579480418133e-01
3.424387574195861816e-01 -4.959143698215484619e-01 -1.831509828567504883e+00 5.951414933435176247e-01 6.276704178686303148e-01 -3.738051801301655042e-01 3.348224011064702688e-01
3.424557149410247803e-01 -4.959096014499664307e-01 -1.831536293029785156e+00 5.951383205491914685e-01 6.276666532637288354e-01 -3.738010487814416027e-01 3.348396815913478597e-01
3.424287140369415283e-01 -4.959315061569213867e-01 -1.831533312797546387e+00 5.951237295853454290e-01 6.276290976382544740e-01 -3.738773306427974341e-01 3.348508549966652259e-01
3.424355089664459229e-01 -4.959240555763244629e-01 -1.831544399261474609e+00 5.951248547636316388e-01 6.276271598440940069e-01 -3.738760791761444047e-01 3.348538744302573811e-01
3.424602746963500977e-01 -4.959273338317871094e-01 -1.831578135490417480e+00 5.951197920314407197e-01 6.276374943850832056e-01 -3.738579422534702434e-01 3.348637652575394141e-01
3.424509465694427490e-01 -4.959616065025329590e-01 -1.831558823585510254e+00 5.951169636040201105e-01 6.276534475996248252e-01 -3.738483341561973372e-01 3.348496291220676158e-01
3.424607813358306885e-01 -4.959580898284912109e-01 -1.831570029258728027e+00 5.951162044118279981e-01 6.276534345296698181e-01 -3.738489628754680938e-01 3.348503035520155602e-01
3.424722552299499512e-01 -4.959561824798583984e-01 -1.831582427024841309e+00 5.951158243263239278e-01 6.276468244497468429e-01 -3.738424888187302231e-01 3.348705768568323027e-01
3.424789309501647949e-01 -4.960070848464965820e-01 -1.831495881080627441e+00 5.951199954726901220e-01 6.276752763869092311e-01 -3.738480304929711062e-01 3.348036387562181027e-01
3.424921929836273193e-01 -4.960069656372070312e-01 -1.831500053405761719e+00 5.951215783997275688e-01 6.276755223444931975e-01 -3.738566862478419628e-01 3.347907139344505900e-01
3.424236476421356201e-01 -4.960410296916961670e-01 -1.831416130065917969e+00 5.950810841121446648e-01 6.277421483608617292e-01 -3.738424059976325209e-01 3.347536677427284113e-01
3.424305617809295654e-01 -4.960446655750274658e-01 -1.831416010856628418e+00 5.950822447799078985e-01 6.277360410932699697e-01 -3.738424217983330466e-01 3.347630842422181230e-01
3.424378037452697754e-01 -4.960474669933319092e-01 -1.831416726112365723e+00 5.950837147341125899e-01 6.277405001893395786e-01 -3.738338586629932347e-01 3.347616594819604052e-01
3.424096703529357910e-01 -4.959861636161804199e-01 -1.831423997879028320e+00 5.950761534497436278e-01 6.277236986850085465e-01 -3.738379796018392875e-01 3.348019905823650944e-01
3.424147665500640869e-01 -4.959834218025207520e-01 -1.831428527832031250e+00 5.950611219547431441e-01 6.277381153702082939e-01 -3.738352199216445904e-01 3.348047352534416765e-01
3.424201309680938721e-01 -4.959814548492431641e-01 -1.831433892250061035e+00 5.950709650983170285e-01 6.277433699683193646e-01 -3.738195621673688906e-01 3.347948901573988834e-01
3.424302339553833008e-01 -4.959971308708190918e-01 -1.831459879875183105e+00 5.950605309383770747e-01 6.277676616831707745e-01 -3.738047636620260294e-01 3.347844273916230073e-01
3.424376249313354492e-01 -4.959966242313385010e-01 -1.831465959548950195e+00 5.950656154989059088e-01 6.277654904526576152e-01 -3.738093989630094094e-01 3.347742735619855248e-01
3.424461781978607178e-01 -4.959955513477325439e-01 -1.831470727920532227e+00 5.950642006690344266e-01 6.277638528750988378e-01 -3.738137536033027675e-01 3.347750350924981744e-01
3.424251079559326172e-01 -4.959778487682342529e-01 -1.831464648246765137e+00 5.950599911781310203e-01 6.277692953728704062e-01 -3.737704156339733408e-01 3.348206373639807110e-01
3.424296677112579346e-01 -4.959749281406402588e-01 -1.831470489501953125e+00 5.950615732866074703e-01 6.277676388240573946e-01 -3.737705550014017719e-01 3.348207957737331375e-01
3.424341976642608643e-01 -4.959708154201507568e-01 -1.831477046012878418e+00 5.950653249817081658e-01 6.277733969444257989e-01 -3.737675067348303348e-01 3.348067933875895630e-01
3.424283862113952637e-01 -4.959973096847534180e-01 -1.831426262855529785e+00 5.950041621821695603e-01 6.278606053762184613e-01 -3.737550669417640803e-01 3.347658182753291967e-01
3.424334228038787842e-01 -4.959967136383056641e-01 -1.831427097320556641e+00 5.949987928078104282e-01 6.278656952889455356e-01 -3.737610114813260109e-01 3.347591597478694059e-01
3.424395918846130371e-01 -4.959948956966400146e-01 -1.831427574157714844e+00 5.949942418225410146e-01 6.278595784251269629e-01 -3.737736657172836541e-01 3.347645690289420273e-01
3.423854112625122070e-01 -4.960565865039825439e-01 -1.831515669822692871e+00 5.950436441731190573e-01 6.278337082698095539e-01 -3.737604028372272236e-01 3.347401001893966499e-01
3.423861265182495117e-01 -4.960609376430511475e-01 -1.831521987915039062e+00 5.950510290127490887e-01 6.278249900356395186e-01 -3.737601247166391638e-01 3.347436368897322434e-01
3.423872292041778564e-01 -4.960644841194152832e-01 -1.831529021263122559e+00 5.950457950535588125e-01 6.278344313965398271e-01 -3.737552008289781735e-01 3.347407715054602217e-01
3.424203395843505859e-01 -4.960404932498931885e-01 -1.831533193588256836e+00 5.950456268023220918e-01 6.278222005841042064e-01 -3.737537648584866035e-01 3.347655607442456827e-01
3.424250483512878418e-01 -4.960424005985260010e-01 -1.831540226936340332e+00 5.950511812200462991e-01 6.278192826833033369e-01 -3.737511690061364744e-01 3.347640730329715653e-01
3.424308598041534424e-01 -4.960443079471588135e-01 -1.831546664237976074e+00 5.950452838435491554e-01 6.278143736796563124e-01 -3.737660012468163595e-01 3.347672092587486437e-01
3.424497246742248535e-01 -4.959836304187774658e-01 -1.831626057624816895e+00 5.950639764714036328e-01 6.277839346039333357e-01 -3.737569904904161078e-01 3.348011290261619366e-01
3.424579203128814697e-01 -4.959791004657745361e-01 -1.831641554832458496e+00 5.950551205974223823e-01 6.277872926086253136e-01 -3.737796109655321386e-01 3.347852989447732686e-01
3.424668312072753906e-01 -4.959739446640014648e-01 -1.831657290458679199e+00 5.950594880014113963e-01 6.277865789486150039e-01 -3.737739221298482239e-01 3.347852363978990886e-01
3.424276113510131836e-01 -4.959806501865386963e-01 -1.831616878509521484e+00 5.950803522623205888e-01 6.277509083264393164e-01 -3.738049887440345609e-01 3.347803532697082862e-01
3.424365520477294922e-01 -4.959782958030700684e-01 -1.831630706787109375e+00 5.950704537142975648e-01 6.277522355639673091e-01 -3.738154034236367274e-01 3.347838499452737149e-01
3.424463868141174316e-01 -4.959758222103118896e-01 -1.831644535064697266e+00 5.950718943527746330e-01 6.277542465809806682e-01 -3.738096264073452746e-01 3.347839753560091225e-01
3.424524068832397461e-01 -4.960159063339233398e-01 -1.831619858741760254e+00 5.950659533594686579e-01 6.277290246264397577e-01 -3.738814845612141169e-01 3.347615221989382883e-01
3.424647152423858643e-01 -4.960192441940307617e-01 -1.831631302833557129e+00 5.950665754762740622e-01 6.277233476085495312e-01 -3.738909880749300974e-01 3.347604616768998231e-01
3.424771130084991455e-01 -4.960205852985382080e-01 -1.831643581390380859e+00 5.950749467967314521e-01 6.277222921738448980e-01 -3.738904195383755957e-01 3.347482150907181708e-01
3.424316048622131348e-01 -4.959763288497924805e-01 -1.831599354743957520e+00 5.950552051129802678e-01 6.277500792054437895e-01 -3.738937156942285789e-01 3.347275147525698435e-01
3.424405455589294434e-01 -4.959706068038940430e-01 -1.831609606742858887e+00 5.950615541143029485e-01 6.277517327338361097e-01 -3.738815253889797852e-01 3.347267574066421503e-01
3.424505591392517090e-01 -4.959652721881866455e-01 -1.831619739532470703e+00 5.950592010026797274e-01 6.277436601428463270e-01 -3.738883510099136886e-01 3.347384826589239193e-01
3.424630463123321533e-01 -4.959659576416015625e-01 -1.831568360328674316e+00 5.950839393155638035e-01 6.277180774573370980e-01 -3.739094711586067876e-01 3.347188642420772520e-01
3.424743413925170898e-01 -4.959627091884613037e-01 -1.831577897071838379e+00 5.950777889223590744e-01 6.277218107260090774e-01 -3.739135641753716932e-01 3.347182232964320825e-01
3.424860239028930664e-01 -4.959593713283538818e-01 -1.831588029861450195e+00 5.950757406682654072e-01 6.277258243658427883e-01 -3.739088727015714153e-01 3.347195788548100182e-01
3.424644470214843750e-01 -4.960065484046936035e-01 -1.831563591957092285e+00 5.950818046145807116e-01 6.277177375380437185e-01 -3.739376864230888886e-01 3.346917660347709655e-01
3.424751162528991699e-01 -4.960098564624786377e-01 -1.831573486328125000e+00 5.950807415650656296e-01 6.277104828193453834e-01 -3.739403208909546916e-01 3.347043082786846924e-01
3.424864709377288818e-01 -4.960132837295532227e-01 -1.831584811210632324e+00 5.950783405999069409e-01 6.277122892660785825e-01 -3.739412200457425395e-01 3.347041969624133251e-01
3.423940539360046387e-01 -4.959966838359832764e-01 -1.831562399864196777e+00 5.950772153336713055e-01 6.276884480454725246e-01 -3.739679726306265883e-01 3.347210186987958358e-01
3.423965275287628174e-01 -4.959987998008728027e-01 -1.831574916839599609e+00 5.950770725233048841e-01 6.276832775281084853e-01 -3.739687768210089858e-01 3.347300604766461629e-01
3.423981070518493652e-01 -4.960014820098876953e-01 -1.831588625907897949e+00 5.950868645399124413e-01 6.276723481775647873e-01 -3.739719672005510920e-01 3.347295794137650216e-01
3.424196243286132812e-01 -4.959963858127593994e-01 -1.831524729728698730e+00 5.950809450196652417e-01 6.277124467377814820e-01 -3.739228579315658219e-01 3.347198160258004762e-01
3.424253165721893311e-01 -4.960002899169921875e-01 -1.831535458564758301e+00 5.950841807209664713e-01 6.277131152134473036e-01 -3.739118915974818380e-01 3.347250323851858611e-01
3.424325585365295410e-01 -4.960046410560607910e-01 -1.831547856330871582e+00 5.950705916354325220e-01 6.277252962008000869e-01 -3.739156748411268105e-01 3.347221433265499813e-01
3.424266576766967773e-01 -4.960328638553619385e-01 -1.831413984298706055e+00 5.950735885266408287e-01 6.277359574310746870e-01 -3.739057669218146529e-01 3.347078839616972612e-01
3.424344658851623535e-01 -4.960409700870513916e-01 -1.831418871879577637e+00 5.950724888792338074e-01 6.277312578632846529e-01 -3.739088946647207701e-01 3.347151477092058514e-01
3.424420356750488281e-01 -4.960476458072662354e-01 -1.831424593925476074e+00 5.950733856564216495e-01 6.277439967114720742e-01 -3.738953373139178860e-01 3.347047897063321620e-01
3.424059152603149414e-01 -4.959848523139953613e-01 -1.831461787223815918e+00 5.950805406535802922e-01 6.277131737646785004e-01 -3.739203199931729338e-01 3.347220279387706499e-01
3.424110710620880127e-01 -4.959852099418640137e-01 -1.831471085548400879e+00 5.950714107493727534e-01 6.277264354159304283e-01 -3.739231278687895621e-01 3.347102138214985700e-01
3.424226641654968262e-01 -4.959940612316131592e-01 -1.831489205360412598e+00 5.950679447178575110e-01 6.277331341647515162e-01 -3.739094438432584711e-01 3.347191279323218915e-01
3.424215912818908691e-01 -4.960063099861145020e-01 -1.831443667411804199e+00 5.950669951112990130e-01 6.276962611622413091e-01 -3.739920041199292777e-01 3.346977009888136290e-01
3.424290716648101807e-01 -4.960097074508666992e-01 -1.831451416015625000e+00 5.950692257257047535e-01 6.277009823435647506e-01 -3.739876567584364819e-01 3.346896978116213894e-01
3.424392640590667725e-01 -4.960128664970397949e-01 -1.831458568572998047e+00 5.950610975002543768e-01 6.277043478023051071e-01 -3.739855728767862431e-01 3.347001667480163922e-01
3.423840701580047607e-01 -4.960063993930816650e-01 -1.831465840339660645e+00 5.950250772949927658e-01 6.277347582644858814e-01 -3.740034580805963182e-01 3.346872023416394004e-01
3.423909544944763184e-01 -4.960110187530517578e-01 -1.831473112106323242e+00 5.950265874981138792e-01 6.277385242163801005e-01 -3.739931076015361455e-01 3.346890011724162894e-01
3.423852920532226562e-01 -4.959997832775115967e-01 -1.831451416015625000e+00 5.950160946473639356e-01 6.277474278683132791e-01 -3.739714524103479043e-01 3.347151945942992701e-01
3.424084186553955078e-01 -4.959762990474700928e-01 -1.831503152847290039e+00 5.950493136455565768e-01 6.276962314566155721e-01 -3.739859562857782982e-01 3.347359185892720412e-01
3.424190282821655273e-01 -4.959790408611297607e-01 -1.831515431404113770e+00 5.950512545847321810e-01 6.276913292695188717e-01 -3.739895804431229709e-01 3.347376502113109664e-01
3.424364030361175537e-01 -4.959846436977386475e-01 -1.831535220146179199e+00 5.950400854408192108e-01 6.277323356327870751e-01 -3.739688699656755211e-01 3.347037185994113928e-01
3.424552381038665771e-01 -4.959870278835296631e-01 -1.831558465957641602e+00 5.950707589014470056e-01 6.276922284150918685e-01 -3.739667910846697918e-01 3.347267225157105619e-01
3.424672186374664307e-01 -4.959902465343475342e-01 -1.831570863723754883e+00 5.950728239970453082e-01 6.276969739294192552e-01 -3.739544353921753217e-01 3.347279898731230774e-01
3.424636721611022949e-01 -4.959764480590820312e-01 -1.831553220748901367e+00 5.950521774138884945e-01 6.277365578924267719e-01 -3.739445536477574716e-01 3.347014747339742136e-01
3.424242138862609863e-01 -4.959595799446105957e-01 -1.831519603729248047e+00 5.950685046211379170e-01 6.277099689887252199e-01 -3.739595020821193105e-01 3.347056413823475962e-01
3.424327075481414795e-01 -4.959592819213867188e-01 -1.831528782844543457e+00 5.950681282222052282e-01 6.277048820334749646e-01 -3.739654284307342147e-01 3.347092117316748938e-01
3.424386382102966309e-01 -4.959564507007598877e-01 -1.831530928611755371e+00 5.950517209882836278e-01 6.277517138783346162e-01 -3.739421696127997463e-01 3.346765206380778457e-01
3.424621522426605225e-01 -4.959489107131958008e-01 -1.831553578376770020e+00 5.950374211708976402e-01 6.277337188772071919e-01 -3.739672302006705751e-01 3.347077089477565881e-01
3.424737751483917236e-01 -4.959451556205749512e-01 -1.831563115119934082e+00 5.950390424680184198e-01 6.277388826154787216e-01 -3.739552794982654027e-01 3.347084591572345724e-01
3.424705564975738525e-01 -4.959372282028198242e-01 -1.831541657447814941e+00 5.950213871712025648e-01 6.277811743955158397e-01 -3.739399846892527690e-01 3.346776329330932720e-01
3.424148261547088623e-01 -4.959416091442108154e-01 -1.831525802612304688e+00 5.950402274774914124e-01 6.277676206120335056e-01 -3.739188495322749994e-01 3.346931929462267363e-01
3.424217104911804199e-01 -4.959371685981750488e-01 -1.831532955169677734e+00 5.950340283082051762e-01 6.277727333810849686e-01 -3.739257423632440513e-01 3.346869069890950343e-01
3.424253165721893311e-01 -4.959206283092498779e-01 -1.831525802612304688e+00 5.950130804448794386e-01 6.278218188542699085e-01 -3.739065521572298434e-01 3.346535240782290144e-01
3.424010574817657471e-01 -4.959207177162170410e-01 -1.831477880477905273e+00 5.950264673706836538e-01 6.278122268541754813e-01 -3.738948726849256055e-01 3.346607264909120527e-01
3.424068093299865723e-01 -4.959183931350708008e-01 -1.831481933593750000e+00 5.950269930747468239e-01 6.278038337779783262e-01 -3.738939530610942974e-01 3.346765928373327537e-01
3.424036502838134766e-01 -4.958992302417755127e-01 -1.831466317176818848e+00 5.950099355311123661e-01 6.278425800273449431e-01 -3.738844803641577230e-01 3.346448497226686691e-01
3.423847258090972900e-01 -4.959041178226470947e-01 -1.831412553787231445e+00 5.950205286629006718e-01 6.278098279312032126e-01 -3.739150350331800765e-01 3.346532793143698892e-01
3.423898518085479736e-01 -4.959011673927307129e-01 -1.831417560577392578e+00 5.950178576533066144e-01 6.278081133203066155e-01 -3.739215343409336145e-01 3.346540083492421935e-01
3.423919081687927246e-01 -4.958905279636383057e-01 -1.831422686576843262e+00 5.950091771806244045e-01 6.278164333302613809e-01 -3.739135597882577433e-01 3.346627190888303294e-01
3.424286544322967529e-01 -4.959972500801086426e-01 -1.831388354301452637e+00 5.950193490923864070e-01 6.278193242250356132e-01 -3.739503992279647471e-01 3.345980589352117729e-01
3.424383997917175293e-01 -4.960050582885742188e-01 -1.831388950347900391e+00 5.950126511848906619e-01 6.278217709150590853e-01 -3.739433821906360533e-01 3.346131857498696460e-01
3.424217700958251953e-01 -4.959866404533386230e-01 -1.831357479095458984e+00 5.950080750663372386e-01 6.278337117893613151e-01 -3.739320263090208929e-01 3.346116301418315397e-01
3.423517942428588867e-01 -4.960177242755889893e-01 -1.831396818161010742e+00 5.950150428282132697e-01 6.278250449382852816e-01 -3.739447724253807115e-01 3.346012631044910091e-01
3.423494696617126465e-01 -4.960258007049560547e-01 -1.831400036811828613e+00 5.950289937589064992e-01 6.278096990092381091e-01 -3.739341009596507392e-01 3.346171711568047269e-01
3.423359096050262451e-01 -4.960241615772247314e-01 -1.831384778022766113e+00 5.950099034440627932e-01 6.278367161285678399e-01 -3.739364729395747156e-01 3.345977483267790764e-01
3.423902988433837891e-01 -4.959614872932434082e-01 -1.831429243087768555e+00 5.950190544439546425e-01 6.278089416838308345e-01 -3.739505351013237000e-01 3.346179022933584157e-01
3.423947989940643311e-01 -4.959595501422882080e-01 -1.831436038017272949e+00 5.950159207138566719e-01 6.278114592588175391e-01 -3.739573160049952105e-01 3.346111843159423893e-01
3.423801660537719727e-01 -4.959450662136077881e-01 -1.831412792205810547e+00 5.950113667291548891e-01 6.278188437620887408e-01 -3.739317068106367548e-01 3.346340430479306516e-01
3.423924446105957031e-01 -4.959869086742401123e-01 -1.831361055374145508e+00 5.950288256985655222e-01 6.278325650644039913e-01 -3.739240274764636940e-01 3.345858213568581041e-01
3.423999249935150146e-01 -4.959904253482818604e-01 -1.831362724304199219e+00 5.950190497483609509e-01 6.278469496435035158e-01 -3.739169778613121720e-01 3.345841123110633308e-01
3.423838019371032715e-01 -4.959759414196014404e-01 -1.831332445144653320e+00 5.950037595247956723e-01 6.278681552328205795e-01 -3.739115462915424404e-01 3.345775525845549048e-01
3.424229323863983154e-01 -4.959304332733154297e-01 -1.831335783004760742e+00 5.950173315498716864e-01 6.278230307142695921e-01 -3.739367124657840269e-01 3.346099839721181080e-01
3.424301445484161377e-01 -4.959240853786468506e-01 -1.831334590911865234e+00 5.950205816838458617e-01 6.278242594230616369e-01 -3.739298726215334878e-01 3.346095555417357703e-01
3.424241244792938232e-01 -4.959079325199127197e-01 -1.831309556961059570e+00 5.949927757561157549e-01 6.278712809280740936e-01 -3.739079646670918633e-01 3.345952493651231929e-01
3.423770070075988770e-01 -4.959197342395782471e-01 -1.831338047981262207e+00 5.950001942929533660e-01 6.278401741893973043e-01 -3.739236595623607329e-01 3.346228677667051343e-01
3.423815071582794189e-01 -4.959138333797454834e-01 -1.831338047981262207e+00 5.949998272422982737e-01 6.278396098279256377e-01 -3.739308086311659007e-01 3.346165940641842584e-01
3.423872292041778564e-01 -4.959096014499664307e-01 -1.831334471702575684e+00 5.949897397173079527e-01 6.278561146830817785e-01 -3.739236924107450788e-01 3.346115419282804093e-01
3.424163162708282471e-01 -4.959407746791839600e-01 -1.831347703933715820e+00 5.950073789313187200e-01 6.278272337564364536e-01 -3.739180104736359311e-01 3.346406934818966783e-01
3.424244225025177002e-01 -4.959353506565093994e-01 -1.831345319747924805e+00 5.950046749927453416e-01 6.278294231938608139e-01 -3.739221702567823713e-01 3.346367390281158039e-01
3.424181640148162842e-01 -4.959188401699066162e-01 -1.831314086914062500e+00 5.950001974234483404e-01 6.278253824276910366e-01 -3.739154556980960886e-01 3.346597995862752306e-01
3.423726856708526611e-01 -4.958893954753875732e-01 -1.831336855888366699e+00 5.950282655623018169e-01 6.278023659848970262e-01 -3.739261629892703387e-01 3.346410895704034494e-01
3.423743844032287598e-01 -4.958809912204742432e-01 -1.831340193748474121e+00 5.950293562917039480e-01 6.277955680440798769e-01 -3.739364047970568650e-01 3.346404385863582798e-01
3.424039781093597412e-01 -4.958894848823547363e-01 -1.831376552581787109e+00 5.950184342339635002e-01 6.278058020289306596e-01 -3.739216673917206690e-01 3.346571744600801424e-01
3.423418998718261719e-01 -4.959031939506530762e-01 -1.831328034400939941e+00 5.950476014036647499e-01 6.277627836449717336e-01 -3.739482283357484782e-01 3.346563249165285248e-01
3.423442840576171875e-01 -4.958995282649993896e-01 -1.831333160400390625e+00 5.950447372220274422e-01 6.277644906017958437e-01 -3.739564484586131998e-01 3.346489894624646300e-01
3.423718810081481934e-01 -4.959293603897094727e-01 -1.831393599510192871e+00 5.950366311611186010e-01 6.277983979645520574e-01 -3.739412130349460406e-01 3.346168642916581004e-01
3.423841595649719238e-01 -4.959288537502288818e-01 -1.831356763839721680e+00 5.950429545358945083e-01 6.277541632649489278e-01 -3.739599086696926422e-01 3.346676843220736108e-01
3.423895239830017090e-01 -4.959300756454467773e-01 -1.831362485885620117e+00 5.950430967675237603e-01 6.277546768315727110e-01 -3.739622342857918391e-01 3.346638542646691028e-01
3.423962891101837158e-01 -4.959264695644378662e-01 -1.831368327140808105e+00 5.950380922284050911e-01 6.277611585654732096e-01 -3.739631037521565227e-01 3.346596445554129717e-01
3.423694074153900146e-01 -4.959029555320739746e-01 -1.831352591514587402e+00 5.950962271956943272e-01 6.277174982228108657e-01 -3.739213285529653930e-01 3.346848721073805155e-01
3.423729240894317627e-01 -4.959013760089874268e-01 -1.831359863281250000e+00 5.950940508706491494e-01 6.277164510140448295e-01 -3.739212092741832638e-01 3.346908380390938298e-01
3.423767983913421631e-01 -4.958968758583068848e-01 -1.831364870071411133e+00 5.950906059030036666e-01 6.277192334867762735e-01 -3.739317631311369072e-01 3.346799581281800773e-01
3.424038887023925781e-01 -4.959233403205871582e-01 -1.831361770629882812e+00 5.951057831735978576e-01 6.277440263520428498e-01 -3.738549860763920041e-01 3.346922085521470414e-01
3.424100577831268311e-01 -4.959225356578826904e-01 -1.831367254257202148e+00 5.951140870410090988e-01 6.277369823688595529e-01 -3.738558829958464891e-01 3.346896605259026547e-01
3.424177467823028564e-01 -4.959247410297393799e-01 -1.831373572349548340e+00 5.951118440751230754e-01 6.277357927231489443e-01 -3.738695503355235483e-01 3.346806183090590414e-01
3.424052298069000244e-01 -4.959656894207000732e-01 -1.831405043601989746e+00 5.951126519820023608e-01 6.277060452593300477e-01 -3.738817979206462416e-01 3.347212721088657639e-01
3.424108624458312988e-01 -4.959685504436492920e-01 -1.831414103507995605e+00 5.951075214612572273e-01 6.277080890122025414e-01 -3.738852989990267273e-01 3.347226898591461053e-01
3.423998355865478516e-01 -4.959460794925689697e-01 -1.831365108489990234e+00 5.950991711394880701e-01 6.277195761543455932e-01 -3.738651721513823190e-01 3.347384291757247721e-01
3.424357473850250244e-01 -4.959924817085266113e-01 -1.831398725509643555e+00 5.951109119487530963e-01 6.276989165271344984e-01 -3.738702658213799435e-01 3.347506171919075180e-01
3.424443900585174561e-01 -4.959954321384429932e-01 -1.831406593322753906e+00 5.951129379768623773e-01 6.276935870619206881e-01 -3.738761049210714837e-01 3.347505010304332451e-01
