repeatability steamvr; 20211020-213429; x y z w i j k;  frequency = 150 duration = 2 sys.args = ['.\\repeatability.py']
3.425664603710174561e-01 -4.960734546184539795e-01 -1.831976532936096191e+00 5.950541488632827836e-01 6.276877628926450514e-01 -3.738571963774842688e-01 3.348870203409411439e-01
3.425699174404144287e-01 -4.960688650608062744e-01 -1.831980943679809570e+00 5.950538241037842679e-01 6.276854260003702501e-01 -3.738532442754625706e-01 3.348963527227981074e-01
3.426126837730407715e-01 -4.961067736148834229e-01 -1.832016348838806152e+00 5.950371521607513703e-01 6.277035636261838469e-01 -3.738402550656996781e-01 3.349064966199713500e-01
3.426204323768615723e-01 -4.961048066616058350e-01 -1.832019329071044922e+00 5.950383064579748416e-01 6.276975879149248039e-01 -3.738376313404125351e-01 3.349186404584558741e-01
3.426290452480316162e-01 -4.961000382900238037e-01 -1.832021594047546387e+00 5.950389687105404057e-01 6.276939718834878557e-01 -3.738398048086007952e-01 3.349218018071128955e-01
3.425971567630767822e-01 -4.961057007312774658e-01 -1.831924200057983398e+00 5.949938285929199377e-01 6.277292585651701451e-01 -3.738568303112645430e-01 3.349168450356665439e-01
3.426009118556976318e-01 -4.961035251617431641e-01 -1.831920981407165527e+00 5.949964437524345451e-01 6.277251847204753377e-01 -3.738614395367585441e-01 3.349146592342528428e-01
3.426041007041931152e-01 -4.961025416851043701e-01 -1.831918239593505859e+00 5.949909717831296518e-01 6.277309326930391453e-01 -3.738637571036182439e-01 3.349110462507019492e-01
3.425564765930175781e-01 -4.960936903953552246e-01 -1.831974864006042480e+00 5.950033065838381541e-01 6.276880296174499607e-01 -3.738726639447137456e-01 3.349595534979699640e-01
3.425533175468444824e-01 -4.960885941982269287e-01 -1.831975579261779785e+00 5.950073527137388352e-01 6.276881564166973959e-01 -3.738671429302100613e-01 3.349583181703275625e-01
3.425500988960266113e-01 -4.960822761058807373e-01 -1.831976175308227539e+00 5.950046634491318320e-01 6.276896535602899396e-01 -3.738717323106173773e-01 3.349551457779843533e-01
3.425251841545104980e-01 -4.960846900939941406e-01 -1.831985116004943848e+00 5.950014040323955422e-01 6.276848525970462056e-01 -3.738593253479698397e-01 3.349838183410350778e-01
3.425180315971374512e-01 -4.960798621177673340e-01 -1.831986904144287109e+00 5.950029139042926074e-01 6.276813188938280552e-01 -3.738633455027765007e-01 3.349832249897374825e-01
3.425113856792449951e-01 -4.960741102695465088e-01 -1.831987738609313965e+00 5.950054550665890840e-01 6.276784628725669002e-01 -3.738610264436921793e-01 3.349866590823213364e-01
3.424899876117706299e-01 -4.960671663284301758e-01 -1.831981778144836426e+00 5.950255047851886747e-01 6.276574506301260126e-01 -3.738926977813273322e-01 3.349550805130744324e-01
3.424813449382781982e-01 -4.960633218288421631e-01 -1.831985354423522949e+00 5.950168381196002665e-01 6.276631242282278977e-01 -3.738965956961470827e-01 3.349555109629314686e-01
3.424718379974365234e-01 -4.960592091083526611e-01 -1.831989765167236328e+00 5.950199524755722669e-01 6.276657241519359998e-01 -3.738930774252803846e-01 3.349490371639186059e-01
3.425129354000091553e-01 -4.960641562938690186e-01 -1.831959128379821777e+00 5.950016781457458936e-01 6.276650041426231619e-01 -3.738920420121752963e-01 3.349839645429715795e-01
3.425107896327972412e-01 -4.960652887821197510e-01 -1.831960678100585938e+00 5.950065871207671497e-01 6.276585860635819358e-01 -3.738866681456846641e-01 3.349932875406102517e-01
3.425094783306121826e-01 -4.960684776306152344e-01 -1.831961274147033691e+00 5.950066986434437988e-01 6.276540857758027281e-01 -3.738902254892061405e-01 3.349975698320951656e-01
3.424963057041168213e-01 -4.960568547248840332e-01 -1.831942558288574219e+00 5.949842277714658678e-01 6.277055900377692677e-01 -3.738564789297764146e-01 3.349785935031253103e-01
3.424984812736511230e-01 -4.960644245147705078e-01 -1.831912875175476074e+00 5.949821703904996095e-01 6.276688160347622114e-01 -3.738902061593827875e-01 3.350135496692904225e-01
3.424943089485168457e-01 -4.960655570030212402e-01 -1.831911325454711914e+00 5.949903746316477227e-01 6.276578696348625863e-01 -3.738864218177616605e-01 3.350237032629743705e-01
3.425011634826660156e-01 -4.960842430591583252e-01 -1.831931948661804199e+00 5.949733741506197937e-01 6.277017757842765500e-01 -3.738661610769969390e-01 3.349942401659415370e-01
3.425162434577941895e-01 -4.960642158985137939e-01 -1.831865787506103516e+00 5.950011553541504350e-01 6.276568403498929971e-01 -3.738700751789716392e-01 3.350247517609260539e-01
3.425178825855255127e-01 -4.960666000843048096e-01 -1.831864356994628906e+00 5.950117339683436146e-01 6.276508152560832388e-01 -3.738624413359603604e-01 3.350257418455890313e-01
3.425407111644744873e-01 -4.960918426513671875e-01 -1.831909656524658203e+00 5.949876512454519428e-01 6.277005632958535530e-01 -3.738483093094164267e-01 3.349910541425849542e-01
3.425906598567962646e-01 -4.961059093475341797e-01 -1.831801414489746094e+00 5.949880159556991677e-01 6.276967098742861628e-01 -3.738468474936932351e-01 3.349993044430048528e-01
3.426012992858886719e-01 -4.961110055446624756e-01 -1.831796050071716309e+00 5.949935417581752040e-01 6.276934098203944545e-01 -3.738437253535190630e-01 3.349991296867618762e-01
3.425734043121337891e-01 -4.960979223251342773e-01 -1.831715345382690430e+00 5.949809797868523820e-01 6.277335855835014522e-01 -3.738127919669567700e-01 3.349807226791744474e-01
3.425506353378295898e-01 -4.960530400276184082e-01 -1.831792473793029785e+00 5.949780094307028921e-01 6.276856779739006242e-01 -3.738552786525102811e-01 3.350283492800672502e-01
3.425524830818176270e-01 -4.960470795631408691e-01 -1.831789135932922363e+00 5.949823723135112541e-01 6.276846942451580480e-01 -3.738494504884393166e-01 3.350289261269456809e-01
3.425378203392028809e-01 -4.960263073444366455e-01 -1.831771373748779297e+00 5.949748214810812730e-01 6.277118196455543364e-01 -3.738369131640668641e-01 3.350054844430186418e-01
3.424843251705169678e-01 -4.960413277149200439e-01 -1.831814885139465332e+00 5.950049694526435839e-01 6.276473323632358881e-01 -3.738391420174781987e-01 3.350702906346303966e-01
3.424790203571319580e-01 -4.960361719131469727e-01 -1.831817030906677246e+00 5.950058148745711595e-01 6.276452885508864155e-01 -3.738459987416347663e-01 3.350649560631636659e-01
3.424828350543975830e-01 -4.960232675075531006e-01 -1.831799864768981934e+00 5.950017047548866733e-01 6.276918982616299658e-01 -3.737943259200302015e-01 3.350426399338878314e-01
3.425119519233703613e-01 -4.960750639438629150e-01 -1.831759333610534668e+00 5.949814795080488050e-01 6.277003624355584899e-01 -3.738044456836886464e-01 3.350513398818508182e-01
3.425100743770599365e-01 -4.960750639438629150e-01 -1.831755638122558594e+00 5.949733759116025977e-01 6.277062194297351461e-01 -3.738112423513823557e-01 3.350472126684552188e-01
3.425073921680450439e-01 -4.960875511169433594e-01 -1.831736803054809570e+00 5.949777515465037858e-01 6.277414620665296985e-01 -3.737597088935357692e-01 3.350309081957975055e-01
3.425107896327972412e-01 -4.961355924606323242e-01 -1.831725835800170898e+00 5.949820707986013257e-01 6.277314327267554672e-01 -3.737701174672396487e-01 3.350303825798631174e-01
3.425082564353942871e-01 -4.961438477039337158e-01 -1.831721663475036621e+00 5.949758753279760226e-01 6.277319459616572672e-01 -3.737849001819025241e-01 3.350239440383470657e-01
3.424906432628631592e-01 -4.961194992065429688e-01 -1.831682324409484863e+00 5.949598054275251346e-01 6.277715924078673959e-01 -3.737628422029441455e-01 3.350027879890549731e-01
3.424998521804809570e-01 -4.960912764072418213e-01 -1.831700444221496582e+00 5.949599605931974455e-01 6.277692872815158198e-01 -3.737662659879109062e-01 3.350030387365895423e-01
3.424974977970123291e-01 -4.960920810699462891e-01 -1.831693649291992188e+00 5.949538163538558022e-01 6.277702477908754242e-01 -3.737771082979571835e-01 3.350000709908710350e-01
3.424793183803558350e-01 -4.960776865482330322e-01 -1.831664323806762695e+00 5.949415149659191826e-01 6.278090383129399932e-01 -3.737554431990385284e-01 3.349733759628287788e-01
3.425040543079376221e-01 -4.960277676582336426e-01 -1.831690430641174316e+00 5.949509898767880722e-01 6.278043749248733985e-01 -3.737312793492613694e-01 3.349922671076042135e-01
3.425024449825286865e-01 -4.960233867168426514e-01 -1.831684470176696777e+00 5.949437094596526920e-01 6.278115815825756618e-01 -3.737332174116990702e-01 3.349895288089410617e-01
3.424941897392272949e-01 -4.960131645202636719e-01 -1.831671118736267090e+00 5.949353509683529273e-01 6.278311970888623694e-01 -3.737240506424742148e-01 3.349778358943776846e-01
3.424783647060394287e-01 -4.959829449653625488e-01 -1.831684827804565430e+00 5.949757565599547160e-01 6.277530214015916155e-01 -3.737564501191939503e-01 3.350164034998759366e-01
3.424745500087738037e-01 -4.959783554077148438e-01 -1.831683158874511719e+00 5.949752769873576375e-01 6.277500837055478566e-01 -3.737537068471298851e-01 3.350258462703425977e-01
3.424693942070007324e-01 -4.960043430328369141e-01 -1.831708312034606934e+00 5.949973858409742800e-01 6.277167527211143794e-01 -3.737582576468477247e-01 3.350439574500053141e-01
3.424652814865112305e-01 -4.960036277770996094e-01 -1.831709027290344238e+00 5.950010405042885919e-01 6.277149006226852013e-01 -3.737583363958748017e-01 3.350408320187384104e-01
3.424623310565948486e-01 -4.960010647773742676e-01 -1.831708669662475586e+00 5.950053636960663805e-01 6.277102896823695266e-01 -3.737555182185982039e-01 3.350449622690817586e-01
3.424929082393646240e-01 -4.960228800773620605e-01 -1.831737279891967773e+00 5.950077352163750666e-01 6.277345093864857839e-01 -3.737501772998021998e-01 3.350012968642432920e-01
3.425311446189880371e-01 -4.960807263851165771e-01 -1.831685185432434082e+00 5.949921148217455213e-01 6.277633737773604672e-01 -3.737463793931279921e-01 3.349791807631769536e-01
3.425355851650238037e-01 -4.960848093032836914e-01 -1.831682443618774414e+00 5.949771494901654467e-01 6.277786753976107859e-01 -3.737416829898880799e-01 3.349823188111794581e-01
3.425404429435729980e-01 -4.960759282112121582e-01 -1.831644654273986816e+00 5.949934979307531790e-01 6.277998189525857420e-01 -3.737263431362397026e-01 3.349307741904616886e-01
3.425453901290893555e-01 -4.960792660713195801e-01 -1.831640124320983887e+00 5.949977186532047213e-01 6.277993600708590138e-01 -3.737252299038408831e-01 3.349254024030649535e-01
3.425512015819549561e-01 -4.960798025131225586e-01 -1.831634521484375000e+00 5.949871372462421926e-01 6.278051529716258683e-01 -3.737307861123193575e-01 3.349271544569905612e-01
3.425523340702056885e-01 -4.960774779319763184e-01 -1.831631660461425781e+00 5.949747363671120670e-01 6.278346300985502282e-01 -3.737082899657609425e-01 3.349189829984978162e-01
3.425230681896209717e-01 -4.960677921772003174e-01 -1.831678509712219238e+00 5.949911218535421931e-01 6.278049306618117553e-01 -3.737111811124456118e-01 3.349423611223421582e-01
3.425266742706298828e-01 -4.960670769214630127e-01 -1.831675171852111816e+00 5.949938798553222608e-01 6.278005304380516183e-01 -3.737136719148786423e-01 3.349429373082238870e-01
3.425321280956268311e-01 -4.960644841194152832e-01 -1.831668972969055176e+00 5.949739488177392399e-01 6.278439639441841802e-01 -3.736975957495744516e-01 3.349148555964699403e-01
3.425599336624145508e-01 -4.960753917694091797e-01 -1.831634879112243652e+00 5.949569292786894836e-01 6.278475354594503788e-01 -3.737218301583038471e-01 3.349113561247135107e-01
3.425664007663726807e-01 -4.960735440254211426e-01 -1.831625699996948242e+00 5.949465259919552995e-01 6.278612065246801377e-01 -3.737155688207458026e-01 3.349111919288582651e-01
3.425567150115966797e-01 -4.960558116436004639e-01 -1.831597924232482910e+00 5.949347717633690635e-01 6.279041557544622343e-01 -3.736834498016635142e-01 3.348873457607246529e-01
3.425219357013702393e-01 -4.960480928421020508e-01 -1.831625223159790039e+00 5.949635387845539913e-01 6.278716796798593514e-01 -3.736885747900218213e-01 3.348914561679400270e-01
3.425215482711791992e-01 -4.960460066795349121e-01 -1.831617474555969238e+00 5.949682764748169816e-01 6.278741434826375922e-01 -3.736821233157989752e-01 3.348855867827697508e-01
3.425334692001342773e-01 -4.960566759109497070e-01 -1.831638574600219727e+00 5.949688110352783221e-01 6.278745936916763082e-01 -3.736700546427642045e-01 3.348972825884809490e-01
3.425432443618774414e-01 -4.961334168910980225e-01 -1.831614255905151367e+00 5.949699298538987380e-01 6.278848461464513475e-01 -3.736986783740922080e-01 3.348441298400856025e-01
3.425168395042419434e-01 -4.961155951023101807e-01 -1.831567525863647461e+00 5.949561440537903811e-01 6.279157373353947413e-01 -3.736793901754245084e-01 3.348322401121017200e-01
3.425125479698181152e-01 -4.960844516754150391e-01 -1.831676721572875977e+00 5.949769720233287762e-01 6.278722677435107924e-01 -3.736700164589615847e-01 3.348871790912589796e-01
3.425084054470062256e-01 -4.960832595825195312e-01 -1.831674098968505859e+00 5.949807798199914233e-01 6.278701278040718092e-01 -3.736760478930080676e-01 3.348777102611333878e-01
3.425045907497406006e-01 -4.960833489894866943e-01 -1.831673145294189453e+00 5.949858824758457176e-01 6.278698146537146085e-01 -3.736793743638159859e-01 3.348655405239762128e-01
3.424477875232696533e-01 -4.960482716560363770e-01 -1.831648588180541992e+00 5.950056016115737867e-01 6.278395899185946760e-01 -3.736903638497757196e-01 3.348748533561810570e-01
3.424386680126190186e-01 -4.960440695285797119e-01 -1.831647515296936035e+00 5.950028485555040048e-01 6.278426576940617787e-01 -3.736912547148984465e-01 3.348730688473524619e-01
3.424285948276519775e-01 -4.960373044013977051e-01 -1.831645727157592773e+00 5.949985613462441814e-01 6.278486967222904891e-01 -3.736865366293359858e-01 3.348745676384353165e-01
3.423987329006195068e-01 -4.960190355777740479e-01 -1.831601142883300781e+00 5.950153944130580630e-01 6.278182753983811981e-01 -3.736972471129106355e-01 3.348897397488938554e-01
3.423881530761718750e-01 -4.960129559040069580e-01 -1.831600666046142578e+00 5.950183195830867078e-01 6.278196466695892264e-01 -3.736974924779585261e-01 3.348816948602625354e-01
3.423757553100585938e-01 -4.960070252418518066e-01 -1.831601381301879883e+00 5.950268749038702953e-01 6.278200484812183069e-01 -3.736920231816968641e-01 3.348718588286641040e-01
3.423761129379272461e-01 -4.959611892700195312e-01 -1.831533432006835938e+00 5.950382055059679764e-01 6.278081687807062217e-01 -3.737030490356334500e-01 3.348616789551931983e-01
3.423669338226318359e-01 -4.959510564804077148e-01 -1.831534266471862793e+00 5.950307725739475417e-01 6.278132940273176699e-01 -3.737006903957040271e-01 3.348679436112277918e-01
3.423575460910797119e-01 -4.959414005279541016e-01 -1.831533432006835938e+00 5.950374376049680780e-01 6.278162537877046701e-01 -3.736905648212716091e-01 3.348618481519852197e-01
3.423489630222320557e-01 -4.959325492382049561e-01 -1.831530928611755371e+00 5.950398594733163904e-01 6.278094663691963229e-01 -3.736872110827714200e-01 3.348739830274182205e-01
3.424300551414489746e-01 -4.959326982498168945e-01 -1.831493258476257324e+00 5.950663598874421645e-01 6.277748718769600167e-01 -3.737195241824887715e-01 3.348556674323147631e-01
3.424317240715026855e-01 -4.959250390529632568e-01 -1.831488490104675293e+00 5.950726156488659324e-01 6.277655553907530717e-01 -3.737238988279832363e-01 3.348571710610722119e-01
3.424883782863616943e-01 -4.959935843944549561e-01 -1.831679224967956543e+00 5.950580749177031281e-01 6.277974853657689591e-01 -3.737157719893544616e-01 3.348322079826618891e-01
3.425296843051910400e-01 -4.959458708763122559e-01 -1.831638693809509277e+00 5.950670140877943881e-01 6.278044314253191649e-01 -3.737030024768746017e-01 3.348175779417996156e-01
3.425392806529998779e-01 -4.959375262260437012e-01 -1.831640005111694336e+00 5.950708514357248013e-01 6.278028244892426279e-01 -3.737008688653800093e-01 3.348161513006310819e-01
3.426034152507781982e-01 -4.959822595119476318e-01 -1.831757664680480957e+00 5.950822619952563786e-01 6.277914375739459540e-01 -3.736897429283304595e-01 3.348296290937016195e-01
3.425716757774353027e-01 -4.960164725780487061e-01 -1.831877350807189941e+00 5.951196163676906181e-01 6.277417790181426538e-01 -3.736931313159688739e-01 3.348525778007656051e-01
3.425807058811187744e-01 -4.960108697414398193e-01 -1.831888794898986816e+00 5.951303886849861335e-01 6.277356995292102670e-01 -3.736860275987654578e-01 3.348527012167447081e-01
3.425571322441101074e-01 -4.960876703262329102e-01 -1.831866145133972168e+00 5.951274108587625289e-01 6.277201742355104086e-01 -3.737276939215287697e-01 3.348406023484760130e-01
3.425661325454711914e-01 -4.960910677909851074e-01 -1.831876397132873535e+00 5.951287678323315955e-01 6.277156381689997788e-01 -3.737302470149125866e-01 3.348438638137581358e-01
3.425735831260681152e-01 -4.960949420928955078e-01 -1.831887245178222656e+00 5.951285409204323251e-01 6.277163532384025801e-01 -3.737345083545765001e-01 3.348381731485615687e-01
3.425190448760986328e-01 -4.960382878780364990e-01 -1.831760406494140625e+00 5.950849929692196838e-01 6.277087152147560190e-01 -3.737738327991390053e-01 3.348859827430660796e-01
3.425202071666717529e-01 -4.960342645645141602e-01 -1.831765055656433105e+00 5.950895542155514306e-01 6.277168246918374273e-01 -3.737626013383272272e-01 3.348752277615252293e-01
3.425093591213226318e-01 -4.960179030895233154e-01 -1.831759095191955566e+00 5.950737465971204232e-01 6.277454439378289397e-01 -3.737523752519556486e-01 3.348610920964354976e-01
3.425188958644866943e-01 -4.960934519767761230e-01 -1.831708431243896484e+00 5.950779346670092007e-01 6.277614215996558666e-01 -3.737218729870546152e-01 3.348577588070834055e-01
3.425213694572448730e-01 -4.960909783840179443e-01 -1.831708669662475586e+00 5.950751387110657653e-01 6.277699301908126195e-01 -3.737161894493861158e-01 3.348531094933484553e-01
3.425246775150299072e-01 -4.960880875587463379e-01 -1.831708669662475586e+00 5.950780322865603100e-01 6.277664769995439098e-01 -3.737140091591138469e-01 3.348568524920870204e-01
3.425047099590301514e-01 -4.960455894470214844e-01 -1.831672191619873047e+00 5.950744064626666274e-01 6.277591838865633767e-01 -3.737101199147856989e-01 3.348813012138637801e-01
3.425035178661346436e-01 -4.960400164127349854e-01 -1.831672191619873047e+00 5.950717501717044389e-01 6.277624743867246115e-01 -3.737210501090164061e-01 3.348676963703743348e-01
3.425039947032928467e-01 -4.960356950759887695e-01 -1.831670880317687988e+00 5.950728836648203623e-01 6.277577228186221880e-01 -3.737217475794477606e-01 3.348737663467173387e-01
3.424913287162780762e-01 -4.960700571537017822e-01 -1.831614613533020020e+00 5.950745903562846273e-01 6.277721363278945255e-01 -3.737083994679326615e-01 3.348586171590252625e-01
3.424909710884094238e-01 -4.960690438747406006e-01 -1.831611871719360352e+00 5.950769265828129706e-01 6.277705481680538879e-01 -3.737044110287269238e-01 3.348619319348180023e-01
3.424918949604034424e-01 -4.960655570030212402e-01 -1.831611275672912598e+00 5.950546721952342244e-01 6.278051571144287468e-01 -3.736933173217018012e-01 3.348489598536252831e-01
3.425269126892089844e-01 -4.960544407367706299e-01 -1.831601619720458984e+00 5.950472979654024552e-01 6.278038220219762655e-01 -3.737328021204782691e-01 3.348204892228549556e-01
3.425318300724029541e-01 -4.960517883300781250e-01 -1.831597447395324707e+00 5.950429926860597574e-01 6.278050337266704028e-01 -3.737366870616062320e-01 3.348215438017900225e-01
3.425346612930297852e-01 -4.960475862026214600e-01 -1.831595540046691895e+00 5.950351047449985442e-01 6.278373843445010927e-01 -3.737134772190291443e-01 3.348008145804416968e-01
3.425262272357940674e-01 -4.961259961128234863e-01 -1.831553459167480469e+00 5.950162558635276877e-01 6.278575859723338759e-01 -3.737367213379941266e-01 3.347704495632430888e-01
3.425302207469940186e-01 -4.961298108100891113e-01 -1.831543803215026855e+00 5.950170797478770979e-01 6.278556898424813015e-01 -3.737385524344866150e-01 3.347705025437652249e-01
3.425238132476806641e-01 -4.961217641830444336e-01 -1.831517577171325684e+00 5.949966274744912242e-01 6.278887668521562215e-01 -3.737276370701700934e-01 3.347570033216829000e-01
3.425349593162536621e-01 -4.960622191429138184e-01 -1.831646919250488281e+00 5.950224104144384851e-01 6.278339373220492847e-01 -3.737359445326677854e-01 3.348047016966517186e-01
3.425408005714416504e-01 -4.960583448410034180e-01 -1.831645369529724121e+00 5.950186870136341399e-01 6.278271726295607813e-01 -3.737478348562534025e-01 3.348107692519550760e-01
3.425500094890594482e-01 -4.960564374923706055e-01 -1.831657052040100098e+00 5.950066874911770221e-01 6.278739560674093667e-01 -3.737137652876805771e-01 3.347824007530128543e-01
3.425286710262298584e-01 -4.960450828075408936e-01 -1.831687092781066895e+00 5.949914994751428488e-01 6.278699980832658234e-01 -3.737312384434113288e-01 3.347972921627151988e-01
3.425307571887969971e-01 -4.960406124591827393e-01 -1.831686973571777344e+00 5.949961684627291802e-01 6.278692284573539339e-01 -3.737341574587333959e-01 3.347871673924179281e-01
3.425336182117462158e-01 -4.960359930992126465e-01 -1.831683754920959473e+00 5.949981273800218906e-01 6.278567304725969356e-01 -3.737119361859555511e-01 3.348319427338256049e-01
3.425416350364685059e-01 -4.960121810436248779e-01 -1.831809997558593750e+00 5.950010324824064334e-01 6.278610904754667876e-01 -3.737176458395368162e-01 3.348122668939007007e-01
3.425450026988983154e-01 -4.960029125213623047e-01 -1.831816434860229492e+00 5.950010598741987122e-01 6.278599972041515320e-01 -3.737143408372490261e-01 3.348178738411902722e-01
3.425483703613281250e-01 -4.959934949874877930e-01 -1.831825375556945801e+00 5.949970187885866846e-01 6.278620826515369790e-01 -3.737177375636428489e-01 3.348174274340089962e-01
3.425450325012207031e-01 -4.960075616836547852e-01 -1.831823229789733887e+00 5.949992531871416412e-01 6.278167493396137333e-01 -3.737633401651925813e-01 3.348475596186113457e-01
3.425469100475311279e-01 -4.959983229637145996e-01 -1.831828117370605469e+00 5.949997902633017421e-01 6.278197138420357204e-01 -3.737697357047162217e-01 3.348338932763425535e-01
3.425621390342712402e-01 -4.960005879402160645e-01 -1.831856012344360352e+00 5.949790671852087653e-01 6.278606023206844133e-01 -3.737442139675886676e-01 3.348225330388456267e-01
3.425438404083251953e-01 -4.960507750511169434e-01 -1.831820011138916016e+00 5.949959489352396602e-01 6.278590417518612465e-01 -3.737258922590638854e-01 3.348158913208754695e-01
3.425463438034057617e-01 -4.960455596446990967e-01 -1.831822514533996582e+00 5.949867805575307367e-01 6.278688293711133239e-01 -3.737290167725951240e-01 3.348103660059488784e-01
3.425355851650238037e-01 -4.960295855998992920e-01 -1.831800937652587891e+00 5.949719035324740890e-01 6.278940336049450011e-01 -3.737001639426073551e-01 3.348217244341982202e-01
3.425168097019195557e-01 -4.960577189922332764e-01 -1.831723451614379883e+00 5.949856623575788817e-01 6.278761953800559015e-01 -3.737452874807956071e-01 3.347803500752121186e-01
3.425155878067016602e-01 -4.960536658763885498e-01 -1.831718325614929199e+00 5.949741376340192955e-01 6.278800424616688414e-01 -3.737548412936202991e-01 3.347829747431094738e-01
3.425275981426239014e-01 -4.960578382015228271e-01 -1.831730604171752930e+00 5.949628171605564342e-01 6.279114872054550878e-01 -3.737330212952129638e-01 3.347684786638764898e-01
3.424652218818664551e-01 -4.960213899612426758e-01 -1.831709504127502441e+00 5.949691767354051697e-01 6.278863171521368303e-01 -3.737517308109263858e-01 3.347834682860817423e-01
3.424593210220336914e-01 -4.960135817527770996e-01 -1.831706047058105469e+00 5.949641529860685285e-01 6.278824397217123154e-01 -3.737638247948658621e-01 3.347862105971932678e-01
3.424776196479797363e-01 -4.960205852985382080e-01 -1.831739306449890137e+00 5.949670719510214978e-01 6.278715451202558917e-01 -3.737658355359546047e-01 3.347991445005337185e-01
3.424581885337829590e-01 -4.959985315799713135e-01 -1.831721425056457520e+00 5.949914744308161252e-01 6.278410607470530369e-01 -3.738008695778622936e-01 3.347738553730478239e-01
3.424552679061889648e-01 -4.959899187088012695e-01 -1.831721067428588867e+00 5.949902818891947831e-01 6.278443978149617077e-01 -3.737959290190781547e-01 3.347752401265057798e-01
3.424807488918304443e-01 -4.960162341594696045e-01 -1.831773519515991211e+00 5.949776038206793238e-01 6.278509514866329466e-01 -3.737854476825679950e-01 3.347971971348525089e-01
3.424803018569946289e-01 -4.960191845893859863e-01 -1.831716537475585938e+00 5.949788883493034586e-01 6.278609037418744210e-01 -3.737811852915152167e-01 3.347810404318888322e-01
3.424822092056274414e-01 -4.960145354270935059e-01 -1.831713557243347168e+00 5.949781000227736261e-01 6.278620987879521831e-01 -3.737821524790149730e-01 3.347790953494177990e-01
3.424929976463317871e-01 -4.960171580314636230e-01 -1.831724762916564941e+00 5.949636368142107168e-01 6.278889077134174324e-01 -3.737737454001706094e-01 3.347638943536773160e-01
3.425051271915435791e-01 -4.960505366325378418e-01 -1.831649899482727051e+00 5.949398352873153106e-01 6.278577479332535516e-01 -3.738352907920434731e-01 3.347959342427774820e-01
3.425086140632629395e-01 -4.960503876209259033e-01 -1.831641435623168945e+00 5.949301404513458458e-01 6.278689436554593106e-01 -3.738343273192237248e-01 3.347932215721311500e-01
3.425413668155670166e-01 -4.960820078849792480e-01 -1.831678986549377441e+00 5.949398323521785104e-01 6.278672937477282057e-01 -3.738235419138064564e-01 3.347911394895240478e-01
3.425042331218719482e-01 -4.960328042507171631e-01 -1.831750154495239258e+00 5.949672723138231811e-01 6.278238602231783760e-01 -3.738156626081494127e-01 3.348326019083053828e-01
3.425055742263793945e-01 -4.960285425186157227e-01 -1.831751108169555664e+00 5.949732455988593349e-01 6.278230169621862311e-01 -3.738069022000832242e-01 3.348333758988586428e-01
3.424875736236572266e-01 -4.959991276264190674e-01 -1.831715822219848633e+00 5.949453177063180886e-01 6.278699830177462138e-01 -3.737907997604421051e-01 3.348129330773583767e-01
3.424766659736633301e-01 -4.960024058818817139e-01 -1.831745386123657227e+00 5.949527601198293381e-01 6.278258998577546102e-01 -3.738070177243090764e-01 3.348642216128403515e-01
3.424722552299499512e-01 -4.959966838359832764e-01 -1.831744551658630371e+00 5.949546694796368218e-01 6.278189885370042411e-01 -3.738076245170182110e-01 3.348731496459134149e-01
3.424846827983856201e-01 -4.960004389286041260e-01 -1.831774473190307617e+00 5.949410437797623130e-01 6.278547068029949330e-01 -3.737867748913971666e-01 3.348536311918342556e-01
3.424869179725646973e-01 -4.960646033287048340e-01 -1.831684827804565430e+00 5.949250756708011068e-01 6.278603000794418243e-01 -3.737885717225081228e-01 3.348695224564818274e-01
3.424856960773468018e-01 -4.960632920265197754e-01 -1.831675887107849121e+00 5.949295219097749943e-01 6.278544806183752325e-01 -3.737799446050078522e-01 3.348821669244953503e-01
3.424926698207855225e-01 -4.960716366767883301e-01 -1.831673860549926758e+00 5.949065714299878183e-01 6.279009572327132194e-01 -3.737517375652362750e-01 3.348672985910104982e-01
3.424988687038421631e-01 -4.960169196128845215e-01 -1.831721663475036621e+00 5.949652135045531143e-01 6.278441781520150977e-01 -3.737568901630564100e-01 3.348638119468601015e-01
3.424980640411376953e-01 -4.960110783576965332e-01 -1.831717848777770996e+00 5.949679976500812373e-01 6.278387857218833412e-01 -3.737588830988864963e-01 3.348667155445247956e-01
3.425008058547973633e-01 -4.960115253925323486e-01 -1.831726431846618652e+00 5.949560818305917875e-01 6.278691176026333087e-01 -3.737466068339944658e-01 3.348447322936403681e-01
3.424714505672454834e-01 -4.960549771785736084e-01 -1.831665277481079102e+00 5.949701742405472116e-01 6.278707382311695673e-01 -3.737195753863361558e-01 3.348467879744796982e-01
3.424677252769470215e-01 -4.960533380508422852e-01 -1.831658482551574707e+00 5.949694453849537767e-01 6.278682264635007115e-01 -3.737368925737525882e-01 3.348334921563997368e-01
3.424927890300750732e-01 -4.960767030715942383e-01 -1.831694841384887695e+00 5.949720641736165883e-01 6.278631587280478765e-01 -3.737157506966415355e-01 3.348619567153743315e-01
3.424946367740631104e-01 -4.961038529872894287e-01 -1.831640839576721191e+00 5.949674028235415468e-01 6.278426066929378990e-01 -3.737542328305070716e-01 3.348658137182705663e-01
3.424939513206481934e-01 -4.961042106151580811e-01 -1.831631541252136230e+00 5.949692835691076098e-01 6.278412982542201926e-01 -3.737554885804308391e-01 3.348635029175417999e-01
3.424922227859497070e-01 -4.961002469062805176e-01 -1.831623673439025879e+00 5.949561835792149811e-01 6.278830233575410924e-01 -3.737234240657708040e-01 3.348443400411890147e-01
3.425011038780212402e-01 -4.960947930812835693e-01 -1.831679940223693848e+00 5.949662738254803962e-01 6.278338801029184069e-01 -3.737641618937642685e-01 3.348731049659135484e-01
3.425022959709167480e-01 -4.960924386978149414e-01 -1.831673383712768555e+00 5.949646525257304974e-01 6.278385087681344068e-01 -3.737625459454103627e-01 3.348691305123278061e-01
3.424925804138183594e-01 -4.960873126983642578e-01 -1.831650614738464355e+00 5.949575509224859227e-01 6.278616188773749052e-01 -3.737498196449397514e-01 3.348525963593119714e-01
3.424907326698303223e-01 -4.960335493087768555e-01 -1.831729888916015625e+00 5.949903126076881987e-01 6.277959546211634434e-01 -3.737706258575366758e-01 3.348942525012832960e-01
3.424895703792572021e-01 -4.960249960422515869e-01 -1.831729531288146973e+00 5.949953009177925134e-01 6.277944604645829818e-01 -3.737601425664431876e-01 3.348999222715743906e-01
3.424944579601287842e-01 -4.960164427757263184e-01 -1.831740140914916992e+00 5.949659914777967185e-01 6.278471766109788854e-01 -3.737459504654555009e-01 3.348689717282339329e-01
3.424939513206481934e-01 -4.960751533508300781e-01 -1.831659317016601562e+00 5.949812642797072115e-01 6.278665360596946687e-01 -3.737045059677965297e-01 3.348517698437362689e-01
3.424948453903198242e-01 -4.960722625255584717e-01 -1.831654071807861328e+00 5.949760171843129219e-01 6.278659497195864247e-01 -3.737178650542045677e-01 3.348473315034641296e-01
3.425051867961883545e-01 -4.960803687572479248e-01 -1.831669449806213379e+00 5.949784768699866166e-01 6.278636921804355842e-01 -3.737098788478829259e-01 3.348560966547970974e-01
3.424906134605407715e-01 -4.960966408252716064e-01 -1.831734299659729004e+00 5.949887193527817475e-01 6.278411754914847709e-01 -3.737556241202469876e-01 3.348290382088295880e-01
3.424891829490661621e-01 -4.960955679416656494e-01 -1.831732630729675293e+00 5.949842211189853014e-01 6.278434802806359682e-01 -3.737566418995171835e-01 3.348316134306142944e-01
3.425045609474182129e-01 -4.961102604866027832e-01 -1.831755757331848145e+00 5.949805162627832544e-01 6.278419174833953509e-01 -3.737581153564193404e-01 3.348394774627922454e-01
3.425262570381164551e-01 -4.960912764072418213e-01 -1.831849217414855957e+00 5.950093360508272866e-01 6.277991358948143974e-01 -3.737896046014691498e-01 3.348333048294185321e-01
3.425284624099731445e-01 -4.960881471633911133e-01 -1.831852555274963379e+00 5.950043102927093930e-01 6.277976768349324832e-01 -3.737932462901746855e-01 3.348409414365329795e-01
3.425232470035552979e-01 -4.960773885250091553e-01 -1.831837058067321777e+00 5.949960389376069969e-01 6.278406395156843622e-01 -3.737630231373670897e-01 3.348087970117836765e-01
3.425242304801940918e-01 -4.961008429527282715e-01 -1.831752181053161621e+00 5.949952633515420697e-01 6.278801135891777241e-01 -3.737159624258262203e-01 3.347887191366116233e-01
3.425245583057403564e-01 -4.960972964763641357e-01 -1.831747174263000488e+00 5.949995147794885364e-01 6.278812370742039572e-01 -3.737051794399051108e-01 3.347910383836002479e-01
3.425157368183135986e-01 -4.960809051990509033e-01 -1.831721782684326172e+00 5.949774572687986929e-01 6.279235109915717317e-01 -3.736889407229779247e-01 3.347691071991165113e-01
3.425152897834777832e-01 -4.961127638816833496e-01 -1.831707239151000977e+00 5.949917072647504801e-01 6.279478419490124308e-01 -3.736348109589947009e-01 3.347585224676524196e-01
3.425152301788330078e-01 -4.961088895797729492e-01 -1.831697821617126465e+00 5.949939495095717401e-01 6.279454254284407844e-01 -3.736326171473543512e-01 3.347615497476651991e-01
3.424971699714660645e-01 -4.960889518260955811e-01 -1.831654429435729980e+00 5.949736490595425309e-01 6.279865989163255779e-01 -3.736108924763416050e-01 3.347446614535566911e-01
3.424780964851379395e-01 -4.960346519947052002e-01 -1.831716537475585938e+00 5.949790349008315937e-01 6.279566708698827160e-01 -3.736384588851580091e-01 3.347604399766422878e-01
3.424730896949768066e-01 -4.960263371467590332e-01 -1.831709504127502441e+00 5.949723539536920791e-01 6.279596398415292491e-01 -3.736394518267653342e-01 3.347656484900923268e-01
3.424681127071380615e-01 -4.960182905197143555e-01 -1.831702947616577148e+00 5.949710302778556947e-01 6.279552514711692623e-01 -3.736323468960640048e-01 3.347841565673198017e-01
3.424619138240814209e-01 -4.960316419601440430e-01 -1.831719160079956055e+00 5.949782183990006690e-01 6.279357060112992217e-01 -3.736523980439592219e-01 3.347856311999973244e-01
3.424557447433471680e-01 -4.960272312164306641e-01 -1.831712365150451660e+00 5.949827376139793511e-01 6.279295089531272689e-01 -3.736571766702189157e-01 3.347839554950233776e-01
3.424504101276397705e-01 -4.960280954837799072e-01 -1.831708192825317383e+00 5.949754890872401836e-01 6.279243233928269996e-01 -3.736457955821324006e-01 3.348192214207879602e-01
3.424108028411865234e-01 -4.960594177246093750e-01 -1.831727027893066406e+00 5.950417034047618126e-01 6.278773260653823796e-01 -3.736327108288556298e-01 3.348042920833327885e-01
3.424010872840881348e-01 -4.960583746433258057e-01 -1.831726670265197754e+00 5.950409364864885919e-01 6.278798882620058031e-01 -3.736378823282593964e-01 3.347951136340132638e-01
3.424273133277893066e-01 -4.960997104644775391e-01 -1.831802248954772949e+00 5.950351499388670806e-01 6.278987408422657124e-01 -3.736240753219833843e-01 3.347854412363432397e-01
3.424848020076751709e-01 -4.960510134696960449e-01 -1.831682324409484863e+00 5.950206544653569019e-01 6.278671440655329006e-01 -3.736872602084010953e-01 3.347999298168105597e-01
3.424869775772094727e-01 -4.960500299930572510e-01 -1.831678867340087891e+00 5.950216755577152350e-01 6.278637751687776714e-01 -3.736901273146179814e-01 3.348012241184062932e-01
3.425094485282897949e-01 -4.960706830024719238e-01 -1.831715106964111328e+00 5.950130794666209644e-01 6.278871832071389880e-01 -3.736700442987118120e-01 3.347950418524507366e-01
3.424989283084869385e-01 -4.960264861583709717e-01 -1.831696510314941406e+00 5.950472275348358542e-01 6.278440135827545454e-01 -3.737042358930186547e-01 3.347771373605687439e-01
3.425197303295135498e-01 -4.960411787033081055e-01 -1.831729292869567871e+00 5.950463107628670700e-01 6.278310700435518754e-01 -3.737073338500410680e-01 3.347995586491446796e-01
3.425259590148925781e-01 -4.960444569587707520e-01 -1.831731200218200684e+00 5.950461311646078055e-01 6.278350909671486235e-01 -3.737094820905353387e-01 3.347899496532441566e-01
3.424723148345947266e-01 -4.960409402847290039e-01 -1.831712961196899414e+00 5.950849104141733292e-01 6.277899957763138916e-01 -3.737278384958130917e-01 3.347850944991385691e-01
3.424738943576812744e-01 -4.960437417030334473e-01 -1.831714749336242676e+00 5.950808957210570460e-01 6.277899617241217145e-01 -3.737274762605864442e-01 3.347927086660480445e-01
3.425147831439971924e-01 -4.960881471633911133e-01 -1.831797242164611816e+00 5.950839976128255993e-01 6.277968056866950475e-01 -3.737246650833594974e-01 3.347774980567634895e-01
3.424791693687438965e-01 -4.960812032222747803e-01 -1.831753969192504883e+00 5.950771631002946815e-01 6.277781990038275861e-01 -3.737503029929413745e-01 3.347958885339866741e-01
3.424908518791198730e-01 -4.960954189300537109e-01 -1.831782341003417969e+00 5.950794824925539350e-01 6.277767162284751956e-01 -3.737523300339113952e-01 3.347922830203702294e-01
3.424933254718780518e-01 -4.960989654064178467e-01 -1.831788420677185059e+00 5.950731735914320808e-01 6.277824328156706990e-01 -3.737579976435247420e-01 3.347864765496798012e-01
3.424534201622009277e-01 -4.960810840129852295e-01 -1.831786870956420898e+00 5.951056792987187150e-01 6.277409183454435437e-01 -3.737760469483900616e-01 3.347863811420826452e-01
3.424456715583801270e-01 -4.960807561874389648e-01 -1.831775784492492676e+00 5.950953304529273957e-01 6.277493684698621790e-01 -3.737621973408640219e-01 3.348044163936710338e-01
3.424424827098846436e-01 -4.960835576057434082e-01 -1.831782102584838867e+00 5.950897420170184748e-01 6.277579053496969985e-01 -3.737662581933046679e-01 3.347937915373812579e-01
3.424519300460815430e-01 -4.960635304450988770e-01 -1.831759452819824219e+00 5.951257510706815523e-01 6.277184195137530676e-01 -3.738046981044642059e-01 3.347609022809634460e-01
3.424442708492279053e-01 -4.960570335388183594e-01 -1.831749081611633301e+00 5.951060832564800673e-01 6.277525863156355745e-01 -3.737825851948441969e-01 3.347564789469655300e-01
3.424433171749114990e-01 -4.960573017597198486e-01 -1.831752777099609375e+00 5.951054337939889471e-01 6.277511555668741083e-01 -3.737887709906802525e-01 3.347534295140784932e-01
3.424499332904815674e-01 -4.960244596004486084e-01 -1.831738471984863281e+00 5.951375678393990842e-01 6.277126535481188929e-01 -3.737964434965580507e-01 3.347599234454400885e-01
3.424361050128936768e-01 -4.960068762302398682e-01 -1.831724047660827637e+00 5.951213387700399204e-01 6.277382971212599472e-01 -3.737853375303230585e-01 3.347530963957447980e-01
3.424326181411743164e-01 -4.960053563117980957e-01 -1.831727862358093262e+00 5.951232994270900800e-01 6.277375435487554389e-01 -3.737858439276732225e-01 3.347504818222151179e-01
3.424277603626251221e-01 -4.960156083106994629e-01 -1.831678628921508789e+00 5.951455553562492451e-01 6.276997596894631215e-01 -3.738140186906003248e-01 3.347502571496756563e-01
3.424234092235565186e-01 -4.960068166255950928e-01 -1.831674933433532715e+00 5.951399941905259894e-01 6.276966865097474146e-01 -3.738056585380607477e-01 3.347752465272481048e-01
3.424195945262908936e-01 -4.960025250911712646e-01 -1.831676125526428223e+00 5.951457619184211678e-01 6.276949098290905971e-01 -3.738010664467883992e-01 3.347734574486698200e-01
3.424661457538604736e-01 -4.960143268108367920e-01 -1.831627368927001953e+00 5.951446647516700494e-01 6.276674862622093620e-01 -3.738428364630596579e-01 3.347801963752806143e-01
3.424718379974365234e-01 -4.960170984268188477e-01 -1.831641793251037598e+00 5.951303675587670261e-01 6.277064393077806947e-01 -3.738314244643565210e-01 3.347453167931581097e-01
3.424735069274902344e-01 -4.960134923458099365e-01 -1.831640005111694336e+00 5.951342817648909156e-01 6.276995441400404774e-01 -3.738365915027029862e-01 3.347455031982826679e-01
3.424502909183502197e-01 -4.960440993309020996e-01 -1.831594109535217285e+00 5.951245959649895667e-01 6.277198882696021220e-01 -3.738435701375983355e-01 3.347167702744061613e-01
3.424634337425231934e-01 -4.960578083992004395e-01 -1.831610441207885742e+00 5.951207259044487552e-01 6.277088217947419668e-01 -3.738389613964920311e-01 3.347495569727602094e-01
3.424610793590545654e-01 -4.961216449737548828e-01 -1.831580638885498047e+00 5.951221693554673564e-01 6.277323256136135843e-01 -3.738593705279017465e-01 3.346801136222191109e-01
3.424633443355560303e-01 -4.961301386356353760e-01 -1.831571698188781738e+00 5.951285954966643033e-01 6.277209027681796005e-01 -3.738694702431909489e-01 3.346788565327862841e-01
3.424596786499023438e-01 -4.961338639259338379e-01 -1.831560492515563965e+00 5.951245658402726235e-01 6.277305114255460339e-01 -3.738606999009247422e-01 3.346777862712439489e-01
3.425079882144927979e-01 -4.961477220058441162e-01 -1.831602334976196289e+00 5.951619126675052884e-01 6.277051291842611347e-01 -3.738876678402025533e-01 3.346288529292415492e-01
3.425147533416748047e-01 -4.961569607257843018e-01 -1.831597089767456055e+00 5.951590938292361521e-01 6.277070130481549048e-01 -3.738825268233260113e-01 3.346360993776891779e-01
3.424904644489288330e-01 -4.961349666118621826e-01 -1.831546664237976074e+00 5.951539183283910406e-01 6.277151381258780916e-01 -3.738735543595756439e-01 3.346400359341864528e-01
3.424804806709289551e-01 -4.961730241775512695e-01 -1.831604242324829102e+00 5.951686857662632502e-01 6.277291817568494414e-01 -3.738802536087714179e-01 3.345799471457810426e-01
3.424834907054901123e-01 -4.961811602115631104e-01 -1.831599593162536621e+00 5.951697664583166514e-01 6.277301450376377989e-01 -3.738801474451854401e-01 3.345763696318401204e-01
3.424726128578186035e-01 -4.961752295494079590e-01 -1.831573247909545898e+00 5.951516461716966910e-01 6.277576823737019973e-01 -3.738649674732757999e-01 3.345739092012196547e-01
3.424570262432098389e-01 -4.961426556110382080e-01 -1.831637620925903320e+00 5.951379348051029083e-01 6.277564212987969405e-01 -3.738819632458605380e-01 3.345816424785219567e-01
3.424570560455322266e-01 -4.961422085762023926e-01 -1.831635117530822754e+00 5.951382890558953864e-01 6.277590021339396475e-01 -3.738822046841350777e-01 3.345759286694334200e-01
3.424353897571563721e-01 -4.961214959621429443e-01 -1.831577301025390625e+00 5.951225570659318675e-01 6.277595845446271028e-01 -3.738673717769514515e-01 3.346193642593539574e-01
3.424709737300872803e-01 -4.960697889328002930e-01 -1.831662535667419434e+00 5.951428440254882268e-01 6.277202210259449355e-01 -3.738966021261740935e-01 3.346244923472483368e-01
3.424704968929290771e-01 -4.960599243640899658e-01 -1.831659197807312012e+00 5.951445321291303214e-01 6.277211946901705142e-01 -3.738978967096195927e-01 3.346181944797859686e-01
3.424392342567443848e-01 -4.960244596004486084e-01 -1.831594467163085938e+00 5.951267846976507903e-01 6.277449468933219423e-01 -3.738920729707247981e-01 3.346117447433454850e-01
3.424498140811920166e-01 -4.960142374038696289e-01 -1.831632971763610840e+00 5.951390008822231570e-01 6.277481108536520082e-01 -3.738749666884685907e-01 3.346031737073564272e-01
3.424475491046905518e-01 -4.960056543350219727e-01 -1.831629276275634766e+00 5.951352633443782736e-01 6.277451801981627222e-01 -3.738876163646172590e-01 3.346011468791689758e-01
3.424349129199981689e-01 -4.959830641746520996e-01 -1.831595778465270996e+00 5.951368671611848571e-01 6.277404588828994214e-01 -3.738587889884962823e-01 3.346394018013144622e-01
3.424327075481414795e-01 -4.959909319877624512e-01 -1.831612706184387207e+00 5.951634268266622341e-01 6.276758036566754129e-01 -3.738925549669291915e-01 3.346757129053440916e-01
3.424323201179504395e-01 -4.959832727909088135e-01 -1.831612348556518555e+00 5.951651569262929042e-01 6.276766454935760464e-01 -3.738877430508974475e-01 3.346764300273871173e-01
3.424671888351440430e-01 -4.960111081600189209e-01 -1.831668496131896973e+00 5.951587157271607254e-01 6.276731232597714261e-01 -3.738808583857978207e-01 3.347021725613374410e-01
3.424771428108215332e-01 -4.960608482360839844e-01 -1.831678748130798340e+00 5.951623981533954444e-01 6.276524022079761345e-01 -3.739058160033046363e-01 3.347065831592702656e-01
3.424831926822662354e-01 -4.960640966892242432e-01 -1.831678628921508789e+00 5.951645791185641299e-01 6.276507155995769693e-01 -3.739106886653414952e-01 3.347004493752352428e-01
3.424822092056274414e-01 -4.960620403289794922e-01 -1.831679344177246094e+00 5.951566980702763798e-01 6.276731480120056883e-01 -3.738954809815430158e-01 3.346893614266110428e-01
3.425165712833404541e-01 -4.960353970527648926e-01 -1.831583142280578613e+00 5.951549362580358382e-01 6.276764457398481545e-01 -3.739003833294226031e-01 3.346808598707712856e-01
3.425278961658477783e-01 -4.960377812385559082e-01 -1.831576585769653320e+00 5.951545286169342974e-01 6.276717930507204057e-01 -3.739050389784169814e-01 3.346851107477612497e-01
3.425387144088745117e-01 -4.960411489009857178e-01 -1.831571102142333984e+00 5.951502419134933053e-01 6.276806830672083670e-01 -3.739075498081739224e-01 3.346732311559580397e-01
3.425494730472564697e-01 -4.960389435291290283e-01 -1.831611037254333496e+00 5.951632963599288173e-01 6.276749648037457385e-01 -3.738905338123866273e-01 3.346797515204028017e-01
3.425596952438354492e-01 -4.960419237613677979e-01 -1.831607699394226074e+00 5.951647260155720209e-01 6.276856626101648962e-01 -3.738768253269673103e-01 3.346724723766300036e-01
3.425700962543487549e-01 -4.960433244705200195e-01 -1.831603646278381348e+00 5.951663350342201175e-01 6.276875960367871432e-01 -3.738748404648922774e-01 3.346681844767520064e-01
3.425799608230590820e-01 -4.960400164127349854e-01 -1.831597208976745605e+00 5.951453024348558607e-01 6.277141477953190885e-01 -3.738546395064147321e-01 3.346783373363385605e-01
3.425251841545104980e-01 -4.961086213588714600e-01 -1.831599950790405273e+00 5.951295982117774663e-01 6.276900743470245070e-01 -3.739108299114512479e-01 3.346886523283810200e-01
3.425256311893463135e-01 -4.961151480674743652e-01 -1.831597208976745605e+00 5.951293366766093884e-01 6.276957084358147920e-01 -3.739072783563666125e-01 3.346825397790218481e-01
3.425134420394897461e-01 -4.961029887199401855e-01 -1.831563949584960938e+00 5.951246867303613408e-01 6.277035674415484268e-01 -3.738881955015821434e-01 3.346973674233612028e-01
3.424630761146545410e-01 -4.961065649986267090e-01 -1.831680893898010254e+00 5.951423057091600466e-01 6.277005706406382224e-01 -3.738682733996885332e-01 3.346939061052975894e-01
3.424579501152038574e-01 -4.961086511611938477e-01 -1.831683516502380371e+00 5.951391123800868765e-01 6.276977167128088286e-01 -3.738732558649680571e-01 3.346994013488118203e-01
3.424387574195861816e-01 -4.960936903953552246e-01 -1.831652402877807617e+00 5.951320621530141741e-01 6.277313804642019601e-01 -3.738579969358353794e-01 3.346658463035733777e-01
3.424874246120452881e-01 -4.960875213146209717e-01 -1.831643223762512207e+00 5.951078729914665022e-01 6.277480442250739090e-01 -3.738497122993021948e-01 3.346868547714683673e-01
3.424847424030303955e-01 -4.960874021053314209e-01 -1.831640958786010742e+00 5.951126285077259492e-01 6.277384833007795262e-01 -3.738486231708391672e-01 3.346975481231934668e-01
3.425061404705047607e-01 -4.961096048355102539e-01 -1.831681847572326660e+00 5.951067691037510432e-01 6.277453525812335400e-01 -3.738429549594739498e-01 3.347014413630080010e-01
3.424544632434844971e-01 -4.960815906524658203e-01 -1.831719517707824707e+00 5.951304647784911861e-01 6.277135979251787790e-01 -3.738665369805140859e-01 3.346924966465202322e-01
3.424502909183502197e-01 -4.960813224315643311e-01 -1.831723570823669434e+00 5.951290475598126628e-01 6.277123885774311685e-01 -3.738664343581763472e-01 3.346973812123713587e-01
3.424753844738006592e-01 -4.961019754409790039e-01 -1.831782937049865723e+00 5.951240844314393819e-01 6.277143183663920212e-01 -3.738723566141463062e-01 3.346960035210779227e-01
3.425231575965881348e-01 -4.960878789424896240e-01 -1.831758379936218262e+00 5.951335621084351546e-01 6.277091792707700790e-01 -3.738610983693977374e-01 3.347013866719144026e-01
3.425277173519134521e-01 -4.960846602916717529e-01 -1.831764221191406250e+00 5.951260683575765320e-01 6.277099598042841233e-01 -3.738724279241927295e-01 3.347005746770588264e-01
3.425095677375793457e-01 -4.960614740848541260e-01 -1.831732034683227539e+00 5.951176774120285895e-01 6.277326067872625037e-01 -3.738495469297469787e-01 3.346985677292331207e-01
3.424723744392395020e-01 -4.960300624370574951e-01 -1.831772685050964355e+00 5.951225404385962481e-01 6.277081848841139511e-01 -3.738751520787995664e-01 3.347071127342451380e-01
3.424702286720275879e-01 -4.960205554962158203e-01 -1.831780672073364258e+00 5.951278885482397252e-01 6.277098177014439617e-01 -3.738661499652166653e-01 3.347046025346941400e-01
3.424665629863739014e-01 -4.960173964500427246e-01 -1.831778168678283691e+00 5.951207474222427463e-01 6.277153217287446685e-01 -3.738493757935921757e-01 3.347256859396864348e-01
3.424266874790191650e-01 -4.960093200206756592e-01 -1.831712722778320312e+00 5.951329623614551867e-01 6.276934242312918188e-01 -3.738752517113952956e-01 3.347161804989193801e-01
3.424215018749237061e-01 -4.959993660449981689e-01 -1.831717848777770996e+00 5.951316807083487648e-01 6.276960529679204148e-01 -3.738760709591294473e-01 3.347125759427627134e-01
3.424535095691680908e-01 -4.960180819034576416e-01 -1.831770181655883789e+00 5.951234363579008813e-01 6.276921790880779506e-01 -3.738759061172944875e-01 3.347347430470141716e-01
3.424433171749114990e-01 -4.960289895534515381e-01 -1.831807494163513184e+00 5.951903350281089189e-01 6.276496675248774970e-01 -3.738646708912325423e-01 3.347080224291775208e-01
3.424453437328338623e-01 -4.960232377052307129e-01 -1.831818699836730957e+00 5.951838054966679392e-01 6.276563529368657246e-01 -3.738638793969694119e-01 3.347079608530615369e-01
3.424738347530364990e-01 -4.960405230522155762e-01 -1.831870794296264648e+00 5.951705799589678270e-01 6.276795514488293648e-01 -3.738499701626062377e-01 3.347034935465742489e-01
3.424931764602661133e-01 -4.960044920444488525e-01 -1.831717252731323242e+00 5.951664782143705201e-01 6.276683543485639394e-01 -3.738503386997308331e-01 3.347314224449439712e-01
3.425010144710540771e-01 -4.959995150566101074e-01 -1.831722855567932129e+00 5.951723139497923087e-01 6.276610733333003456e-01 -3.738476588733937733e-01 3.347376918712752225e-01
3.425041735172271729e-01 -4.960115849971771240e-01 -1.831749439239501953e+00 5.951453439038001392e-01 6.276961268791008131e-01 -3.738317085164949427e-01 3.347376912830269391e-01
3.425326049327850342e-01 -4.960258901119232178e-01 -1.831769466400146484e+00 5.951564566942879608e-01 6.276503932191133117e-01 -3.738537873272149703e-01 3.347790684096167424e-01
3.425435423851013184e-01 -4.960255026817321777e-01 -1.831777811050415039e+00 5.951530783981994199e-01 6.276456685598804652e-01 -3.738616602584308168e-01 3.347851562585391627e-01
3.425710499286651611e-01 -4.960656464099884033e-01 -1.831759214401245117e+00 5.951118679406688372e-01 6.277156610229739364e-01 -3.738088847756745881e-01 3.347861046824475717e-01
3.425894677639007568e-01 -4.960657060146331787e-01 -1.831766724586486816e+00 5.951097102567161068e-01 6.277200151922021076e-01 -3.738062580518418665e-01 3.347846674720962867e-01
3.426024913787841797e-01 -4.960668683052062988e-01 -1.831771850585937500e+00 5.951153749917839075e-01 6.277182091151131127e-01 -3.737997757967845280e-01 3.347852773069875942e-01
3.425661325454711914e-01 -4.960793852806091309e-01 -1.831758499145507812e+00 5.950815929438496577e-01 6.277834918964051436e-01 -3.737438593647403606e-01 3.347853207093914318e-01
3.425768017768859863e-01 -4.960816204547882080e-01 -1.831760406494140625e+00 5.950804197545233043e-01 6.277848422418217389e-01 -3.737374619745332249e-01 3.347920405533671984e-01
3.425869047641754150e-01 -4.960840642452239990e-01 -1.831761837005615234e+00 5.950844950956025725e-01 6.277783644417577191e-01 -3.737471855980571411e-01 3.347860699729949818e-01
3.425197601318359375e-01 -4.960788488388061523e-01 -1.831686377525329590e+00 5.950595596043453117e-01 6.278205472749041061e-01 -3.737376225952210307e-01 3.347619513766609822e-01
3.425217568874359131e-01 -4.960842728614807129e-01 -1.831683516502380371e+00 5.950576891215955122e-01 6.278203045669034088e-01 -3.737424667567281755e-01 3.347603304707895688e-01
3.425228893756866455e-01 -4.960893392562866211e-01 -1.831680774688720703e+00 5.950555621519519889e-01 6.278292723286543753e-01 -3.737394242912235320e-01 3.347507059254792305e-01
3.424825370311737061e-01 -4.961226582527160645e-01 -1.831598043441772461e+00 5.950251483151244303e-01 6.278894986094206709e-01 -3.737029713026717714e-01 3.347324838007805226e-01
3.424786031246185303e-01 -4.961301684379577637e-01 -1.831589818000793457e+00 5.950342204313816552e-01 6.278862362862793756e-01 -3.737057795373464053e-01 3.347193667340268020e-01
3.424766957759857178e-01 -4.961381256580352783e-01 -1.831580758094787598e+00 5.950314129225831028e-01 6.278841026339334608e-01 -3.737037292503154751e-01 3.347306030951790468e-01
3.424656689167022705e-01 -4.961317479610443115e-01 -1.831412315368652344e+00 5.949899117018755401e-01 6.279549837727962380e-01 -3.736880754633982726e-01 3.346888824705063770e-01
3.424637615680694580e-01 -4.961430430412292480e-01 -1.831395983695983887e+00 5.949951064341577611e-01 6.279520056946785722e-01 -3.736831850282413825e-01 3.346906906159290984e-01
3.424616456031799316e-01 -4.961567223072052002e-01 -1.831380128860473633e+00 5.949944185015954012e-01 6.279469465218361357e-01 -3.736834965555212440e-01 3.347010921361187608e-01
3.424947559833526611e-01 -4.961273968219757080e-01 -1.831540226936340332e+00 5.949855009374647175e-01 6.279502347082731584e-01 -3.736567326349822804e-01 3.347406450659010102e-01
3.424939811229705811e-01 -4.961356520652770996e-01 -1.831534504890441895e+00 5.949841935307565999e-01 6.279459795113335741e-01 -3.736583543466616697e-01 3.347491162797305297e-01
3.424936234951019287e-01 -4.961431026458740234e-01 -1.831527948379516602e+00 5.949902603666825662e-01 6.279451991043740744e-01 -3.736583776832739789e-01 3.347397956576450562e-01
3.424822390079498291e-01 -4.960503280162811279e-01 -1.831587672233581543e+00 5.950089189186277272e-01 6.278923625267083253e-01 -3.736547470718674657e-01 3.348097982388211213e-01
3.424789011478424072e-01 -4.960457086563110352e-01 -1.831585764884948730e+00 5.950102200101224925e-01 6.279000177283244888e-01 -3.736576388034197893e-01 3.347898671175020824e-01
