repeatability steamvr; 20211020-214353; x y z w i j k;  frequency = 150 duration = 2 sys.args = ['.\\repeatability.py']
3.425190448760986328e-01 -4.962045848369598389e-01 -1.832287549972534180e+00 5.949119484856641993e-01 6.279490092720566574e-01 -3.737486490590625765e-01 3.347709975133547067e-01
3.425187468528747559e-01 -4.962104260921478271e-01 -1.832290530204772949e+00 5.949102526773695221e-01 6.279437232698662497e-01 -3.737583958324130484e-01 3.347730444953759821e-01
3.425181210041046143e-01 -4.962156116962432861e-01 -1.832292318344116211e+00 5.949150616295736382e-01 6.279377581450890089e-01 -3.737572249711873518e-01 3.347770417310280688e-01
3.425454199314117432e-01 -4.961974322795867920e-01 -1.832260131835937500e+00 5.949309407778272663e-01 6.279258195439187951e-01 -3.737306899979687125e-01 3.348008582039282977e-01
3.425479233264923096e-01 -4.962000250816345215e-01 -1.832260370254516602e+00 5.949258983116588739e-01 6.279263201460481003e-01 -3.737331132921642984e-01 3.348061254727517366e-01
3.425498306751251221e-01 -4.962046146392822266e-01 -1.832261085510253906e+00 5.949349476773748702e-01 6.279128867195366004e-01 -3.737402156835180067e-01 3.348073195669784563e-01
3.425339162349700928e-01 -4.961678087711334229e-01 -1.832275271415710449e+00 5.949195623431149382e-01 6.279062946371306575e-01 -3.737263608056498043e-01 3.348625004164151875e-01
3.425348401069641113e-01 -4.961685836315155029e-01 -1.832277774810791016e+00 5.949223423972895830e-01 6.279017949975986834e-01 -3.737367583901784474e-01 3.348544233322982566e-01
3.425363600254058838e-01 -4.961695075035095215e-01 -1.832280874252319336e+00 5.949130793479827650e-01 6.279086411228035347e-01 -3.737454706312075547e-01 3.348483250231230057e-01
3.425389826297760010e-01 -4.961634874343872070e-01 -1.832258820533752441e+00 5.949364338453472234e-01 6.278849440590891229e-01 -3.737325366955578376e-01 3.348656652983304505e-01
3.425413966178894043e-01 -4.961658120155334473e-01 -1.832259774208068848e+00 5.949354443064006626e-01 6.278820185022748745e-01 -3.737324076962275643e-01 3.348730631468043728e-01
3.425428271293640137e-01 -4.961667656898498535e-01 -1.832260608673095703e+00 5.949396734634155859e-01 6.278774048939836927e-01 -3.737292007611318079e-01 3.348777583241437927e-01
3.425131142139434814e-01 -4.961602389812469482e-01 -1.832215666770935059e+00 5.949433728993915871e-01 6.278688921410888746e-01 -3.737589142790341268e-01 3.348540077849358476e-01
3.425151109695434570e-01 -4.961599707603454590e-01 -1.832214951515197754e+00 5.949454349150242738e-01 6.278614312543886466e-01 -3.737581886741607740e-01 3.348651511954886528e-01
3.425498306751251221e-01 -4.961603283882141113e-01 -1.832245588302612305e+00 5.949726944108589821e-01 6.278102620578120963e-01 -3.738013214144756957e-01 3.348644790637611557e-01
3.425532579421997070e-01 -4.961594641208648682e-01 -1.832248091697692871e+00 5.949774705739108160e-01 6.278107948245202907e-01 -3.737941374523054416e-01 3.348630651097576072e-01
3.425577580928802490e-01 -4.961612224578857422e-01 -1.832247495651245117e+00 5.949834079505164075e-01 6.278058947957095848e-01 -3.737983770198092248e-01 3.348569247487938050e-01
3.425626158714294434e-01 -4.961622953414916992e-01 -1.832247734069824219e+00 5.949778869455054631e-01 6.278150513947182709e-01 -3.737986273543216220e-01 3.348492783480990220e-01
3.425075113773345947e-01 -4.961688816547393799e-01 -1.832214355468750000e+00 5.949937356553473000e-01 6.277817741937218310e-01 -3.738419052129533515e-01 3.348352437613013599e-01
3.425095975399017334e-01 -4.961705207824707031e-01 -1.832213878631591797e+00 5.949950084096858882e-01 6.277785404697078242e-01 -3.738346214330713346e-01 3.348471685640360129e-01
3.425121605396270752e-01 -4.961698651313781738e-01 -1.832215666770935059e+00 5.949928450191778184e-01 6.277864830737324153e-01 -3.738279101777066127e-01 3.348436120025005680e-01
3.424855172634124756e-01 -4.961888790130615234e-01 -1.832229614257812500e+00 5.949682907584665781e-01 6.278076581745006823e-01 -3.738469523551947171e-01 3.348262558119105559e-01
3.424870073795318604e-01 -4.961903393268585205e-01 -1.832231640815734863e+00 5.949705902259165846e-01 6.277984695912547375e-01 -3.738577412963443036e-01 3.348273598397708550e-01
3.424893021583557129e-01 -4.961923360824584961e-01 -1.832234025001525879e+00 5.949757350369170306e-01 6.277960463577609840e-01 -3.738607337586488666e-01 3.348194242519873520e-01
3.425073623657226562e-01 -4.961601793766021729e-01 -1.832204937934875488e+00 5.949656508211268457e-01 6.278143634432843401e-01 -3.738472054872144512e-01 3.348180833401995793e-01
3.425122499465942383e-01 -4.961600601673126221e-01 -1.832208514213562012e+00 5.949685112744931281e-01 6.278175688311514735e-01 -3.738446716392204716e-01 3.348098115740507641e-01
3.425187170505523682e-01 -4.961605668067932129e-01 -1.832210659980773926e+00 5.949704759571516899e-01 6.278156960441045875e-01 -3.738451073499897137e-01 3.348093853326765124e-01
3.425655961036682129e-01 -4.961528778076171875e-01 -1.832237958908081055e+00 5.949771019439288322e-01 6.278269120147119686e-01 -3.738335064464780588e-01 3.347895089942406477e-01
3.425773978233337402e-01 -4.961506128311157227e-01 -1.832243323326110840e+00 5.949798279220259722e-01 6.278273790265254117e-01 -3.738213351200010970e-01 3.347973637881589415e-01
3.425897359848022461e-01 -4.961506724357604980e-01 -1.832248806953430176e+00 5.949753280556941970e-01 6.278339556421727030e-01 -3.738205128463376048e-01 3.347939414484542020e-01
3.425735831260681152e-01 -4.962114989757537842e-01 -1.832194328308105469e+00 5.949728505514945143e-01 6.278610766233654328e-01 -3.738160492397561985e-01 3.347524927580670662e-01
3.425831198692321777e-01 -4.962173700332641602e-01 -1.832194447517395020e+00 5.949745399201114004e-01 6.278630756778825761e-01 -3.738147326814345028e-01 3.347471750341535768e-01
3.425934910774230957e-01 -4.962226450443267822e-01 -1.832195281982421875e+00 5.949788693699974429e-01 6.278565409199687863e-01 -3.738164744623623248e-01 3.347498107815786716e-01
3.425324261188507080e-01 -4.961591660976409912e-01 -1.832225799560546875e+00 5.949643860263624795e-01 6.278638354601407956e-01 -3.738146474878381587e-01 3.347639173574635252e-01
3.425360918045043945e-01 -4.961573779582977295e-01 -1.832231044769287109e+00 5.949681821635877110e-01 6.278680442962911723e-01 -3.738111150112976011e-01 3.347532159332739510e-01
3.425399959087371826e-01 -4.961560070514678955e-01 -1.832236289978027344e+00 5.949685030565060595e-01 6.278685822444868281e-01 -3.738106441614610365e-01 3.347521650620351452e-01
3.425515294075012207e-01 -4.961818754673004150e-01 -1.832261443138122559e+00 5.949564172096415415e-01 6.278807856559969203e-01 -3.738416868224613276e-01 3.347160773556523417e-01
3.425543606281280518e-01 -4.961843192577362061e-01 -1.832269072532653809e+00 5.949595984094530055e-01 6.278851800638853842e-01 -3.738280354243314618e-01 3.347174465414518019e-01
3.425569236278533936e-01 -4.961863160133361816e-01 -1.832277059555053711e+00 5.949681363776327947e-01 6.278724129299791956e-01 -3.738405407102211586e-01 3.347122675677601245e-01
3.425222933292388916e-01 -4.961794316768646240e-01 -1.832226872444152832e+00 5.949514135067783815e-01 6.279362084230438734e-01 -3.737664682174617337e-01 3.347050169171738587e-01
3.425219058990478516e-01 -4.961810111999511719e-01 -1.832232117652893066e+00 5.949521901283650882e-01 6.279369290735532516e-01 -3.737611949732073668e-01 3.347082022845492277e-01
3.425221741199493408e-01 -4.961839318275451660e-01 -1.832236886024475098e+00 5.949577281994457012e-01 6.279335635497618195e-01 -3.737595583033257451e-01 3.347065111824340522e-01
3.425013124942779541e-01 -4.961711168289184570e-01 -1.832145452499389648e+00 5.949620822302276180e-01 6.279106849661633127e-01 -3.737512684325504098e-01 3.347509251267432040e-01
3.425028026103973389e-01 -4.961742162704467773e-01 -1.832145810127258301e+00 5.949634937809138435e-01 6.279081809053222996e-01 -3.737547764112593707e-01 3.347491604169663404e-01
3.425047099590301514e-01 -4.961768984794616699e-01 -1.832146763801574707e+00 5.949650755589900308e-01 6.279093792471941438e-01 -3.737555680145054904e-01 3.347432363175061876e-01
3.425510525703430176e-01 -4.961172342300415039e-01 -1.832139492034912109e+00 5.949437407675742806e-01 6.279556150732057418e-01 -3.737118433945600948e-01 3.347432336836057010e-01
3.425570726394653320e-01 -4.961099624633789062e-01 -1.832140445709228516e+00 5.949453407958480433e-01 6.279569067741244126e-01 -3.737097957941053483e-01 3.347402671179133260e-01
3.425627350807189941e-01 -4.961025416851043701e-01 -1.832141518592834473e+00 5.949497137018490145e-01 6.279577763564833104e-01 -3.737142693277594740e-01 3.347258942182904651e-01
3.425732254981994629e-01 -4.961400628089904785e-01 -1.832049608230590820e+00 5.949286757923930580e-01 6.279749978961072232e-01 -3.737181546412598476e-01 3.347265974402420796e-01
3.425794541835784912e-01 -4.961358308792114258e-01 -1.832045912742614746e+00 5.949252574580914388e-01 6.279845297709555352e-01 -3.737066825903989087e-01 3.347276096307041926e-01
3.425808846950531006e-01 -4.961215257644653320e-01 -1.832028865814208984e+00 5.949216802105801172e-01 6.279959953349275592e-01 -3.736788212998649605e-01 3.347435955816720488e-01
3.425274491310119629e-01 -4.960834383964538574e-01 -1.832107424736022949e+00 5.949330192735040601e-01 6.279434503151886116e-01 -3.737260382144283466e-01 3.347692472825083976e-01
3.425294756889343262e-01 -4.960740208625793457e-01 -1.832109093666076660e+00 5.949304866073571452e-01 6.279415274149741100e-01 -3.737229759523509331e-01 3.347808007596828617e-01
3.425408601760864258e-01 -4.960715770721435547e-01 -1.832124948501586914e+00 5.949167809061655099e-01 6.279812417921479817e-01 -3.736954845535851444e-01 3.347613150212341848e-01
3.425156772136688232e-01 -4.960987269878387451e-01 -1.832093477249145508e+00 5.949084506066913969e-01 6.279816817498420356e-01 -3.737323620761675569e-01 3.347341824420470568e-01
3.425171971321105957e-01 -4.960944950580596924e-01 -1.832093238830566406e+00 5.949063428678428300e-01 6.279867496117306214e-01 -3.737351178455969314e-01 3.347252928749524514e-01
3.425398170948028564e-01 -4.961050748825073242e-01 -1.832130074501037598e+00 5.949060524685525486e-01 6.279753337310144401e-01 -3.737385588600958264e-01 3.347434344157715347e-01
3.425436019897460938e-01 -4.961839020252227783e-01 -1.832073330879211426e+00 5.949230611351622455e-01 6.279790208971780530e-01 -3.737572823422863344e-01 3.346853164549485338e-01
3.425515890121459961e-01 -4.961874186992645264e-01 -1.832069516181945801e+00 5.949166149666428316e-01 6.279934146966141828e-01 -3.737418553947883804e-01 3.346870236462570758e-01
3.425493240356445312e-01 -4.961913824081420898e-01 -1.832051515579223633e+00 5.949055037622289488e-01 6.280022508547101756e-01 -3.737509727713017593e-01 3.346800086639842298e-01
3.425455689430236816e-01 -4.961864650249481201e-01 -1.832135796546936035e+00 5.949214851158327599e-01 6.279565013473006330e-01 -3.737893561372667706e-01 3.346945719973178912e-01
3.425515890121459961e-01 -4.961909949779510498e-01 -1.832137227058410645e+00 5.949222680382986184e-01 6.279554119554928704e-01 -3.737965372930993624e-01 3.346872028436478907e-01
3.425363004207611084e-01 -4.961983561515808105e-01 -1.832100510597229004e+00 5.949199061570930036e-01 6.279552875433518366e-01 -3.738001745847669421e-01 3.346876016970101175e-01
3.425395190715789795e-01 -4.961943626403808594e-01 -1.832132458686828613e+00 5.949136892965360968e-01 6.279630770217929925e-01 -3.738168081171115431e-01 3.346654379214399344e-01
3.425464332103729248e-01 -4.961982965469360352e-01 -1.832130789756774902e+00 5.949109810184270986e-01 6.279584590233877606e-01 -3.738295308790793303e-01 3.346646821132541194e-01
3.425135612487792969e-01 -4.961961209774017334e-01 -1.832081317901611328e+00 5.949162228169264655e-01 6.279566957382254344e-01 -3.738198507437993090e-01 3.346695012418587911e-01
3.425140976905822754e-01 -4.961928725242614746e-01 -1.832130789756774902e+00 5.949133673956289448e-01 6.279164024315105896e-01 -3.738637813276690647e-01 3.347011333927465415e-01
3.425171673297882080e-01 -4.961956441402435303e-01 -1.832130670547485352e+00 5.949157829201305869e-01 6.279148047207807615e-01 -3.738673299785021387e-01 3.346958231672365058e-01
3.425452113151550293e-01 -4.961616098880767822e-01 -1.832122921943664551e+00 5.949294209393088950e-01 6.279234286899566531e-01 -3.738265585620575981e-01 3.347009621900983722e-01
3.425324857234954834e-01 -4.961454272270202637e-01 -1.832186579704284668e+00 5.949508640596012921e-01 6.278690763724440460e-01 -3.738680361718675349e-01 3.347185096304969854e-01
3.425379097461700439e-01 -4.961435496807098389e-01 -1.832192778587341309e+00 5.949577055017364335e-01 6.278643234874058399e-01 -3.738710864104565768e-01 3.347118524345695789e-01
3.425094783306121826e-01 -4.961394667625427246e-01 -1.832138895988464355e+00 5.949644472703541354e-01 6.278838572924445582e-01 -3.738358264305368106e-01 3.347026216905946705e-01
3.425370156764984131e-01 -4.961473643779754639e-01 -1.832127094268798828e+00 5.949346788165709166e-01 6.279000710501659865e-01 -3.738509587989557459e-01 3.347081731579891195e-01
3.425423204898834229e-01 -4.961487948894500732e-01 -1.832129001617431641e+00 5.949392797634902585e-01 6.278990974131374303e-01 -3.738498161931059216e-01 3.347030988337860169e-01
3.425547778606414795e-01 -4.961310327053070068e-01 -1.832113742828369141e+00 5.949598866302464595e-01 6.278911748755618971e-01 -3.738374781217334575e-01 3.346951346389905879e-01
3.425744473934173584e-01 -4.961508512496948242e-01 -1.832138061523437500e+00 5.949658693814595667e-01 6.278633345143130873e-01 -3.738391405013123947e-01 3.347348596910104668e-01
3.425823152065277100e-01 -4.961540699005126953e-01 -1.832144141197204590e+00 5.949636859268668809e-01 6.278611931314679317e-01 -3.738452061345831634e-01 3.347359754282513422e-01
3.425596952438354492e-01 -4.962067604064941406e-01 -1.832169532775878906e+00 5.949698850464077982e-01 6.278521718319292066e-01 -3.738192617611003632e-01 3.347708476515497966e-01
3.425627946853637695e-01 -4.962126612663269043e-01 -1.832176327705383301e+00 5.949820252093771522e-01 6.278408386169905819e-01 -3.738214752704366872e-01 3.347680397118805162e-01
3.425670266151428223e-01 -4.962176382541656494e-01 -1.832184553146362305e+00 5.949744156732199585e-01 6.278474534593289080e-01 -3.738176674446296865e-01 3.347734514477745393e-01
3.425186574459075928e-01 -4.961336553096771240e-01 -1.832121729850769043e+00 5.949867154026305949e-01 6.278121096605676632e-01 -3.738316815632428680e-01 3.348022412844333662e-01
3.425186872482299805e-01 -4.961322844028472900e-01 -1.832127928733825684e+00 5.949908845192217743e-01 6.278058572827452943e-01 -3.738333188721514322e-01 3.348047069625699756e-01
3.425198793411254883e-01 -4.961298704147338867e-01 -1.832135200500488281e+00 5.949858652577086904e-01 6.278116042136864250e-01 -3.738316913416990794e-01 3.348046418364973298e-01
3.425470590591430664e-01 -4.961605668067932129e-01 -1.832171320915222168e+00 5.949904744178151628e-01 6.278062649580180565e-01 -3.738158341690164255e-01 3.348241937185647554e-01
3.425514101982116699e-01 -4.961602091789245605e-01 -1.832180142402648926e+00 5.949885031487600617e-01 6.278070301225507910e-01 -3.738223546977219591e-01 3.348189761769514439e-01
3.425557911396026611e-01 -4.961591064929962158e-01 -1.832189917564392090e+00 5.949941940820122621e-01 6.278136726722404193e-01 -3.738130487749591890e-01 3.348067797353207475e-01
3.425213992595672607e-01 -4.961487650871276855e-01 -1.832107067108154297e+00 5.949901494279025149e-01 6.278244645175314886e-01 -3.738136857444490646e-01 3.347930398188301848e-01
3.425266444683074951e-01 -4.961386024951934814e-01 -1.832131147384643555e+00 5.949885902173573937e-01 6.278317698222496412e-01 -3.737970935389106630e-01 3.348006322109491339e-01
3.425329029560089111e-01 -4.961329996585845947e-01 -1.832137584686279297e+00 5.949861000504437225e-01 6.278273849816062846e-01 -3.738099233272428878e-01 3.347989435642644285e-01
3.425241112709045410e-01 -4.961845278739929199e-01 -1.832117080688476562e+00 5.950055710895238992e-01 6.278254473715442208e-01 -3.737971561958847722e-01 3.347822588063065208e-01
3.425302803516387939e-01 -4.961863458156585693e-01 -1.832122564315795898e+00 5.950149356114246002e-01 6.278177076736072282e-01 -3.737887102358411484e-01 3.347895334864184891e-01
3.425371348857879639e-01 -4.961889684200286865e-01 -1.832129478454589844e+00 5.950101264881521024e-01 6.278214045667948051e-01 -3.738025932079523939e-01 3.347756417893256176e-01
3.425734043121337891e-01 -4.961646795272827148e-01 -1.832121968269348145e+00 5.950368031321331408e-01 6.278028493727330073e-01 -3.738111449792531071e-01 3.347534616307590305e-01
3.425830304622650146e-01 -4.961647093296051025e-01 -1.832127332687377930e+00 5.950387235695732135e-01 6.278043165980664586e-01 -3.738095347275087743e-01 3.347491445198493842e-01
3.425955474376678467e-01 -4.961628019809722900e-01 -1.832132339477539062e+00 5.950392973910083594e-01 6.278001050866640620e-01 -3.738112942356760504e-01 3.347540179874101129e-01
3.425285816192626953e-01 -4.961595535278320312e-01 -1.832117438316345215e+00 5.950509914500168307e-01 6.277722039430730927e-01 -3.737707089163366803e-01 3.348308786876112442e-01
3.425338864326477051e-01 -4.961605668067932129e-01 -1.832124710083007812e+00 5.950530427238790443e-01 6.277703153384285306e-01 -3.737692819374414110e-01 3.348323913995424617e-01
3.425398170948028564e-01 -4.961642026901245117e-01 -1.832132697105407715e+00 5.950585129485788105e-01 6.277689642280477322e-01 -3.737701460655977193e-01 3.348242049015842658e-01
3.424907624721527100e-01 -4.961311817169189453e-01 -1.832120418548583984e+00 5.950564937781124275e-01 6.277629183204488372e-01 -3.737937671079656354e-01 3.348127952040460542e-01
3.424931168556213379e-01 -4.961301684379577637e-01 -1.832127094268798828e+00 5.950523214040623898e-01 6.277592691260238666e-01 -3.738079933600114146e-01 3.348111705864430521e-01
3.424956798553466797e-01 -4.961247146129608154e-01 -1.832133054733276367e+00 5.950576574283951148e-01 6.277573334859313237e-01 -3.738002934966394575e-01 3.348138714657422632e-01
3.425331413745880127e-01 -4.961163401603698730e-01 -1.832158923149108887e+00 5.950908609995312348e-01 6.277527811187496587e-01 -3.737790841003882925e-01 3.347870866408784729e-01
3.425408899784088135e-01 -4.961104393005371094e-01 -1.832167863845825195e+00 5.950892406260945844e-01 6.277592105121165833e-01 -3.737765078135242280e-01 3.347808210844366306e-01
3.425483405590057373e-01 -4.961059093475341797e-01 -1.832178831100463867e+00 5.950796566031129053e-01 6.277628478546266599e-01 -3.737838853216035040e-01 3.347827823143099679e-01
3.425472378730773926e-01 -4.961796104907989502e-01 -1.832081675529479980e+00 5.950440229352377264e-01 6.278152532708127787e-01 -3.737954273572975938e-01 3.347349632120109608e-01
3.425537347793579102e-01 -4.961811304092407227e-01 -1.832085371017456055e+00 5.950510859437606603e-01 6.278114699916574892e-01 -3.737920869233874455e-01 3.347332281599443848e-01
3.425600528717041016e-01 -4.961834549903869629e-01 -1.832089543342590332e+00 5.950465089469398894e-01 6.278166370781492756e-01 -3.737893925689728669e-01 3.347346478084060051e-01
3.425590991973876953e-01 -4.962011873722076416e-01 -1.832077026367187500e+00 5.950067127305171955e-01 6.279067116186686226e-01 -3.737253673576632074e-01 3.347079629785859600e-01
3.425658643245697021e-01 -4.962027668952941895e-01 -1.832077622413635254e+00 5.950077868688862237e-01 6.279074814061733623e-01 -3.737219504109405843e-01 3.347083761446209005e-01
3.425731956958770752e-01 -4.962050616741180420e-01 -1.832078337669372559e+00 5.950063216184510173e-01 6.279069866165951641e-01 -3.737200478361750733e-01 3.347140807821317177e-01
3.425362408161163330e-01 -4.961496293544769287e-01 -1.832166910171508789e+00 5.950342585821067898e-01 6.278590749730355025e-01 -3.737326395119208167e-01 3.347402683043339544e-01
3.425393402576446533e-01 -4.961439967155456543e-01 -1.832176089286804199e+00 5.950267080168141209e-01 6.278580643035316378e-01 -3.737513308401111956e-01 3.347346897902491181e-01
3.425420522689819336e-01 -4.961389005184173584e-01 -1.832185864448547363e+00 5.950307479225656060e-01 6.278535010076869982e-01 -3.737531765408971807e-01 3.347339791771076767e-01
3.425241708755493164e-01 -4.961466491222381592e-01 -1.832198262214660645e+00 5.950398307138098364e-01 6.278336625243096103e-01 -3.737645167001120150e-01 3.347423925772383124e-01
3.425253927707672119e-01 -4.961427152156829834e-01 -1.832210659980773926e+00 5.950399355783982935e-01 6.278395995928968132e-01 -3.737588507495890333e-01 3.347373658213917968e-01
3.425396680831909180e-01 -4.961486458778381348e-01 -1.832245945930480957e+00 5.950309099173426430e-01 6.278458548408603068e-01 -3.737679203943869988e-01 3.347315622093867682e-01
3.425436615943908691e-01 -4.961629807949066162e-01 -1.832243204116821289e+00 5.950238464736795629e-01 6.278177343785455999e-01 -3.738139724869628533e-01 3.347454527743005670e-01
3.425489068031311035e-01 -4.961616396903991699e-01 -1.832255601882934570e+00 5.950352546086360439e-01 6.278080892886060971e-01 -3.738039179391851041e-01 3.347544799198745036e-01
3.425472974777221680e-01 -4.961526095867156982e-01 -1.832254290580749512e+00 5.950142138541089087e-01 6.278581253984513166e-01 -3.737849563585514678e-01 3.347192139812917855e-01
3.425616621971130371e-01 -4.962005615234375000e-01 -1.832231998443603516e+00 5.950003964055041727e-01 6.278966103404389765e-01 -3.737452102185591096e-01 3.347159582972010772e-01
3.425715863704681396e-01 -4.962017834186553955e-01 -1.832237243652343750e+00 5.949933134250974254e-01 6.278907364264822988e-01 -3.737505633355035495e-01 3.347335825817989718e-01
3.425469696521759033e-01 -4.961731731891632080e-01 -1.832193732261657715e+00 5.949821069960515851e-01 6.279400671568168280e-01 -3.737122562913929302e-01 3.347037727672003138e-01
3.425582945346832275e-01 -4.961314201354980469e-01 -1.832240700721740723e+00 5.949909034981445410e-01 6.278916892932741023e-01 -3.737312762605745631e-01 3.347576129026232361e-01
3.425646722316741943e-01 -4.961291253566741943e-01 -1.832251310348510742e+00 5.949877216830707916e-01 6.278897376379892759e-01 -3.737527195576823003e-01 3.347430208615932434e-01
3.425854742527008057e-01 -4.961506128311157227e-01 -1.832283377647399902e+00 5.949708261986731417e-01 6.279243982981089767e-01 -3.737369503087059619e-01 3.347256468571716548e-01
3.425613641738891602e-01 -4.961743652820587158e-01 -1.832184791564941406e+00 5.949493544469566242e-01 6.279443801880637555e-01 -3.737293528081087057e-01 3.347348092516891360e-01
3.425681889057159424e-01 -4.961772263050079346e-01 -1.832189202308654785e+00 5.949503834885774278e-01 6.279458487769802311e-01 -3.737236048273954725e-01 3.347366159226030646e-01
3.425687253475189209e-01 -4.961718320846557617e-01 -1.832192182540893555e+00 5.949417382313224589e-01 6.279752987963480582e-01 -3.737064467640259791e-01 3.347159014123914367e-01
3.425643146038055420e-01 -4.961873292922973633e-01 -1.832152128219604492e+00 5.949211982462083714e-01 6.279502167103447885e-01 -3.737718099439352737e-01 3.347264557735458723e-01
3.425697684288024902e-01 -4.961902499198913574e-01 -1.832151174545288086e+00 5.949237176455830500e-01 6.279553721694703938e-01 -3.737656966761543353e-01 3.347191302612310682e-01
3.425685763359069824e-01 -4.961787462234497070e-01 -1.832134485244750977e+00 5.949018281604214753e-01 6.279928429498423670e-01 -3.737502034240409721e-01 3.347050299386369332e-01
3.425204157829284668e-01 -4.961547553539276123e-01 -1.832132101058959961e+00 5.949136186544674576e-01 6.279642411590744544e-01 -3.737727256704218015e-01 3.347126579552931469e-01
3.425195813179016113e-01 -4.961551129817962646e-01 -1.832132101058959961e+00 5.949160116743323901e-01 6.279666495626532452e-01 -3.737699995570604727e-01 3.347068938368666369e-01
3.425171673297882080e-01 -4.961474239826202393e-01 -1.832124114036560059e+00 5.948984746407334212e-01 6.280207424424975038e-01 -3.737249388354268453e-01 3.346869031685307805e-01
3.424902558326721191e-01 -4.961459636688232422e-01 -1.832167744636535645e+00 5.949167169176994285e-01 6.279762246997028230e-01 -3.737644178259211247e-01 3.346938887865584245e-01
3.424885571002960205e-01 -4.961452782154083252e-01 -1.832170009613037109e+00 5.949175857513306909e-01 6.279776620454949887e-01 -3.737625976819246021e-01 3.346916905029816980e-01
3.424990475177764893e-01 -4.961548149585723877e-01 -1.832191228866577148e+00 5.949147002012310503e-01 6.280075589463431918e-01 -3.737386468019649466e-01 3.346674616658871781e-01
3.424748182296752930e-01 -4.961367249488830566e-01 -1.832154750823974609e+00 5.949210704659014803e-01 6.279688114383186193e-01 -3.737899673242050524e-01 3.346715238167622952e-01
3.424710929393768311e-01 -4.961350560188293457e-01 -1.832155942916870117e+00 5.949102648098715251e-01 6.279802050295781868e-01 -3.737912430253509943e-01 3.346679310640010563e-01
3.424733877182006836e-01 -4.961393177509307861e-01 -1.832160830497741699e+00 5.949082981671904857e-01 6.280099713758006130e-01 -3.737707833677441083e-01 3.346384446144592406e-01
3.425121009349822998e-01 -4.961369335651397705e-01 -1.832147240638732910e+00 5.949226558790385866e-01 6.279974701488819644e-01 -3.737676020130204502e-01 3.346399365751472343e-01
3.425172269344329834e-01 -4.961352348327636719e-01 -1.832146883010864258e+00 5.949235096365474984e-01 6.279855732122083811e-01 -3.737658062260145742e-01 3.346627251810282422e-01
3.425218164920806885e-01 -4.961394667625427246e-01 -1.832154989242553711e+00 5.949041366907065198e-01 6.280254607001608536e-01 -3.737565907603727089e-01 3.346326166987285688e-01
3.425623178482055664e-01 -4.961646497249603271e-01 -1.832122206687927246e+00 5.948965422048319018e-01 6.280299963948452469e-01 -3.737253113600416676e-01 3.346725136177805537e-01
3.425697684288024902e-01 -4.961709976196289062e-01 -1.832119941711425781e+00 5.949036521681818623e-01 6.280251706621424734e-01 -3.737228267242828084e-01 3.346717324659235215e-01
3.425628244876861572e-01 -4.961605966091156006e-01 -1.832092761993408203e+00 5.948815505941634774e-01 6.280683799635176090e-01 -3.736952947290849703e-01 3.346606737022400080e-01
3.425614237785339355e-01 -4.961902797222137451e-01 -1.832070827484130859e+00 5.948691279440274648e-01 6.280992935677208733e-01 -3.736494614117691349e-01 3.346759068295211415e-01
3.425653576850891113e-01 -4.961932003498077393e-01 -1.832064867019653320e+00 5.948748094516478346e-01 6.280930442485773701e-01 -3.736603336609602977e-01 3.346654179599835022e-01
3.425614833831787109e-01 -4.961804747581481934e-01 -1.832036137580871582e+00 5.948528950736380327e-01 6.281307874377909384e-01 -3.736393273331348741e-01 3.346569460044931943e-01
3.425536453723907471e-01 -4.961800873279571533e-01 -1.832045912742614746e+00 5.948629768954587504e-01 6.281118127508219517e-01 -3.736176510942080808e-01 3.346988655605775409e-01
3.425568640232086182e-01 -4.961814582347869873e-01 -1.832038640975952148e+00 5.948581432550616999e-01 6.281171921499970612e-01 -3.736104674071679121e-01 3.347053333214120574e-01
3.425400555133819580e-01 -4.961682558059692383e-01 -1.831997513771057129e+00 5.948490075889705242e-01 6.281421319711166795e-01 -3.735976688430842074e-01 3.346891089156117660e-01
3.425336480140686035e-01 -4.961608052253723145e-01 -1.832055807113647461e+00 5.948533516518001996e-01 6.281106534808688080e-01 -3.736087572734615447e-01 3.347280569952448270e-01
3.425336778163909912e-01 -4.961604177951812744e-01 -1.832050561904907227e+00 5.948566991633699175e-01 6.281013823848204947e-01 -3.736127090903643699e-01 3.347350974011740199e-01
3.425422906875610352e-01 -4.961657524108886719e-01 -1.832061767578125000e+00 5.948400571186561736e-01 6.281409745603943051e-01 -3.735929271495093684e-01 3.347124977038868909e-01
3.425291478633880615e-01 -4.961388111114501953e-01 -1.832139253616333008e+00 5.948308603084742074e-01 6.281371086949694149e-01 -3.735999300721072336e-01 3.347282318013835578e-01
3.425278067588806152e-01 -4.961327016353607178e-01 -1.832140326499938965e+00 5.948289211944072230e-01 6.281422126350452162e-01 -3.735994218078854678e-01 3.347226969647346673e-01
3.425354957580566406e-01 -4.961320161819458008e-01 -1.832155585289001465e+00 5.948157717283958368e-01 6.281785952907447124e-01 -3.735734453600663141e-01 3.347067452690974387e-01
3.425557017326354980e-01 -4.961400032043457031e-01 -1.832149267196655273e+00 5.948116929804199149e-01 6.281436465201303276e-01 -3.735889024951010717e-01 3.347623414652299290e-01
3.425578474998474121e-01 -4.961395561695098877e-01 -1.832150578498840332e+00 5.948175676212272833e-01 6.281427536881857288e-01 -3.735801758440792097e-01 3.347633409793677184e-01
3.425578474998474121e-01 -4.961328208446502686e-01 -1.832146883010864258e+00 5.948104630875861165e-01 6.281705359017426549e-01 -3.735713964388557851e-01 3.347335976154509063e-01
3.425548672676086426e-01 -4.961168766021728516e-01 -1.832169890403747559e+00 5.948260866867645102e-01 6.281304632185071846e-01 -3.735696562726926184e-01 3.347829809203852203e-01
3.425563275814056396e-01 -4.961144328117370605e-01 -1.832172036170959473e+00 5.948379409176723920e-01 6.281241205374886727e-01 -3.735560561387548661e-01 3.347890068159673493e-01
3.425546586513519287e-01 -4.961147904396057129e-01 -1.832163214683532715e+00 5.948186499297855034e-01 6.281688418378115202e-01 -3.735293145983171748e-01 3.347691889080922634e-01
3.425618708133697510e-01 -4.961523413658142090e-01 -1.832113385200500488e+00 5.948323101385194489e-01 6.281857298477958595e-01 -3.735269836702399537e-01 3.347158423675996586e-01
3.425659835338592529e-01 -4.961554110050201416e-01 -1.832111001014709473e+00 5.948313779655307609e-01 6.281817917562759757e-01 -3.735284411226725276e-01 3.347232778712992407e-01
3.425610959529876709e-01 -4.961500465869903564e-01 -1.832095742225646973e+00 5.948181835391961325e-01 6.282054963968398686e-01 -3.735147964891262218e-01 3.347174191749998640e-01
3.425484299659729004e-01 -4.961547851562500000e-01 -1.832087874412536621e+00 5.948309378102777378e-01 6.282084600263942997e-01 -3.734994774236757298e-01 3.347062998022128366e-01
3.425493538379669189e-01 -4.961567819118499756e-01 -1.832086801528930664e+00 5.948234737139808104e-01 6.282175329931405372e-01 -3.734962448788938794e-01 3.347061628145477918e-01
3.425413668155670166e-01 -4.961531162261962891e-01 -1.832056641578674316e+00 5.948213627382966662e-01 6.282173700720291576e-01 -3.734836519375416830e-01 3.347242604167040558e-01
3.424922823905944824e-01 -4.961568713188171387e-01 -1.832128286361694336e+00 5.948558200642308780e-01 6.281734527247734290e-01 -3.735300997976123138e-01 3.346936614514429698e-01
3.424872457981109619e-01 -4.961607158184051514e-01 -1.832132101058959961e+00 5.948462812070748340e-01 6.281773761279035861e-01 -3.735315077827965347e-01 3.347016337897454896e-01
3.424763977527618408e-01 -4.961614012718200684e-01 -1.832124948501586914e+00 5.948222424755043036e-01 6.282212633483216235e-01 -3.735198782220918168e-01 3.346749400812187858e-01
3.424670696258544922e-01 -4.961733818054199219e-01 -1.832107424736022949e+00 5.948268358764541297e-01 6.281853485059849529e-01 -3.735784030560387881e-01 3.346688797757889078e-01
3.424606919288635254e-01 -4.961783289909362793e-01 -1.832109332084655762e+00 5.948210118216237241e-01 6.281941171223492937e-01 -3.735706021494345497e-01 3.346714739566141739e-01
3.424703478813171387e-01 -4.962020218372344971e-01 -1.832146406173706055e+00 5.948172170937475745e-01 6.282166379631473063e-01 -3.735559604460891858e-01 3.346522869470227035e-01
3.424876332283020020e-01 -4.961493313312530518e-01 -1.832137942314147949e+00 5.948262139003362980e-01 6.281624822069570291e-01 -3.736112593687467287e-01 3.346762440799881944e-01
3.424848914146423340e-01 -4.961525797843933105e-01 -1.832144021987915039e+00 5.948308796839260060e-01 6.281613752652336347e-01 -3.736049586515970966e-01 3.346770477866000126e-01
3.424947559833526611e-01 -4.961750805377960205e-01 -1.832180619239807129e+00 5.948335848039432161e-01 6.281646310185577953e-01 -3.736076732799014088e-01 3.346631036262496806e-01
3.424960076808929443e-01 -4.961261451244354248e-01 -1.832203388214111328e+00 5.948503749828945031e-01 6.281404500712506334e-01 -3.736281448007172656e-01 3.346558086553406142e-01
3.424940109252929688e-01 -4.961276650428771973e-01 -1.832213401794433594e+00 5.948444376483847940e-01 6.281445904500014832e-01 -3.736255511966721787e-01 3.346614630046696459e-01
3.425108194351196289e-01 -4.961515963077545166e-01 -1.832262396812438965e+00 5.948487195101588298e-01 6.281404321465673402e-01 -3.736306798053600775e-01 3.346559571843310543e-01
3.425351977348327637e-01 -4.961538910865783691e-01 -1.832211852073669434e+00 5.948505470077555257e-01 6.281292838800274225e-01 -3.736279522065449887e-01 3.346766476314685379e-01
3.425408899784088135e-01 -4.961593747138977051e-01 -1.832220911979675293e+00 5.948565723477238221e-01 6.281247125941402665e-01 -3.736220188844108225e-01 3.346811202413579878e-01
3.425520062446594238e-01 -4.961738288402557373e-01 -1.832244634628295898e+00 5.948703968552991883e-01 6.281162649057008274e-01 -3.736220360631388182e-01 3.346724218435501164e-01
3.425650298595428467e-01 -4.961456358432769775e-01 -1.832251191139221191e+00 5.949180397359665751e-01 6.280651869382809505e-01 -3.736612046430297096e-01 3.346398655942062206e-01
3.425753414630889893e-01 -4.961490035057067871e-01 -1.832261204719543457e+00 5.949289068897900545e-01 6.280537646009284325e-01 -3.736526329900781707e-01 3.346515425639459140e-01
3.425606489181518555e-01 -4.961295425891876221e-01 -1.832238316535949707e+00 5.949014076261364137e-01 6.280979128690368229e-01 -3.736457250041428924e-01 3.346252878971097688e-01
3.426170945167541504e-01 -4.961854517459869385e-01 -1.832189083099365234e+00 5.948833032356520834e-01 6.280980535693593270e-01 -3.736600176830368603e-01 3.346412580126973402e-01
3.426323533058166504e-01 -4.961954057216644287e-01 -1.832193732261657715e+00 5.948899918364153327e-01 6.280941727684036247e-01 -3.736610954571646936e-01 3.346354415137830496e-01
3.426160216331481934e-01 -4.961728751659393311e-01 -1.832150816917419434e+00 5.948767106466997800e-01 6.281144328101724295e-01 -3.736349451056928395e-01 3.346502143988447919e-01
3.425564169883728027e-01 -4.961907267570495605e-01 -1.832162380218505859e+00 5.948888464489588968e-01 6.280814550405759977e-01 -3.736777043501734452e-01 3.346428270317158837e-01
3.425616025924682617e-01 -4.961987435817718506e-01 -1.832165598869323730e+00 5.948911481804075585e-01 6.280817802309818232e-01 -3.736715462711961977e-01 3.346450045990833067e-01
3.425420820713043213e-01 -4.961819052696228027e-01 -1.832131505012512207e+00 5.948767769878275935e-01 6.280930334060119691e-01 -3.736619479154728585e-01 3.346601372490474180e-01
3.425319492816925049e-01 -4.961700737476348877e-01 -1.832204580307006836e+00 5.949076570989771939e-01 6.280316382179683687e-01 -3.736996612055444311e-01 3.346783526517259078e-01
3.425326347351074219e-01 -4.961747229099273682e-01 -1.832214355468750000e+00 5.949051691372253536e-01 6.280340643347348539e-01 -3.736959373752843372e-01 3.346823792199001835e-01
3.425293862819671631e-01 -4.961790442466735840e-01 -1.832211375236511230e+00 5.948985889233283642e-01 6.280572673685791418e-01 -3.736826521505867693e-01 3.346653756651475353e-01
3.425538241863250732e-01 -4.961301088333129883e-01 -1.832218647003173828e+00 5.948781404039990006e-01 6.280197906226556714e-01 -3.737250731703552487e-01 3.347246701019743753e-01
3.425579369068145752e-01 -4.961291551589965820e-01 -1.832228183746337891e+00 5.948807267178072289e-01 6.280193772644229178e-01 -3.737287978815800882e-01 3.347166895853531110e-01
3.425697088241577148e-01 -4.961308836936950684e-01 -1.832256555557250977e+00 5.948591710845516634e-01 6.280589179397909616e-01 -3.737100026651355988e-01 3.347017897180336043e-01
3.425663113594055176e-01 -4.961340725421905518e-01 -1.832238554954528809e+00 5.948413548610455015e-01 6.280828394019157823e-01 -3.736862031117034189e-01 3.347151336553487733e-01
3.425731956958770752e-01 -4.961324632167816162e-01 -1.832246422767639160e+00 5.948448343466872235e-01 6.280815452914795260e-01 -3.736780341158299490e-01 3.347204999127626479e-01
3.425731360912322998e-01 -4.961336851119995117e-01 -1.832254052162170410e+00 5.948285918105559178e-01 6.281190749800844575e-01 -3.736594657913178685e-01 3.346996629987835647e-01
3.425514698028564453e-01 -4.960879683494567871e-01 -1.832242250442504883e+00 5.948152718679835527e-01 6.280863189948476810e-01 -3.737140514241695244e-01 3.347238707118880829e-01
3.425542414188385010e-01 -4.960855543613433838e-01 -1.832253098487854004e+00 5.948159701849974335e-01 6.280877736434871128e-01 -3.737197801014609522e-01 3.347135040296144726e-01
3.425489664077758789e-01 -4.960747659206390381e-01 -1.832256555557250977e+00 5.947910899827499875e-01 6.281302557898328365e-01 -3.736960768849129089e-01 3.347044440768101037e-01
3.425742387771606445e-01 -4.961843788623809814e-01 -1.832153797149658203e+00 5.947977661156125251e-01 6.281377860715980921e-01 -3.737086582122669531e-01 3.346644300783857551e-01
3.425813913345336914e-01 -4.961905181407928467e-01 -1.832155942916870117e+00 5.947989251832879187e-01 6.281326162789818701e-01 -3.737061019320397359e-01 3.346748886821308000e-01
3.425496518611907959e-01 -4.961606264114379883e-01 -1.832100152969360352e+00 5.947879039671624124e-01 6.281702101644108804e-01 -3.736747966373631935e-01 3.346589151460881428e-01
3.425697982311248779e-01 -4.961097836494445801e-01 -1.832155108451843262e+00 5.947939080206481322e-01 6.281064109555986041e-01 -3.737222087574203488e-01 3.347150088342600305e-01
3.425743877887725830e-01 -4.961071014404296875e-01 -1.832158446311950684e+00 5.947954426889567880e-01 6.281095378037709898e-01 -3.737207301329510400e-01 3.347080605697898559e-01
3.425524532794952393e-01 -4.960775375366210938e-01 -1.832121729850769043e+00 5.947859983779912874e-01 6.281354825168250500e-01 -3.737068269964772260e-01 3.346916605629223773e-01
3.425198495388031006e-01 -4.960915148258209229e-01 -1.832104206085205078e+00 5.948118466189864506e-01 6.280694183580485257e-01 -3.737109691928764965e-01 3.347651203068328085e-01
3.425202071666717529e-01 -4.960882067680358887e-01 -1.832105040550231934e+00 5.948015650777292995e-01 6.280828177671393675e-01 -3.737154530339008573e-01 3.347532231361169397e-01
3.425202071666717529e-01 -4.960790276527404785e-01 -1.832100629806518555e+00 5.947895703740530005e-01 6.281082733413910768e-01 -3.737061547731073685e-01 3.347371476108340071e-01
3.424947559833526611e-01 -4.961147308349609375e-01 -1.832020759582519531e+00 5.947925493045007617e-01 6.281129439974639794e-01 -3.736820887748133480e-01 3.347499641181667651e-01
3.424944281578063965e-01 -4.961138665676116943e-01 -1.832015991210937500e+00 5.947947196866784081e-01 6.281159256131935154e-01 -3.736731107956061115e-01 3.347505432853875584e-01
3.425213694572448730e-01 -4.961498677730560303e-01 -1.832069993019104004e+00 5.947931873651927104e-01 6.281350806549896859e-01 -3.736568293916094352e-01 3.347355222815548426e-01
3.425313234329223633e-01 -4.961787760257720947e-01 -1.832084536552429199e+00 5.947915262529994695e-01 6.281000198772004328e-01 -3.736819368725405321e-01 3.347761970375550122e-01
3.425351679325103760e-01 -4.961842298507690430e-01 -1.832082986831665039e+00 5.947912502812772173e-01 6.280968916020991388e-01 -3.736803667384158145e-01 3.347843066179169158e-01
3.425329327583312988e-01 -4.961874783039093018e-01 -1.832076549530029297e+00 5.947802514316904432e-01 6.281162730512629411e-01 -3.736733144712289789e-01 3.347753935860711683e-01
3.425563871860504150e-01 -4.961380958557128906e-01 -1.832143187522888184e+00 5.948194639106386683e-01 6.280995663834421094e-01 -3.736542194280123019e-01 3.347583657061888873e-01
3.425607979297637939e-01 -4.961374998092651367e-01 -1.832147717475891113e+00 5.948147976460687048e-01 6.281041305131954688e-01 -3.736574732507207397e-01 3.347544439478283285e-01
3.425682485103607178e-01 -4.961410164833068848e-01 -1.832151651382446289e+00 5.948161790145057859e-01 6.281052145870031911e-01 -3.736468447174141061e-01 3.347618114690302238e-01
3.426074087619781494e-01 -4.961531460285186768e-01 -1.832164287567138672e+00 5.948372267739786556e-01 6.280839791783155990e-01 -3.736688356339185058e-01 3.347397110550673349e-01
3.426170945167541504e-01 -4.961553215980529785e-01 -1.832168817520141602e+00 5.948302900044886155e-01 6.280897756264943732e-01 -3.736687420013275474e-01 3.347413006134091762e-01
3.425645828247070312e-01 -4.961184859275817871e-01 -1.832036852836608887e+00 5.948330493391140728e-01 6.281218707881935925e-01 -3.736194375509835908e-01 3.347311678358559917e-01
3.425682485103607178e-01 -4.961093962192535400e-01 -1.832112193107604980e+00 5.948185278032041001e-01 6.281389715099956472e-01 -3.735760968839359486e-01 3.347732627680162221e-01
3.425693213939666748e-01 -4.961084723472595215e-01 -1.832113623619079590e+00 5.948241436428585160e-01 6.281304858991804130e-01 -3.735822694644038711e-01 3.347723442124342363e-01
3.425422906875610352e-01 -4.960994124412536621e-01 -1.832059979438781738e+00 5.948408182289606216e-01 6.281364508173639116e-01 -3.735717016953423175e-01 3.347433044872665797e-01
3.425292968750000000e-01 -4.960429072380065918e-01 -1.832059979438781738e+00 5.948381951440092630e-01 6.280798879649936994e-01 -3.736314058014138517e-01 3.347874201801320782e-01
3.425264656543731689e-01 -4.960382580757141113e-01 -1.832058668136596680e+00 5.948397032773807824e-01 6.280789719251197445e-01 -3.736448712845091280e-01 3.347714845787296833e-01
3.425409495830535889e-01 -4.960845112800598145e-01 -1.832107186317443848e+00 5.948489860613467295e-01 6.281083743386201013e-01 -3.736068734848885242e-01 3.347422308510571987e-01
3.425512909889221191e-01 -4.960770010948181152e-01 -1.832117319107055664e+00 5.948446394224433664e-01 6.280650048416112075e-01 -3.736529056527245762e-01 3.347799072840145218e-01
3.425508141517639160e-01 -4.960762858390808105e-01 -1.832117438316345215e+00 5.948425911483643524e-01 6.280691966116074276e-01 -3.736459154114550874e-01 3.347835087569837054e-01
3.425477743148803711e-01 -4.960734248161315918e-01 -1.832108139991760254e+00 5.948295930742703019e-01 6.280837477172920291e-01 -3.736353411948826753e-01 3.347910936659856396e-01
3.425100743770599365e-01 -4.961249530315399170e-01 -1.832090258598327637e+00 5.948424324293352106e-01 6.280394537772570063e-01 -3.736724278384288556e-01 3.348099732385795835e-01
3.425049185752868652e-01 -4.961294829845428467e-01 -1.832088708877563477e+00 5.948413703219919135e-01 6.280419905223432187e-01 -3.736582196545776835e-01 3.348229930415465017e-01
3.425058722496032715e-01 -4.961536228656768799e-01 -1.832089781761169434e+00 5.948513210211621161e-01 6.280667302789272322e-01 -3.736449409287943557e-01 3.347737139040045107e-01
3.425157070159912109e-01 -4.961721897125244141e-01 -1.832082509994506836e+00 5.948352585198479758e-01 6.280778157018003238e-01 -3.736672820246031423e-01 3.347565005435572671e-01
3.425139784812927246e-01 -4.961822628974914551e-01 -1.832081794738769531e+00 5.948308178390473433e-01 6.280838573453975116e-01 -3.736649619798849686e-01 3.347556866452377489e-01
3.424898386001586914e-01 -4.962100088596343994e-01 -1.832032799720764160e+00 5.948021125098889028e-01 6.281315175796077233e-01 -3.736589339947785082e-01 3.347239952933312446e-01
3.425082862377166748e-01 -4.962451756000518799e-01 -1.832039117813110352e+00 5.947923248087508830e-01 6.281426054805946402e-01 -3.736651830105496286e-01 3.347135855307878383e-01
3.425078392028808594e-01 -4.962598085403442383e-01 -1.832033157348632812e+00 5.947889853510710534e-01 6.281390297191011829e-01 -3.736649518306386919e-01 3.347264661228157578e-01
3.425019979476928711e-01 -4.961541295051574707e-01 -1.832038640975952148e+00 5.948195617683244008e-01 6.280942272734604259e-01 -3.736699349619098665e-01 3.347506323280679541e-01
3.425014913082122803e-01 -4.961582422256469727e-01 -1.832036972045898438e+00 5.948127181501290384e-01 6.280971574191756002e-01 -3.736707809801813607e-01 3.347563720852034796e-01
3.425008356571197510e-01 -4.961650371551513672e-01 -1.832034707069396973e+00 5.948171501588285226e-01 6.280938678072015557e-01 -3.736766489622903586e-01 3.347481315746519415e-01
3.425403237342834473e-01 -4.961498081684112549e-01 -1.832051038742065430e+00 5.948587127495339466e-01 6.280591263062811347e-01 -3.736913434756853891e-01 3.347230269089493948e-01
3.425430655479431152e-01 -4.961522817611694336e-01 -1.832050085067749023e+00 5.948535172175624108e-01 6.280576980231926676e-01 -3.737067840612761649e-01 3.347177151936058803e-01
3.425454199314117432e-01 -4.961562454700469971e-01 -1.832049131393432617e+00 5.948521353487183916e-01 6.280603970146710902e-01 -3.737100382302542823e-01 3.347114473912696786e-01
3.425156772136688232e-01 -4.961579442024230957e-01 -1.832055687904357910e+00 5.948141926847526628e-01 6.280759096684336296e-01 -3.737254210959449763e-01 3.347326354977088192e-01
3.425152301788330078e-01 -4.961619079113006592e-01 -1.832054018974304199e+00 5.948130105521620692e-01 6.280686778594690711e-01 -3.737278415291119815e-01 3.347455886742305986e-01
3.425144255161285400e-01 -4.961654543876647949e-01 -1.832052230834960938e+00 5.948190769811919631e-01 6.280687356342264938e-01 -3.737250508131233495e-01 3.347377812556711629e-01
3.424722254276275635e-01 -4.961601495742797852e-01 -1.832033872604370117e+00 5.947981706739381424e-01 6.281082478710041661e-01 -3.737279285134552098e-01 3.346976255745553464e-01
3.424681723117828369e-01 -4.961608946323394775e-01 -1.832029700279235840e+00 5.947942906605472313e-01 6.281120195166847164e-01 -3.737296078227483331e-01 3.346955374295715879e-01
3.424654304981231689e-01 -4.961630702018737793e-01 -1.832024574279785156e+00 5.948013867756192230e-01 6.281074821732828273e-01 -3.737250732041214052e-01 3.346965110607228455e-01
3.424763083457946777e-01 -4.961517453193664551e-01 -1.832026958465576172e+00 5.947949195203684480e-01 6.281326751970889299e-01 -3.737112617158248606e-01 3.346761592447903277e-01
3.425090312957763672e-01 -4.962026178836822510e-01 -1.831993937492370605e+00 5.947881157424103060e-01 6.281537772836325306e-01 -3.737027149975524210e-01 3.346581696680047124e-01
3.425115942955017090e-01 -4.962075650691986084e-01 -1.831985831260681152e+00 5.947860940881928293e-01 6.281547223369583488e-01 -3.736998514572913987e-01 3.346631935005388581e-01
3.425620198249816895e-01 -4.961783289909362793e-01 -1.832019329071044922e+00 5.947965637909140568e-01 6.281544129958073208e-01 -3.737106842619996594e-01 3.346330706427364521e-01
3.425372242927551270e-01 -4.961264431476593018e-01 -1.832089781761169434e+00 5.948088959687009014e-01 6.280972853932937916e-01 -3.737270713827930968e-01 3.347000737138290383e-01
3.425409793853759766e-01 -4.961199462413787842e-01 -1.832090020179748535e+00 5.948132597005011402e-01 6.280912495253513361e-01 -3.737259454499090028e-01 3.347049239920145136e-01
3.425616323947906494e-01 -4.961240589618682861e-01 -1.832099795341491699e+00 5.947876111613350503e-01 6.281162046925964360e-01 -3.737106543720827290e-01 3.347207413717506186e-01
3.425676226615905762e-01 -4.961179196834564209e-01 -1.832100272178649902e+00 5.947812193072993248e-01 6.281223910866041704e-01 -3.737102102282683358e-01 3.347210157913404482e-01
3.425730764865875244e-01 -4.961134791374206543e-01 -1.832100749015808105e+00 5.947912951022252814e-01 6.281044102036980048e-01 -3.737192306344607751e-01 3.347267320778397059e-01
3.425272107124328613e-01 -4.961032271385192871e-01 -1.832086682319641113e+00 5.948016856420236254e-01 6.281294756614220764e-01 -3.736785722958190226e-01 3.347066393906406589e-01
3.425271511077880859e-01 -4.960984289646148682e-01 -1.832086920738220215e+00 5.947948355549965704e-01 6.281321626060966112e-01 -3.736840227878752696e-01 3.347076913537082588e-01
3.425268530845642090e-01 -4.960943460464477539e-01 -1.832088351249694824e+00 5.947923490785658185e-01 6.281422416383540819e-01 -3.736814402826662551e-01 3.346960819488884464e-01
3.425363898277282715e-01 -4.961098134517669678e-01 -1.832023739814758301e+00 5.947584463132490340e-01 6.281696542293058183e-01 -3.736959835172449229e-01 3.346886031006698348e-01
3.425400555133819580e-01 -4.961090385913848877e-01 -1.832019686698913574e+00 5.947582425525936856e-01 6.281731014216400677e-01 -3.736960152413956737e-01 3.346824855436230650e-01
3.425449728965759277e-01 -4.961067140102386475e-01 -1.832014203071594238e+00 5.947609652276307779e-01 6.281686849706804576e-01 -3.736934456658289050e-01 3.346888141493922220e-01
3.425341248512268066e-01 -4.960892200469970703e-01 -1.832078337669372559e+00 5.947911212987050389e-01 6.281146649525318759e-01 -3.737193312268226042e-01 3.347077021033127986e-01
3.425362110137939453e-01 -4.960871040821075439e-01 -1.832078099250793457e+00 5.947892067164758378e-01 6.281172880751885179e-01 -3.737204535627193236e-01 3.347049276277566099e-01
3.425372540950775146e-01 -4.960868060588836670e-01 -1.832077980041503906e+00 5.947922827280212044e-01 6.281193133173382792e-01 -3.737197460745297906e-01 3.346964700230627976e-01
3.425764441490173340e-01 -4.961544275283813477e-01 -1.832062363624572754e+00 5.948109056066086531e-01 6.281076767325304289e-01 -3.736941336683201609e-01 3.347137861592038854e-01
3.425832092761993408e-01 -4.961610436439514160e-01 -1.832058668136596680e+00 5.948165430470253590e-01 6.281024126932117646e-01 -3.736989732972156864e-01 3.347082120407730566e-01
3.425908684730529785e-01 -4.961657822132110596e-01 -1.832055449485778809e+00 5.948184407097132365e-01 6.280946469729999926e-01 -3.737072701581190537e-01 3.347101660643946319e-01
3.425728976726531982e-01 -4.961045384407043457e-01 -1.832128405570983887e+00 5.948271599770306173e-01 6.280835612111841382e-01 -3.736925083392514391e-01 3.347319862666486845e-01
3.425755202770233154e-01 -4.961034357547760010e-01 -1.832131385803222656e+00 5.948253427803944504e-01 6.280789290912670575e-01 -3.737039139694743883e-01 3.347311331580663518e-01
3.425781130790710449e-01 -4.961004257202148438e-01 -1.832135558128356934e+00 5.948197764680303035e-01 6.280869736017914429e-01 -3.737002612129486923e-01 3.347300099326137590e-01
3.425464630126953125e-01 -4.961385726928710938e-01 -1.832077264785766602e+00 5.948077306574390821e-01 6.281147371347191033e-01 -3.736540706453143068e-01 3.347508899325964404e-01
3.425458073616027832e-01 -4.961427152156829834e-01 -1.832077264785766602e+00 5.948031911278752748e-01 6.281180778667445619e-01 -3.736628988964836862e-01 3.347428664320101221e-01
3.425449728965759277e-01 -4.961467385292053223e-01 -1.832076311111450195e+00 5.948079993799060272e-01 6.281118855295526604e-01 -3.736593921496779713e-01 3.347498180358507436e-01
3.425435423851013184e-01 -4.961548745632171631e-01 -1.832065343856811523e+00 5.948115058740357508e-01 6.281172640406637031e-01 -3.736345009629972180e-01 3.347612849873829455e-01
3.425429165363311768e-01 -4.961551427841186523e-01 -1.832063436508178711e+00 5.948077529694328902e-01 6.281176070865938099e-01 -3.736409700577596471e-01 3.347600934032759490e-01
3.425413072109222412e-01 -4.961566925048828125e-01 -1.832061886787414551e+00 5.948050097622282761e-01 6.281186500684224905e-01 -3.736413404512380909e-01 3.347625924122724639e-01
3.425493538379669189e-01 -4.962010979652404785e-01 -1.832113623619079590e+00 5.948388846272073538e-01 6.280938021162065787e-01 -3.736274397830058880e-01 3.347645678633904276e-01
3.425478041172027588e-01 -4.962084293365478516e-01 -1.832115530967712402e+00 5.948410652128613973e-01 6.280968980489030073e-01 -3.736248356008540217e-01 3.347577794272260099e-01
3.425465822219848633e-01 -4.962139427661895752e-01 -1.832116127014160156e+00 5.948413695391592260e-01 6.280970777217127488e-01 -3.736152042711919918e-01 3.347676378148862764e-01
3.425624668598175049e-01 -4.961941540241241455e-01 -1.832096457481384277e+00 5.948707921664009302e-01 6.280782984392686563e-01 -3.736392793110193122e-01 3.347237010256724488e-01
3.425657153129577637e-01 -4.961989820003509521e-01 -1.832097291946411133e+00 5.948657816765996476e-01 6.280800441533974654e-01 -3.736365969180200919e-01 3.347323757154566648e-01
3.425691425800323486e-01 -4.962044060230255127e-01 -1.832098245620727539e+00 5.948677349565751893e-01 6.280794096426263184e-01 -3.736361332903739285e-01 3.347305877415643893e-01
3.425120115280151367e-01 -4.961597025394439697e-01 -1.831930994987487793e+00 5.948426316598730557e-01 6.281354001327581482e-01 -3.736095642548233342e-01 3.346997856598596943e-01
3.425098657608032227e-01 -4.961609542369842529e-01 -1.831923007965087891e+00 5.948401017402180635e-01 6.281363181119085093e-01 -3.736133835521114888e-01 3.346982845051788003e-01
3.425080776214599609e-01 -4.961614608764648438e-01 -1.831914901733398438e+00 5.948417818961515557e-01 6.281356461418459158e-01 -3.736127799593724208e-01 3.346972639837381136e-01
3.425112962722778320e-01 -4.961064457893371582e-01 -1.831953883171081543e+00 5.948189910620748089e-01 6.281303154825702562e-01 -3.736147689844811492e-01 3.347455267080199914e-01
3.425101339817047119e-01 -4.961009025573730469e-01 -1.831948995590209961e+00 5.948152429019013532e-01 6.281337474871658832e-01 -3.736139385718019734e-01 3.347466841022433415e-01
3.425084948539733887e-01 -4.960963129997253418e-01 -1.831943869590759277e+00 5.948236576851763102e-01 6.281298717551161426e-01 -3.736139531082001142e-01 3.347389705618076250e-01
3.425020277500152588e-01 -4.960960447788238525e-01 -1.832026004791259766e+00 5.948569081742830500e-01 6.280585266054807825e-01 -3.736505449945170532e-01 3.347729211326894161e-01
3.424986600875854492e-01 -4.960906505584716797e-01 -1.832025527954101562e+00 5.948609355340819249e-01 6.280557900038451491e-01 -3.736443940202636149e-01 3.347777625221847186e-01
