repeatability steamvr; 20211015-225607; x y z w i j k;  frequency = 150 duration = 2 sys.args = ['.\\repeatability.py']
4.114060699939727783e-01 -6.786763072013854980e-01 -2.052098512649536133e+00 6.801258960238858453e-01 6.843089279964719163e-01 -4.367343017679944928e-02 2.593119057081958445e-01
4.114059805870056152e-01 -6.786762475967407227e-01 -2.052098035812377930e+00 6.801258494663753318e-01 6.843089310214969245e-01 -4.367334552876168952e-02 2.593120330062875234e-01
4.114059507846832275e-01 -6.786762475967407227e-01 -2.052097797393798828e+00 6.801258289262960277e-01 6.843089297784894498e-01 -4.367332493829648860e-02 2.593120737017446387e-01
4.114059209823608398e-01 -6.786762475967407227e-01 -2.052097797393798828e+00 6.801258234489414578e-01 6.843089352895324051e-01 -4.367330338059877137e-02 2.593121086542271581e-01
4.114058911800384521e-01 -6.786762475967407227e-01 -2.052097558975219727e+00 6.801258077015468473e-01 6.843089292243629274e-01 -4.367328248237627858e-02 2.593121365676677170e-01
4.114058613777160645e-01 -6.786761879920959473e-01 -2.052097558975219727e+00 6.801258008548534129e-01 6.843089361131670101e-01 -4.367326101260760041e-02 2.593121610875313565e-01
4.114058613777160645e-01 -6.786761879920959473e-01 -2.052097320556640625e+00 6.801257857921276795e-01 6.843089293591173572e-01 -4.367325102512824991e-02 2.593121887399297276e-01
4.114058315753936768e-01 -6.786761879920959473e-01 -2.052097320556640625e+00 6.801257809994420978e-01 6.843089122718608586e-01 -4.367322942346360537e-02 2.593122124766611414e-01
4.114057719707489014e-01 -6.786761283874511719e-01 -2.052097082138061523e+00 6.801257515586587310e-01 6.843089199843011006e-01 -4.367317654040658859e-02 2.593123003845497765e-01
4.114057123661041260e-01 -6.786761283874511719e-01 -2.052096843719482422e+00 6.801257159558492527e-01 6.843089558060904132e-01 -4.367313500773999796e-02 2.593123796871386055e-01
4.114165604114532471e-01 -6.786794066429138184e-01 -2.052119731903076172e+00 6.801146160044473366e-01 6.843052036523216142e-01 -4.365156553854645377e-02 2.593549868271141090e-01
4.114164710044860840e-01 -6.786793470382690430e-01 -2.052119493484497070e+00 6.801144188164043314e-01 6.843054677847713041e-01 -4.365180824735360315e-02 2.593547552858468386e-01
4.114163815975189209e-01 -6.786792278289794922e-01 -2.052119016647338867e+00 6.801142264210709998e-01 6.843057270951272697e-01 -4.365206160358500731e-02 2.593545109618990985e-01
4.114285409450531006e-01 -6.786597967147827148e-01 -2.052091360092163086e+00 6.801076240101597836e-01 6.843115595905956416e-01 -4.366478784065781077e-02 2.593543119067345804e-01
4.114286005496978760e-01 -6.786595582962036133e-01 -2.052090644836425781e+00 6.801073802613145647e-01 6.843118924862585661e-01 -4.366508832017481495e-02 2.593540323884823140e-01
4.114286303520202637e-01 -6.786594986915588379e-01 -2.052090406417846680e+00 6.801072919365709346e-01 6.843120251770794527e-01 -4.366520354098575585e-02 2.593539127003817724e-01
4.114286303520202637e-01 -6.786593794822692871e-01 -2.052090167999267578e+00 6.801071926568067472e-01 6.843121469806694446e-01 -4.366533042018745647e-02 2.593538081448745758e-01
4.114286601543426514e-01 -6.786593198776245117e-01 -2.052089929580688477e+00 6.801071344583176081e-01 6.843122274490125445e-01 -4.366539988680152862e-02 2.593537207883344631e-01
4.114286601543426514e-01 -6.786593198776245117e-01 -2.052089929580688477e+00 6.801070913229635417e-01 6.843122927610965078e-01 -4.366545743130587076e-02 2.593536824626226367e-01
4.114286601543426514e-01 -6.786592602729797363e-01 -2.052089929580688477e+00 6.801070625660593505e-01 6.843123436058327069e-01 -4.366549214264246054e-02 2.593536276987822853e-01
4.114286601543426514e-01 -6.786592602729797363e-01 -2.052089691162109375e+00 6.801070242235184304e-01 6.843123821854578681e-01 -4.366552746941729929e-02 2.593535985003699862e-01
4.114286899566650391e-01 -6.786592006683349609e-01 -2.052089691162109375e+00 6.801069961512996587e-01 6.843124323412838050e-01 -4.366557309181319513e-02 2.593535653854460721e-01
4.114286899566650391e-01 -6.786592006683349609e-01 -2.052089691162109375e+00 6.801069571240667688e-01 6.843124716098435423e-01 -4.366561941756908621e-02 2.593535145381032914e-01
4.114286899566650391e-01 -6.786591410636901855e-01 -2.052089452743530273e+00 6.801069324752869738e-01 6.843125183210695406e-01 -4.366565386516094160e-02 2.593534801176708426e-01
4.114286899566650391e-01 -6.786591410636901855e-01 -2.052089452743530273e+00 6.801069050877527333e-01 6.843125458779615311e-01 -4.366568848859470747e-02 2.593534467416384603e-01
4.114287197589874268e-01 -6.786590814590454102e-01 -2.052089452743530273e+00 6.801068667452030425e-01 6.843126063676447934e-01 -4.366573477040387036e-02 2.593534065881980544e-01
4.114287197589874268e-01 -6.786590814590454102e-01 -2.052089214324951172e+00 6.801068373036008863e-01 6.843126579013433242e-01 -4.366578048073917889e-02 2.593533630404470935e-01
4.114287197589874268e-01 -6.786590218544006348e-01 -2.052089214324951172e+00 6.801067948529164742e-01 6.843127006145478530e-01 -4.366582702631834068e-02 2.593533244536024851e-01
4.114287197589874268e-01 -6.786590218544006348e-01 -2.052089214324951172e+00 6.801067633572457360e-01 6.843127542150274634e-01 -4.366587286854279465e-02 2.593532707341298371e-01
4.114287495613098145e-01 -6.786589622497558594e-01 -2.052088975906372070e+00 6.801067215912451891e-01 6.843127743292908294e-01 -4.366590841515612803e-02 2.593532428411934321e-01
4.114287495613098145e-01 -6.786589026451110840e-01 -2.052088975906372070e+00 6.801066613386498316e-01 6.843128787745890174e-01 -4.366599992378650263e-02 2.593531453128433140e-01
4.114287495613098145e-01 -6.786589026451110840e-01 -2.052088737487792969e+00 6.801066147798224826e-01 6.843129256213693612e-01 -4.366604673315351709e-02 2.593531082925819020e-01
4.114287793636322021e-01 -6.786588430404663086e-01 -2.052088737487792969e+00 6.801065832841434178e-01 6.843129792218819452e-01 -4.366609257540081390e-02 2.593530545730882153e-01
4.114287793636322021e-01 -6.786588430404663086e-01 -2.052088499069213867e+00 6.801065524731515488e-01 6.843130321334774946e-01 -4.366612741867254704e-02 2.593530225025288960e-01
4.114287793636322021e-01 -6.786587834358215332e-01 -2.052088499069213867e+00 6.801065107071381233e-01 6.843130741578176135e-01 -4.366617392033361744e-02 2.593529836545532263e-01
4.114287793636322021e-01 -6.786587834358215332e-01 -2.052088499069213867e+00 6.801064819502092851e-01 6.843131250026550649e-01 -4.366621958675243054e-02 2.593529398456667079e-01
4.114288091659545898e-01 -6.786587238311767578e-01 -2.052088260650634766e+00 6.801064429229469743e-01 6.843131642713138341e-01 -4.366626591258233880e-02 2.593528999532821455e-01
4.114288091659545898e-01 -6.786587238311767578e-01 -2.052088260650634766e+00 6.801064162200818330e-01 6.843132130493910781e-01 -4.366631144712819490e-02 2.593528663161095982e-01
4.114288091659545898e-01 -6.786586642265319824e-01 -2.052088260650634766e+00 6.801063785621934699e-01 6.843132509402143349e-01 -4.366634673002456335e-02 2.593528259015177584e-01
4.114288091659545898e-01 -6.786586642265319824e-01 -2.052088022232055664e+00 6.801063511746370249e-01 6.843133004072262660e-01 -4.366638135351585265e-02 2.593527815704175232e-01
4.114288091659545898e-01 -6.786586046218872070e-01 -2.052088022232055664e+00 6.801063237870793587e-01 6.843133498742434151e-01 -4.366642693203327125e-02 2.593527481943374569e-01
4.114288389682769775e-01 -6.786586046218872070e-01 -2.052088022232055664e+00 6.801062854444969163e-01 6.843133884540090195e-01 -4.366646225890184752e-02 2.593527080408357666e-01
4.114288389682769775e-01 -6.786585450172424316e-01 -2.052087783813476562e+00 6.801062560028695581e-01 6.843134399878106899e-01 -4.366650796930934136e-02 2.593526644930269631e-01
4.114288389682769775e-01 -6.786585450172424316e-01 -2.052087783813476562e+00 6.801062142368379249e-01 6.843134820122125372e-01 -4.366655447101521620e-02 2.593526256450193745e-01
4.114288389682769775e-01 -6.786584854125976562e-01 -2.052087783813476562e+00 6.801061854798966522e-01 6.843135328571019471e-01 -4.366660013747082625e-02 2.593525818361033242e-01
4.114288687705993652e-01 -6.786584854125976562e-01 -2.052087545394897461e+00 6.801061437138606891e-01 6.843135967915704443e-01 -4.366664663918747025e-02 2.593525429880882971e-01
4.114288687705993652e-01 -6.786584258079528809e-01 -2.052087306976318359e+00 6.801060725061869316e-01 6.843136903498301393e-01 -4.366672789631299845e-02 2.593524496372157095e-01
4.114288687705993652e-01 -6.786583662033081055e-01 -2.052087306976318359e+00 6.801060266320085868e-01 6.843137584178777821e-01 -4.366678561683996068e-02 2.593524123557897632e-01
4.114288985729217529e-01 -6.786583662033081055e-01 -2.052087306976318359e+00 6.801059999291271252e-01 6.843137852859677572e-01 -4.366682019640666379e-02 2.593523568085267517e-01
4.114288985729217529e-01 -6.786583065986633301e-01 -2.052087068557739258e+00 6.801059745956232749e-01 6.843138326862675536e-01 -4.366686564308276675e-02 2.593523226491173395e-01
4.114288985729217529e-01 -6.786583065986633301e-01 -2.052087068557739258e+00 6.801059355683317653e-01 6.843138719550255766e-01 -4.366691196898618565e-02 2.593522937117082039e-01
4.114294946193695068e-01 -6.786598563194274902e-01 -2.052085876464843750e+00 6.801116479075446364e-01 6.843077518529544490e-01 -4.366176885261027069e-02 2.593543001668467407e-01
4.114295244216918945e-01 -6.786598563194274902e-01 -2.052085876464843750e+00 6.801116657093178031e-01 6.843077558512240532e-01 -4.366175675483586344e-02 2.593542824233677768e-01
4.114295244216918945e-01 -6.786598563194274902e-01 -2.052085876464843750e+00 6.801116924119767759e-01 6.843077289838185306e-01 -4.366175504058066731e-02 2.593542612856198359e-01
4.114295542240142822e-01 -6.786598563194274902e-01 -2.052085638046264648e+00 6.801117095290651893e-01 6.843077117611244820e-01 -4.366175394169925089e-02 2.593542328483046666e-01
4.114295542240142822e-01 -6.786598563194274902e-01 -2.052085638046264648e+00 6.801117362317224968e-01 6.843077068035963162e-01 -4.366174127250830456e-02 2.593542117105606115e-01
4.114295840263366699e-01 -6.786597967147827148e-01 -2.052085399627685547e+00 6.801117533488099109e-01 6.843077114907765157e-01 -4.366174017362736692e-02 2.593541942281847312e-01
4.114295840263366699e-01 -6.786597967147827148e-01 -2.052085399627685547e+00 6.801117697812133489e-01 6.843076949569936174e-01 -4.366172816376621274e-02 2.593541660519719794e-01
4.114296138286590576e-01 -6.786597967147827148e-01 -2.052085161209106445e+00 6.801117978532350561e-01 6.843076667117836687e-01 -4.366172636160223219e-02 2.593541443920383549e-01
4.114296138286590576e-01 -6.786597967147827148e-01 -2.052085161209106445e+00 6.801118136009540738e-01 6.843076727767810619e-01 -4.366171439569746515e-02 2.593541274318613143e-01
4.114296436309814453e-01 -6.786597967147827148e-01 -2.052085161209106445e+00 6.801118396189238524e-01 6.843076465982979029e-01 -4.366171272539987741e-02 2.593541175101580221e-01
4.114296734333038330e-01 -6.786597967147827148e-01 -2.052084922790527344e+00 6.801118615287923275e-01 6.843076245532617730e-01 -4.366170036389957487e-02 2.593540762902382668e-01
4.114296734333038330e-01 -6.786597371101379395e-01 -2.052084922790527344e+00 6.801118902854935699e-01 6.843076175290223606e-01 -4.366168756284845992e-02 2.593540543692153810e-01
4.114297032356262207e-01 -6.786597371101379395e-01 -2.052084684371948242e+00 6.801119258890269137e-01 6.843076036157126341e-01 -4.366167432224701828e-02 2.593540079273558563e-01
4.114297330379486084e-01 -6.786597371101379395e-01 -2.052084445953369141e+00 6.801119566997753108e-01 6.843075945247560909e-01 -4.366167234426553134e-02 2.593539852230473675e-01
4.114297330379486084e-01 -6.786597371101379395e-01 -2.052084445953369141e+00 6.801119738168571738e-01 6.843075773020788066e-01 -4.366166029045479013e-02 2.593539567857527373e-01
4.114297628402709961e-01 -6.786597371101379395e-01 -2.052084207534790039e+00 6.801120005195040452e-01 6.843075504347045923e-01 -4.366165857620493695e-02 2.593539356480317193e-01
4.114297628402709961e-01 -6.786596775054931641e-01 -2.052084207534790039e+00 6.801120155825350899e-01 6.843075352787514332e-01 -4.366164665426071345e-02 2.593539189489634800e-01
4.114297926425933838e-01 -6.786596775054931641e-01 -2.052084207534790039e+00 6.801120422851802960e-01 6.843075303212444727e-01 -4.366164494001160273e-02 2.593538978112458482e-01
4.114297926425933838e-01 -6.786596775054931641e-01 -2.052083969116210938e+00 6.801120580328936516e-01 6.843075144763867135e-01 -4.366164392904427899e-02 2.593538698961518896e-01
4.114298224449157715e-01 -6.786596775054931641e-01 -2.052083969116210938e+00 6.801120730959234750e-01 6.843074993204368850e-01 -4.366163200710146408e-02 2.593538531970869254e-01
4.114298224449157715e-01 -6.786596775054931641e-01 -2.052083730697631836e+00 6.801120977445169746e-01 6.843074964296542717e-01 -4.366163042471846861e-02 2.593538437975956845e-01
4.114298522472381592e-01 -6.786596775054931641e-01 -2.052083730697631836e+00 6.801121134922289979e-01 6.843075024946598806e-01 -4.366162941375165141e-02 2.593538158825057227e-01
4.114298522472381592e-01 -6.786596775054931641e-01 -2.052083730697631836e+00 6.801121306093069752e-01 6.843074852719926993e-01 -4.366161735994501109e-02 2.593537984001531016e-01
4.114298820495605469e-01 -6.786596179008483887e-01 -2.052083492279052734e+00 6.801121573119476293e-01 6.843074584046346942e-01 -4.366161564569764203e-02 2.593537772624455728e-01
4.114298820495605469e-01 -6.786596179008483887e-01 -2.052083492279052734e+00 6.801121723749752324e-01 6.843074651585485668e-01 -4.366159276882828483e-02 2.593537605633859378e-01
4.114299118518829346e-01 -6.786596179008483887e-01 -2.052083253860473633e+00 6.801122189334221080e-01 6.843074183129076449e-01 -4.366158977988632284e-02 2.593537099440188509e-01
4.114299416542053223e-01 -6.786596179008483887e-01 -2.052083253860473633e+00 6.801122381045463516e-01 6.843074209333849245e-01 -4.366158854914569537e-02 2.593536916783825697e-01
4.114299714565277100e-01 -6.786596179008483887e-01 -2.052083015441894531e+00 6.801122654918658750e-01 6.843074152869865756e-01 -4.366157583601742304e-02 2.593536593246598687e-01
4.114299714565277100e-01 -6.786595582962036133e-01 -2.052083015441894531e+00 6.801122826089399664e-01 6.843073980643292753e-01 -4.366157473714235571e-02 2.593536418423166290e-01
4.114300012588500977e-01 -6.786595582962036133e-01 -2.052082777023315430e+00 6.801123093115746254e-01 6.843073711969867023e-01 -4.366156206797058154e-02 2.593536207046222009e-01
4.114300012588500977e-01 -6.786595582962036133e-01 -2.052082777023315430e+00 6.801123243745988978e-01 6.843073779509043497e-01 -4.366156110096094251e-02 2.593535930506444820e-01
4.114300310611724854e-01 -6.786595582962036133e-01 -2.052082538604736328e+00 6.801123401223057030e-01 6.843073621060632439e-01 -4.366154913507004631e-02 2.593535760904979726e-01
4.114300310611724854e-01 -6.786595582962036133e-01 -2.052082538604736328e+00 6.801123661402552756e-01 6.843073359276325984e-01 -4.366153650985543644e-02 2.593535552139052403e-01
4.114300310611724854e-01 -6.786595582962036133e-01 -2.052082538604736328e+00 6.801123818879610816e-01 6.843073419926457568e-01 -4.366153549889158908e-02 2.593535382537610068e-01
4.114300608634948730e-01 -6.786595582962036133e-01 -2.052082300186157227e+00 6.801124079059090999e-01 6.843073158142189971e-01 -4.366153382860363946e-02 2.593535064222464159e-01
4.114300608634948730e-01 -6.786594986915588379e-01 -2.052082300186157227e+00 6.801124236536140177e-01 6.843072999693832204e-01 -4.366152186271496372e-02 2.593534894621046805e-01
4.114300906658172607e-01 -6.786594986915588379e-01 -2.052082300186157227e+00 6.801124394013184915e-01 6.843073060343981551e-01 -4.366152085175162290e-02 2.593534725019639442e-01
4.114300906658172607e-01 -6.786594986915588379e-01 -2.052082061767578125e+00 6.801124661039470443e-01 6.843073010769200604e-01 -4.366150818258527494e-02 2.593534404093590373e-01
4.114301204681396484e-01 -6.786594986915588379e-01 -2.052082061767578125e+00 6.801124852750644045e-01 6.843072817875586189e-01 -4.366150695184783243e-02 2.593534221437396314e-01
4.114301502704620361e-01 -6.786594986915588379e-01 -2.052081823348999023e+00 6.801125181398356423e-01 6.843072487200856369e-01 -4.366149388708899515e-02 2.593533986561973870e-01
4.114301502704620361e-01 -6.786594390869140625e-01 -2.052081584930419922e+00 6.801125400496822460e-01 6.843072485849526210e-01 -4.366149248053260989e-02 2.593533683912733201e-01
4.114301800727844238e-01 -6.786594390869140625e-01 -2.052081584930419922e+00 6.801125688063548447e-01 6.843072196509196736e-01 -4.366147967950489983e-02 2.593533464703132174e-01
4.114302098751068115e-01 -6.786594390869140625e-01 -2.052081584930419922e+00 6.801125886621518513e-01 6.843071996726609596e-01 -4.366147840481377634e-02 2.593533060337595564e-01
4.114302098751068115e-01 -6.786594390869140625e-01 -2.052081346511840820e+00 6.801126153647746309e-01 6.843071947151939671e-01 -4.366146573565224398e-02 2.593532848960923842e-01
4.114302396774291992e-01 -6.786594390869140625e-01 -2.052081346511840820e+00 6.801126311124746637e-01 6.843072007802141199e-01 -4.366146472469077666e-02 2.593532788908844977e-01
4.114302396774291992e-01 -6.786594390869140625e-01 -2.052081108093261719e+00 6.801126461754918306e-01 6.843071856242965989e-01 -4.366145280276279017e-02 2.593532621918515635e-01
4.114302694797515869e-01 -6.786593794822692871e-01 -2.052081108093261719e+00 6.801126728781122788e-01 6.843071806668329371e-01 -4.366145108852447637e-02 2.593532300992678064e-01
4.114302694797515869e-01 -6.786593794822692871e-01 -2.052081108093261719e+00 6.801126879411284465e-01 6.843071655109179696e-01 -4.366145012151833454e-02 2.593532134002373146e-01
4.114302992820739746e-01 -6.786593794822692871e-01 -2.052080869674682617e+00 6.801127036888268140e-01 6.843071496660987352e-01 -4.366143815563694464e-02 2.593531964401118994e-01
4.114302992820739746e-01 -6.786593794822692871e-01 -2.052080869674682617e+00 6.801127283373974430e-01 6.843071248655143712e-01 -4.366142561834381042e-02 2.593531760857417656e-01
4.114302992820739746e-01 -6.786593794822692871e-01 -2.052080631256103516e+00 6.801127434004125005e-01 6.843071316194425657e-01 -4.366142465133839023e-02 2.593531484317944669e-01
4.114303290843963623e-01 -6.786593794822692871e-01 -2.052080631256103516e+00 6.801127584634271139e-01 6.843071164635317061e-01 -4.366142368433303944e-02 2.593531317327681385e-01
4.114303290843963623e-01 -6.786593794822692871e-01 -2.052080631256103516e+00 6.801127831119957445e-01 6.843070916629525602e-01 -4.366141114704156362e-02 2.593531223333219726e-01
4.114303588867187500e-01 -6.786593198776245117e-01 -2.052080392837524414e+00 6.801127988596920027e-01 6.843070977279773759e-01 -4.366141013608185184e-02 2.593530944182828590e-01
4.114303588867187500e-01 -6.786593198776245117e-01 -2.052080392837524414e+00 6.801128262469888774e-01 6.843070920816194391e-01 -4.366139742297269616e-02 2.593530730195380829e-01
4.114303886890411377e-01 -6.786593198776245117e-01 -2.052080154418945312e+00 6.801128426793664472e-01 6.843070755479034872e-01 -4.366139636805868585e-02 2.593530557983249607e-01
4.114303886890411377e-01 -6.786593198776245117e-01 -2.052080154418945312e+00 6.801128597964259948e-01 6.843070583252840455e-01 -4.366139526919000230e-02 2.593530383160172481e-01
4.114298224449157715e-01 -6.786596179008483887e-01 -2.052079439163208008e+00 6.801136608743315604e-01 6.843079612733402595e-01 -4.366137670694369977e-02 2.593485151962866553e-01
4.114298522472381592e-01 -6.786595582962036133e-01 -2.052079200744628906e+00 6.801137279731218621e-01 6.843079594901785301e-01 -4.366136144448724832e-02 2.593483691054872531e-01
4.114298522472381592e-01 -6.786595582962036133e-01 -2.052079200744628906e+00 6.801137526216554097e-01 6.843079785092538447e-01 -4.366135986212175968e-02 2.593483049317225064e-01
4.114298522472381592e-01 -6.786595582962036133e-01 -2.052078962326049805e+00 6.801137772701880690e-01 6.843079537087158881e-01 -4.366134732485323078e-02 2.593482407579627558e-01
4.114298820495605469e-01 -6.786595582962036133e-01 -2.052078962326049805e+00 6.801138019187198402e-01 6.843079727277917579e-01 -4.366134574248848460e-02 2.593481875391107638e-01
4.114148914813995361e-01 -6.786732077598571777e-01 -2.052066802978515625e+00 6.801022916418777431e-01 6.843162019259837470e-01 -4.369743675124513477e-02 2.593505720527460867e-01
4.114148914813995361e-01 -6.786732077598571777e-01 -2.052066564559936523e+00 6.801023375163081086e-01 6.843161776774936422e-01 -4.369743380375486902e-02 2.593504559631801820e-01
4.114148914813995361e-01 -6.786732077598571777e-01 -2.052066326141357422e+00 6.801023792825777736e-01 6.843161794727945502e-01 -4.369742016513268601e-02 2.593503852605837379e-01
4.114148914813995361e-01 -6.786732077598571777e-01 -2.052066326141357422e+00 6.801024080396800287e-01 6.843161943578646156e-01 -4.369741831745332927e-02 2.593502976087403988e-01
4.114148616790771484e-01 -6.786732077598571777e-01 -2.052066087722778320e+00 6.801024525447167957e-01 6.843161714872572077e-01 -4.369740450286440508e-02 2.593502039515885316e-01
4.114148616790771484e-01 -6.786732077598571777e-01 -2.052065849304199219e+00 6.801025182752273857e-01 6.843161710800130804e-01 -4.369738932451550789e-02 2.593500583799941972e-01
4.113986194133758545e-01 -6.786521673202514648e-01 -2.052094459533691406e+00 6.801005429336740571e-01 6.843169316927589785e-01 -4.368082064554901223e-02 2.593560153385245370e-01
4.113985598087310791e-01 -6.786521673202514648e-01 -2.052094459533691406e+00 6.801005819612749859e-01 6.843169143334342230e-01 -4.368081813892325804e-02 2.593559347246739977e-01
4.113985300064086914e-01 -6.786521673202514648e-01 -2.052094221115112305e+00 6.801006079796744208e-01 6.843169319741941869e-01 -4.368080551272432444e-02 2.593558700269972817e-01
4.113985002040863037e-01 -6.786521077156066895e-01 -2.052094221115112305e+00 6.801006326286834769e-01 6.843169071723730346e-01 -4.368080392959306640e-02 2.593558058515413323e-01
4.113984704017639160e-01 -6.786521077156066895e-01 -2.052094221115112305e+00 6.801006565929970105e-01 6.843169268799520477e-01 -4.368079143532328790e-02 2.593557528923126076e-01
4.113984405994415283e-01 -6.786521077156066895e-01 -2.052093982696533203e+00 6.801006826113935588e-01 6.843169226104842684e-01 -4.368078976424107779e-02 2.593556881946509907e-01
4.113984107971191406e-01 -6.786521077156066895e-01 -2.052093982696533203e+00 6.801007086297891080e-01 6.843169183410178213e-01 -4.368078809315906197e-02 2.593556234969947583e-01
4.113983809947967529e-01 -6.786521077156066895e-01 -2.052093744277954102e+00 6.801007456032968079e-01 6.843169030485251048e-01 -4.368078571846389230e-02 2.593555436665121450e-01
4.113983511924743652e-01 -6.786521077156066895e-01 -2.052093744277954102e+00 6.801007716216900256e-01 6.843168987790620994e-01 -4.368077309226963550e-02 2.593554899239809974e-01
4.113982915878295898e-01 -6.786521077156066895e-01 -2.052093505859375000e+00 6.801008051717217784e-01 6.843169088414949863e-01 -4.368077093745476730e-02 2.593554004439382887e-01
4.113982617855072021e-01 -6.786520481109619141e-01 -2.052093505859375000e+00 6.801008455686966547e-01 6.843168901043152896e-01 -4.368075738777068423e-02 2.593553083528342129e-01
4.113982319831848145e-01 -6.786520481109619141e-01 -2.052093267440795898e+00 6.801008715870859866e-01 6.843169077450794724e-01 -4.368074476157961933e-02 2.593552436552103435e-01
4.113982021808624268e-01 -6.786520481109619141e-01 -2.052093267440795898e+00 6.801008976054743194e-01 6.843168815654007142e-01 -4.368074309050024723e-02 2.593551899127024551e-01
4.113981723785400391e-01 -6.786520481109619141e-01 -2.052093029022216797e+00 6.801009249932504774e-01 6.843168978282881953e-01 -4.368074133146953447e-02 2.593551027826547228e-01
4.113981127738952637e-01 -6.786520481109619141e-01 -2.052093029022216797e+00 6.801009694983842779e-01 6.843168749574871645e-01 -4.368073847304509288e-02 2.593550091249471334e-01
4.113980829715728760e-01 -6.786520481109619141e-01 -2.052092790603637695e+00 6.801009968861574384e-01 6.843168912203762000e-01 -4.368072575890587922e-02 2.593549439051351935e-01
4.113980531692504883e-01 -6.786519885063171387e-01 -2.052092790603637695e+00 6.801010215351523946e-01 6.843168883288022197e-01 -4.368071322067065138e-02 2.593548906848635593e-01
4.113980233669281006e-01 -6.786519885063171387e-01 -2.052092790603637695e+00 6.801010585086432192e-01 6.843168949465514572e-01 -4.368071084598172671e-02 2.593548108544639907e-01
4.113979935646057129e-01 -6.786519885063171387e-01 -2.052092552185058594e+00 6.801010845270243355e-01 6.843168687668875760e-01 -4.368070917490457505e-02 2.593547461568825319e-01
4.113979637622833252e-01 -6.786519885063171387e-01 -2.052092552185058594e+00 6.801011105454045635e-01 6.843168864076555336e-01 -4.368069654872037966e-02 2.593546814593064020e-01
4.113979339599609375e-01 -6.786519885063171387e-01 -2.052092313766479492e+00 6.801011365637836814e-01 6.843168821382096256e-01 -4.368069487764403291e-02 2.593546167617356568e-01
4.113978743553161621e-01 -6.786519885063171387e-01 -2.052092313766479492e+00 6.801011625821619111e-01 6.843168778687650500e-01 -4.368069320656786658e-02 2.593545520641701296e-01
4.113978445529937744e-01 -6.786519885063171387e-01 -2.052092075347900391e+00 6.801011872311508721e-01 6.843168749771982862e-01 -4.368068066833726004e-02 2.593544878888219829e-01
4.113978147506713867e-01 -6.786519289016723633e-01 -2.052092075347900391e+00 6.801012235199385136e-01 6.843168603736831113e-01 -4.368067833762693392e-02 2.593544192746785049e-01
4.113977849483489990e-01 -6.786519289016723633e-01 -2.052092075347900391e+00 6.801012481689252542e-01 6.843168793923294357e-01 -4.368067675450314907e-02 2.593543660544467833e-01
4.113977551460266113e-01 -6.786519289016723633e-01 -2.052091836929321289e+00 6.801012741872991541e-01 6.843168532126807646e-01 -4.368065317321903618e-02 2.593543013569031830e-01
4.113977253437042236e-01 -6.786519289016723633e-01 -2.052091836929321289e+00 6.801012988362841183e-01 6.843168722313278662e-01 -4.368065159009639625e-02 2.593542371815761860e-01
4.113976955413818359e-01 -6.786519289016723633e-01 -2.052091598510742188e+00 6.801013248546560197e-01 6.843168679618909511e-01 -4.368064991902269323e-02 2.593541834391468459e-01
4.113976657390594482e-01 -6.786519289016723633e-01 -2.052091598510742188e+00 6.801013495036390966e-01 6.843168431601244217e-01 -4.368063738079702718e-02 2.593541192638295634e-01
4.113976359367370605e-01 -6.786519289016723633e-01 -2.052091598510742188e+00 6.801013755220092216e-01 6.843168608008967091e-01 -4.368063570972410825e-02 2.593540545663065022e-01
4.113976061344146729e-01 -6.786518692970275879e-01 -2.052091360092163086e+00 6.801014152342562680e-01 6.843168427527074327e-01 -4.368063315913951056e-02 2.593539736915800864e-01
4.113975763320922852e-01 -6.786518692970275879e-01 -2.052091360092163086e+00 6.801014446760931254e-01 6.843168569487918518e-01 -4.368062031308728860e-02 2.593538857783400653e-01
4.113974869251251221e-01 -6.786518692970275879e-01 -2.052091121673583984e+00 6.801014967128249378e-01 6.843168484099334536e-01 -4.368061697094389323e-02 2.593537673384390119e-01
4.113974571228027344e-01 -6.786518692970275879e-01 -2.052090883255004883e+00 6.801015425873089271e-01 6.843168460715181034e-01 -4.368060306948099575e-02 2.593536512485014600e-01
4.113973975181579590e-01 -6.786518692970275879e-01 -2.052090883255004883e+00 6.801015713444464872e-01 6.843168390463432171e-01 -4.368060122250818494e-02 2.593535855065983164e-01
4.113973677158355713e-01 -6.786518096923828125e-01 -2.052090644836425781e+00 6.801016069485199544e-01 6.843168251317961470e-01 -4.368058798068102239e-02 2.593535061985550172e-01
4.113973379135131836e-01 -6.786518096923828125e-01 -2.052090644836425781e+00 6.801016329668801985e-01 6.843168427725723202e-01 -4.368057535451243950e-02 2.593534524561824650e-01
4.113973081111907959e-01 -6.786518096923828125e-01 -2.052090406417846680e+00 6.801016589852393324e-01 6.843168385031515033e-01 -4.368057368344329533e-02 2.593533877587160252e-01
4.113972783088684082e-01 -6.786518096923828125e-01 -2.052090406417846680e+00 6.801016863729848483e-01 6.843168328558574265e-01 -4.368057192442334480e-02 2.593533225390460273e-01
4.113972485065460205e-01 -6.786518096923828125e-01 -2.052090167999267578e+00 6.801017123913419837e-01 6.843168285864393852e-01 -4.368055929825705175e-02 2.593532468864928608e-01
4.113972187042236328e-01 -6.786518096923828125e-01 -2.052090167999267578e+00 6.801017384096981200e-01 6.843168462272168906e-01 -4.368055762718891372e-02 2.593531821890429634e-01
4.113971889019012451e-01 -6.786518096923828125e-01 -2.052089929580688477e+00 6.801017767525370239e-01 6.843168295569334036e-01 -4.368054420946601568e-02 2.593531127917235168e-01
4.113971590995788574e-01 -6.786517500877380371e-01 -2.052089929580688477e+00 6.801018014015036695e-01 6.843168047552012911e-01 -4.368054262634966933e-02 2.593530486164939974e-01
4.113971292972564697e-01 -6.786517500877380371e-01 -2.052089929580688477e+00 6.801018274198564750e-01 6.843168223959806840e-01 -4.368054095528259989e-02 2.593529839190614195e-01
4.113970994949340820e-01 -6.786517500877380371e-01 -2.052089691162109375e+00 6.801018534382081704e-01 6.843168181265693040e-01 -4.368052832912045630e-02 2.593529192216342816e-01
4.113970100879669189e-01 -6.786517500877380371e-01 -2.052089452743530273e+00 6.801019191687766030e-01 6.843167958090157210e-01 -4.368052410747973874e-02 2.593527736496272218e-01
4.113969802856445312e-01 -6.786517500877380371e-01 -2.052089452743530273e+00 6.801019499799784152e-01 6.843168086272402029e-01 -4.368051117349235762e-02 2.593526961693990995e-01
4.113969206809997559e-01 -6.786517500877380371e-01 -2.052089214324951172e+00 6.801019896921919328e-01 6.843167905791029959e-01 -4.368049766782625826e-02 2.593526152948331109e-01
4.113973379135131836e-01 -6.786522269248962402e-01 -2.052089214324951172e+00 6.800975247924148093e-01 6.843161342511815404e-01 -4.367961223146218236e-02 2.593662590972976578e-01
4.113973081111907959e-01 -6.786521673202514648e-01 -2.052089214324951172e+00 6.800975104137606531e-01 6.843161048983651407e-01 -4.367960219977341102e-02 2.593663193566576597e-01
4.113972783088684082e-01 -6.786521673202514648e-01 -2.052088975906372070e+00 6.800974850799406113e-01 6.843161084789987081e-01 -4.367958191651944572e-02 2.593663837939532146e-01
4.113972485065460205e-01 -6.786521673202514648e-01 -2.052088975906372070e+00 6.800974707012855669e-01 6.843161010365126362e-01 -4.367957188482950170e-02 2.593664550084855969e-01
4.113972187042236328e-01 -6.786521673202514648e-01 -2.052088975906372070e+00 6.800974563226301894e-01 6.843160935940266754e-01 -4.367956185313916218e-02 2.593665152678549801e-01
4.113971889019012451e-01 -6.786521673202514648e-01 -2.052088737487792969e+00 6.800974419439744789e-01 6.843160861515407145e-01 -4.367955182144841325e-02 2.593665864823934131e-01
4.113971590995788574e-01 -6.786521673202514648e-01 -2.052088737487792969e+00 6.800974275653185463e-01 6.843160787090545316e-01 -4.367953083459069630e-02 2.593666467417683474e-01
4.113971292972564697e-01 -6.786521673202514648e-01 -2.052088499069213867e+00 6.800974131866622807e-01 6.843160493562349123e-01 -4.367950984773211198e-02 2.593667289114795493e-01
4.113970994949340820e-01 -6.786521673202514648e-01 -2.052088499069213867e+00 6.800973988080056820e-01 6.843160638240824989e-01 -4.367949981603968385e-02 2.593667891708603124e-01
4.113970696926116943e-01 -6.786521673202514648e-01 -2.052088499069213867e+00 6.800973844293488613e-01 6.843160344712617693e-01 -4.367948978434684631e-02 2.593668603854110133e-01
4.113970398902893066e-01 -6.786521673202514648e-01 -2.052088260650634766e+00 6.800973707353896724e-01 6.843160482501650099e-01 -4.367946875351117614e-02 2.593669203836758697e-01
4.113969802856445312e-01 -6.786521673202514648e-01 -2.052088022232055664e+00 6.800973317076043356e-01 6.843160436993714901e-01 -4.367944934974696963e-02 2.593670448192801903e-01
4.113969504833221436e-01 -6.786521673202514648e-01 -2.052088022232055664e+00 6.800973145901539896e-01 6.843160171023300320e-01 -4.367941758361509191e-02 2.593671499438356398e-01
4.113968908786773682e-01 -6.786521673202514648e-01 -2.052087783813476562e+00 6.800972878869305793e-01 6.843160001505216306e-01 -4.367939738829863805e-02 2.593672477689334954e-01
4.113968312740325928e-01 -6.786521673202514648e-01 -2.052087545394897461e+00 6.800972584449137548e-01 6.843159859544943879e-01 -4.367937736888013317e-02 2.593673795040351004e-01
4.113967716693878174e-01 -6.786521673202514648e-01 -2.052087306976318359e+00 6.800972180477258267e-01 6.843159608712539033e-01 -4.367933614271771181e-02 2.593675373274428320e-01
4.113967120647430420e-01 -6.786521673202514648e-01 -2.052087068557739258e+00 6.800971872363096304e-01 6.843159261427765871e-01 -4.367929430090346232e-02 2.593676914951571488e-01
4.113966524600982666e-01 -6.786521673202514648e-01 -2.052087068557739258e+00 6.800971482085138575e-01 6.843159215919852878e-01 -4.367927489712467720e-02 2.593678378411853891e-01
4.113965928554534912e-01 -6.786521673202514648e-01 -2.052086830139160156e+00 6.800971180817927397e-01 6.843158861745604060e-01 -4.367924396650035845e-02 2.593679807926361769e-01
4.113965034484863281e-01 -6.786521673202514648e-01 -2.052086353302001953e+00 6.800970646753293769e-01 6.843158960916284617e-01 -4.367920357584162416e-02 2.593681873981399932e-01
4.113964736461639404e-01 -6.786521673202514648e-01 -2.052086353302001953e+00 6.800970489272688546e-01 6.843158681166883195e-01 -4.367918267691481282e-02 2.593682700901766558e-01
4.113964438438415527e-01 -6.786521673202514648e-01 -2.052086353302001953e+00 6.800970345486045954e-01 6.843158387638559326e-01 -4.367916169003769472e-02 2.593683303496251980e-01
4.113964140415191650e-01 -6.786521673202514648e-01 -2.052086114883422852e+00 6.800970201699400031e-01 6.843158532317150655e-01 -4.367915165833283903e-02 2.593683906090764046e-01
4.113963842391967773e-01 -6.786521673202514648e-01 -2.052086114883422852e+00 6.800970057912751887e-01 6.843158238788816794e-01 -4.367913067145421518e-02 2.593684618237035999e-01
4.113963544368743896e-01 -6.786521673202514648e-01 -2.052085876464843750e+00 6.800969927820066374e-01 6.843158369688503440e-01 -4.367912055179903191e-02 2.593685215609137229e-01
4.113963246345520020e-01 -6.786521673202514648e-01 -2.052085876464843750e+00 6.800969784033411569e-01 6.843158076160160697e-01 -4.367911052009274681e-02 2.593685818203730342e-01
4.113962948322296143e-01 -6.786521673202514648e-01 -2.052085876464843750e+00 6.800969640246754544e-01 6.843158001735288876e-01 -4.367910048838605230e-02 2.593686530350090003e-01
4.113962650299072266e-01 -6.786521673202514648e-01 -2.052085638046264648e+00 6.800969373214382774e-01 6.843158051320660240e-01 -4.367908029304762296e-02 2.593687179946981836e-01
4.113962352275848389e-01 -6.786521673202514648e-01 -2.052085638046264648e+00 6.800969236274699847e-01 6.843157970006334967e-01 -4.367905926219046303e-02 2.593687889482180209e-01
4.113962054252624512e-01 -6.786521673202514648e-01 -2.052085399627685547e+00 6.800969092488030610e-01 6.843157895581466477e-01 -4.367906018565686360e-02 2.593688492076896557e-01
4.113961756229400635e-01 -6.786521673202514648e-01 -2.052085399627685547e+00 6.800968948701359151e-01 6.843157821156597986e-01 -4.367903919877303559e-02 2.593689204223390554e-01
4.113961458206176758e-01 -6.786521673202514648e-01 -2.052085161209106445e+00 6.800968804914683252e-01 6.843157527628223047e-01 -4.367901821188834716e-02 2.593689916369916748e-01
4.113961160182952881e-01 -6.786521673202514648e-01 -2.052085161209106445e+00 6.800968661128005133e-01 6.843157672306861006e-01 -4.367900818017839137e-02 2.593690518964717473e-01
4.113960862159729004e-01 -6.786521673202514648e-01 -2.052085161209106445e+00 6.800968517341323683e-01 6.843157378778476074e-01 -4.367898719329219026e-02 2.593691121559544843e-01
4.113960564136505127e-01 -6.786521673202514648e-01 -2.052084922790527344e+00 6.800968373554640012e-01 6.843157523457124025e-01 -4.367897716158118671e-02 2.593691833706159300e-01
4.113959968090057373e-01 -6.786521673202514648e-01 -2.052084684371948242e+00 6.800967976429495021e-01 6.843157484838751081e-01 -4.367895780175002490e-02 2.593693080675836815e-01
4.113959670066833496e-01 -6.786521673202514648e-01 -2.052084684371948242e+00 6.800967812101842425e-01 6.843157211978728727e-01 -4.367892599160722034e-02 2.593694238863363810e-01
4.113959074020385742e-01 -6.786521673202514648e-01 -2.052084445953369141e+00 6.800967538222413289e-01 6.843157049350067078e-01 -4.367889488505401208e-02 2.593695329279101514e-01
4.113958775997161865e-01 -6.786521673202514648e-01 -2.052084445953369141e+00 6.800967264342971941e-01 6.843156886721404319e-01 -4.367888568885408551e-02 2.593696200591374401e-01
4.113958477973937988e-01 -6.786521673202514648e-01 -2.052084207534790039e+00 6.800967127403247936e-01 6.843156805407071275e-01 -4.367886465798675316e-02 2.593696910126990773e-01
4.113958179950714111e-01 -6.786521673202514648e-01 -2.052084207534790039e+00 6.800966983616534289e-01 6.843156730982200564e-01 -4.367885462627130178e-02 2.593697512722101250e-01
4.113957881927490234e-01 -6.786521673202514648e-01 -2.052083969116210938e+00 6.800966839829817312e-01 6.843156656557329853e-01 -4.367884459455545487e-02 2.593698224869024349e-01
4.113957583904266357e-01 -6.786521673202514648e-01 -2.052083969116210938e+00 6.800966689196110693e-01 6.843156369918345083e-01 -4.367882365163480718e-02 2.593698939627228084e-01
4.113957285881042480e-01 -6.786521673202514648e-01 -2.052083730697631836e+00 6.800966545409387054e-01 6.843156295493469932e-01 -4.367880266473889161e-02 2.593699651774215020e-01
4.113956987857818604e-01 -6.786521673202514648e-01 -2.052083730697631836e+00 6.800966285223880581e-01 6.843156338189456678e-01 -4.367879338058544558e-02 2.593700408312506478e-01
4.113956689834594727e-01 -6.786521673202514648e-01 -2.052083730697631836e+00 6.800966141437149171e-01 6.843156263764584857e-01 -4.367878334886736436e-02 2.593701010907772941e-01
4.113956391811370850e-01 -6.786521673202514648e-01 -2.052083492279052734e+00 6.800965997650414430e-01 6.843156189339711926e-01 -4.367876236196897854e-02 2.593701723054864794e-01
4.113956093788146973e-01 -6.786521673202514648e-01 -2.052083492279052734e+00 6.800965860710664890e-01 6.843155888921773622e-01 -4.367874133109540813e-02 2.593702432590733742e-01
4.113955795764923096e-01 -6.786521673202514648e-01 -2.052083253860473633e+00 6.800965710076936066e-01 6.843156040489967173e-01 -4.367873134334996493e-02 2.593703256900946053e-01
4.113953411579132080e-01 -6.786525249481201172e-01 -2.052082538604736328e+00 6.800972392733671823e-01 6.843165310931055290e-01 -4.367868842449199041e-02 2.593661269709476858e-01
4.113953113555908203e-01 -6.786525249481201172e-01 -2.052082300186157227e+00 6.800972214712164288e-01 6.843165051850209624e-01 -4.367866765748081720e-02 2.593661556704269233e-01
4.113952815532684326e-01 -6.786525249481201172e-01 -2.052082300186157227e+00 6.800972159936313766e-01 6.843165106965886091e-01 -4.367865705410410582e-02 2.593661906249031257e-01
4.113952219486236572e-01 -6.786525845527648926e-01 -2.052082061767578125e+00 6.800971995608762199e-01 6.843165272312923264e-01 -4.367863619914318790e-02 2.593662188021435555e-01
4.113951921463012695e-01 -6.786525845527648926e-01 -2.052082061767578125e+00 6.800971947679892438e-01 6.843165101435738640e-01 -4.367862555179177070e-02 2.593662425403302496e-01
4.113951623439788818e-01 -6.786525845527648926e-01 -2.052081823348999023e+00 6.800971783352336431e-01 6.843165266782784695e-01 -4.367860469682947194e-02 2.593662816727435039e-01
4.113951325416564941e-01 -6.786525845527648926e-01 -2.052081823348999023e+00 6.800971714882519947e-01 6.843165335677391381e-01 -4.367858322622909101e-02 2.593663061942943493e-01
4.113951027393341064e-01 -6.786525845527648926e-01 -2.052081584930419922e+00 6.800971673800629835e-01 6.843165157910741092e-01 -4.367857253490280839e-02 2.593663187161909800e-01
4.113950729370117188e-01 -6.786525845527648926e-01 -2.052081584930419922e+00 6.800971516320047927e-01 6.843165316368341466e-01 -4.367856259113539474e-02 2.593663466323159472e-01
4.113950133323669434e-01 -6.786525845527648926e-01 -2.052081346511840820e+00 6.800971461544192964e-01 6.843165371484031256e-01 -4.367853007741458876e-02 2.593663815867974232e-01
4.113949835300445557e-01 -6.786525845527648926e-01 -2.052081346511840820e+00 6.800971297216624745e-01 6.843165536831108398e-01 -4.367852017761993111e-02 2.593664097640460131e-01
4.113949537277221680e-01 -6.786525845527648926e-01 -2.052081108093261719e+00 6.800971256134731302e-01 6.843165139961022714e-01 -4.367850948629262847e-02 2.593664222859441426e-01
4.113949239253997803e-01 -6.786525845527648926e-01 -2.052081108093261719e+00 6.800971071266211920e-01 6.843165325976490188e-01 -4.367848876324748053e-02 2.593664731569016446e-01
4.113948941230773926e-01 -6.786526441574096680e-01 -2.052080869674682617e+00 6.800971016490352516e-01 6.843165161988751244e-01 -4.367846720469579364e-02 2.593664971562148480e-01
4.113948643207550049e-01 -6.786526441574096680e-01 -2.052080869674682617e+00 6.800970961714493113e-01 6.843165217104447695e-01 -4.367844564614375980e-02 2.593665102003565037e-01
4.113948345184326172e-01 -6.786526441574096680e-01 -2.052080631256103516e+00 6.800970811080877532e-01 6.843165368672620152e-01 -4.367843565839853170e-02 2.593665378553681733e-01
4.113947749137878418e-01 -6.786526441574096680e-01 -2.052080631256103516e+00 6.800970756305017018e-01 6.843165423788322155e-01 -4.367841409984559581e-02 2.593665728098550893e-01
4.113947451114654541e-01 -6.786526441574096680e-01 -2.052080392837524414e+00 6.800970598824414015e-01 6.843165363142521551e-01 -4.367841511124578857e-02 2.593665897708180013e-01
4.113947153091430664e-01 -6.786526441574096680e-01 -2.052080392837524414e+00 6.800970557742517242e-01 6.843165404479299996e-01 -4.367839346474423207e-02 2.593666132478911757e-01
4.113946855068206787e-01 -6.786526441574096680e-01 -2.052080154418945312e+00 6.800970502966654507e-01 6.843165459595006439e-01 -4.367837190619017207e-02 2.593666372472074322e-01
4.113946557044982910e-01 -6.786526441574096680e-01 -2.052080154418945312e+00 6.800970352333028934e-01 6.843165392059746832e-01 -4.367836191844269578e-02 2.593666649022241533e-01
4.113946259021759033e-01 -6.786526441574096680e-01 -2.052080154418945312e+00 6.800970297557163979e-01 6.843165228071996786e-01 -4.367834035988774760e-02 2.593666889015416310e-01
4.113945960998535156e-01 -6.786526441574096680e-01 -2.052079916000366211e+00 6.800970263322249076e-01 6.843165262519314007e-01 -4.367834057975700235e-02 2.593667011623219665e-01
4.113945662975311279e-01 -6.786526441574096680e-01 -2.052079916000366211e+00 6.800970098994651991e-01 6.843165427866446660e-01 -4.367831972478291441e-02 2.593667293395843232e-01
4.113945662975311279e-01 -6.786527037620544434e-01 -2.052079677581787109e+00 6.800970057912751887e-01 6.843165250099764174e-01 -4.367829807827920685e-02 2.593667528166601621e-01
4.113945364952087402e-01 -6.786527037620544434e-01 -2.052079677581787109e+00 6.800970016830851783e-01 6.843165291436549280e-01 -4.367829834212207801e-02 2.593667762937363341e-01
4.113945066928863525e-01 -6.786527037620544434e-01 -2.052079439163208008e+00 6.800969852503248037e-01 6.843165456783695255e-01 -4.367827748714625535e-02 2.593667935158280868e-01
4.113944768905639648e-01 -6.786527037620544434e-01 -2.052079439163208008e+00 6.800969818268329803e-01 6.843165491231019137e-01 -4.367825579666775176e-02 2.593668167317836337e-01
4.113944172859191895e-01 -6.786527037620544434e-01 -2.052079200744628906e+00 6.800969653940721615e-01 6.843165437474698631e-01 -4.367824589686432335e-02 2.593668558642250321e-01
4.113943874835968018e-01 -6.786527037620544434e-01 -2.052079200744628906e+00 6.800969599164852220e-01 6.843165492590418397e-01 -4.367822433830625267e-02 2.593668689083725720e-01
4.113943576812744141e-01 -6.786527037620544434e-01 -2.052079200744628906e+00 6.800969558082948785e-01 6.843165533927210165e-01 -4.367821364697456465e-02 2.593668923854511310e-01
4.113943278789520264e-01 -6.786527037620544434e-01 -2.052078962326049805e+00 6.800969400602318027e-01 6.843165473281430655e-01 -4.367820370319605572e-02 2.593669093464255337e-01
4.113942980766296387e-01 -6.786527037620544434e-01 -2.052078962326049805e+00 6.800969359520414592e-01 6.843165295514733737e-01 -4.367818205668944770e-02 2.593669437786795262e-01
4.113942980766296387e-01 -6.786527037620544434e-01 -2.052078723907470703e+00 6.800969318438510047e-01 6.843165336851527725e-01 -4.367817136535712824e-02 2.593669563005848167e-01
4.113942682743072510e-01 -6.786527037620544434e-01 -2.052078723907470703e+00 6.800969167804857829e-01 6.843165488419775677e-01 -4.367816137760364981e-02 2.593669839556144718e-01
4.113942384719848633e-01 -6.786527037620544434e-01 -2.052078723907470703e+00 6.800969126722952174e-01 6.843165310653075428e-01 -4.367815068627091402e-02 2.593669964775204284e-01
4.113942086696624756e-01 -6.786527037620544434e-01 -2.052078485488891602e+00 6.800969071947078337e-01 6.843165365768804076e-01 -4.367814008288537636e-02 2.593670314320202230e-01
4.113941788673400879e-01 -6.786527633666992188e-01 -2.052078485488891602e+00 6.800968928160405769e-01 6.843165510447597466e-01 -4.367811909598203618e-02 2.593670478707555405e-01
4.113941490650177002e-01 -6.786527633666992188e-01 -2.052078247070312500e+00 6.800968887078497893e-01 6.843165551784398115e-01 -4.367810840464868283e-02 2.593670713478377077e-01
4.113941192626953125e-01 -6.786527633666992188e-01 -2.052078247070312500e+00 6.800968845996591128e-01 6.843165374017691205e-01 -4.367809771331519070e-02 2.593670838697447745e-01
4.113940894603729248e-01 -6.786527633666992188e-01 -2.052078247070312500e+00 6.800968695362928917e-01 6.843165525585961362e-01 -4.367807677038389180e-02 2.593671005696039367e-01
4.113940596580505371e-01 -6.786527633666992188e-01 -2.052078008651733398e+00 6.800968640587050640e-01 6.843165580701698891e-01 -4.367806616699711902e-02 2.593671355241069509e-01
4.113940298557281494e-01 -6.786527633666992188e-01 -2.052078008651733398e+00 6.800968606352126855e-01 6.843165615149034986e-01 -4.367805543168941373e-02 2.593671477848928375e-01
4.113940000534057617e-01 -6.786527633666992188e-01 -2.052077770233154297e+00 6.800968455718459094e-01 6.843165547613803135e-01 -4.367803448875647726e-02 2.593671754399302087e-01
4.113939702510833740e-01 -6.786527633666992188e-01 -2.052077770233154297e+00 6.800968414636550108e-01 6.843165369847088453e-01 -4.367803475259787738e-02 2.593671879618387743e-01
4.113939404487609863e-01 -6.786527633666992188e-01 -2.052077531814575195e+00 6.800968359860669610e-01 6.843165424962828203e-01 -4.367801319403424865e-02 2.593672229163440091e-01
4.113938808441162109e-01 -6.786527633666992188e-01 -2.052077531814575195e+00 6.800968161298099890e-01 6.843165405653870437e-01 -4.367798160373794619e-02 2.593672633544160111e-01
4.113938510417938232e-01 -6.786527633666992188e-01 -2.052077293395996094e+00 6.800968120216188684e-01 6.843165446990678857e-01 -4.367795995722609931e-02 2.593672868315021751e-01
4.113938212394714355e-01 -6.786528229713439941e-01 -2.052077293395996094e+00 6.800967955888539418e-01 6.843165612337920312e-01 -4.367796101259006220e-02 2.593673150087895674e-01
4.113937914371490479e-01 -6.786528229713439941e-01 -2.052077054977416992e+00 6.800967914806625991e-01 6.843165434571196748e-01 -4.367793936607745203e-02 2.593673384858768971e-01
4.113937616348266602e-01 -6.786528229713439941e-01 -2.052077054977416992e+00 6.800967750478972285e-01 6.843165599918448194e-01 -4.367792946626390671e-02 2.593673666631665098e-01
4.113937318325042725e-01 -6.786528229713439941e-01 -2.052076816558837891e+00 6.800967702550072547e-01 6.843165648144731161e-01 -4.367790786372390682e-02 2.593673794462000859e-01
4.113937020301818848e-01 -6.786528229713439941e-01 -2.052076816558837891e+00 6.800967647774186498e-01 6.843165703260485344e-01 -4.367788630515703069e-02 2.593674144007107052e-01
4.113936722278594971e-01 -6.786528229713439941e-01 -2.052076578140258789e+00 6.800967497140497642e-01 6.843165416621717068e-01 -4.367787631739501741e-02 2.593674420557586791e-01
4.113936424255371094e-01 -6.786528229713439941e-01 -2.052076578140258789e+00 6.800967442364610482e-01 6.843165471737472361e-01 -4.367785475882724616e-02 2.593674550999157669e-01
4.113936126232147217e-01 -6.786528229713439941e-01 -2.052076339721679688e+00 6.800967401282693725e-01 6.843165513074290773e-01 -4.367785502266764708e-02 2.593674785770058167e-01
4.113935828208923340e-01 -6.786528229713439941e-01 -2.052076339721679688e+00 6.800967230108041495e-01 6.843165466207480341e-01 -4.367783421164687929e-02 2.593675179706018685e-01
4.113935530185699463e-01 -6.786528229713439941e-01 -2.052076339721679688e+00 6.800967189026123627e-01 6.843165507544300974e-01 -4.367782352030919607e-02 2.593675304925150971e-01
4.113935232162475586e-01 -6.786528229713439941e-01 -2.052076101303100586e+00 6.800967024698452157e-01 6.843165672891589058e-01 -4.367780266531366695e-02 2.593675586698130919e-01
4.113934934139251709e-01 -6.786528825759887695e-01 -2.052076101303100586e+00 6.800966983616534289e-01 6.843165714228413021e-01 -4.367778101879716407e-02 2.593675821469052512e-01
4.113934636116027832e-01 -6.786528825759887695e-01 -2.052075862884521484e+00 6.800966949381601623e-01 6.843165529572199368e-01 -4.367778123866382367e-02 2.593676053628751199e-01
4.113933742046356201e-01 -6.786528825759887695e-01 -2.052075624465942383e+00 6.800966716584057048e-01 6.843165763814212932e-01 -4.367773891304223971e-02 2.593676580617604865e-01
4.113933444023132324e-01 -6.786528825759887695e-01 -2.052075386047363281e+00 6.800966524868427010e-01 6.843165518512254186e-01 -4.367770727875733977e-02 2.593677091939130541e-01
4.113933145999908447e-01 -6.786528825759887695e-01 -2.052075386047363281e+00 6.800966476939518390e-01 6.843165566738554917e-01 -4.367769663139105946e-02 2.593677219769516817e-01
4.113932847976684570e-01 -6.786528825759887695e-01 -2.052075147628784180e+00 6.800966312611829157e-01 6.843165732085879638e-01 -4.367767577639039556e-02 2.593677501542578923e-01
4.113932549953460693e-01 -6.786528825759887695e-01 -2.052075147628784180e+00 6.800966271529906848e-01 6.843165554319123878e-01 -4.367766508505033923e-02 2.593677845865333120e-01
4.113931953907012939e-01 -6.786528825759887695e-01 -2.052074909210205078e+00 6.800966216754008586e-01 6.843165609434900265e-01 -4.367765448165659981e-02 2.593677976306958954e-01
4.113931655883789062e-01 -6.786528825759887695e-01 -2.052074909210205078e+00 6.800966052426313802e-01 6.843165774782238309e-01 -4.367763362665415261e-02 2.593678258080052701e-01
4.113931655883789062e-01 -6.786528825759887695e-01 -2.052074909210205078e+00 6.800966018191376694e-01 6.843165590126004671e-01 -4.367762289134026477e-02 2.593678380687998164e-01
4.113931357860565186e-01 -6.786529421806335449e-01 -2.052074670791625977e+00 6.800965977109452165e-01 6.843165631462840848e-01 -4.367760124481951528e-02 2.593678725010773456e-01
4.114140570163726807e-01 -6.786626577377319336e-01 -2.052109241485595703e+00 6.801083121208947313e-01 6.842754826054728845e-01 -4.365365721096482743e-02 2.594495441593374085e-01
4.114140570163726807e-01 -6.786627173423767090e-01 -2.052109241485595703e+00 6.801083436164937490e-01 6.842754290069135159e-01 -4.365365518937797812e-02 2.594496088292474467e-01
4.114140272140502930e-01 -6.786627173423767090e-01 -2.052109003067016602e+00 6.801083662111617745e-01 6.842753843638259559e-01 -4.365365373910931601e-02 2.594496878496942438e-01
4.114139974117279053e-01 -6.786627173423767090e-01 -2.052109003067016602e+00 6.801083949680108987e-01 6.842753335208052734e-01 -4.365366284830295152e-02 2.594497426093889114e-01
4.114139974117279053e-01 -6.786627173423767090e-01 -2.052109003067016602e+00 6.801084264636061416e-01 6.842752799222631133e-01 -4.365366082671633119e-02 2.594498182342727111e-01
4.114139676094055176e-01 -6.786627173423767090e-01 -2.052108764648437500e+00 6.801084976710334296e-01 6.842751425486438555e-01 -4.365365625617370626e-02 2.594499553946746362e-01
4.114139378070831299e-01 -6.786627173423767090e-01 -2.052108764648437500e+00 6.801085202656963480e-01 6.842750979055810534e-01 -4.365365480590566866e-02 2.594500344150940108e-01
4.114139378070831299e-01 -6.786627173423767090e-01 -2.052108526229858398e+00 6.801085503919123143e-01 6.842750456848281093e-01 -4.365366382720257954e-02 2.594501105623457371e-01
4.114139080047607422e-01 -6.786627769470214844e-01 -2.052108526229858398e+00 6.801085805181269484e-01 6.842749934640811604e-01 -4.365366189351186504e-02 2.594501647996174110e-01
4.114138782024383545e-01 -6.786627769470214844e-01 -2.052108526229858398e+00 6.801086106443403612e-01 6.842749193333672597e-01 -4.365365995982140035e-02 2.594502409468576465e-01
4.114138782024383545e-01 -6.786627769470214844e-01 -2.052108287811279297e+00 6.801086414552389714e-01 6.842748883337241850e-01 -4.365365798218370091e-02 2.594502949229230415e-01
4.114138484001159668e-01 -6.786627769470214844e-01 -2.052108287811279297e+00 6.801086708967629679e-01 6.842748148919051143e-01 -4.365366704742671550e-02 2.594503603763630428e-01
4.114012420177459717e-01 -6.786964535713195801e-01 -2.052143573760986328e+00 6.801190958548969379e-01 6.842779978466270174e-01 -4.367191688795489524e-02 2.594115800305942798e-01
4.114012420177459717e-01 -6.786965131759643555e-01 -2.052143573760986328e+00 6.801191239266163313e-01 6.842779476936170502e-01 -4.367192604022628738e-02 2.594116350523591463e-01
