drift steamvr; 20211015-231623; x y z w i j k;  frequency = 10 duration = 6.0 sys.args = ['.\\drift.py']
5.775255709886550903e-02 -5.305014252662658691e-01 -1.675240755081176758e+00 1.721114163660795449e-01 2.040933201642206873e-01 -6.947263188070247342e-01 6.678904615355760743e-01
5.768083035945892334e-02 -5.304312705993652344e-01 -1.675149679183959961e+00 1.723669851407641229e-01 2.041933957620573337e-01 -6.947054776023499079e-01 6.678157897259142661e-01
5.774633213877677917e-02 -5.304324626922607422e-01 -1.675217986106872559e+00 1.721966683846799795e-01 2.041759053655482214e-01 -6.947033635066302004e-01 6.678672061637302981e-01
5.766503885388374329e-02 -5.304315090179443359e-01 -1.675068616867065430e+00 1.721104707631065933e-01 2.041596355114431161e-01 -6.947303900725925185e-01 6.678662038795307732e-01
5.775378644466400146e-02 -5.303928256034851074e-01 -1.675292611122131348e+00 1.722434589177108955e-01 2.040628231450586083e-01 -6.947097623896859586e-01 6.678830633941115202e-01
5.775455385446548462e-02 -5.304805040359497070e-01 -1.675212860107421875e+00 1.722069766427535842e-01 2.040794892499515900e-01 -6.946661269304434949e-01 6.679324002854051257e-01
5.780907720327377319e-02 -5.304532647132873535e-01 -1.675289392471313477e+00 1.722279482033232390e-01 2.040923619627361130e-01 -6.946482036602138477e-01 6.679419416583038949e-01
5.775742232799530029e-02 -5.304543972015380859e-01 -1.675136923789978027e+00 1.720049255938135013e-01 2.042026974254804172e-01 -6.946386335375462906e-01 6.679756642663745581e-01
5.771414563059806824e-02 -5.304344892501831055e-01 -1.675209164619445801e+00 1.720787569110794890e-01 2.041198458839511010e-01 -6.946077028032217049e-01 6.680141433677241336e-01
5.777972564101219177e-02 -5.303860902786254883e-01 -1.675265073776245117e+00 1.722353765958095639e-01 2.041487063468147567e-01 -6.945326036782183410e-01 6.680430217326080999e-01
5.771388486027717590e-02 -5.303992033004760742e-01 -1.675189256668090820e+00 1.722741031398596634e-01 2.041011710772499266e-01 -6.945805538899483267e-01 6.679976824157916049e-01
5.772936716675758362e-02 -5.304070711135864258e-01 -1.675209999084472656e+00 1.722870514967294320e-01 2.040851397849026416e-01 -6.945794409378592826e-01 6.680002917191024681e-01
5.771950259804725647e-02 -5.304262638092041016e-01 -1.675288558006286621e+00 1.721648770972721842e-01 2.040842129056124887e-01 -6.945544683106963380e-01 6.680581503971787516e-01
5.775676667690277100e-02 -5.304005146026611328e-01 -1.675372719764709473e+00 1.723178541605044356e-01 2.039604542120427300e-01 -6.946008564585028910e-01 6.680084716238394726e-01
5.771903693675994873e-02 -5.304076075553894043e-01 -1.675284981727600098e+00 1.725899985663924829e-01 2.038803328325198005e-01 -6.946611084130575042e-01 6.678999784168663245e-01
5.778773128986358643e-02 -5.304260253906250000e-01 -1.675130605697631836e+00 1.725568521926637011e-01 2.039290815347222230e-01 -6.946328294920706137e-01 6.679230459798763953e-01
5.773331969976425171e-02 -5.304248929023742676e-01 -1.675309777259826660e+00 1.726677342733801968e-01 2.038827842818993485e-01 -6.946617608984451131e-01 6.678781212631956787e-01
5.771263316273689270e-02 -5.304639935493469238e-01 -1.675275683403015137e+00 1.725300894868185275e-01 2.039552736086996942e-01 -6.946331540935870574e-01 6.679213758006815604e-01
5.774228274822235107e-02 -5.304724574089050293e-01 -1.675286412239074707e+00 1.724682682699874015e-01 2.040644963008598212e-01 -6.946557462875776467e-01 6.678807013131738968e-01
5.776619911193847656e-02 -5.304352641105651855e-01 -1.675152659416198730e+00 1.722321267980096160e-01 2.040623202039676398e-01 -6.946782648425315898e-01 6.679187717526741119e-01
5.774848908185958862e-02 -5.304167866706848145e-01 -1.675248980522155762e+00 1.722476344326785147e-01 2.041389363567694126e-01 -6.946860116933419871e-01 6.678833153349972296e-01
5.772403255105018616e-02 -5.304397344589233398e-01 -1.675364613533020020e+00 1.722906759433291413e-01 2.039479136679555604e-01 -6.946828103182572933e-01 6.679338216891413937e-01
5.773859843611717224e-02 -5.304183959960937500e-01 -1.675233125686645508e+00 1.725074324678165516e-01 2.038644116509736870e-01 -6.946830378397516048e-01 6.679033874741160393e-01
5.775813013315200806e-02 -5.304063558578491211e-01 -1.675330042839050293e+00 1.726263702222181617e-01 2.038720768604244116e-01 -6.946189671964815293e-01 6.679368155491457459e-01
5.770682543516159058e-02 -5.304003357887268066e-01 -1.675164461135864258e+00 1.726105405102205392e-01 2.038492496202017890e-01 -6.947220509457029403e-01 6.678406293877708899e-01
5.774868652224540710e-02 -5.303700566291809082e-01 -1.675288796424865723e+00 1.726077833805857997e-01 2.038172833041302923e-01 -6.947123425706787092e-01 6.678611224474096941e-01
5.774652957916259766e-02 -5.304162502288818359e-01 -1.675214886665344238e+00 1.724131069084269829e-01 2.039804381260450217e-01 -6.947811401361417838e-01 6.677901416521035971e-01
5.773241445422172546e-02 -5.303951501846313477e-01 -1.675419926643371582e+00 1.725801583952157048e-01 2.039599962916523179e-01 -6.947015584312008496e-01 6.678357761466534592e-01
5.771139264106750488e-02 -5.304584503173828125e-01 -1.675136089324951172e+00 1.724822185148120746e-01 2.039698065368686086e-01 -6.947181312382065821e-01 6.678411705088509454e-01
5.775260180234909058e-02 -5.304160118103027344e-01 -1.675191283226013184e+00 1.725487872490749919e-01 2.038970744596009521e-01 -6.947056048025909147e-01 6.678588811078556287e-01
5.772851407527923584e-02 -5.303862094879150391e-01 -1.675304174423217773e+00 1.725186290887966434e-01 2.039398006040681888e-01 -6.947005087838147297e-01 6.678590088250794254e-01
5.771552026271820068e-02 -5.303624868392944336e-01 -1.675219058990478516e+00 1.724715838164941617e-01 2.039464419593017552e-01 -6.947832153900460606e-01 6.677832247365189655e-01
5.776369571685791016e-02 -5.304912924766540527e-01 -1.675105810165405273e+00 1.724473326858552980e-01 2.039530018435518621e-01 -6.947630320569382345e-01 6.678085358782500647e-01
5.772943049669265747e-02 -5.303656458854675293e-01 -1.675115108489990234e+00 1.726270931532716546e-01 2.038960832252007804e-01 -6.947189300523450850e-01 6.678252282447951771e-01
5.773834884166717529e-02 -5.304445624351501465e-01 -1.675089359283447266e+00 1.724782957130852057e-01 2.039349633264146144e-01 -6.946657881339950436e-01 6.679071272328344078e-01
5.775668099522590637e-02 -5.303857326507568359e-01 -1.675098180770874023e+00 1.723339634024861899e-01 2.039997536940514888e-01 -6.946689996936959988e-01 6.679213960520017368e-01
5.771720781922340393e-02 -5.304335355758666992e-01 -1.675109624862670898e+00 1.722115383637845831e-01 2.040852455198584603e-01 -6.946350224535924323e-01 6.679620653738004288e-01
5.775941908359527588e-02 -5.303354859352111816e-01 -1.675222158432006836e+00 1.723049810870152798e-01 2.040853506031626297e-01 -6.946881540551228529e-01 6.678828329319386192e-01
5.777560174465179443e-02 -5.304666757583618164e-01 -1.675176739692687988e+00 1.722153982911996117e-01 2.040525502343145670e-01 -6.946410200221676545e-01 6.679648536160334160e-01
5.772315710783004761e-02 -5.303789973258972168e-01 -1.675178289413452148e+00 1.723273891004717950e-01 2.040788741057733002e-01 -6.946476726080800246e-01 6.679208444051456528e-01
5.774181336164474487e-02 -5.303615927696228027e-01 -1.675084471702575684e+00 1.724082601717693841e-01 2.040363879634305155e-01 -6.947154847216651108e-01 6.678427192932331335e-01
5.771847069263458252e-02 -5.303208231925964355e-01 -1.675116181373596191e+00 1.725485025336207512e-01 2.040367083903512624e-01 -6.947237099087228973e-01 6.677978044473218411e-01
5.771172791719436646e-02 -5.303169488906860352e-01 -1.675091505050659180e+00 1.724805595018443771e-01 2.040097814737500126e-01 -6.946770757330875679e-01 6.678719948747521284e-01
5.775121971964836121e-02 -5.304402112960815430e-01 -1.675084948539733887e+00 1.723136222453960087e-01 2.040428602482641240e-01 -6.946221419846517753e-01 6.679620303521064395e-01
5.769567191600799561e-02 -5.303654670715332031e-01 -1.675146937370300293e+00 1.723155287819569115e-01 2.041484382711171441e-01 -6.945950156435516387e-01 6.679575097975717357e-01
5.773762241005897522e-02 -5.304188132286071777e-01 -1.675135850906372070e+00 1.723615008686392447e-01 2.040434130252969658e-01 -6.945622083414741965e-01 6.680119275010111268e-01
5.776652693748474121e-02 -5.303850173950195312e-01 -1.675300717353820801e+00 1.724301632590326538e-01 2.040971478540956063e-01 -6.945433471121370550e-01 6.679973517531541116e-01
5.772980675101280212e-02 -5.304073691368103027e-01 -1.675166964530944824e+00 1.723086754210483573e-01 2.040848665462661471e-01 -6.945818564116381655e-01 6.679924330454689585e-01
5.776416510343551636e-02 -5.304504036903381348e-01 -1.675270795822143555e+00 1.722844905535528826e-01 2.042107320293834183e-01 -6.946031123310500988e-01 6.679380062083707381e-01
5.772487074136734009e-02 -5.304207801818847656e-01 -1.675054907798767090e+00 1.721712953264521451e-01 2.040877697734539420e-01 -6.946263763623259369e-01 6.679807006818860859e-01
5.773004889488220215e-02 -5.304463505744934082e-01 -1.675037860870361328e+00 1.720978500509197928e-01 2.040931305976393106e-01 -6.945959855045180653e-01 6.680294147235809055e-01
5.773489177227020264e-02 -5.303733348846435547e-01 -1.675094246864318848e+00 1.720989959507586153e-01 2.040156636089378583e-01 -6.945957656261168012e-01 6.680530851539430159e-01
5.766310170292854309e-02 -5.304656624794006348e-01 -1.675082445144653320e+00 1.721732264282303526e-01 2.040747488276909716e-01 -6.946274889785625239e-01 6.679829830412375991e-01
5.767473950982093811e-02 -5.304281711578369141e-01 -1.675219893455505371e+00 1.724087274306667361e-01 2.038665200394985111e-01 -6.946534039272506122e-01 6.679587880449073811e-01
5.772009119391441345e-02 -5.303240418434143066e-01 -1.675218701362609863e+00 1.724649297094479616e-01 2.038935707183013313e-01 -6.945713657151145748e-01 6.680215469293978581e-01
5.772663280367851257e-02 -5.304322242736816406e-01 -1.675067305564880371e+00 1.723505844864681447e-01 2.040094763055091409e-01 -6.945923511272651396e-01 6.679938307734863967e-01
5.776831135153770447e-02 -5.303437113761901855e-01 -1.675215005874633789e+00 1.724523038852364132e-01 2.039872156384648638e-01 -6.945813847519166639e-01 6.679856245772956003e-01
5.772639065980911255e-02 -5.303673148155212402e-01 -1.675112485885620117e+00 1.725713578875145426e-01 2.040681432415169250e-01 -6.944862207946892463e-01 6.680292206163408464e-01
5.772991105914115906e-02 -5.304208397865295410e-01 -1.675041556358337402e+00 1.724688352653574730e-01 2.040703053704427394e-01 -6.945047966487422064e-01 6.680357412971866804e-01
5.773451179265975952e-02 -5.303217172622680664e-01 -1.675084829330444336e+00 1.723782016899068348e-01 2.040526032617227259e-01 -6.945260034783000691e-01 6.680422423333416404e-01
