repeatability steamvr; 20211020-214721; x y z w i j k;  frequency = 150 duration = 2 sys.args = ['.\\repeatability.py']
9.316064417362213135e-02 -3.829936385154724121e-01 -1.687918186187744141e+00 5.618765317921979863e-01 4.343355277603732634e-01 -3.902762765172134163e-01 5.859451449539035961e-01
9.314286708831787109e-02 -3.829930424690246582e-01 -1.687924265861511230e+00 5.619040820289866733e-01 4.343465498311922524e-01 -3.902655842178902046e-01 5.859176756351610615e-01
9.313993155956268311e-02 -3.829945027828216553e-01 -1.687924385070800781e+00 5.618974292306735396e-01 4.343442023801236673e-01 -3.902693662408842079e-01 5.859232736025483668e-01
9.314484894275665283e-02 -3.829882144927978516e-01 -1.687929868698120117e+00 5.619053804249269923e-01 4.343624371226685321e-01 -3.902426683567242205e-01 5.859199150766296604e-01
9.313451498746871948e-02 -3.829833865165710449e-01 -1.687939524650573730e+00 5.619000952489350276e-01 4.343797168408280451e-01 -3.902638051719224399e-01 5.858980981080164074e-01
9.313030540943145752e-02 -3.829840123653411865e-01 -1.687942147254943848e+00 5.618930661571782670e-01 4.343879328522126104e-01 -3.902673247970231407e-01 5.858963975817911285e-01
9.313029795885086060e-02 -3.829802572727203369e-01 -1.687938570976257324e+00 5.618988911085884830e-01 4.343768231303689609e-01 -3.902706779550360605e-01 5.858967813068824970e-01
9.314794838428497314e-02 -3.830090463161468506e-01 -1.687945723533630371e+00 5.619013673420935051e-01 4.343770188145239519e-01 -3.902663227347702435e-01 5.858971827356866946e-01
9.314550459384918213e-02 -3.830115199089050293e-01 -1.687947511672973633e+00 5.619026570427222422e-01 4.343825330871141643e-01 -3.902593043797882855e-01 5.858965407184462126e-01
9.314344078302383423e-02 -3.830204308032989502e-01 -1.687962532043457031e+00 5.618882750039198015e-01 4.343999839305975885e-01 -3.902376254710195891e-01 5.859118157283674799e-01
9.315516799688339233e-02 -3.829964995384216309e-01 -1.687868714332580566e+00 5.618757774121032611e-01 4.344068606571855340e-01 -3.902602219512408266e-01 5.859036846785823371e-01
9.315405786037445068e-02 -3.829960525035858154e-01 -1.687863230705261230e+00 5.618710082809930118e-01 4.344042077963825021e-01 -3.902620824558314383e-01 5.859089893053760489e-01
9.318110346794128418e-02 -3.829746544361114502e-01 -1.687898516654968262e+00 5.618954108550000548e-01 4.344060926883440699e-01 -3.902030573177225348e-01 5.859234821471535071e-01
9.317190945148468018e-02 -3.830040097236633301e-01 -1.687986731529235840e+00 5.618843471601057127e-01 4.343982569456857901e-01 -3.901920903739596325e-01 5.859472183712617355e-01
9.316924959421157837e-02 -3.830054998397827148e-01 -1.687986969947814941e+00 5.618912159999186473e-01 4.343936469283364854e-01 -3.901902111126989703e-01 5.859452930906821067e-01
9.316086024045944214e-02 -3.830127120018005371e-01 -1.687965273857116699e+00 5.618860112863355294e-01 4.343961673415714930e-01 -3.901788350454101773e-01 5.859559716041559119e-01
9.317784011363983154e-02 -3.830038011074066162e-01 -1.687911152839660645e+00 5.618370681283996193e-01 4.343611215958221305e-01 -3.902285887260004693e-01 5.859957571469812665e-01
9.317956864833831787e-02 -3.830055892467498779e-01 -1.687907695770263672e+00 5.618437063084775751e-01 4.343670550546566700e-01 -3.902209513659720685e-01 5.859900801397479597e-01
9.319338202476501465e-02 -3.829931914806365967e-01 -1.687909126281738281e+00 5.618712185810935678e-01 4.343568667174835807e-01 -3.902066111022187700e-01 5.859808397356701670e-01
9.320331364870071411e-02 -3.829613029956817627e-01 -1.687844872474670410e+00 5.618468410636964228e-01 4.343892636320733081e-01 -3.902095346617639460e-01 5.859782441552028320e-01
9.320758283138275146e-02 -3.829587101936340332e-01 -1.687840819358825684e+00 5.618441240282079363e-01 4.343901318670339018e-01 -3.902017577762016964e-01 5.859853611847252175e-01
9.320977330207824707e-02 -3.829552829265594482e-01 -1.687837839126586914e+00 5.618498193653945760e-01 4.343910668608025327e-01 -3.902061301795536896e-01 5.859762916414706924e-01
9.314797818660736084e-02 -3.829418122768402100e-01 -1.687781453132629395e+00 5.618699281867239881e-01 4.344173890565296570e-01 -3.902071525396008100e-01 5.859368351751395032e-01
9.314360469579696655e-02 -3.829366266727447510e-01 -1.687778115272521973e+00 5.618674091327853226e-01 4.344279808224246198e-01 -3.902071814432741537e-01 5.859313600431025337e-01
9.313973784446716309e-02 -3.829328119754791260e-01 -1.687772870063781738e+00 5.618644578596341255e-01 4.344321258118027940e-01 -3.902072121572334740e-01 5.859311093558834393e-01
9.310434758663177490e-02 -3.829404711723327637e-01 -1.687732934951782227e+00 5.618798482762501489e-01 4.344626494981050913e-01 -3.901908818445628535e-01 5.859045979370846036e-01
9.309674054384231567e-02 -3.829392790794372559e-01 -1.687724947929382324e+00 5.618767831138777868e-01 4.344625109300888077e-01 -3.901933850220444810e-01 5.859059510131455761e-01
9.308893233537673950e-02 -3.829375803470611572e-01 -1.687715888023376465e+00 5.618710231988353065e-01 4.344578855763277514e-01 -3.901931284584955750e-01 5.859150867494794523e-01
9.311487525701522827e-02 -3.829435110092163086e-01 -1.687853097915649414e+00 5.618582127703307671e-01 4.344516879146191335e-01 -3.901937734920474243e-01 5.859315221380119176e-01
9.310955554246902466e-02 -3.829423785209655762e-01 -1.687851548194885254e+00 5.618575422805209829e-01 4.344506208921660728e-01 -3.901954160080012279e-01 5.859318765802046247e-01
9.310505539178848267e-02 -3.829417228698730469e-01 -1.687848925590515137e+00 5.618547061577904289e-01 4.344458603323808066e-01 -3.901965535230015325e-01 5.859373802916703067e-01
9.316733479499816895e-02 -3.830034136772155762e-01 -1.687880039215087891e+00 5.618386211260224528e-01 4.344104771302607082e-01 -3.902249440648127843e-01 5.859601094732962423e-01
9.316854923963546753e-02 -3.830095529556274414e-01 -1.687880039215087891e+00 5.618417946565815724e-01 4.344127699950498522e-01 -3.902275867952706978e-01 5.859536038123211998e-01
9.316959977149963379e-02 -3.830155432224273682e-01 -1.687879800796508789e+00 5.618321472007096196e-01 4.344170426419444730e-01 -3.902332531818470396e-01 5.859559474368982723e-01
9.319015592336654663e-02 -3.830101788043975830e-01 -1.687889933586120605e+00 5.618211297112331026e-01 4.344248513789971122e-01 -3.902316094803390811e-01 5.859618153495436133e-01
9.319258481264114380e-02 -3.830137252807617188e-01 -1.687891364097595215e+00 5.618170488898588388e-01 4.344305066802518489e-01 -3.902339499777808252e-01 5.859599447001262451e-01
9.319618344306945801e-02 -3.830180466175079346e-01 -1.687891960144042969e+00 5.618188128841712370e-01 4.344227315347777840e-01 -3.902325224858492758e-01 5.859649743834950408e-01
9.316924959421157837e-02 -3.830236494541168213e-01 -1.687915086746215820e+00 5.618165010206519483e-01 4.344542632662045656e-01 -3.902051285008744652e-01 5.859620677195425120e-01
9.316854178905487061e-02 -3.830287456512451172e-01 -1.687915325164794922e+00 5.618159104651218039e-01 4.344605243835870656e-01 -3.902010628752622945e-01 5.859606811540927218e-01
9.316781908273696899e-02 -3.830361366271972656e-01 -1.687913417816162109e+00 5.618241587083587785e-01 4.344484162311416653e-01 -3.901928112788070058e-01 5.859672496113585982e-01
9.318111836910247803e-02 -3.830435872077941895e-01 -1.687976717948913574e+00 5.617938984636362543e-01 4.344613989614530269e-01 -3.902261025665049732e-01 5.859644762797202588e-01
9.318169206380844116e-02 -3.830488622188568115e-01 -1.687977671623229980e+00 5.617980832699760452e-01 4.344537215589793777e-01 -3.902278673399650621e-01 5.859649653604975805e-01
9.318135678768157959e-02 -3.830532133579254150e-01 -1.687978982925415039e+00 5.618001519349514750e-01 4.344517239507351136e-01 -3.902308897795252474e-01 5.859624496422800588e-01
9.319676458835601807e-02 -3.830219209194183350e-01 -1.688032746315002441e+00 5.617757752710313968e-01 4.344307466467828283e-01 -3.902601834391882796e-01 5.859818944071424340e-01
9.319733828306198120e-02 -3.830218017101287842e-01 -1.688034415245056152e+00 5.617696609939231145e-01 4.344292357027088602e-01 -3.902704058592716962e-01 5.859820652671410279e-01
9.319772571325302124e-02 -3.830218017101287842e-01 -1.688036203384399414e+00 5.617758459355634004e-01 4.344282127326495879e-01 -3.902698723770260947e-01 5.859772185927184518e-01
9.315928816795349121e-02 -3.829571008682250977e-01 -1.688023567199707031e+00 5.617500376625874647e-01 4.344852063936894826e-01 -3.902869170846430258e-01 5.859483683384979491e-01
9.315529465675354004e-02 -3.829498887062072754e-01 -1.688024401664733887e+00 5.617522358198102639e-01 4.344856896762094856e-01 -3.902907017523091771e-01 5.859433565637672814e-01
9.315158426761627197e-02 -3.829422593116760254e-01 -1.688025712966918945e+00 5.617519280741721799e-01 4.344864209234401975e-01 -3.902852057948738573e-01 5.859468076574548823e-01
9.315311908721923828e-02 -3.829789459705352783e-01 -1.687973141670227051e+00 5.617729047500354955e-01 4.344821426181196822e-01 -3.902957684734401078e-01 5.859228328308340172e-01
9.314977377653121948e-02 -3.829760551452636719e-01 -1.687972307205200195e+00 5.617728962536694404e-01 4.344824011790998086e-01 -3.903015734570615680e-01 5.859187568054076145e-01
9.314684569835662842e-02 -3.829727768898010254e-01 -1.687971353530883789e+00 5.617747024538628509e-01 4.344862495945225334e-01 -3.903069266511299262e-01 5.859106130413798130e-01
9.318631142377853394e-02 -3.829858601093292236e-01 -1.687868714332580566e+00 5.617758324657852187e-01 4.344992979884118034e-01 -3.903172025163482717e-01 5.858930287068362386e-01
9.318948537111282349e-02 -3.829833865165710449e-01 -1.687861680984497070e+00 5.617777414409682590e-01 4.344941660395265637e-01 -3.903093245027825509e-01 5.859002419646490711e-01
9.319195896387100220e-02 -3.829815685749053955e-01 -1.687854528427124023e+00 5.617725603362652143e-01 4.345026436182226615e-01 -3.903177219955417665e-01 5.858933113494305678e-01
9.322178363800048828e-02 -3.830188214778900146e-01 -1.688006401062011719e+00 5.617642172522643307e-01 4.344587982317744124e-01 -3.903312311617109787e-01 5.859248381106153536e-01
9.322669357061386108e-02 -3.830179274082183838e-01 -1.688008427619934082e+00 5.617585886054051736e-01 4.344672662069452018e-01 -3.903296115060989613e-01 5.859250058238376635e-01
9.323135763406753540e-02 -3.830182552337646484e-01 -1.688010811805725098e+00 5.617540717210938173e-01 4.344699878743029098e-01 -3.903322062356565647e-01 5.859256055088214454e-01
9.319552034139633179e-02 -3.829627931118011475e-01 -1.687885880470275879e+00 5.617647867245311177e-01 4.345123150748527174e-01 -3.902703006866982682e-01 5.859251990692622147e-01
9.319668263196945190e-02 -3.829565942287445068e-01 -1.687882542610168457e+00 5.617599741683456660e-01 4.345117784528460536e-01 -3.902685378772676184e-01 5.859313990474989131e-01
9.319735318422317505e-02 -3.829517066478729248e-01 -1.687879800796508789e+00 5.617539322516618139e-01 4.345229432656660395e-01 -3.902838398949330379e-01 5.859186950273039818e-01
9.315328299999237061e-02 -3.828953206539154053e-01 -1.687834501266479492e+00 5.617499475145399934e-01 4.345829924652038767e-01 -3.902421170710837495e-01 5.859057417248110244e-01
9.314933419227600098e-02 -3.828857243061065674e-01 -1.687830805778503418e+00 5.617478210526088978e-01 4.345844253410774405e-01 -3.902452289996020673e-01 5.859046703584247506e-01
9.314548224210739136e-02 -3.828752338886260986e-01 -1.687827110290527344e+00 5.617477568089207507e-01 4.345804148405429390e-01 -3.902393549204293821e-01 5.859116209727518454e-01
9.314318001270294189e-02 -3.829802274703979492e-01 -1.687873601913452148e+00 5.617421145265416582e-01 4.345636447346160058e-01 -3.902592768131212253e-01 5.859162194752142172e-01
9.313731640577316284e-02 -3.829807937145233154e-01 -1.687871456146240234e+00 5.617491830170685541e-01 4.345482250900092325e-01 -3.902632094055994982e-01 5.859182637487291290e-01
9.313129633665084839e-02 -3.829809129238128662e-01 -1.687870144844055176e+00 5.617520173929572147e-01 4.345505121500378154e-01 -3.902640122842715997e-01 5.859132914464253439e-01
9.312909841537475586e-02 -3.829738199710845947e-01 -1.687878251075744629e+00 5.617707139267120731e-01 4.345669782373650647e-01 -3.903012826338537744e-01 5.858583402914412375e-01
9.312425553798675537e-02 -3.829720318317413330e-01 -1.687879085540771484e+00 5.617679847109042779e-01 4.345695777118893099e-01 -3.903017928636386413e-01 5.858586931500886497e-01
9.311967343091964722e-02 -3.829718530178070068e-01 -1.687878608703613281e+00 5.617676744871292760e-01 4.345712500696308211e-01 -3.903096477394525921e-01 5.858525179332603194e-01
9.313128143548965454e-02 -3.829845786094665527e-01 -1.687842011451721191e+00 5.617768893243194617e-01 4.345714501635227212e-01 -3.903303441389804895e-01 5.858297252322309800e-01
9.312796592712402344e-02 -3.829879760742187500e-01 -1.687842369079589844e+00 5.617679049272510383e-01 4.345785594508191352e-01 -3.903356948028900431e-01 5.858294789667082281e-01
9.313062578439712524e-02 -3.829872310161590576e-01 -1.687857151031494141e+00 5.617693271468818805e-01 4.345811545584370994e-01 -3.903085525448705129e-01 5.858443089610605448e-01
9.312389045953750610e-02 -3.829373419284820557e-01 -1.687771320343017578e+00 5.617329480282875487e-01 4.346184906837041173e-01 -3.903312467460828272e-01 5.858363841844806963e-01
9.312046319246292114e-02 -3.829357624053955078e-01 -1.687765955924987793e+00 5.617294176296414587e-01 4.346219102578607885e-01 -3.903321712935161059e-01 5.858366042805588370e-01
9.311818331480026245e-02 -3.829324841499328613e-01 -1.687748193740844727e+00 5.617368483313733840e-01 4.346140670725576749e-01 -3.903423338882531790e-01 5.858285099349963554e-01
9.315503388643264771e-02 -3.829608857631683350e-01 -1.687690854072570801e+00 5.617554349138081937e-01 4.346160786171552326e-01 -3.903386730650064695e-01 5.858116335692853394e-01
9.315714985132217407e-02 -3.829606473445892334e-01 -1.687680602073669434e+00 5.617564138905424276e-01 4.346178834563786397e-01 -3.903431786558130834e-01 5.858063552453388612e-01
9.318733960390090942e-02 -3.829476833343505859e-01 -1.687712073326110840e+00 5.617576653784258633e-01 4.346154231262088774e-01 -3.903434529784036155e-01 5.858068141579263477e-01
9.314286708831787109e-02 -3.829186856746673584e-01 -1.687735319137573242e+00 5.617872381438124840e-01 4.346292663499077280e-01 -3.903271490310331049e-01 5.857790538392155799e-01
9.314199537038803101e-02 -3.829146027565002441e-01 -1.687731146812438965e+00 5.617902325103681926e-01 4.346262112174989478e-01 -3.903323694173767011e-01 5.857749634697886343e-01
9.310376644134521484e-02 -3.829456269741058350e-01 -1.687666535377502441e+00 5.617539477943194193e-01 4.346513467507953643e-01 -3.903386685653785215e-01 5.857869102392223581e-01
9.310231357812881470e-02 -3.829784393310546875e-01 -1.687769412994384766e+00 5.617389232318414916e-01 4.346070527449618082e-01 -3.903497354638779671e-01 5.858268102743726669e-01
9.309724718332290649e-02 -3.829832971096038818e-01 -1.687766671180725098e+00 5.617384695811652451e-01 4.346020693394234136e-01 -3.903513770471611077e-01 5.858298564844101053e-01
9.314531087875366211e-02 -3.829491436481475830e-01 -1.687873959541320801e+00 5.617537018058081921e-01 4.345939521328954225e-01 -3.903406300072078672e-01 5.858284281731710452e-01
9.318781644105911255e-02 -3.830417692661285400e-01 -1.687923669815063477e+00 5.617559695795518726e-01 4.345709826750193683e-01 -3.903517237262262296e-01 5.858359043811735001e-01
9.319214522838592529e-02 -3.830502629280090332e-01 -1.687928438186645508e+00 5.617537898808983021e-01 4.345793551289555690e-01 -3.903552211853644760e-01 5.858294504215099119e-01
9.320598095655441284e-02 -3.830655813217163086e-01 -1.687969803810119629e+00 5.617478349375341073e-01 4.345773088334944911e-01 -3.903547303790326772e-01 5.858369869690401854e-01
9.318205714225769043e-02 -3.830421268939971924e-01 -1.688057422637939453e+00 5.617070959192712598e-01 4.345676820224220194e-01 -3.903585129239506291e-01 5.858806830995034742e-01
9.318248927593231201e-02 -3.830505013465881348e-01 -1.688066363334655762e+00 5.617146508517599779e-01 4.345738560252518923e-01 -3.903724424294740536e-01 5.858595524079582839e-01
9.318728744983673096e-02 -3.830559253692626953e-01 -1.688073873519897461e+00 5.617243210502349537e-01 4.345619545974995224e-01 -3.903647405696835659e-01 5.858642690807044362e-01
9.319553524255752563e-02 -3.830587267875671387e-01 -1.688072681427001953e+00 5.616835998090761173e-01 4.345408177998208998e-01 -3.903734461230511377e-01 5.859131635138083993e-01
9.319689124822616577e-02 -3.830661475658416748e-01 -1.688080549240112305e+00 5.616966308030881816e-01 4.345403028720384864e-01 -3.903716884624007233e-01 5.859022235962996206e-01
9.321395307779312134e-02 -3.830544352531433105e-01 -1.688085913658142090e+00 5.616968612723561849e-01 4.345462991617003445e-01 -3.903644848847181437e-01 5.859023545989902049e-01
9.318978339433670044e-02 -3.830029070377349854e-01 -1.688073873519897461e+00 5.616744224071557046e-01 4.345107553458543714e-01 -3.904060261598272241e-01 5.859225645170117458e-01
9.319095313549041748e-02 -3.830020725727081299e-01 -1.688085079193115234e+00 5.616723771146489019e-01 4.345121037922795026e-01 -3.904090893403197593e-01 5.859214879864605985e-01
9.319148212671279907e-02 -3.829980790615081787e-01 -1.688067913055419922e+00 5.616991630582557349e-01 4.345323019585870528e-01 -3.903451441277260292e-01 5.859234315502425128e-01
9.319213032722473145e-02 -3.829703032970428467e-01 -1.688053250312805176e+00 5.616837314200412434e-01 4.344991103393240350e-01 -3.903531591078727159e-01 5.859574895858864485e-01
9.319314360618591309e-02 -3.829653561115264893e-01 -1.688060522079467773e+00 5.616806571041981222e-01 4.344937344331337714e-01 -3.903611454518707835e-01 5.859591050033136073e-01
9.315455704927444458e-02 -3.829842209815979004e-01 -1.687988281250000000e+00 5.616833446702510502e-01 4.344938043363029134e-01 -3.903668816446826950e-01 5.859526800089885912e-01
9.315058588981628418e-02 -3.829591572284698486e-01 -1.687919974327087402e+00 5.616689418852821580e-01 4.345201734669307259e-01 -3.904157517958822265e-01 5.859143798966923722e-01
9.314847737550735474e-02 -3.829571306705474854e-01 -1.687918782234191895e+00 5.616595942822790732e-01 4.345300929911916077e-01 -3.904243088545357732e-01 5.859102424032860412e-01
9.315474331378936768e-02 -3.829497396945953369e-01 -1.687923789024353027e+00 5.616647154921499130e-01 4.345301826655262878e-01 -3.903947061454415279e-01 5.859249968645490192e-01
9.315494447946548462e-02 -3.829243183135986328e-01 -1.687845826148986816e+00 5.616545988398845557e-01 4.345595492389241477e-01 -3.904095613027082079e-01 5.859030238864905149e-01
9.315524995326995850e-02 -3.829200565814971924e-01 -1.687841653823852539e+00 5.616495660437503812e-01 4.345589122059105303e-01 -3.904147908135569001e-01 5.859048515041753724e-01
9.315489232540130615e-02 -3.829131424427032471e-01 -1.687837481498718262e+00 5.616546744941918190e-01 4.345594318389343624e-01 -3.904082020718705470e-01 5.859039398718471903e-01
9.316857904195785522e-02 -3.829275667667388916e-01 -1.687915205955505371e+00 5.616823765510392530e-01 4.345570144891021669e-01 -3.904045001496732059e-01 5.858816490618896644e-01
9.316742420196533203e-02 -3.829214274883270264e-01 -1.687919259071350098e+00 5.616836443702725168e-01 4.345621014010133676e-01 -3.903993443792311835e-01 5.858800878583855232e-01
9.316661953926086426e-02 -3.829154968261718750e-01 -1.687923312187194824e+00 5.616794415084805925e-01 4.345622955431103773e-01 -3.904078136224884976e-01 5.858783434555687730e-01
9.314306080341339111e-02 -3.828797042369842529e-01 -1.687918782234191895e+00 5.616625924383737978e-01 4.345817446942337736e-01 -3.903945966216328944e-01 5.858888883941961723e-01
9.313912689685821533e-02 -3.828697800636291504e-01 -1.687923789024353027e+00 5.616678792274153453e-01 4.345895910557084907e-01 -3.903843623778865957e-01 5.858847929867214699e-01
9.312134236097335815e-02 -3.828824162483215332e-01 -1.687916517257690430e+00 5.616734540653001151e-01 4.346106692135671690e-01 -3.903459456764185043e-01 5.858894041065640934e-01
9.313779324293136597e-02 -3.829154074192047119e-01 -1.687914133071899414e+00 5.616987935213207939e-01 4.346047940896127781e-01 -3.903149160942949725e-01 5.858901387890647072e-01
9.313564747571945190e-02 -3.829089701175689697e-01 -1.687917470932006836e+00 5.616896545033346344e-01 4.346089861187170111e-01 -3.903208124333613083e-01 5.858918719866008651e-01
9.314194321632385254e-02 -3.828954696655273438e-01 -1.687949538230895996e+00 5.616918425339471055e-01 4.346024159269502030e-01 -3.903284610755989315e-01 5.858895631574271290e-01
9.315433353185653687e-02 -3.829250335693359375e-01 -1.688010334968566895e+00 5.616890781153354162e-01 4.345992813663723253e-01 -3.903639481915846532e-01 5.858709049721696482e-01
9.315320104360580444e-02 -3.829192817211151123e-01 -1.688016653060913086e+00 5.616858179160577613e-01 4.346094302757150252e-01 -3.903581092681541187e-01 5.858703526756600111e-01
9.315159916877746582e-02 -3.829188942909240723e-01 -1.688016653060913086e+00 5.616864303707030937e-01 4.346080469255846901e-01 -3.903623660530505801e-01 5.858679629158487501e-01
9.319801628589630127e-02 -3.829777240753173828e-01 -1.688003540039062500e+00 5.616979908191095383e-01 4.345468454293188176e-01 -3.904091867867827137e-01 5.858710927444291672e-01
9.320127964019775391e-02 -3.829800486564636230e-01 -1.688006758689880371e+00 5.616890391505734437e-01 4.345466576839400741e-01 -3.904117709424341220e-01 5.858780819694056063e-01
9.319954365491867065e-02 -3.829901814460754395e-01 -1.687993884086608887e+00 5.617004940524251699e-01 4.345732481002470005e-01 -3.903506424254413743e-01 5.858881130022830508e-01
9.320653229951858521e-02 -3.829729557037353516e-01 -1.687991023063659668e+00 5.616545949017148764e-01 4.345435425896947423e-01 -3.903819620304532223e-01 5.859333129343193836e-01
9.320814162492752075e-02 -3.829748332500457764e-01 -1.687994956970214844e+00 5.616446523860925133e-01 4.345487859272847975e-01 -3.903849063390132379e-01 5.859369730018135769e-01
9.323350340127944946e-02 -3.829599320888519287e-01 -1.688039779663085938e+00 5.616697077355701229e-01 4.345336071275942014e-01 -3.903823386948869212e-01 5.859259174910637080e-01
9.323642402887344360e-02 -3.829711377620697021e-01 -1.688077449798583984e+00 5.616631373486753454e-01 4.345162572099187104e-01 -3.903751988736880452e-01 5.859498307688348895e-01
9.323891997337341309e-02 -3.829742372035980225e-01 -1.688082814216613770e+00 5.616666221505144385e-01 4.345137221389240301e-01 -3.903765673423922333e-01 5.859474554916890288e-01
9.322849661111831665e-02 -3.829922378063201904e-01 -1.688100576400756836e+00 5.616513438295716032e-01 4.345222878080016171e-01 -3.903716195079810491e-01 5.859590436467185803e-01
9.322398900985717773e-02 -3.829793930053710938e-01 -1.688097119331359863e+00 5.616382064875379276e-01 4.344976224072489290e-01 -3.903890385432258747e-01 5.859783215165282888e-01
9.322343766689300537e-02 -3.829834759235382080e-01 -1.688100218772888184e+00 5.616345809739194950e-01 4.345069689553104353e-01 -3.903809591740507456e-01 5.859802602178096897e-01
9.320376813411712646e-02 -3.829980492591857910e-01 -1.688101649284362793e+00 5.616337164105583701e-01 4.345215438101972527e-01 -3.903305726024771105e-01 5.860038602262802598e-01
9.319967776536941528e-02 -3.830032050609588623e-01 -1.688104629516601562e+00 5.616314197457294988e-01 4.345205257157097600e-01 -3.903214631405343971e-01 5.860128497393924940e-01
9.319656342267990112e-02 -3.830081522464752197e-01 -1.688107848167419434e+00 5.616249054991825362e-01 4.345188953193131476e-01 -3.903298873721656737e-01 5.860146985990318802e-01
9.315904974937438965e-02 -3.829862475395202637e-01 -1.688067317008972168e+00 5.616323139537116038e-01 4.345550723722452213e-01 -3.902881112961331667e-01 5.860086267605912891e-01
9.315083175897598267e-02 -3.829884827136993408e-01 -1.688070893287658691e+00 5.616334135746956502e-01 4.345515037035591055e-01 -3.902977011977108446e-01 5.860037914913157620e-01
9.314168989658355713e-02 -3.829922378063201904e-01 -1.688071966171264648e+00 5.616301134615979684e-01 4.345571671545056525e-01 -3.903035034242038348e-01 5.859989170460517816e-01
9.317065775394439697e-02 -3.829701840877532959e-01 -1.687966942787170410e+00 5.616389694778466390e-01 4.345888612044955801e-01 -3.902598201543271972e-01 5.859959914307433237e-01
9.316764771938323975e-02 -3.829725682735443115e-01 -1.687961578369140625e+00 5.616446411932013438e-01 4.345899703322845253e-01 -3.902562141100321402e-01 5.859921565124502907e-01
9.316497296094894409e-02 -3.829749822616577148e-01 -1.687955141067504883e+00 5.616462540036015749e-01 4.345854855647432458e-01 -3.902586386937874074e-01 5.859923044452056695e-01
9.316895157098770142e-02 -3.829964697360992432e-01 -1.687918901443481445e+00 5.616637964635105007e-01 4.345265203009214261e-01 -3.902931830226932797e-01 5.859962213364243722e-01
9.316959232091903687e-02 -3.830012679100036621e-01 -1.687910676002502441e+00 5.616623889000426084e-01 4.345347069803703888e-01 -3.902872930508111682e-01 5.859954347930546037e-01
9.316927194595336914e-02 -3.830060958862304688e-01 -1.687901854515075684e+00 5.616607404855654684e-01 4.345381378996244770e-01 -3.902878647795971490e-01 5.859941036154857619e-01
9.316646307706832886e-02 -3.829700350761413574e-01 -1.687843203544616699e+00 5.617008295984176058e-01 4.345614924751259878e-01 -3.902306722062584554e-01 5.859764349990967958e-01
9.316626191139221191e-02 -3.829686045646667480e-01 -1.687832117080688477e+00 5.616987761118349409e-01 4.345668971603927622e-01 -3.902381805449491869e-01 5.859693717681339065e-01
9.316488355398178101e-02 -3.829667568206787109e-01 -1.687821984291076660e+00 5.616989485486231226e-01 4.345715032759395746e-01 -3.902376163888842675e-01 5.859661808693854557e-01
9.318552166223526001e-02 -3.829449713230133057e-01 -1.687852263450622559e+00 5.617182638281627005e-01 4.345737534164716420e-01 -3.901954613922685722e-01 5.859740717055628156e-01
9.316343814134597778e-02 -3.829202353954315186e-01 -1.687834620475769043e+00 5.617181471471907050e-01 4.346153589052986210e-01 -3.901921468825690908e-01 5.859455566369898838e-01
9.316127002239227295e-02 -3.829165101051330566e-01 -1.687826633453369141e+00 5.617193518822407583e-01 4.346116753466642280e-01 -3.902017685995829988e-01 5.859406789028629436e-01
9.316299855709075928e-02 -3.829112052917480469e-01 -1.687848925590515137e+00 5.617159726902554162e-01 4.346230482612706281e-01 -3.901918998788946880e-01 5.859421081203870507e-01
9.314969927072525024e-02 -3.829370737075805664e-01 -1.687873601913452148e+00 5.617054917809506387e-01 4.346276918243949794e-01 -3.902214146368635506e-01 5.859290330394151258e-01
9.314487874507904053e-02 -3.829359710216522217e-01 -1.687867164611816406e+00 5.617068028638528832e-01 4.346210276455217403e-01 -3.902192735661678680e-01 5.859341383395103575e-01
9.317091107368469238e-02 -3.829172253608703613e-01 -1.687926054000854492e+00 5.617129534722722362e-01 4.346170968333298856e-01 -3.902093469730665842e-01 5.859377633904457872e-01
9.316719323396682739e-02 -3.829098641872406006e-01 -1.687889814376831055e+00 5.616886095017150637e-01 4.346252977066895062e-01 -3.902542737717369925e-01 5.859251021686372463e-01
9.316316992044448853e-02 -3.829078972339630127e-01 -1.687884211540222168e+00 5.616858114909800692e-01 4.346195744342936651e-01 -3.902648000502589865e-01 5.859250098446570076e-01
9.319034963846206665e-02 -3.828888833522796631e-01 -1.687936067581176758e+00 5.616965957767253714e-01 4.346254303546140396e-01 -3.902513647058323820e-01 5.859192916497334425e-01
9.321270883083343506e-02 -3.829019665718078613e-01 -1.687945604324340820e+00 5.616994915583555237e-01 4.346036388617254831e-01 -3.902493096975275244e-01 5.859340187104509212e-01
9.321464598178863525e-02 -3.828996419906616211e-01 -1.687941908836364746e+00 5.617023353041864508e-01 4.346035136137434973e-01 -3.902494463092304744e-01 5.859313043076511685e-01
9.319232404232025146e-02 -3.829331398010253906e-01 -1.687919497489929199e+00 5.616732642104084183e-01 4.346164396386165141e-01 -3.902671278177071157e-01 5.859378335881738620e-01
9.319013357162475586e-02 -3.829519748687744141e-01 -1.687946677207946777e+00 5.616677252278736709e-01 4.345728461205362048e-01 -3.902954771503324150e-01 5.859565984510237691e-01
9.318850934505462646e-02 -3.829567432403564453e-01 -1.687937736511230469e+00 5.616618711413076115e-01 4.345680152979138344e-01 -3.902952571306466667e-01 5.859659159450973931e-01
9.314361214637756348e-02 -3.829918801784515381e-01 -1.687861800193786621e+00 5.616642773266758981e-01 4.345864294318724230e-01 -3.902641695469858396e-01 5.859706749722631836e-01
9.313070774078369141e-02 -3.830187320709228516e-01 -1.687911033630371094e+00 5.616527661370862567e-01 4.345598371786923986e-01 -3.902836758757606272e-01 5.859884152398309176e-01
9.312150627374649048e-02 -3.830317258834838867e-01 -1.687902092933654785e+00 5.616493117185610284e-01 4.345507649584691712e-01 -3.902912001259064012e-01 5.859934520339347142e-01
9.312690794467926025e-02 -3.830404877662658691e-01 -1.687934398651123047e+00 5.616417619181900411e-01 4.345540717727004454e-01 -3.902913591649854741e-01 5.859981321411417143e-01
9.312478452920913696e-02 -3.830561041831970215e-01 -1.687908291816711426e+00 5.616447840061842278e-01 4.345483267485062417e-01 -3.903104841251563983e-01 5.859867675785372931e-01
9.311836957931518555e-02 -3.830695152282714844e-01 -1.687897801399230957e+00 5.616359141939287758e-01 4.345439815007292039e-01 -3.903117498095831639e-01 5.859976403936317801e-01
9.311496466398239136e-02 -3.830685913562774658e-01 -1.687885284423828125e+00 5.616236754802331754e-01 4.345440568483229793e-01 -3.903236382183196129e-01 5.860014158108638460e-01
9.309416264295578003e-02 -3.830601274967193604e-01 -1.687834143638610840e+00 5.616247436110992641e-01 4.345387406548600895e-01 -3.903544659242687009e-01 5.859837850010470861e-01
9.308496117591857910e-02 -3.830735087394714355e-01 -1.687821984291076660e+00 5.616280416829310118e-01 4.345264375256223111e-01 -3.903570588489951865e-01 5.859880249416727915e-01
9.314268827438354492e-02 -3.830292820930480957e-01 -1.687915444374084473e+00 5.616494686249873247e-01 4.345326928033153013e-01 -3.903233694540182430e-01 5.859852626780169826e-01
9.311666339635848999e-02 -3.830036520957946777e-01 -1.687955856323242188e+00 5.616389468845598421e-01 4.345326201578704750e-01 -3.903089524163707025e-01 5.860050092049705617e-01
9.311156719923019409e-02 -3.830091059207916260e-01 -1.687954187393188477e+00 5.616477293863118003e-01 4.345292147133983929e-01 -3.903140784540385377e-01 5.859957264375478259e-01
9.313331544399261475e-02 -3.829987943172454834e-01 -1.688003897666931152e+00 5.616569557258599410e-01 4.345272070786291851e-01 -3.903167037893048308e-01 5.859866176339437738e-01
9.315693378448486328e-02 -3.830330371856689453e-01 -1.687985539436340332e+00 5.616668341852820712e-01 4.345184927320993040e-01 -3.903417217214476542e-01 5.859669462660559436e-01
9.315917640924453735e-02 -3.830348551273345947e-01 -1.687986016273498535e+00 5.616655967965054064e-01 4.345267939277141500e-01 -3.903412352585654554e-01 5.859623076686077958e-01
9.316066652536392212e-02 -3.830374181270599365e-01 -1.687985301017761230e+00 5.616701558455926557e-01 4.345106501779366082e-01 -3.903264035859984049e-01 5.859797703937923430e-01
9.317674487829208374e-02 -3.830121457576751709e-01 -1.687889218330383301e+00 5.616775908548083951e-01 4.345438350369615899e-01 -3.903077861989006636e-01 5.859604467258192617e-01
9.318222850561141968e-02 -3.830131888389587402e-01 -1.687884688377380371e+00 5.616757138724733922e-01 4.345398775776257994e-01 -3.903163265228225542e-01 5.859594865804711450e-01
9.318307042121887207e-02 -3.830117583274841309e-01 -1.687879204750061035e+00 5.616714297031212277e-01 4.345425893172468745e-01 -3.903300947655181652e-01 5.859523889137647767e-01
9.316049516201019287e-02 -3.830216526985168457e-01 -1.687942028045654297e+00 5.616740669479570736e-01 4.345219001295486105e-01 -3.903442396740510745e-01 5.859557926128097227e-01
9.316153079271316528e-02 -3.830206394195556641e-01 -1.687939882278442383e+00 5.616778263062133236e-01 4.345157668165726128e-01 -3.903458983528672599e-01 5.859556247168498100e-01
9.320100396871566772e-02 -3.829961419105529785e-01 -1.688015460968017578e+00 5.616913005531127823e-01 4.345172930447172011e-01 -3.903137526009782254e-01 5.859630039080193642e-01
9.321495890617370605e-02 -3.830184340476989746e-01 -1.688040971755981445e+00 5.616766229329431814e-01 4.344924984409230806e-01 -3.903436373031861084e-01 5.859755438122498106e-01
9.321888536214828491e-02 -3.830188810825347900e-01 -1.688045501708984375e+00 5.616733985182423838e-01 4.344900573467790350e-01 -3.903473704692665414e-01 5.859779659261312723e-01
9.321611374616622925e-02 -3.830223679542541504e-01 -1.688040018081665039e+00 5.616766403431157073e-01 4.345222828973120954e-01 -3.902951154896807662e-01 5.859857926761570246e-01
9.319849312305450439e-02 -3.829869925975799561e-01 -1.688046932220458984e+00 5.616668339780145347e-01 4.344945974284258883e-01 -3.903105355573044943e-01 5.860054418741926785e-01
9.319985657930374146e-02 -3.829866349697113037e-01 -1.688050508499145508e+00 5.616697222442258441e-01 4.344962058541004812e-01 -3.903063994274303949e-01 5.860042059843272311e-01
9.320694208145141602e-02 -3.829800188541412354e-01 -1.688077569007873535e+00 5.616708816918734026e-01 4.344911959428841564e-01 -3.903019358927912186e-01 5.860098145307757189e-01
9.321073442697525024e-02 -3.829483687877655029e-01 -1.687973260879516602e+00 5.616851366501565135e-01 4.345356428014817696e-01 -3.903074042324310988e-01 5.859595122450458327e-01
9.321307390928268433e-02 -3.829452693462371826e-01 -1.687971591949462891e+00 5.616759107735207479e-01 4.345414115470997429e-01 -3.903093582647473303e-01 5.859628228976370146e-01
9.318501502275466919e-02 -3.829620480537414551e-01 -1.687922596931457520e+00 5.616676671930421749e-01 4.345583823145518498e-01 -3.902997689441357054e-01 5.859645119377089317e-01
9.318756312131881714e-02 -3.829869329929351807e-01 -1.687954306602478027e+00 5.616641558673117762e-01 4.345327206375095841e-01 -3.903270413921612336e-01 5.859687323185684971e-01
9.318608045578002930e-02 -3.829870522022247314e-01 -1.687952399253845215e+00 5.616635064945321165e-01 4.345391965136412016e-01 -3.903321056470496764e-01 5.859611853660309233e-01
9.317924827337265015e-02 -3.829868137836456299e-01 -1.687938570976257324e+00 5.616663029582400490e-01 4.345403360184905139e-01 -3.903171723484472055e-01 5.859675933327391784e-01
9.320995211601257324e-02 -3.830256760120391846e-01 -1.687955856323242188e+00 5.616821815176157306e-01 4.345058523060741362e-01 -3.902987895398288276e-01 5.859901725466361011e-01
9.321144968271255493e-02 -3.830274343490600586e-01 -1.687953948974609375e+00 5.616828476569998285e-01 4.345102209087347567e-01 -3.903010658270669730e-01 5.859847951239571806e-01
9.319955110549926758e-02 -3.830457031726837158e-01 -1.687936067581176758e+00 5.616793981905284783e-01 4.345081256541781789e-01 -3.903231146428763898e-01 5.859749565874914357e-01
9.315131604671478271e-02 -3.829720020294189453e-01 -1.687891125679016113e+00 5.616896466274867716e-01 4.345811796920788783e-01 -3.903350773362255777e-01 5.859030224540062726e-01
9.314884990453720093e-02 -3.829694390296936035e-01 -1.687884688377380371e+00 5.616837494517774587e-01 4.345769387724588428e-01 -3.903364960300310660e-01 5.859108585304676486e-01
9.320779144763946533e-02 -3.829269409179687500e-01 -1.687987565994262695e+00 5.617200992187351138e-01 4.345589394512946457e-01 -3.903295209986616388e-01 5.858939930991409195e-01
9.319572150707244873e-02 -3.829317390918731689e-01 -1.688002705574035645e+00 5.617318900508631030e-01 4.345813778771478453e-01 -3.903076995894855794e-01 5.858806074867882741e-01
9.319691359996795654e-02 -3.829273581504821777e-01 -1.688001632690429688e+00 5.617352898713273701e-01 4.345783356393669861e-01 -3.903067896635146194e-01 5.858801917182540064e-01
9.315223246812820435e-02 -3.829642236232757568e-01 -1.687962889671325684e+00 5.617123269534924912e-01 4.346228300124476696e-01 -3.903076874738253266e-01 5.858686214965885819e-01
9.316775947809219360e-02 -3.829696476459503174e-01 -1.687895774841308594e+00 5.617139704498290698e-01 4.346211181675888047e-01 -3.903025298087455242e-01 5.858717354273366151e-01
9.316585212945938110e-02 -3.829719722270965576e-01 -1.687885761260986328e+00 5.617149289810965396e-01 4.346159587766205146e-01 -3.903006202830159865e-01 5.858759086296758678e-01
9.318823367357254028e-02 -3.830016553401947021e-01 -1.687894344329833984e+00 5.617034644254238485e-01 4.346523527725435487e-01 -3.902437905409058549e-01 5.858977749549801883e-01
9.316702932119369507e-02 -3.829962313175201416e-01 -1.687885046005249023e+00 5.617265367167183499e-01 4.346347477773658263e-01 -3.902288990757920017e-01 5.858986323771911975e-01
9.316475689411163330e-02 -3.829987347126007080e-01 -1.687879800796508789e+00 5.617264842835932859e-01 4.346461114160049544e-01 -3.902221179507912585e-01 5.858947742703713990e-01
9.314574301242828369e-02 -3.830355405807495117e-01 -1.687899947166442871e+00 5.617053489834026303e-01 4.346809022853553861e-01 -3.901815122826941540e-01 5.859162626495921788e-01
9.314262121915817261e-02 -3.830062747001647949e-01 -1.687825322151184082e+00 5.617078370544985599e-01 4.346979131182215350e-01 -3.901749724105184614e-01 5.859056027407825162e-01
9.313771128654479980e-02 -3.830121457576751709e-01 -1.687814354896545410e+00 5.617109547443557283e-01 4.346891858622214944e-01 -3.901774691297189013e-01 5.859074441700542479e-01
9.316488355398178101e-02 -3.830460011959075928e-01 -1.687845587730407715e+00 5.616946287009723093e-01 4.346807100031513382e-01 -3.901809540267247023e-01 5.859270472825380827e-01
9.313547611236572266e-02 -3.830538392066955566e-01 -1.687857985496520996e+00 5.616907109022420963e-01 4.346702137117971487e-01 -3.901968870456389293e-01 5.859280036936207470e-01
9.313204139471054077e-02 -3.830582797527313232e-01 -1.687851071357727051e+00 5.616897245569237862e-01 4.346705003107557141e-01 -3.901985836685281095e-01 5.859276132916408919e-01
9.318344295024871826e-02 -3.830340802669525146e-01 -1.687962055206298828e+00 5.617155268965290382e-01 4.346583445933339118e-01 -3.901495293915659968e-01 5.859445627372514842e-01
9.315466880798339844e-02 -3.829749226570129395e-01 -1.687933087348937988e+00 5.617043804876087343e-01 4.346592045303186436e-01 -3.901733444225639613e-01 5.859387476930796312e-01
9.315254539251327515e-02 -3.829693198204040527e-01 -1.687931418418884277e+00 5.616956622922621989e-01 4.346623612762208211e-01 -3.901770956871693508e-01 5.859422578395246939e-01
9.314157068729400635e-02 -3.829458951950073242e-01 -1.687929391860961914e+00 5.617032834926029006e-01 4.346633255389465433e-01 -3.901992223068450061e-01 5.859194915815417737e-01
9.313763678073883057e-02 -3.829428553581237793e-01 -1.687944769859313965e+00 5.616782155469637328e-01 4.346486465103308605e-01 -3.902325283670242118e-01 5.859322306566604466e-01
9.313238412141799927e-02 -3.829375803470611572e-01 -1.687945008277893066e+00 5.616832976218928408e-01 4.346474331077427311e-01 -3.902251640591322679e-01 5.859331636047884206e-01
9.316227585077285767e-02 -3.829735219478607178e-01 -1.687988996505737305e+00 5.616965613721301986e-01 4.346169619422608488e-01 -3.902150540394290212e-01 5.859497826524284747e-01
9.316910058259963989e-02 -3.829784393310546875e-01 -1.687939763069152832e+00 5.616852452548155572e-01 4.346137549578104053e-01 -3.902400071471472387e-01 5.859463862860484484e-01
9.316810220479965210e-02 -3.829756379127502441e-01 -1.687940955162048340e+00 5.616934351048143981e-01 4.346100261425532296e-01 -3.902353451964065689e-01 5.859444087382508215e-01
9.317179024219512939e-02 -3.829488456249237061e-01 -1.687937974929809570e+00 5.616967481102993487e-01 4.346284503470441707e-01 -3.902352951413139981e-01 5.859276087102066599e-01
9.316185116767883301e-02 -3.829507231712341309e-01 -1.687956809997558594e+00 5.617158218126414582e-01 4.346249257933282872e-01 -3.902173322315504733e-01 5.859239214376879001e-01
9.315941482782363892e-02 -3.829464614391326904e-01 -1.687961935997009277e+00 5.617189121013985709e-01 4.346237641076192704e-01 -3.902223943832041630e-01 5.859184298593868023e-01
9.314469248056411743e-02 -3.829065561294555664e-01 -1.687977313995361328e+00 5.617215451856073516e-01 4.346606445406407393e-01 -3.902063496929896735e-01 5.858992361991153253e-01
9.317482262849807739e-02 -3.829180896282196045e-01 -1.687882781028747559e+00 5.617307274132367079e-01 4.346644023420679348e-01 -3.902177842930620866e-01 5.858800295202895025e-01
9.317261725664138794e-02 -3.829108178615570068e-01 -1.687885046005249023e+00 5.617328564267950464e-01 4.346671377078250020e-01 -3.902218694014560341e-01 5.858732065296994307e-01
9.320387244224548340e-02 -3.829265236854553223e-01 -1.687889456748962402e+00 5.617382772613527253e-01 4.346154061339975727e-01 -3.902053575550608056e-01 5.859174233159244460e-01
9.318972378969192505e-02 -3.829579353332519531e-01 -1.687972426414489746e+00 5.617388378485534961e-01 4.346120063763321828e-01 -3.902219188060317978e-01 5.859083632715288426e-01
9.319143742322921753e-02 -3.829570412635803223e-01 -1.687979102134704590e+00 5.617336323448474111e-01 4.346146047152361636e-01 -3.902194502833646883e-01 5.859130367767477754e-01
9.314481168985366821e-02 -3.830084204673767090e-01 -1.687945246696472168e+00 5.617175392866019523e-01 4.346001786175227588e-01 -3.902206654415549814e-01 5.859383915265946596e-01
9.312670677900314331e-02 -3.830066323280334473e-01 -1.687990069389343262e+00 5.617183525305550207e-01 4.345952701442283850e-01 -3.902237779068431500e-01 5.859391746780755472e-01
9.312150627374649048e-02 -3.830088078975677490e-01 -1.687997698783874512e+00 5.617194298075566250e-01 4.345854437561040839e-01 -3.902273867131565432e-01 5.859430249079445874e-01
9.316042065620422363e-02 -3.829961717128753662e-01 -1.688133716583251953e+00 5.617341722124112868e-01 4.345654509901543672e-01 -3.901847028042073617e-01 5.859721330499020331e-01
9.315819293260574341e-02 -3.829962015151977539e-01 -1.688151121139526367e+00 5.617331561004006435e-01 4.345659386400424484e-01 -3.901768635568015897e-01 5.859779678885644882e-01
9.315656125545501709e-02 -3.829953670501708984e-01 -1.688169360160827637e+00 5.617360204000122481e-01 4.345701572334328966e-01 -3.901842612753523287e-01 5.859671677827903435e-01
9.316905587911605835e-02 -3.829705119132995605e-01 -1.688044428825378418e+00 5.617285125922623079e-01 4.345971873695379517e-01 -3.902155526723176671e-01 5.859334975356509378e-01
9.317024052143096924e-02 -3.829684555530548096e-01 -1.688055396080017090e+00 5.617294460221347041e-01 4.345983022112467897e-01 -3.902210287369229369e-01 5.859281070915678402e-01
9.317214041948318481e-02 -3.829645216464996338e-01 -1.688066720962524414e+00 5.617248799933944881e-01 4.345981981251876847e-01 -3.902235441261161508e-01 5.859308670314632428e-01
9.320285916328430176e-02 -3.829390704631805420e-01 -1.688113570213317871e+00 5.617036003840687464e-01 4.346209389469791740e-01 -3.902110394842382979e-01 5.859427581406068120e-01
9.320741146802902222e-02 -3.829341232776641846e-01 -1.688125133514404297e+00 5.616999597483866014e-01 4.346243105404195561e-01 -3.902023635681361458e-01 5.859495403820529358e-01
9.321016073226928711e-02 -3.829315006732940674e-01 -1.688134789466857910e+00 5.617141955234801198e-01 4.346129599161924761e-01 -3.902009137183897747e-01 5.859452485487022244e-01
9.321381896734237671e-02 -3.829849362373352051e-01 -1.688129782676696777e+00 5.617151606863552971e-01 4.345590933789891253e-01 -3.902376377439383814e-01 5.859598269332176868e-01
9.320741891860961914e-02 -3.830204010009765625e-01 -1.688224196434020996e+00 5.617041780006887253e-01 4.345602574291519971e-01 -3.902618381961581173e-01 5.859533771481612030e-01
9.320875257253646851e-02 -3.830260634422302246e-01 -1.688237071037292480e+00 5.617050260825723340e-01 4.345617434868619955e-01 -3.902641903065918183e-01 5.859498794033838331e-01
9.318379312753677368e-02 -3.830351829528808594e-01 -1.688197970390319824e+00 5.616621293989269015e-01 4.345751080427751600e-01 -3.902695022944958625e-01 5.859775719593656174e-01
9.318088740110397339e-02 -3.830390870571136475e-01 -1.688207626342773438e+00 5.616681119884191498e-01 4.345761309395861915e-01 -3.902671925160915434e-01 5.859726171526258298e-01
9.317786246538162231e-02 -3.830427527427673340e-01 -1.688217997550964355e+00 5.616679003686682048e-01 4.345709612758636431e-01 -3.902587106099169589e-01 5.859822959456302272e-01
9.324441105127334595e-02 -3.829945921897888184e-01 -1.688283681869506836e+00 5.616624442409200446e-01 4.345688710440670510e-01 -3.902931543059351416e-01 5.859661404912798188e-01
9.324925392866134644e-02 -3.829948604106903076e-01 -1.688292980194091797e+00 5.616620303241881551e-01 4.345647101362526410e-01 -3.902965062024194021e-01 5.859673947636871993e-01
9.325400739908218384e-02 -3.829941153526306152e-01 -1.688303589820861816e+00 5.616619003662930432e-01 4.345660012416723283e-01 -3.902952600365636182e-01 5.859673976929997696e-01
9.319169819355010986e-02 -3.829899430274963379e-01 -1.688190698623657227e+00 5.616209084459587997e-01 4.345691897904620515e-01 -3.903356601948217430e-01 5.859774123582415228e-01
9.319065511226654053e-02 -3.829891383647918701e-01 -1.688193917274475098e+00 5.616211484813845578e-01 4.345755683401673064e-01 -3.903348366892839261e-01 5.859729830588242816e-01
9.318978339433670044e-02 -3.829897046089172363e-01 -1.688196539878845215e+00 5.616218055726556191e-01 4.345745499724711358e-01 -3.903352986853990680e-01 5.859728148582878937e-01
9.320643544197082520e-02 -3.829398751258850098e-01 -1.688200116157531738e+00 5.615988181145248337e-01 4.345683675558231762e-01 -3.903669107988799736e-01 5.859783459738044931e-01
9.320654720067977905e-02 -3.829339742660522461e-01 -1.688199758529663086e+00 5.615975867946797484e-01 4.345684887001896035e-01 -3.903711563475125157e-01 5.859766457281293528e-01
9.317019581794738770e-02 -3.829538524150848389e-01 -1.688112497329711914e+00 5.616028012291685023e-01 4.346011658702491065e-01 -3.903044588745974708e-01 5.859918213387173003e-01
9.318183362483978271e-02 -3.829893171787261963e-01 -1.688145637512207031e+00 5.615939009034313090e-01 4.345948431098315412e-01 -3.903115964449521691e-01 5.860002857862203207e-01
9.317862242460250854e-02 -3.829859495162963867e-01 -1.688143968582153320e+00 5.615884061214776457e-01 4.345962893756303846e-01 -3.903137072699828791e-01 5.860030608868190827e-01
9.317415952682495117e-02 -3.829846978187561035e-01 -1.688147425651550293e+00 5.615904797047313046e-01 4.345983372493469332e-01 -3.903122428817625833e-01 5.860005522238697084e-01
9.318588674068450928e-02 -3.829660713672637939e-01 -1.688021659851074219e+00 5.616137206018606554e-01 4.346547810808341628e-01 -3.903386427541937764e-01 5.859188189210770004e-01
9.318591654300689697e-02 -3.829618394374847412e-01 -1.688013672828674316e+00 5.616138186486859807e-01 4.346491275162392975e-01 -3.903381666675855288e-01 5.859232404655992932e-01
9.318441152572631836e-02 -3.829566240310668945e-01 -1.688006281852722168e+00 5.616119323325511337e-01 4.346482193393559901e-01 -3.903402471697778320e-01 5.859243195871908227e-01
9.316490590572357178e-02 -3.829563260078430176e-01 -1.687983036041259766e+00 5.616349584297190001e-01 4.346601523628654817e-01 -3.903444610676741755e-01 5.858906135760755252e-01
9.316025674343109131e-02 -3.829509019851684570e-01 -1.687975764274597168e+00 5.616277925300442453e-01 4.346650067692305330e-01 -3.903329584724839485e-01 5.859015514872237818e-01
9.315492957830429077e-02 -3.829457461833953857e-01 -1.687968730926513672e+00 5.616310775252836285e-01 4.346570071138503022e-01 -3.903364991650333238e-01 5.859019583984405033e-01
9.314500540494918823e-02 -3.829467892646789551e-01 -1.687887310981750488e+00 5.616326698538962603e-01 4.346910198768151323e-01 -3.903192976000177117e-01 5.858866598843629481e-01
9.313949197530746460e-02 -3.829444944858551025e-01 -1.687877893447875977e+00 5.616308047437249540e-01 4.346919725937173351e-01 -3.903210614303661563e-01 5.858865758511112576e-01
9.313426911830902100e-02 -3.829416930675506592e-01 -1.687868952751159668e+00 5.616302258079566290e-01 4.346943649764419826e-01 -3.903187840485619065e-01 5.858868746728866927e-01
9.315493702888488770e-02 -3.829695284366607666e-01 -1.687947869300842285e+00 5.616754746894240258e-01 4.346838187116996988e-01 -3.902990758937472382e-01 5.858644409147136800e-01
9.315202385187149048e-02 -3.829702436923980713e-01 -1.687944650650024414e+00 5.616799300269734729e-01 4.346825577646267202e-01 -3.902920071650908262e-01 5.858657894382175435e-01
9.314938634634017944e-02 -3.829723596572875977e-01 -1.687941074371337891e+00 5.616909911160195001e-01 4.346815668729551718e-01 -3.902836780163628783e-01 5.858614947340150536e-01
9.317363053560256958e-02 -3.829852640628814697e-01 -1.687866330146789551e+00 5.616968121525650615e-01 4.346875294172578008e-01 -3.903102542928026941e-01 5.858337624789100584e-01
9.317389130592346191e-02 -3.829855024814605713e-01 -1.687857985496520996e+00 5.616847312478469023e-01 4.346898112242563728e-01 -3.902987952746778122e-01 5.858512972582966549e-01
9.317367523908615112e-02 -3.829856514930725098e-01 -1.687850713729858398e+00 5.616939578086358464e-01 4.346934946923990406e-01 -3.903008567937305551e-01 5.858383577604515668e-01
9.320001304149627686e-02 -3.829905390739440918e-01 -1.687905669212341309e+00 5.617279654656834875e-01 4.346725819693754156e-01 -3.902691101581615696e-01 5.858424029385125298e-01
9.320162236690521240e-02 -3.829872012138366699e-01 -1.687901377677917480e+00 5.617232624348218462e-01 4.346731349491358420e-01 -3.902611067808876011e-01 5.858518441239145558e-01
9.320387989282608032e-02 -3.829821050167083740e-01 -1.687897086143493652e+00 5.617255989298478580e-01 4.346688117921209682e-01 -3.902590391564335071e-01 5.858541954849317834e-01
9.318757057189941406e-02 -3.829651772975921631e-01 -1.687990307807922363e+00 5.617046994509916624e-01 4.346465241515283240e-01 -3.902767098710256399e-01 5.858789779516251350e-01
9.318709373474121094e-02 -3.829597532749176025e-01 -1.687990665435791016e+00 5.617035096068063726e-01 4.346454021578755600e-01 -3.902804414582220494e-01 5.858784681240405412e-01
9.318891167640686035e-02 -3.829522430896759033e-01 -1.687990665435791016e+00 5.616991524882177789e-01 4.346496367289101603e-01 -3.902804611823321168e-01 5.858794844822151626e-01
9.319124370813369751e-02 -3.829420506954193115e-01 -1.687956452369689941e+00 5.617278444345804589e-01 4.346686011869606014e-01 -3.902594388068443831e-01 5.858519198536304984e-01
9.319197386503219604e-02 -3.829338252544403076e-01 -1.687954664230346680e+00 5.617277314860104065e-01 4.346669858615345161e-01 -3.902491948135689004e-01 5.858600489196551520e-01
9.319344162940979004e-02 -3.829255104064941406e-01 -1.687954068183898926e+00 5.617248787499175000e-01 4.346666773620990187e-01 -3.902542704760424419e-01 5.858596287058908114e-01
9.314648061990737915e-02 -3.829410076141357422e-01 -1.688101649284362793e+00 5.616768791111409476e-01 4.346747289521043500e-01 -3.902287611035318293e-01 5.859166855435817833e-01
9.313808381557464600e-02 -3.829339742660522461e-01 -1.688105463981628418e+00 5.616754775911254605e-01 4.346674682805103940e-01 -3.902298210433314818e-01 5.859226841542756192e-01
9.312943369150161743e-02 -3.829270899295806885e-01 -1.688109397888183594e+00 5.616657854103811465e-01 4.346688570435016108e-01 -3.902495547483750271e-01 5.859178052964411076e-01
9.314049035310745239e-02 -3.829817473888397217e-01 -1.688108563423156738e+00 5.616627655080780324e-01 4.346490030791329562e-01 -3.902220218232305138e-01 5.859537605022799855e-01
9.313172101974487305e-02 -3.829813301563262939e-01 -1.688111662864685059e+00 5.616661993243456941e-01 4.346467089315143029e-01 -3.902309645815971173e-01 5.859462251893522433e-01
9.312403202056884766e-02 -3.829799890518188477e-01 -1.688114285469055176e+00 5.616571518043989020e-01 4.346433535642299506e-01 -3.902432797658603181e-01 5.859492037455837909e-01
9.311104565858840942e-02 -3.829323053359985352e-01 -1.688036322593688965e+00 5.616875182791862819e-01 4.346992177881137676e-01 -3.902009520192260550e-01 5.859068077868530011e-01
9.310093522071838379e-02 -3.829253911972045898e-01 -1.688035368919372559e+00 5.616856077538021630e-01 4.347023685590826192e-01 -3.901959354204244668e-01 5.859096629028568426e-01
9.308946132659912109e-02 -3.829210400581359863e-01 -1.688034296035766602e+00 5.616946073534682116e-01 4.347012698694853738e-01 -3.901897035084684329e-01 5.859060055745474171e-01
9.311001002788543701e-02 -3.829507529735565186e-01 -1.687998771667480469e+00 5.616894333577752141e-01 4.347104406733756088e-01 -3.902118117892657279e-01 5.858894232136436786e-01
9.310343116521835327e-02 -3.829466700553894043e-01 -1.687996268272399902e+00 5.616874587955801301e-01 4.347166288921857080e-01 -3.902106931083950681e-01 5.858874769351259948e-01
9.310875087976455688e-02 -3.829214870929718018e-01 -1.687981486320495605e+00 5.616918240879541502e-01 4.347297241339885820e-01 -3.901753646880402604e-01 5.858970901246203233e-01
9.311584383249282837e-02 -3.829546570777893066e-01 -1.687964081764221191e+00 5.616996950832421343e-01 4.347079787562644348e-01 -3.902051074453958823e-01 5.858858823128560989e-01
9.311184287071228027e-02 -3.829555213451385498e-01 -1.687961578369140625e+00 5.617006758151649182e-01 4.346994617817894757e-01 -3.902092875208071354e-01 5.858884937786400515e-01
9.310737252235412598e-02 -3.829551637172698975e-01 -1.687959194183349609e+00 5.617028509530801461e-01 4.347005540011146807e-01 -3.902138183513724767e-01 5.858825773088635058e-01
