repeatability steamvr; 20211020-215000; x y z w i j k;  frequency = 150 duration = 2 sys.args = ['.\\repeatability.py']
9.318304806947708130e-02 -3.828998804092407227e-01 -1.687857747077941895e+00 5.617791180459461575e-01 4.345617379537949909e-01 -3.902113597124096667e-01 5.859140448342594620e-01
9.319837391376495361e-02 -3.829634189605712891e-01 -1.687940359115600586e+00 5.617701384507993723e-01 4.345267625000883149e-01 -3.902192614992669450e-01 5.859433309102608511e-01
9.316024929285049438e-02 -3.829853832721710205e-01 -1.687830805778503418e+00 5.617666205124897116e-01 4.345403300849366990e-01 -3.902455814593160377e-01 5.859191484361401248e-01
9.314601868391036987e-02 -3.829812705516815186e-01 -1.687839150428771973e+00 5.617613512313279767e-01 4.345210558902931619e-01 -3.902394638671272675e-01 5.859425359581325043e-01
9.314405918121337891e-02 -3.829742074012756348e-01 -1.687813758850097656e+00 5.617385085424985158e-01 4.345258258569894005e-01 -3.902676544002237624e-01 5.859421438590582953e-01
9.313201904296875000e-02 -3.829747736454010010e-01 -1.687807917594909668e+00 5.617266764001977997e-01 4.345292047966384241e-01 -3.902783552646234555e-01 5.859438220489429083e-01
9.313945472240447998e-02 -3.829851448535919189e-01 -1.687842488288879395e+00 5.617199056491450904e-01 4.345030584632142423e-01 -3.902726639673667064e-01 5.859735129501920659e-01
9.313796460628509521e-02 -3.829784095287322998e-01 -1.687814474105834961e+00 5.616928939545485777e-01 4.344946340853711453e-01 -3.903090341025071686e-01 5.859814108600436278e-01
9.312838315963745117e-02 -3.830025494098663330e-01 -1.687742114067077637e+00 5.616899245619455527e-01 4.345200802339541646e-01 -3.903115318992664839e-01 5.859637363390780562e-01
9.312375634908676147e-02 -3.830051720142364502e-01 -1.687727928161621094e+00 5.616941246509506991e-01 4.345065511215055465e-01 -3.903159054780554471e-01 5.859668359399707871e-01
9.312544018030166626e-02 -3.829707801342010498e-01 -1.687648177146911621e+00 5.616952724418305953e-01 4.345256635414000979e-01 -3.903103724809622310e-01 5.859552259559123177e-01
9.314964711666107178e-02 -3.829186260700225830e-01 -1.687696814537048340e+00 5.617099773464062640e-01 4.344987915514578747e-01 -3.903122183201185313e-01 5.859598488186347209e-01
9.315630048513412476e-02 -3.829278051853179932e-01 -1.687725424766540527e+00 5.617000007849444199e-01 4.345343946360087362e-01 -3.903141799878328544e-01 5.859416981411110781e-01
9.314868599176406860e-02 -3.829393684864044189e-01 -1.687738180160522461e+00 5.617324402822698737e-01 4.345221796327777275e-01 -3.902977243920970896e-01 5.859306076147692277e-01
9.316091984510421753e-02 -3.829373419284820557e-01 -1.687718987464904785e+00 5.617477690359459208e-01 4.345150989760486193e-01 -3.902835626644871603e-01 5.859306011415150728e-01
9.318352490663528442e-02 -3.829666376113891602e-01 -1.687735795974731445e+00 5.617414743624437046e-01 4.345001616519578169e-01 -3.902733397120993764e-01 5.859545286107228357e-01
9.316612780094146729e-02 -3.830109536647796631e-01 -1.687822222709655762e+00 5.617414395461171051e-01 4.344859603093574330e-01 -3.902818027156347291e-01 5.859594591086877413e-01
9.319201856851577759e-02 -3.830306231975555420e-01 -1.687823653221130371e+00 5.617505027019404906e-01 4.344705249955591597e-01 -3.902792528366982316e-01 5.859639316774359896e-01
9.317395836114883423e-02 -3.830102682113647461e-01 -1.687805294990539551e+00 5.617295303706280052e-01 4.344995181361521186e-01 -3.902832164238734247e-01 5.859598783826890367e-01
9.315250068902969360e-02 -3.830536901950836182e-01 -1.687876701354980469e+00 5.617643167234441792e-01 4.344824567817674454e-01 -3.902596654839629586e-01 5.859548807576105967e-01
9.319090843200683594e-02 -3.830223679542541504e-01 -1.687915563583374023e+00 5.617826334192969062e-01 4.344824598630855905e-01 -3.902542454867053423e-01 5.859409217428669381e-01
9.316240996122360229e-02 -3.829908668994903564e-01 -1.687905788421630859e+00 5.617826955867483152e-01 4.345098110494169941e-01 -3.902562148682872656e-01 5.859192789952698543e-01
9.316428005695343018e-02 -3.829786181449890137e-01 -1.687875270843505859e+00 5.618093631312193192e-01 4.345147041760245021e-01 -3.902510152324284998e-01 5.858935358539038019e-01
9.317372739315032959e-02 -3.829593658447265625e-01 -1.687875509262084961e+00 5.618244237292895349e-01 4.345050969161798893e-01 -3.902415949529132178e-01 5.858924706348581646e-01
9.317164123058319092e-02 -3.829603195190429688e-01 -1.687902331352233887e+00 5.618202731017503115e-01 4.345139862001750064e-01 -3.902446802258164316e-01 5.858878078052194294e-01
9.317799657583236694e-02 -3.829313218593597412e-01 -1.687853455543518066e+00 5.618390042464569412e-01 4.345057367850747032e-01 -3.902509580738747763e-01 5.858717890785314353e-01
9.315857291221618652e-02 -3.829242289066314697e-01 -1.687829613685607910e+00 5.618256037857868312e-01 4.344938238331957914e-01 -3.902617846258377154e-01 5.858862670123869965e-01
9.316767752170562744e-02 -3.829276263713836670e-01 -1.687861442565917969e+00 5.618337781213906812e-01 4.344987601311537939e-01 -3.902590870080177021e-01 5.858765624825816865e-01
9.315785765647888184e-02 -3.829366564750671387e-01 -1.687885761260986328e+00 5.618537074612524052e-01 4.345052175610503165e-01 -3.902427843858970458e-01 5.858635120309332311e-01
9.317747503519058228e-02 -3.829787969589233398e-01 -1.687845110893249512e+00 5.618650895958327007e-01 4.345014378468442517e-01 -3.902454342502361118e-01 5.858536328084066325e-01
9.317943453788757324e-02 -3.829783201217651367e-01 -1.687841415405273438e+00 5.618653601917044105e-01 4.345045809941833759e-01 -3.902513593687566562e-01 5.858470917331302097e-01
9.316650778055191040e-02 -3.829900622367858887e-01 -1.687902331352233887e+00 5.618659587758304541e-01 4.344616101492802529e-01 -3.902470947763752585e-01 5.858812364312669940e-01
9.313928335905075073e-02 -3.830069005489349365e-01 -1.687822699546813965e+00 5.618410711031374127e-01 4.344732758430427388e-01 -3.902486041243788950e-01 5.858954397468500996e-01
9.313690662384033203e-02 -3.830080926418304443e-01 -1.687819957733154297e+00 5.618415180404694453e-01 4.344823181848979643e-01 -3.902495468514281529e-01 5.858876933857275482e-01
9.313258528709411621e-02 -3.829910457134246826e-01 -1.687795639038085938e+00 5.618339266880628680e-01 4.345026094998010180e-01 -3.902693838912504321e-01 5.858667268971810005e-01
9.316561371088027954e-02 -3.829926550388336182e-01 -1.687781810760498047e+00 5.618516182735212583e-01 4.344798608342898549e-01 -3.902830298230163808e-01 5.858575218750330382e-01
9.316712617874145508e-02 -3.829933404922485352e-01 -1.687776446342468262e+00 5.618489901501030337e-01 4.344862791892084575e-01 -3.902828198873338761e-01 5.858554088399536841e-01
9.319114685058593750e-02 -3.829978704452514648e-01 -1.687764525413513184e+00 5.618410153654480599e-01 4.344376882628233072e-01 -3.902951790464646575e-01 5.858908830386003741e-01
9.321581572294235229e-02 -3.829739093780517578e-01 -1.687784790992736816e+00 5.618522054763323004e-01 4.344256567945716241e-01 -3.902918215745637687e-01 5.858913079645058364e-01
9.322234988212585449e-02 -3.829693794250488281e-01 -1.687779068946838379e+00 5.618559626066810253e-01 4.344217655290217306e-01 -3.902926495194518064e-01 5.858900422417189224e-01
9.318931400775909424e-02 -3.829446434974670410e-01 -1.687794566154479980e+00 5.618717937462868184e-01 4.344612438149975664e-01 -3.902897779850931781e-01 5.858474646488015525e-01
9.317648410797119141e-02 -3.829435408115386963e-01 -1.687735319137573242e+00 5.618811202080590261e-01 4.344730265651626233e-01 -3.902924358913354430e-01 5.858280340102061112e-01
9.317791461944580078e-02 -3.829372525215148926e-01 -1.687728524208068848e+00 5.618861252390220384e-01 4.344629010929510482e-01 -3.902982744536271920e-01 5.858268599994278514e-01
9.318419545888900757e-02 -3.829379975795745850e-01 -1.687815904617309570e+00 5.618643865846626451e-01 4.344654729654859326e-01 -3.902859525454330791e-01 5.858539945422983619e-01
9.318420290946960449e-02 -3.829279541969299316e-01 -1.687815785408020020e+00 5.618576639052770272e-01 4.344699287907354268e-01 -3.902964437651643692e-01 5.858501438927908866e-01
9.318391978740692139e-02 -3.829213976860046387e-01 -1.687814593315124512e+00 5.618558043075362329e-01 4.344716261858208584e-01 -3.903022508015129843e-01 5.858468051616445571e-01
9.312406182289123535e-02 -3.829571008682250977e-01 -1.687773227691650391e+00 5.618100966718067024e-01 4.344551643612363234e-01 -3.903003167952291963e-01 5.859041361811645476e-01
9.311818331480026245e-02 -3.829545676708221436e-01 -1.687769770622253418e+00 5.618196247382617470e-01 4.344603035749992070e-01 -3.902922023397751294e-01 5.858966132544259908e-01
9.311313927173614502e-02 -3.829632997512817383e-01 -1.687794804573059082e+00 5.618457998768614514e-01 4.344695329039926501e-01 -3.902805736989060081e-01 5.858724074317946950e-01
9.312368184328079224e-02 -3.829616308212280273e-01 -1.687790036201477051e+00 5.618329550986124188e-01 4.345016568297052628e-01 -3.902241219867275124e-01 5.858985060385683008e-01
9.311866760253906250e-02 -3.829589784145355225e-01 -1.687785506248474121e+00 5.618336939957542242e-01 4.344978770156816550e-01 -3.902281441076858592e-01 5.858978813655578710e-01
9.313191473484039307e-02 -3.829938471317291260e-01 -1.687835454940795898e+00 5.618256147678637458e-01 4.344754922629497917e-01 -3.902453892522280698e-01 5.859107758437996916e-01
9.314367920160293579e-02 -3.829783201217651367e-01 -1.687864661216735840e+00 5.618220327345228027e-01 4.345171060135088470e-01 -3.901917614874823581e-01 5.859190336187659609e-01
9.314063936471939087e-02 -3.829769790172576904e-01 -1.687863707542419434e+00 5.618222666749226324e-01 4.345182247050066171e-01 -3.901896263718921953e-01 5.859194261944055127e-01
9.315302222967147827e-02 -3.829476535320281982e-01 -1.687802553176879883e+00 5.618043737865240361e-01 4.345407949495506683e-01 -3.902202222797540587e-01 5.858994817978557812e-01
9.314899146556854248e-02 -3.829496204853057861e-01 -1.687793612480163574e+00 5.617897714411249632e-01 4.345540243969351901e-01 -3.902331136915673238e-01 5.858950694653647373e-01
9.314810484647750854e-02 -3.829463124275207520e-01 -1.687785983085632324e+00 5.617897453311250233e-01 4.345564699224073180e-01 -3.902296107081500431e-01 5.858956404468170787e-01
9.313910454511642456e-02 -3.829719722270965576e-01 -1.687830090522766113e+00 5.618188002442693341e-01 4.345442509666864739e-01 -3.902076924072702679e-01 5.858914258229745986e-01
9.315767139196395874e-02 -3.829323053359985352e-01 -1.687920212745666504e+00 5.618133687899200535e-01 4.345474723133485595e-01 -3.901870699935228726e-01 5.859079911457323320e-01
9.315669536590576172e-02 -3.829255998134613037e-01 -1.687918424606323242e+00 5.618079911590921904e-01 4.345463619009101164e-01 -3.901819824604673692e-01 5.859173260254524340e-01
9.316282719373703003e-02 -3.828952014446258545e-01 -1.687863945960998535e+00 5.617996875583521899e-01 4.345810277126349597e-01 -3.901948512844771733e-01 5.858910274937181306e-01
9.318360686302185059e-02 -3.828998506069183350e-01 -1.687866568565368652e+00 5.617997888882184654e-01 4.345786939623806355e-01 -3.901877321611551541e-01 5.858973936674736205e-01
9.318423271179199219e-02 -3.828918337821960449e-01 -1.687861800193786621e+00 5.618055464253453035e-01 4.345765005973589168e-01 -3.901835411135801124e-01 5.858963093766562658e-01
9.316157549619674683e-02 -3.828996419906616211e-01 -1.687909722328186035e+00 5.618352919662831235e-01 4.346008323950467656e-01 -3.901471623312476877e-01 5.858739494898608235e-01
9.314598143100738525e-02 -3.829206824302673340e-01 -1.687857389450073242e+00 5.618272954375203021e-01 4.346114589902344560e-01 -3.901623065855249761e-01 5.858636560991744568e-01
9.314214438199996948e-02 -3.829181194305419922e-01 -1.687852859497070312e+00 5.618303621131246484e-01 4.346121202360088698e-01 -3.901615892615408199e-01 5.858607102050720217e-01
9.313823282718658447e-02 -3.829390108585357666e-01 -1.687911629676818848e+00 5.618450829590334594e-01 4.345777286335392731e-01 -3.901703662551726515e-01 5.858662328103501071e-01
9.313606470823287964e-02 -3.829494416713714600e-01 -1.687872886657714844e+00 5.618551418955785026e-01 4.345800587933082992e-01 -3.901710158404403384e-01 5.858544444548393626e-01
9.313219040632247925e-02 -3.829521834850311279e-01 -1.687869429588317871e+00 5.618510584204461367e-01 4.345836383056486674e-01 -3.901674001957077809e-01 5.858580923884276759e-01
9.314114600419998169e-02 -3.829704523086547852e-01 -1.687901258468627930e+00 5.618598956216380724e-01 4.345476338635966829e-01 -3.901884409875697179e-01 5.858623239467066757e-01
9.315696358680725098e-02 -3.829853534698486328e-01 -1.687895774841308594e+00 5.618710868068526043e-01 4.345337905765931930e-01 -3.901972181850249521e-01 5.858560253335214352e-01
9.315417706966400146e-02 -3.829889893531799316e-01 -1.687893390655517578e+00 5.618662728820257302e-01 4.345346252652707575e-01 -3.902042112233597981e-01 5.858553693382286820e-01
9.317501634359359741e-02 -3.830065727233886719e-01 -1.687897920608520508e+00 5.618440796869418330e-01 4.345138575668134329e-01 -3.902296929041642048e-01 5.858750764109350584e-01
9.318328648805618286e-02 -3.830203711986541748e-01 -1.687894701957702637e+00 5.618451840735108060e-01 4.345170497044113511e-01 -3.902309050436320592e-01 5.858708349972643337e-01
9.318345785140991211e-02 -3.830262124538421631e-01 -1.687890887260437012e+00 5.618443103029281405e-01 4.345218777879487071e-01 -3.902300598516787455e-01 5.858686828576149530e-01
9.317601472139358521e-02 -3.830252289772033691e-01 -1.687903523445129395e+00 5.618565166533368016e-01 4.345289514352790872e-01 -3.902141859658838641e-01 5.858622801704784777e-01
9.317326545715332031e-02 -3.830099999904632568e-01 -1.687900662422180176e+00 5.618729621005706942e-01 4.345221390045923560e-01 -3.902193102828180882e-01 5.858481426590566032e-01
9.317225962877273560e-02 -3.830139935016632080e-01 -1.687897682189941406e+00 5.618766130107580858e-01 4.345217828273694738e-01 -3.902166686702903120e-01 5.858466830393328495e-01
9.315177053213119507e-02 -3.829878270626068115e-01 -1.687867522239685059e+00 5.618495680316535346e-01 4.345658347743326377e-01 -3.902271208886857190e-01 5.858329657128381607e-01
9.313511848449707031e-02 -3.829959928989410400e-01 -1.687824726104736328e+00 5.618390825695855906e-01 4.345703951482235428e-01 -3.902427050219353655e-01 5.858292454977724883e-01
9.311716258525848389e-02 -3.829745650291442871e-01 -1.687812089920043945e+00 5.618393761776186990e-01 4.345667732198253419e-01 -3.902209784018025318e-01 5.858461389361182547e-01
9.310954809188842773e-02 -3.829540312290191650e-01 -1.687785625457763672e+00 5.618525956322715231e-01 4.346032529108858067e-01 -3.902173766088088969e-01 5.858088038810337350e-01
9.313067793846130371e-02 -3.829785287380218506e-01 -1.687739729881286621e+00 5.618635758312249262e-01 4.345964901848820006e-01 -3.902350451648168295e-01 5.857915078617212945e-01
9.312696754932403564e-02 -3.829785287380218506e-01 -1.687733411788940430e+00 5.618606748865849765e-01 4.346069365292900555e-01 -3.902352134572756315e-01 5.857864169081836714e-01
9.313491731882095337e-02 -3.830197453498840332e-01 -1.687803626060485840e+00 5.618922544092000981e-01 4.345565330968338968e-01 -3.902097874621248130e-01 5.858104453374020082e-01
9.316159784793853760e-02 -3.829815387725830078e-01 -1.687845468521118164e+00 5.619226011350789696e-01 4.345393537478277057e-01 -3.902004384636116319e-01 5.858003147833685809e-01
9.316273033618927002e-02 -3.829824030399322510e-01 -1.687844395637512207e+00 5.619288850784379674e-01 4.345399239126238600e-01 -3.901996979316388336e-01 5.857943605426100264e-01
9.315237402915954590e-02 -3.829914629459381104e-01 -1.687866926193237305e+00 5.619268315965668670e-01 4.345553484588153825e-01 -3.901860682812442471e-01 5.857939952964219543e-01
9.313154965639114380e-02 -3.829771876335144043e-01 -1.687859416007995605e+00 5.619070801236468737e-01 4.345643749015679624e-01 -3.901676725457839945e-01 5.858184581733909546e-01
9.312777221202850342e-02 -3.829730153083801270e-01 -1.687862396240234375e+00 5.619102634192778556e-01 4.345608299117214024e-01 -3.901727979454347461e-01 5.858146488377018457e-01
9.311507642269134521e-02 -3.829645812511444092e-01 -1.687873005867004395e+00 5.618920086884221510e-01 4.345668776599045380e-01 -3.902034177039300777e-01 5.858072672274651227e-01
9.311709553003311157e-02 -3.829600214958190918e-01 -1.687851548194885254e+00 5.618941317041097339e-01 4.345851369676209663e-01 -3.901597508384974100e-01 5.858207666743558972e-01
9.311277419328689575e-02 -3.829571902751922607e-01 -1.687854647636413574e+00 5.618956439361167954e-01 4.345895049587139014e-01 -3.901606831285797661e-01 5.858154640704049676e-01
9.312444180250167847e-02 -3.829723894596099854e-01 -1.687890291213989258e+00 5.618612629087144095e-01 4.345474002044126260e-01 -3.902006193946427337e-01 5.858530745378590643e-01
9.315297752618789673e-02 -3.829481303691864014e-01 -1.687947630882263184e+00 5.618741573872682027e-01 4.345318567999135739e-01 -3.901808940389512315e-01 5.858653678724831115e-01
9.315414726734161377e-02 -3.829457163810729980e-01 -1.687954783439636230e+00 5.618745052610086832e-01 4.345242341461277857e-01 -3.901804038368319461e-01 5.858710252859878898e-01
9.317562729120254517e-02 -3.829682171344757080e-01 -1.688000202178955078e+00 5.618712361924285137e-01 4.344772657344334599e-01 -3.902226869293265454e-01 5.858808387141078988e-01
9.316805750131607056e-02 -3.829836845397949219e-01 -1.687955498695373535e+00 5.618654024593479068e-01 4.344769027833923491e-01 -3.902332063093378878e-01 5.858796815960989335e-01
9.317068755626678467e-02 -3.829853832721710205e-01 -1.687961339950561523e+00 5.618737612377552315e-01 4.344754615544041965e-01 -3.902431010844841786e-01 5.858661389637603856e-01
9.321801364421844482e-02 -3.830002546310424805e-01 -1.687967777252197266e+00 5.618461150303338814e-01 4.344501653354819748e-01 -3.902797878776878004e-01 5.858869840438745147e-01
9.317685663700103760e-02 -3.829902410507202148e-01 -1.687940478324890137e+00 5.618210476558094246e-01 4.344404299348181286e-01 -3.902772727167021505e-01 5.859199018122995817e-01
9.317899495363235474e-02 -3.829907476902008057e-01 -1.687941670417785645e+00 5.618244732523425267e-01 4.344390383801689515e-01 -3.902745317168579975e-01 5.859194987746384475e-01
9.320175647735595703e-02 -3.830193281173706055e-01 -1.687988281250000000e+00 5.618045816249668256e-01 4.344355181059440518e-01 -3.902934757506162922e-01 5.859285339976336715e-01
9.318249672651290894e-02 -3.830039501190185547e-01 -1.687944531440734863e+00 5.618196771626944308e-01 4.344285638674152961e-01 -3.902903888777539687e-01 5.859212780490182793e-01
9.318283945322036743e-02 -3.830054402351379395e-01 -1.687945127487182617e+00 5.618243429176038584e-01 4.344208052699347067e-01 -3.902886395605639214e-01 5.859237324734789532e-01
9.316708892583847046e-02 -3.829835653305053711e-01 -1.687921881675720215e+00 5.618357693673851072e-01 4.344308332852901966e-01 -3.902882508873123379e-01 5.859055966569998164e-01
9.316860884428024292e-02 -3.829623758792877197e-01 -1.687926173210144043e+00 5.618534695971679760e-01 4.344093864516933579e-01 -3.902857187293125030e-01 5.859062208798728744e-01
9.316714853048324585e-02 -3.829604387283325195e-01 -1.687925696372985840e+00 5.618544734740875679e-01 4.343992449179469584e-01 -3.902866292570317808e-01 5.859121889366596392e-01
9.315346926450729370e-02 -3.829541504383087158e-01 -1.687941908836364746e+00 5.618534235990494397e-01 4.344187716521301090e-01 -3.902921589240861411e-01 5.858950104963842609e-01
9.320081770420074463e-02 -3.829597532749176025e-01 -1.687993645668029785e+00 5.618653496247930645e-01 4.343973147092734521e-01 -3.902900540358286707e-01 5.859008738268915994e-01
9.320481866598129272e-02 -3.829577863216400146e-01 -1.688001275062561035e+00 5.618601264383289440e-01 4.344049764192254304e-01 -3.903028519438341282e-01 5.858916808423346723e-01
9.320858120918273926e-02 -3.829177021980285645e-01 -1.687960267066955566e+00 5.618560403058523445e-01 4.344523906145520420e-01 -3.903102056991662461e-01 5.858555498122894889e-01
9.317263215780258179e-02 -3.829636871814727783e-01 -1.687807679176330566e+00 5.618441658830448660e-01 4.344784480193197296e-01 -3.902714414585187197e-01 5.858734349983615308e-01
9.317426383495330811e-02 -3.829639554023742676e-01 -1.687803030014038086e+00 5.618386644316984979e-01 4.344796365828404450e-01 -3.902720736590702399e-01 5.858774080730529965e-01
9.317186474800109863e-02 -3.829914927482604980e-01 -1.687892913818359375e+00 5.618430355941534948e-01 4.344586780756214961e-01 -3.902901123138829975e-01 5.858767486457567841e-01
9.319334477186203003e-02 -3.829561173915863037e-01 -1.687938690185546875e+00 5.618531735101136571e-01 4.344658226198476192e-01 -3.902853740831396245e-01 5.858648777042835265e-01
9.319427609443664551e-02 -3.829529285430908203e-01 -1.687941789627075195e+00 5.618577594231675132e-01 4.344602766197765975e-01 -3.902903206264821678e-01 5.858613025600011293e-01
9.317074716091156006e-02 -3.829592764377593994e-01 -1.688018441200256348e+00 5.618700636907035806e-01 4.344322866919061443e-01 -3.902767679722491390e-01 5.858792766525423579e-01
9.315358102321624756e-02 -3.830067813396453857e-01 -1.687907934188842773e+00 5.618544260256627121e-01 4.344410411913132708e-01 -3.902893806592394599e-01 5.858793784126968829e-01
9.315165877342224121e-02 -3.830135166645050049e-01 -1.687935829162597656e+00 5.618496204532922311e-01 4.344221166764000719e-01 -3.902862210582293545e-01 5.859001433559802852e-01
9.314500540494918823e-02 -3.830249309539794922e-01 -1.687956690788269043e+00 5.618471141547698444e-01 4.344184427213058086e-01 -3.903090634113013380e-01 5.858900265171351762e-01
9.318976104259490967e-02 -3.830565810203552246e-01 -1.687972426414489746e+00 5.618322907948563039e-01 4.344230160254978768e-01 -3.903148591259036904e-01 5.858969841744898766e-01
9.321138262748718262e-02 -3.830875158309936523e-01 -1.687999844551086426e+00 5.618257154714270118e-01 4.344115633596770110e-01 -3.903003971023706886e-01 5.859214257969727058e-01
9.322771430015563965e-02 -3.830733001232147217e-01 -1.687970995903015137e+00 5.618150424509720242e-01 4.344084640950475751e-01 -3.903211894564665441e-01 5.859201306329031578e-01
9.321982413530349731e-02 -3.830450475215911865e-01 -1.687985897064208984e+00 5.618191839998544213e-01 4.344078817572258888e-01 -3.903010157878694097e-01 5.859300145156811634e-01
9.323611855506896973e-02 -3.830781280994415283e-01 -1.688037514686584473e+00 5.618024130974502706e-01 4.344170642330735244e-01 -3.903086917760986707e-01 5.859341641792537025e-01
9.324115514755249023e-02 -3.830832242965698242e-01 -1.688043832778930664e+00 5.618072377230417525e-01 4.344189740079973938e-01 -3.903005292051908159e-01 5.859335485417157541e-01
9.319213032722473145e-02 -3.830437362194061279e-01 -1.687994241714477539e+00 5.617986344726472181e-01 4.344199032092959101e-01 -3.903243999450420332e-01 5.859252144619244707e-01
9.320192039012908936e-02 -3.830599486827850342e-01 -1.688022613525390625e+00 5.617894237221374709e-01 4.344283270445732925e-01 -3.903124810061994743e-01 5.859357492839764037e-01
9.319537132978439331e-02 -3.830731809139251709e-01 -1.688051581382751465e+00 5.617880471424125943e-01 4.344211772339806044e-01 -3.903360097809587814e-01 5.859267078466854350e-01
9.314792603254318237e-02 -3.830628693103790283e-01 -1.688012480735778809e+00 5.617527449985867394e-01 4.344241140206703822e-01 -3.903348092022231319e-01 5.859591921188480601e-01
9.314230084419250488e-02 -3.830644786357879639e-01 -1.688018560409545898e+00 5.617507944911418472e-01 4.344175882769350516e-01 -3.903390857272434622e-01 5.859630437329972352e-01
9.313648194074630737e-02 -3.830665051937103271e-01 -1.688025116920471191e+00 5.617608671355311944e-01 4.344058126275425202e-01 -3.903369144555585146e-01 5.859635586053000278e-01
9.319098293781280518e-02 -3.829768300056457520e-01 -1.688145518302917480e+00 5.617351957833084386e-01 4.344094727555067315e-01 -3.903301258670288654e-01 5.859899658177326609e-01
9.318824857473373413e-02 -3.829684257507324219e-01 -1.688158869743347168e+00 5.617413334392035162e-01 4.344062864467698182e-01 -3.903240605695132981e-01 5.859904866950226277e-01
9.318544715642929077e-02 -3.829613327980041504e-01 -1.688171148300170898e+00 5.617353825086344177e-01 4.344135867687137775e-01 -3.903184601838651790e-01 5.859945061016191836e-01
9.321554750204086304e-02 -3.829715549945831299e-01 -1.688127040863037109e+00 5.617632892681996282e-01 4.344191943780125187e-01 -3.903088417052806292e-01 5.859699978139040200e-01
9.321206808090209961e-02 -3.829161226749420166e-01 -1.688053131103515625e+00 5.617747507379324823e-01 4.344620577833764874e-01 -3.903080900521037067e-01 5.859277244568197318e-01
9.321299195289611816e-02 -3.829089701175689697e-01 -1.688057303428649902e+00 5.617697693750117738e-01 4.344639971311188842e-01 -3.903082287135485884e-01 5.859309836814585726e-01
9.322870522737503052e-02 -3.828972876071929932e-01 -1.688082337379455566e+00 5.617770745851988767e-01 4.344513995652014571e-01 -3.902966778156595207e-01 5.859410035335629319e-01
9.321726113557815552e-02 -3.828784823417663574e-01 -1.688085913658142090e+00 5.617814926453404967e-01 4.344780753015130559e-01 -3.903013105252095549e-01 5.859139156766219880e-01
9.322377294301986694e-02 -3.828614354133605957e-01 -1.688067436218261719e+00 5.618055646603880016e-01 4.344635112864026483e-01 -3.902924745390209393e-01 5.859075098839787721e-01
9.317728877067565918e-02 -3.829201459884643555e-01 -1.687891840934753418e+00 5.617904884295376045e-01 4.344887402879942795e-01 -3.903029285493600509e-01 5.858962845196715730e-01
9.319718182086944580e-02 -3.829441368579864502e-01 -1.687925696372985840e+00 5.617887778097165885e-01 4.344868397308144781e-01 -3.903064611048767674e-01 5.858969810415741719e-01
9.320336580276489258e-02 -3.829261660575866699e-01 -1.687878727912902832e+00 5.617868767465205027e-01 4.344963651995495946e-01 -3.903116743677257361e-01 5.858882742864394144e-01
9.317160397768020630e-02 -3.829685747623443604e-01 -1.687756538391113281e+00 5.617802472200836839e-01 4.345228054103483228e-01 -3.903211643024377953e-01 5.858687032037909193e-01
9.317057579755783081e-02 -3.829752504825592041e-01 -1.687764048576354980e+00 5.617934711744015930e-01 4.345306179044668982e-01 -3.903158491468424196e-01 5.858537587412612213e-01
9.316842257976531982e-02 -3.829810321331024170e-01 -1.687751293182373047e+00 5.617889806805890229e-01 4.345285840508651409e-01 -3.903161839504549202e-01 5.858593434221061047e-01
9.318090975284576416e-02 -3.829767405986785889e-01 -1.687731027603149414e+00 5.617946612424949970e-01 4.345302038706686520e-01 -3.902640328442025242e-01 5.858874500963636711e-01
9.320464730262756348e-02 -3.830186426639556885e-01 -1.687763094902038574e+00 5.617692001150257353e-01 4.345156314394204577e-01 -3.902867440745180772e-01 5.859075586620827725e-01
9.320524334907531738e-02 -3.830253481864929199e-01 -1.687752842903137207e+00 5.617643538179005747e-01 4.345180122432616976e-01 -3.902802534553143077e-01 5.859147485550793011e-01
9.317779541015625000e-02 -3.830229341983795166e-01 -1.687751412391662598e+00 5.617658734451153046e-01 4.345157467977270316e-01 -3.902842873062772888e-01 5.859123015218913322e-01
9.317865967750549316e-02 -3.830512464046478271e-01 -1.687799215316772461e+00 5.617614602357178244e-01 4.344761778216988390e-01 -3.903091045275539628e-01 5.859293185260657788e-01
9.317626804113388062e-02 -3.830558955669403076e-01 -1.687790155410766602e+00 5.617546772625650053e-01 4.344730325893879641e-01 -3.903112575921763860e-01 5.859367249750377926e-01
9.314039349555969238e-02 -3.830053210258483887e-01 -1.687791705131530762e+00 5.617616351400558372e-01 4.344903664646709296e-01 -3.903127728746270120e-01 5.859161915202667492e-01
9.313760697841644287e-02 -3.829888105392456055e-01 -1.687771320343017578e+00 5.617735643577679294e-01 4.344929670232671737e-01 -3.902992226750836013e-01 5.859118663497024926e-01
9.315192699432373047e-02 -3.829731941223144531e-01 -1.687813282012939453e+00 5.617804239836036162e-01 4.344968972757055070e-01 -3.902719671353298558e-01 5.859205208981489443e-01
9.315170347690582275e-02 -3.829749524593353271e-01 -1.687776446342468262e+00 5.617905083228447172e-01 4.344957555286624862e-01 -3.902798849104398560e-01 5.859064226213983595e-01
9.314903616905212402e-02 -3.829829990863800049e-01 -1.687798142433166504e+00 5.617364877306302295e-01 4.344881631237145769e-01 -3.903235347913860398e-01 5.859347816246333052e-01
9.317669272422790527e-02 -3.829574286937713623e-01 -1.687851786613464355e+00 5.617421547310609276e-01 4.345104425359538336e-01 -3.902699888763001002e-01 5.859484870515416777e-01
9.317498654127120972e-02 -3.829481899738311768e-01 -1.687830686569213867e+00 5.617468571892773044e-01 4.344894958401418483e-01 -3.902650208640333074e-01 5.859628269522740851e-01
9.316816926002502441e-02 -3.829680085182189941e-01 -1.687888026237487793e+00 5.617606209428168684e-01 4.344696193838444853e-01 -3.902797499612546406e-01 5.859545578937706001e-01
9.317307174205780029e-02 -3.829429149627685547e-01 -1.687880873680114746e+00 5.617828729711721314e-01 4.344590214889123003e-01 -3.902765223475370693e-01 5.859432182675388123e-01
9.317143261432647705e-02 -3.829392194747924805e-01 -1.687881350517272949e+00 5.617876617077740553e-01 4.344616641119148359e-01 -3.902635340248492568e-01 5.859453189418039054e-01
9.314396977424621582e-02 -3.829245269298553467e-01 -1.687907457351684570e+00 5.617943669894311931e-01 4.345027575798875996e-01 -3.902560976321107766e-01 5.859133793718183103e-01
9.311806410551071167e-02 -3.829346895217895508e-01 -1.687861680984497070e+00 5.617848127988147588e-01 4.345221188511325106e-01 -3.902286570795244769e-01 5.859264473006829954e-01
9.311947226524353027e-02 -3.829466104507446289e-01 -1.687823057174682617e+00 5.618007686165354952e-01 4.344964827830155585e-01 -3.902369166881580753e-01 5.859246729443676749e-01
9.313514828681945801e-02 -3.829882740974426270e-01 -1.687874078750610352e+00 5.617955924902600096e-01 4.345059616169478223e-01 -3.902417687341800390e-01 5.859193556206521158e-01
9.315649420022964478e-02 -3.829735517501831055e-01 -1.687917590141296387e+00 5.618095496246797715e-01 4.345101462604329945e-01 -3.902224392236130490e-01 5.859157537316599385e-01
9.316378086805343628e-02 -3.829823136329650879e-01 -1.687882423400878906e+00 5.618120438651553750e-01 4.345081624894351902e-01 -3.902136780794323578e-01 5.859206718612023357e-01
9.315159916877746582e-02 -3.829599916934967041e-01 -1.687856674194335938e+00 5.617723489630885858e-01 4.345400518943760559e-01 -3.902624841008087153e-01 5.859025769142223172e-01
9.313074499368667603e-02 -3.829736113548278809e-01 -1.687808156013488770e+00 5.617724268810531107e-01 4.345333536765834670e-01 -3.902763623655394754e-01 5.858982250821076487e-01
9.314065426588058472e-02 -3.829948008060455322e-01 -1.687760353088378906e+00 5.617821066534817165e-01 4.345291530497851218e-01 -3.902859040555767267e-01 5.858857160201946801e-01
9.314151853322982788e-02 -3.830070793628692627e-01 -1.687790513038635254e+00 5.617751104852043431e-01 4.345016692242782974e-01 -3.902976345621215204e-01 5.859049885531665280e-01
9.317795932292938232e-02 -3.829838037490844727e-01 -1.687851905822753906e+00 5.617880869291989043e-01 4.345169281789054705e-01 -3.902701250609447170e-01 5.858995450253005055e-01
9.318459779024124146e-02 -3.829945623874664307e-01 -1.687833309173583984e+00 5.617815289097616294e-01 4.345097875330495296e-01 -3.902684210622787697e-01 5.859122863644187218e-01
9.318466484546661377e-02 -3.829765319824218750e-01 -1.687816619873046875e+00 5.618051883552950265e-01 4.345213637328806389e-01 -3.902577445502927178e-01 5.858881023792471554e-01
9.322106838226318359e-02 -3.829245269298553467e-01 -1.687905192375183105e+00 5.618411481827583209e-01 4.344878083200878205e-01 -3.902401331601859646e-01 5.858902273566596319e-01
9.322946518659591675e-02 -3.829194903373718262e-01 -1.687907218933105469e+00 5.618402172177052734e-01 4.344919487803591274e-01 -3.902376501818375920e-01 5.858897129369163848e-01
9.323362261056900024e-02 -3.829543888568878174e-01 -1.687962651252746582e+00 5.617973422538035111e-01 4.344861558374749633e-01 -3.902568357679147004e-01 5.859223315867566617e-01
9.318830072879791260e-02 -3.829554319381713867e-01 -1.687899470329284668e+00 5.617974910373304542e-01 4.344738413517044706e-01 -3.902742084670614009e-01 5.859197759849572584e-01
9.318959712982177734e-02 -3.829551637172698975e-01 -1.687899112701416016e+00 5.617979409104013611e-01 4.344723189179910960e-01 -3.902666449313333397e-01 5.859254869012771039e-01
9.319043159484863281e-02 -3.829549849033355713e-01 -1.687899470329284668e+00 5.617988381688358013e-01 4.344760205416197119e-01 -3.902679611985151453e-01 5.859210101536700410e-01
9.320133179426193237e-02 -3.829926848411560059e-01 -1.687951326370239258e+00 5.617776272590701003e-01 4.344808401524128394e-01 -3.902745002266327923e-01 5.859334244833634964e-01
9.318232536315917969e-02 -3.830012381076812744e-01 -1.687937498092651367e+00 5.617605080008369889e-01 4.344798487175683399e-01 -3.902758130801878278e-01 5.859497153706016981e-01
9.318064898252487183e-02 -3.830076754093170166e-01 -1.687938451766967773e+00 5.617647257984864639e-01 4.344662333066821036e-01 -3.902755254576018573e-01 5.859559527652717925e-01
9.318420290946960449e-02 -3.830064535140991211e-01 -1.687957763671875000e+00 5.617333090457892197e-01 4.344574214294962267e-01 -3.903219136668603095e-01 5.859616931227529246e-01
9.317783266305923462e-02 -3.830347061157226562e-01 -1.687898993492126465e+00 5.617168588881698010e-01 4.344557674455902241e-01 -3.903157730292969863e-01 5.859827794296352810e-01
9.317751228809356689e-02 -3.830397129058837891e-01 -1.687897205352783203e+00 5.617166520535150642e-01 4.344568500937887046e-01 -3.903124714403639617e-01 5.859843746501519623e-01
9.317227452993392944e-02 -3.830070793628692627e-01 -1.687866449356079102e+00 5.617243017763230428e-01 4.344675323118475374e-01 -3.903095866384860835e-01 5.859710492483618527e-01
9.319446980953216553e-02 -3.829619884490966797e-01 -1.687924861907958984e+00 5.617307077250566216e-01 4.344551823708757143e-01 -3.902938482300838952e-01 5.859845275608386306e-01
9.318985790014266968e-02 -3.829545378684997559e-01 -1.687957286834716797e+00 5.617260065823660442e-01 4.344480523692622054e-01 -3.903144403832706222e-01 5.859806378743515065e-01
9.319155663251876831e-02 -3.829478323459625244e-01 -1.687956094741821289e+00 5.617202994201895283e-01 4.344456189575759408e-01 -3.903253131925019659e-01 5.859806493149657403e-01
9.316276758909225464e-02 -3.829250037670135498e-01 -1.687949776649475098e+00 5.617107808604937524e-01 4.344389500082577182e-01 -3.903554944787575032e-01 5.859746489752523102e-01
9.314926713705062866e-02 -3.829081654548645020e-01 -1.687952995300292969e+00 5.617044165497546704e-01 4.344831054825001870e-01 -3.903704060408278997e-01 5.859380468632002792e-01
9.315770119428634644e-02 -3.828705847263336182e-01 -1.687885642051696777e+00 5.617019145774474476e-01 4.344812248155838219e-01 -3.903825241680514702e-01 5.859337726200466445e-01
9.314694255590438843e-02 -3.829024434089660645e-01 -1.687795758247375488e+00 5.616891993620510837e-01 4.345071967475204744e-01 -3.903748503293499872e-01 5.859317956495435631e-01
9.312828630208969116e-02 -3.828862011432647705e-01 -1.687789797782897949e+00 5.617174735887082715e-01 4.345610925678807246e-01 -3.903522428316849036e-01 5.858797804361610684e-01
9.312108159065246582e-02 -3.828790783882141113e-01 -1.687777519226074219e+00 5.617117667543358728e-01 4.345675485947684824e-01 -3.903584536440076191e-01 5.858763285897000683e-01
9.313700348138809204e-02 -3.828938305377960205e-01 -1.687750458717346191e+00 5.617086666854177457e-01 4.345610061149184356e-01 -3.903699791441196387e-01 5.858764714960176256e-01
9.312794357538223267e-02 -3.828800022602081299e-01 -1.687728643417358398e+00 5.617354183615478336e-01 4.346023194442195092e-01 -3.903576985627133511e-01 5.858283698257585881e-01
9.312245994806289673e-02 -3.828746080398559570e-01 -1.687711358070373535e+00 5.617316670567383818e-01 4.345883380397018714e-01 -3.903704984853853532e-01 5.858338073642294086e-01
9.314923733472824097e-02 -3.828624784946441650e-01 -1.687726855278015137e+00 5.617351267716018670e-01 4.345813615544455444e-01 -3.903745601637750307e-01 5.858329713001064754e-01
9.314543753862380981e-02 -3.828710615634918213e-01 -1.687749743461608887e+00 5.617339353339241281e-01 4.346310135479728998e-01 -3.903716146710491386e-01 5.857992378965014568e-01
9.314494580030441284e-02 -3.828680515289306641e-01 -1.687736868858337402e+00 5.617412851522615158e-01 4.346275351899180350e-01 -3.903643583866770461e-01 5.857995976408993943e-01
9.314202517271041870e-02 -3.828659057617187500e-01 -1.687721371650695801e+00 5.617361008099200914e-01 4.346235435715566364e-01 -3.903777860443228276e-01 5.857985845399958924e-01
9.319046884775161743e-02 -3.828884363174438477e-01 -1.687848925590515137e+00 5.617516045784072265e-01 4.345987138489598722e-01 -3.903894930109622075e-01 5.857943141207931914e-01
9.319157898426055908e-02 -3.828865885734558105e-01 -1.687840700149536133e+00 5.617362168654369547e-01 4.346112439096275759e-01 -3.903855175851162485e-01 5.858024425590384610e-01
9.319216012954711914e-02 -3.828871548175811768e-01 -1.687831282615661621e+00 5.617470072296035788e-01 4.345992184124264357e-01 -3.903853998207186260e-01 5.858010844947323381e-01
9.318283945322036743e-02 -3.829366266727447510e-01 -1.687901973724365234e+00 5.617693801976975099e-01 4.346080011627970197e-01 -3.903645141348867642e-01 5.857870515975110992e-01
9.318391233682632446e-02 -3.829392194747924805e-01 -1.687897324562072754e+00 5.617669288717710430e-01 4.345980009213345485e-01 -3.903579913017105052e-01 5.858011728653532701e-01
9.320069104433059692e-02 -3.829081356525421143e-01 -1.687940120697021484e+00 5.617821130774580674e-01 4.345900109046028081e-01 -3.903522746024258860e-01 5.857963472513973979e-01
9.319583326578140259e-02 -3.829455375671386719e-01 -1.688033580780029297e+00 5.617679619155759863e-01 4.345430963977436334e-01 -3.903731920661465682e-01 5.858307723366215081e-01
9.319540113210678101e-02 -3.829491436481475830e-01 -1.688036918640136719e+00 5.617825557099728195e-01 4.345412756765920648e-01 -3.903684024606224323e-01 5.858213362289163006e-01
9.313784539699554443e-02 -3.830064237117767334e-01 -1.687829971313476562e+00 5.617654616769033327e-01 4.345738861092993677e-01 -3.903216627889916635e-01 5.858446663215192141e-01
9.314274042844772339e-02 -3.830535411834716797e-01 -1.687880516052246094e+00 5.617603996179615367e-01 4.345498877903840040e-01 -3.903362213794793201e-01 5.858576246332873882e-01
9.313781559467315674e-02 -3.830672502517700195e-01 -1.687877178192138672e+00 5.617607332630752959e-01 4.345403315722494719e-01 -3.903291293092244207e-01 5.858690939268790254e-01
9.319389611482620239e-02 -3.830302357673645020e-01 -1.688024640083312988e+00 5.617745215439858830e-01 4.345419133124801547e-01 -3.902750729422129194e-01 5.858907221748874683e-01
9.319154173135757446e-02 -3.830507099628448486e-01 -1.688057541847229004e+00 5.617532168744766574e-01 4.345395905431754247e-01 -3.902902190887532208e-01 5.859027694808632836e-01
9.319137781858444214e-02 -3.830614387989044189e-01 -1.688064336776733398e+00 5.617535459646738616e-01 4.345375794495286437e-01 -3.902901562348060072e-01 5.859040045495834681e-01
9.322172403335571289e-02 -3.829805254936218262e-01 -1.688191890716552734e+00 5.617609282692271888e-01 4.345180963376046868e-01 -3.902626627201241649e-01 5.859296876984744218e-01
9.322500973939895630e-02 -3.829927444458007812e-01 -1.688231945037841797e+00 5.617419211717777916e-01 4.345272778201196284e-01 -3.902768557657473880e-01 5.859316474785212225e-01
9.322595596313476562e-02 -3.829970657825469971e-01 -1.688247561454772949e+00 5.617400180848424185e-01 4.345257383103046656e-01 -3.902725343872084363e-01 5.859375054346783740e-01
9.316878765821456909e-02 -3.830706477165222168e-01 -1.688075542449951172e+00 5.617211408458120392e-01 4.345489882081012278e-01 -3.903197114595394202e-01 5.859069397922512801e-01
9.319220483303070068e-02 -3.830237090587615967e-01 -1.688007235527038574e+00 5.617271033257505986e-01 4.345303111690855258e-01 -3.903361271290370360e-01 5.859041161618225857e-01
9.319364279508590698e-02 -3.830293416976928711e-01 -1.688007473945617676e+00 5.617366176712694781e-01 4.345327970095070880e-01 -3.903245851609420947e-01 5.859008640110737742e-01
9.318102896213531494e-02 -3.830144405364990234e-01 -1.688003659248352051e+00 5.617523406812484632e-01 4.345348959296145286e-01 -3.902906819497715118e-01 5.859067869094261027e-01
9.316868335008621216e-02 -3.829375505447387695e-01 -1.687912583351135254e+00 5.617305703222641444e-01 4.345749463854491346e-01 -3.902956480735048639e-01 5.858946507101414625e-01
9.316627681255340576e-02 -3.829336166381835938e-01 -1.687909841537475586e+00 5.617284415072861803e-01 4.345715954028263051e-01 -3.902951840720110255e-01 5.858994973158407893e-01
9.315187484025955200e-02 -3.829080760478973389e-01 -1.687895178794860840e+00 5.617466760631946165e-01 4.346015403711421254e-01 -3.902331292389469297e-01 5.859011561383132838e-01
9.312001615762710571e-02 -3.829114735126495361e-01 -1.687946915626525879e+00 5.617727149287538024e-01 4.345827993994958449e-01 -3.902295242330017788e-01 5.858924737254183057e-01
9.311235696077346802e-02 -3.829052150249481201e-01 -1.687950372695922852e+00 5.617671276059224006e-01 4.345990913876456863e-01 -3.902262535053881987e-01 5.858879295228365258e-01
9.317562729120254517e-02 -3.829420208930969238e-01 -1.687931060791015625e+00 5.617789317496095780e-01 4.346065898751256262e-01 -3.902120892408694752e-01 5.858804728658324468e-01
9.320007264614105225e-02 -3.829452395439147949e-01 -1.687937259674072266e+00 5.617614046973621322e-01 4.345708714017091912e-01 -3.902488102215971866e-01 5.858993227414839300e-01
9.320233017206192017e-02 -3.829467296600341797e-01 -1.687937974929809570e+00 5.617628915898786879e-01 4.345710267276522432e-01 -3.902441068026720750e-01 5.859009285237046782e-01
9.317673742771148682e-02 -3.829663395881652832e-01 -1.687880873680114746e+00 5.617738155182843141e-01 4.345559010794018406e-01 -3.902729308060309821e-01 5.858824664683941474e-01
9.317467361688613892e-02 -3.829867243766784668e-01 -1.687950372695922852e+00 5.617705245191486618e-01 4.345344778502296945e-01 -3.902751640765583785e-01 5.859000234718252376e-01
9.319788217544555664e-02 -3.829829692840576172e-01 -1.687998414039611816e+00 5.617795544640412642e-01 4.345309199090207075e-01 -3.902755618817363992e-01 5.858937224976155100e-01
9.318544715642929077e-02 -3.829677402973175049e-01 -1.687976002693176270e+00 5.617711936622131752e-01 4.345341475978363177e-01 -3.902800374285597673e-01 5.858963812775425106e-01
9.320126473903656006e-02 -3.829274475574493408e-01 -1.687928795814514160e+00 5.617703396705679975e-01 4.345555377374646366e-01 -3.902857468032455146e-01 5.858775238136535446e-01
9.318041801452636719e-02 -3.829510509967803955e-01 -1.687883257865905762e+00 5.617748218170487418e-01 4.345843235400441706e-01 -3.902332596399576414e-01 5.858868546416388101e-01
9.317211806774139404e-02 -3.829362094402313232e-01 -1.687842845916748047e+00 5.617718354502753142e-01 4.345870183975037992e-01 -3.902337425939822468e-01 5.858874095127818427e-01
9.317471832036972046e-02 -3.829539120197296143e-01 -1.687883019447326660e+00 5.617952095474406660e-01 4.345766115424145037e-01 -3.902202318573740891e-01 5.858816662749536386e-01
9.317401796579360962e-02 -3.829545974731445312e-01 -1.687879800796508789e+00 5.617883950694747552e-01 4.345801903496893104e-01 -3.902303530090198702e-01 5.858788395751222122e-01
9.313893318176269531e-02 -3.829723596572875977e-01 -1.687776923179626465e+00 5.617755860724019668e-01 4.345889635690043939e-01 -3.902508288299628147e-01 5.858709515324855843e-01
9.313395619392395020e-02 -3.829890191555023193e-01 -1.687808871269226074e+00 5.617678949801974131e-01 4.345438204291706685e-01 -3.902643481821957971e-01 5.859028322828134794e-01
9.312697499990463257e-02 -3.829940855503082275e-01 -1.687803626060485840e+00 5.617619474394908163e-01 4.345458008262707006e-01 -3.902649985211732453e-01 5.859066348291888104e-01
9.312315285205841064e-02 -3.830146193504333496e-01 -1.687749385833740234e+00 5.617501369290414104e-01 4.345635778775321367e-01 -3.902646489072986169e-01 5.859050003759068703e-01
9.311673045158386230e-02 -3.830392956733703613e-01 -1.687789201736450195e+00 5.617478942075093684e-01 4.345296704370705809e-01 -3.902768739364392281e-01 5.859241572932143427e-01
9.309519082307815552e-02 -3.830584883689880371e-01 -1.687752366065979004e+00 5.617173656120271197e-01 4.345331187419562147e-01 -3.902839389852463814e-01 5.859461331308382093e-01
9.310038387775421143e-02 -3.830868005752563477e-01 -1.687721133232116699e+00 5.617208712167042206e-01 4.345261317902633924e-01 -3.902771030076074843e-01 5.859525170738083544e-01
9.311446547508239746e-02 -3.830930888652801514e-01 -1.687685728073120117e+00 5.616854396653931936e-01 4.345010652810836205e-01 -3.902935708395481318e-01 5.859940955215889868e-01
9.317190945148468018e-02 -3.830650150775909424e-01 -1.687817931175231934e+00 5.616993659614946122e-01 4.345008295045493796e-01 -3.902806278851021493e-01 5.859895284143158412e-01
9.312971681356430054e-02 -3.830177783966064453e-01 -1.687848448753356934e+00 5.616809234364122938e-01 4.345058547171906094e-01 -3.902485843530650866e-01 5.860248592934890199e-01
9.313491731882095337e-02 -3.830063641071319580e-01 -1.687814950942993164e+00 5.616620993448762089e-01 4.344966359175083670e-01 -3.902574750264006243e-01 5.860438101100300390e-01
9.319999068975448608e-02 -3.829677700996398926e-01 -1.687951207160949707e+00 5.617016604832150151e-01 4.344628007664329550e-01 -3.902610438993563413e-01 5.860285856224530798e-01
9.317695349454879761e-02 -3.829337060451507568e-01 -1.687958717346191406e+00 5.617044710574765620e-01 4.344734011535003049e-01 -3.902623939632465788e-01 5.860171376993300596e-01
9.315291792154312134e-02 -3.829273879528045654e-01 -1.687995195388793945e+00 5.617005864882157473e-01 4.345026509841887208e-01 -3.902724081890347474e-01 5.859924864303347469e-01
9.313873201608657837e-02 -3.829429149627685547e-01 -1.687992453575134277e+00 5.616835322418599619e-01 4.345214596267888973e-01 -3.902877929760690257e-01 5.859846778333684947e-01
9.314677119255065918e-02 -3.829536139965057373e-01 -1.687961816787719727e+00 5.616863368962810021e-01 4.345120747933507999e-01 -3.902781705535454115e-01 5.859953348666996353e-01
9.314672648906707764e-02 -3.829316794872283936e-01 -1.687928676605224609e+00 5.616901307846654534e-01 4.345242946947561191e-01 -3.902932725049957918e-01 5.859725676442048004e-01
9.310511499643325806e-02 -3.829543590545654297e-01 -1.687831997871398926e+00 5.616818874128882699e-01 4.345224112376195325e-01 -3.903104215045579695e-01 5.859704495780491129e-01
9.311819076538085938e-02 -3.829734921455383301e-01 -1.687817215919494629e+00 5.616713055508468777e-01 4.345371339583941617e-01 -3.903098822489141639e-01 5.859700282583633069e-01
9.311870485544204712e-02 -3.829396963119506836e-01 -1.687759637832641602e+00 5.617154692811355821e-01 4.345990204481013919e-01 -3.902783128780348831e-01 5.859028413129087065e-01
9.312169998884201050e-02 -3.829469680786132812e-01 -1.687734127044677734e+00 5.616977135104105345e-01 4.346093462489126202e-01 -3.902878047142595008e-01 5.859058959444306547e-01
9.311995655298233032e-02 -3.829443454742431641e-01 -1.687723875045776367e+00 5.616995083460526450e-01 4.346071807192065095e-01 -3.902853008043339345e-01 5.859074061705473735e-01
9.313356131315231323e-02 -3.829598724842071533e-01 -1.687736988067626953e+00 5.617259545636829055e-01 4.345985613122582136e-01 -3.902632917997898576e-01 5.859031125906851711e-01
9.319394826889038086e-02 -3.829023241996765137e-01 -1.687842845916748047e+00 5.617525350686057850e-01 4.345719270100141807e-01 -3.902578865084622151e-01 5.859010003982840775e-01
9.319809824228286743e-02 -3.828957974910736084e-01 -1.687839508056640625e+00 5.617499620211233724e-01 4.345767840302521834e-01 -3.902688388959669741e-01 5.858925562748350524e-01
9.319592267274856567e-02 -3.829306960105895996e-01 -1.687912344932556152e+00 5.617614635514404098e-01 4.345896848739125851e-01 -3.902342066829749823e-01 5.858950437594775407e-01
9.315428882837295532e-02 -3.829320371150970459e-01 -1.687894582748413086e+00 5.617354146311870355e-01 4.346012894348494915e-01 -3.902409325710263222e-01 5.859069334574564802e-01
9.316471964120864868e-02 -3.829441666603088379e-01 -1.687930345535278320e+00 5.617262511322858032e-01 4.346194850108683339e-01 -3.902460982452439220e-01 5.858987445588810239e-01
9.316606819629669189e-02 -3.829293251037597656e-01 -1.687902092933654785e+00 5.617490404378642221e-01 4.346191947707219172e-01 -3.902425615247026580e-01 5.858794982820457742e-01
9.317175298929214478e-02 -3.829615116119384766e-01 -1.687842965126037598e+00 5.617513963058911042e-01 4.346166981359104176e-01 -3.902538034260628064e-01 5.858716033433745141e-01
9.317176043987274170e-02 -3.829586505889892578e-01 -1.687834143638610840e+00 5.617526960909179357e-01 4.346244784914617965e-01 -3.902600857385689626e-01 5.858603932707482365e-01
9.317273646593093872e-02 -3.829749226570129395e-01 -1.687884330749511719e+00 5.617828899636023721e-01 4.346168771395652053e-01 -3.902418526168645041e-01 5.858492365513425781e-01
9.316051006317138672e-02 -3.829760253429412842e-01 -1.687829494476318359e+00 5.617963187961347860e-01 4.346246059676365792e-01 -3.902271069619311916e-01 5.858404315030939502e-01
9.315259009599685669e-02 -3.829655349254608154e-01 -1.687836408615112305e+00 5.617827774405490526e-01 4.346427910326081667e-01 -3.902294674527217455e-01 5.858383726383953327e-01
9.314671158790588379e-02 -3.829681575298309326e-01 -1.687852859497070312e+00 5.618030117486445540e-01 4.346392099307054280e-01 -3.902114738757948564e-01 5.858335848036282378e-01
9.315518289804458618e-02 -3.829621970653533936e-01 -1.687838554382324219e+00 5.618212393256565296e-01 4.346307878416144632e-01 -3.901871405428687378e-01 5.858385549306732720e-01
9.312866628170013428e-02 -3.829221725463867188e-01 -1.687826037406921387e+00 5.618303683293419670e-01 4.346329853409085509e-01 -3.902012228615208134e-01 5.858188113913550543e-01
9.312245994806289673e-02 -3.829203248023986816e-01 -1.687831997871398926e+00 5.617900331627238009e-01 4.346346278022444332e-01 -3.902358959985445241e-01 5.858331537353667073e-01
9.310659766197204590e-02 -3.829224407672882080e-01 -1.687783837318420410e+00 5.617664524483209076e-01 4.346533445161310794e-01 -3.902111785285872214e-01 5.858583680241735703e-01
9.310421347618103027e-02 -3.829111754894256592e-01 -1.687769770622253418e+00 5.617499736263897869e-01 4.346846012391030745e-01 -3.902403282993874289e-01 5.858315468912773660e-01
9.309827536344528198e-02 -3.829036951065063477e-01 -1.687761783599853516e+00 5.617438462196169269e-01 4.346920517354187496e-01 -3.902368889414421504e-01 5.858342100535897101e-01
9.309469163417816162e-02 -3.828849494457244873e-01 -1.687763333320617676e+00 5.617529713001169211e-01 4.346768421132974347e-01 -3.902437168908396981e-01 5.858321874451708489e-01
9.308756142854690552e-02 -3.828711807727813721e-01 -1.687767624855041504e+00 5.617490006483123466e-01 4.346548745083636534e-01 -3.902514556049768157e-01 5.858471378212445346e-01
9.307718276977539062e-02 -3.828742504119873047e-01 -1.687786459922790527e+00 5.617498774684609453e-01 4.346543336726819140e-01 -3.902734037977677040e-01 5.858320848558058458e-01
9.315478801727294922e-02 -3.829030990600585938e-01 -1.687831401824951172e+00 5.617684528438516844e-01 4.346550511046753384e-01 -3.902712882861917865e-01 5.858151408736460564e-01
9.315699338912963867e-02 -3.828960657119750977e-01 -1.687840938568115234e+00 5.617735330663096160e-01 4.346343357824435372e-01 -3.902741946695920672e-01 5.858237026609247611e-01
9.315246343612670898e-02 -3.829008936882019043e-01 -1.687877893447875977e+00 5.617675497344339908e-01 4.346322607123958570e-01 -3.902937925949160891e-01 5.858179129014960962e-01
9.319533407688140869e-02 -3.828811347484588623e-01 -1.687929630279541016e+00 5.617760481894240598e-01 4.346223219543680072e-01 -3.902811409748784266e-01 5.858255758772895616e-01
9.321879595518112183e-02 -3.828995525836944580e-01 -1.687982201576232910e+00 5.617758053190006207e-01 4.346280917294017554e-01 -3.902854940386827898e-01 5.858186143169979987e-01
9.322074800729751587e-02 -3.829022347927093506e-01 -1.688005685806274414e+00 5.617943802515443785e-01 4.346164525358219288e-01 -3.902774304749200840e-01 5.858148280401728192e-01
9.316821396350860596e-02 -3.829375207424163818e-01 -1.687868595123291016e+00 5.617761190611488820e-01 4.346443699827056140e-01 -3.902444274349858855e-01 5.858336053860612180e-01
9.317739307880401611e-02 -3.829441368579864502e-01 -1.687886595726013184e+00 5.617647436203914157e-01 4.346478172710030452e-01 -3.902534404400698209e-01 5.858359455090720314e-01
9.317943453788757324e-02 -3.829426765441894531e-01 -1.687883853912353516e+00 5.617639298219017086e-01 4.346466854530550705e-01 -3.902532730086764046e-01 5.858376960520244037e-01
9.317760914564132690e-02 -3.829494714736938477e-01 -1.687866449356079102e+00 5.617718538936411488e-01 4.346578805328136785e-01 -3.901997508861730357e-01 5.858574432255657660e-01
9.319549053907394409e-02 -3.829979002475738525e-01 -1.687940478324890137e+00 5.617578512673470081e-01 4.346203474239507814e-01 -3.902221201102388792e-01 5.858838108282529156e-01
9.319692105054855347e-02 -3.830013573169708252e-01 -1.687941193580627441e+00 5.617618056924562620e-01 4.346184982271473207e-01 -3.902213294841987978e-01 5.858819015017695531e-01
