static_accuracy steamvr; 20211008-222247; x y z w i j k; frequency = 100 duration = 1
-1.232709288597106934e-01 -2.127216756343841553e-01 -2.319531679153442383e+00 9.965317978410496158e-01 8.139820830896002044e-03 8.108297852694781871e-02 1.684246076670843986e-02 -8.873292058706283569e-02 -2.211644351482391357e-01 -2.062102794647216797e+00 7.084654282835313455e-02 2.496734752524392212e-02 -9.970301898343378877e-01 -1.685744569075173227e-02
-1.233243793249130249e-01 -2.127697318792343140e-01 -2.319364070892333984e+00 9.965323959617218286e-01 8.166261515851359204e-03 8.107304218139077534e-02 1.684191328395066162e-02 -8.874256163835525513e-02 -2.211950421333312988e-01 -2.062070131301879883e+00 7.084065334045712425e-02 2.496748409670160318e-02 -9.970304134472642854e-01 -1.684951299562365695e-02
-1.232900545001029968e-01 -2.127397507429122925e-01 -2.319409370422363281e+00 9.965317679350065294e-01 8.154813114957481374e-03 8.108183331583934672e-02 1.684279023863114941e-02 -8.873893320560455322e-02 -2.211716622114181519e-01 -2.062072515487670898e+00 7.088292059800263556e-02 2.494986317807182039e-02 -9.970262963757540176e-01 -1.687793634184266492e-02
-1.233040094375610352e-01 -2.127350121736526489e-01 -2.319521665573120117e+00 9.965302875847543707e-01 8.109124754737103216e-03 8.109787127856096789e-02 1.687531663427612252e-02 -8.871103823184967041e-02 -2.211441695690155029e-01 -2.062171459197998047e+00 7.089521752814097189e-02 2.493632680872664639e-02 -9.970260800917492006e-01 -1.688028974277347438e-02
-1.232980638742446899e-01 -2.127120792865753174e-01 -2.319524765014648438e+00 9.965314015859064734e-01 8.099101133366658906e-03 8.109090596671041096e-02 1.684707486536829099e-02 -8.871741592884063721e-02 -2.211473435163497925e-01 -2.062234878540039062e+00 7.083518409181090159e-02 2.500023673487890286e-02 -9.970314537219379103e-01 -1.682228336623108056e-02
-1.233011484146118164e-01 -2.127025127410888672e-01 -2.319509983062744141e+00 9.965332856655577665e-01 8.122827678685960728e-03 8.107543704429670539e-02 1.679851492468542595e-02 -8.869402110576629639e-02 -2.211213707923889160e-01 -2.062201023101806641e+00 7.081782694861341043e-02 2.501565533969907912e-02 -9.970333180750878821e-01 -1.682610396301777167e-02
-1.233116388320922852e-01 -2.126966863870620728e-01 -2.319417476654052734e+00 9.965327623104563992e-01 8.093423585713169569e-03 8.108073934332123145e-02 1.681854115018342061e-02 -8.868958801031112671e-02 -2.211132794618606567e-01 -2.062209129333496094e+00 7.081319765856662618e-02 2.502821985892998702e-02 -9.970300553179993752e-01 -1.682569148086127467e-02
-1.232537254691123962e-01 -2.127208858728408813e-01 -2.319387197494506836e+00 9.965338090203842425e-01 8.102686873834840861e-03 8.106600024882003319e-02 1.682315237013048276e-02 -8.868294209241867065e-02 -2.211807966232299805e-01 -2.062319040298461914e+00 7.082298193822576804e-02 2.503676813509099139e-02 -9.970307576772391434e-01 -1.683038909419006315e-02
-1.232639551162719727e-01 -2.127186357975006104e-01 -2.319422483444213867e+00 9.965331361355568296e-01 8.088391201160834848e-03 8.106983809597728685e-02 1.685120527964408671e-02 -8.866100013256072998e-02 -2.211767733097076416e-01 -2.062333583831787109e+00 7.080425385476318834e-02 2.501247322433753500e-02 -9.970333544067188081e-01 -1.682671196456473478e-02
-1.232697516679763794e-01 -2.127398550510406494e-01 -2.319464683532714844e+00 9.965334725780272684e-01 8.053242621133086324e-03 8.105816981824655321e-02 1.690444907892966683e-02 -8.867055922746658325e-02 -2.211655825376510620e-01 -2.062360048294067383e+00 7.080667405433761774e-02 2.503268944839549121e-02 -9.970314214345873394e-01 -1.686780563199237123e-02
-1.232727989554405212e-01 -2.127400487661361694e-01 -2.319458484649658203e+00 9.965336893964481524e-01 8.060800307806613441e-03 8.106016709800505093e-02 1.687841597857371242e-02 -8.866447210311889648e-02 -2.211452275514602661e-01 -2.062293291091918945e+00 7.077404701348591343e-02 2.506393533908655297e-02 -9.970323823130400331e-01 -1.686934432714492019e-02
-1.232860237360000610e-01 -2.127069830894470215e-01 -2.319409370422363281e+00 9.965331585650584190e-01 8.061010906302380763e-03 8.107115961187294495e-02 1.685673751068949081e-02 -8.866517245769500732e-02 -2.211410254240036011e-01 -2.062327861785888672e+00 7.074182620869917670e-02 2.506221904044206306e-02 -9.970353070110642424e-01 -1.687130099886101700e-02
-1.232607215642929077e-01 -2.126956135034561157e-01 -2.319444656372070312e+00 9.965342949924770322e-01 7.999572753374191089e-03 8.106341497050097156e-02 1.685607811298927075e-02 -8.868508785963058472e-02 -2.211473435163497925e-01 -2.062416553497314453e+00 7.078467876558947047e-02 2.504854645746790870e-02 -9.970320944445253408e-01 -1.685967941752877439e-02
-1.232843250036239624e-01 -2.127214670181274414e-01 -2.319348096847534180e+00 9.965327249279386512e-01 8.020731713048947706e-03 8.107175188917990771e-02 1.689864223795543158e-02 -8.869108557701110840e-02 -2.211803793907165527e-01 -2.062425613403320312e+00 7.078667861971188469e-02 2.500019162277856977e-02 -9.970323976556326739e-01 -1.689606831166696674e-02
-1.232747808098793030e-01 -2.127276062965393066e-01 -2.319449663162231445e+00 9.965316333578018160e-01 8.045144300774726906e-03 8.107476774708786971e-02 1.693709282297100466e-02 -8.869710564613342285e-02 -2.212014496326446533e-01 -2.062319755554199219e+00 7.081614360542837217e-02 2.498744210942361807e-02 -9.970307682240440172e-01 -1.692551987884260978e-02
-1.232843175530433655e-01 -2.127479314804077148e-01 -2.319547653198242188e+00 9.965330613705479790e-01 8.027441734990134470e-03 8.105813597742281273e-02 1.694093109985786438e-02 -8.868540078401565552e-02 -2.212426513433456421e-01 -2.062384366989135742e+00 7.082214033289803423e-02 2.498094076737205141e-02 -9.970297185992728073e-01 -1.691922118354045185e-02
-1.232705563306808472e-01 -2.127581983804702759e-01 -2.319485187530517578e+00 9.965306015986280519e-01 8.007990355901561247e-03 8.108283661090399941e-02 1.697644339397788582e-02 -8.869758248329162598e-02 -2.212349623441696167e-01 -2.062404870986938477e+00 7.079530892105967421e-02 2.500072217421496837e-02 -9.970314608042761817e-01 -1.694201172180557005e-02
-1.232786476612091064e-01 -2.127456665039062500e-01 -2.319499969482421875e+00 9.965335249135125473e-01 7.997175007457855977e-03 8.105697305988965318e-02 1.693371961416782409e-02 -8.872312307357788086e-02 -2.212001383304595947e-01 -2.062340021133422852e+00 7.079394077272962993e-02 2.500204727831348284e-02 -9.970308382537550473e-01 -1.696480856182990340e-02
-1.233135834336280823e-01 -2.127395570278167725e-01 -2.319442272186279297e+00 9.965311623374418781e-01 8.003942223245812462e-03 8.108142278402520609e-02 1.695242020854199547e-02 -8.874149620532989502e-02 -2.211732268333435059e-01 -2.062378168106079102e+00 7.078204729250099636e-02 2.502541242171027122e-02 -9.970299515544382984e-01 -1.697793524552340672e-02
-1.232839748263359070e-01 -2.127250581979751587e-01 -2.319478034973144531e+00 9.965329791290317152e-01 7.966819650036469080e-03 8.106231455495541138e-02 1.695466870085680228e-02 -8.871347457170486450e-02 -2.211648672819137573e-01 -2.062388896942138672e+00 7.081761653290349900e-02 2.500430802234333144e-02 -9.970282320815191390e-01 -1.699622270749627864e-02
-1.233024522662162781e-01 -2.127380520105361938e-01 -2.319501876831054688e+00 9.965321417604799947e-01 7.964551149554712633e-03 8.107308155324628729e-02 1.695304652686558528e-02 -8.872053772211074829e-02 -2.211136519908905029e-01 -2.062192201614379883e+00 7.084054816658059972e-02 2.500546266896085806e-02 -9.970264246492558380e-01 -1.701596264777667511e-02
-1.232659071683883667e-01 -2.126960903406143188e-01 -2.319506883621215820e+00 9.965329267935177926e-01 7.963584845758151995e-03 8.106844580568761671e-02 1.692946910612388306e-02 -8.872912079095840454e-02 -2.210907340049743652e-01 -2.062188148498535156e+00 7.083760323463943187e-02 2.500733050047796932e-02 -9.970269070741273332e-01 -1.700107736547696105e-02
-1.232547387480735779e-01 -2.126948088407516479e-01 -2.319507360458374023e+00 9.965304520682243261e-01 7.953334452609555141e-03 8.109483364021841112e-02 1.695365002956193343e-02 -8.870851993560791016e-02 -2.211008220911026001e-01 -2.062227964401245117e+00 7.081277679901029631e-02 2.503048606437020471e-02 -9.970275637221461817e-01 -1.700819518463601854e-02
-1.232737228274345398e-01 -2.127278149127960205e-01 -2.319333553314208984e+00 9.965322987671370036e-01 7.998941826405526340e-03 8.107282953171832118e-02 1.692849194180180358e-02 -8.869996666908264160e-02 -2.211264818906784058e-01 -2.062196016311645508e+00 7.087409071700646879e-02 2.501848364246546733e-02 -9.970237315928974775e-01 -1.701141802992723467e-02
-1.232335567474365234e-01 -2.127569764852523804e-01 -2.319435596466064453e+00 9.965335622960003192e-01 7.947521419043219321e-03 8.105681675104123296e-02 1.695572511450378628e-02 -8.870022743940353394e-02 -2.211844474077224731e-01 -2.062274217605590820e+00 7.088933208414063825e-02 2.503897930625089557e-02 -9.970227254313096532e-01 -1.700342509642607802e-02
-1.232658252120018005e-01 -2.127552926540374756e-01 -2.319416999816894531e+00 9.965330239880414442e-01 7.979994756086386878e-03 8.107061356078727743e-02 1.690576787991982313e-02 -8.870583027601242065e-02 -2.211454510688781738e-01 -2.062154531478881836e+00 7.092778883013708957e-02 2.504612332362278829e-02 -9.970209176515226757e-01 -1.702254169005434220e-02
-1.232788264751434326e-01 -2.127257734537124634e-01 -2.319308519363403320e+00 9.965348108702855034e-01 8.026006642140077682e-03 8.105695070304201610e-02 1.684399953169286521e-02 -8.871416002511978149e-02 -2.211595624685287476e-01 -2.062106609344482422e+00 7.090309905393392398e-02 2.508184414211356641e-02 -9.970202276430452093e-01 -1.701677897513605153e-02
-1.232684478163719177e-01 -2.127230316400527954e-01 -2.319312334060668945e+00 9.965332408065598058e-01 8.009506970182930091e-03 8.107662198088369521e-02 1.685004652132810962e-02 -8.871421217918395996e-02 -2.211585193872451782e-01 -2.062119007110595703e+00 7.087608804826311948e-02 2.507543102356251524e-02 -9.970228612529870027e-01 -1.701121458101687370e-02
-1.232660710811614990e-01 -2.127584367990493774e-01 -2.319257259368896484e+00 9.965364856021996509e-01 8.002947151995114250e-03 8.104311757950370676e-02 1.682252682367879268e-02 -8.868272602558135986e-02 -2.211965769529342651e-01 -2.062132358551025391e+00 7.090635649537335716e-02 2.506416205886167342e-02 -9.970199225419502653e-01 -1.703116762042976642e-02
-1.232634782791137695e-01 -2.127343714237213135e-01 -2.319352388381958008e+00 9.965338987383268732e-01 7.921281378903344966e-03 8.106960409747797358e-02 1.688656368147349943e-02 -8.865807205438613892e-02 -2.211992889642715454e-01 -2.062285900115966797e+00 7.093104513772180431e-02 2.504498663434074832e-02 -9.970193680853948193e-01 -1.703095119775941552e-02
-1.232672408223152161e-01 -2.127415686845779419e-01 -2.319360256195068359e+00 9.965335473430053659e-01 7.931188895819318505e-03 8.107261206831394007e-02 1.688854810413062749e-02 -8.865140378475189209e-02 -2.212117165327072144e-01 -2.062272071838378906e+00 7.093818748241817462e-02 2.503484382258366892e-02 -9.970190244344203645e-01 -1.702500902742849070e-02
-1.233051270246505737e-01 -2.127212882041931152e-01 -2.319309711456298828e+00 9.965335772489949395e-01 8.005374903157816760e-03 8.107574976418831236e-02 1.683657285721883515e-02 -8.870643377304077148e-02 -2.211537361145019531e-01 -2.062095642089843750e+00 7.089080349094856182e-02 2.507931698817326971e-02 -9.970217374023907508e-01 -1.700995618439311852e-02
-1.232897713780403137e-01 -2.127201408147811890e-01 -2.319350242614746094e+00 9.965322763376160964e-01 7.981192311406416079e-03 8.109188523470645116e-02 1.684751053662925796e-02 -8.871380984783172607e-02 -2.211394906044006348e-01 -2.062106847763061523e+00 7.088670449601762458e-02 2.505569296513038974e-02 -9.970235262210597194e-01 -1.699923365616711271e-02
-1.233141869306564331e-01 -2.127888202667236328e-01 -2.319288492202758789e+00 9.965305417864692705e-01 7.985123666266245521e-03 8.111982782231874634e-02 1.681332356713404613e-02 -8.869609981775283813e-02 -2.211626619100570679e-01 -2.061973571777343750e+00 7.093409122561697422e-02 2.503489123695129548e-02 -9.970204583095705342e-01 -1.699708122196774002e-02
-1.232437193393707275e-01 -2.127400338649749756e-01 -2.319288969039916992e+00 9.965299062820606180e-01 7.973788038544678616e-03 8.112524769867444918e-02 1.683058637034768462e-02 -8.868604898452758789e-02 -2.211949825286865234e-01 -2.062060594558715820e+00 7.093073001771479924e-02 2.503418684582947237e-02 -9.970200160393740685e-01 -1.697605142687757390e-02
-1.232532635331153870e-01 -2.127444446086883545e-01 -2.319315195083618164e+00 9.965288072323031932e-01 7.972012744953271488e-03 8.113182306238102270e-02 1.686473624052947651e-02 -8.870527148246765137e-02 -2.212257683277130127e-01 -2.062099695205688477e+00 7.094343874771226466e-02 2.503201928404187593e-02 -9.970205775051437236e-01 -1.697375863320806089e-02
-1.232718825340270996e-01 -2.126875519752502441e-01 -2.319420099258422852e+00 9.965275362208683152e-01 7.983982810911101000e-03 8.114372826370849778e-02 1.687667816313500463e-02 -8.872193843126296997e-02 -2.212156653404235840e-01 -2.062130212783813477e+00 7.096527984076947404e-02 2.503379696881744693e-02 -9.970187687715043046e-01 -1.693606671544998360e-02
-1.232851892709732056e-01 -2.126974314451217651e-01 -2.319346189498901367e+00 9.965298763759607992e-01 8.031376679421857109e-03 8.112467444083265589e-02 1.680735824663196626e-02 -8.871924877166748047e-02 -2.211971282958984375e-01 -2.062013149261474609e+00 7.095467514969076850e-02 2.505678057876742360e-02 -9.970186211604353810e-01 -1.694656517177898364e-02
-1.232934966683387756e-01 -2.126954644918441772e-01 -2.319331169128417969e+00 9.965315660691925759e-01 8.030624522387470182e-03 8.109777845009606689e-02 1.683745448604060183e-02 -8.871820569038391113e-02 -2.212066948413848877e-01 -2.061985492706298828e+00 7.096286505047033621e-02 2.505321285839412493e-02 -9.970176287010120708e-01 -1.694886155350974061e-02
-1.232604309916496277e-01 -2.127123922109603882e-01 -2.319342613220214844e+00 9.965302053430092899e-01 8.064833102266542875e-03 8.112003090786346071e-02 1.679429495160110128e-02 -8.868220448493957520e-02 -2.211618423461914062e-01 -2.062039136886596680e+00 7.098868854842263487e-02 2.500985131397171629e-02 -9.970164600947346578e-01 -1.693234494463912235e-02
-1.232324093580245972e-01 -2.127327024936676025e-01 -2.319340944290161133e+00 9.965317155994291021e-01 8.059567462541902469e-03 8.111463702898921713e-02 1.673309201165052926e-02 -8.868586272001266479e-02 -2.211546003818511963e-01 -2.062073469161987305e+00 7.098585472101266725e-02 2.499808413491595716e-02 -9.970186343226764558e-01 -1.690831625509969793e-02
-1.232474744319915771e-01 -2.127337306737899780e-01 -2.319261312484741211e+00 9.965312744851668736e-01 8.053909439445961979e-03 8.111998499796303774e-02 1.673603114682581036e-02 -8.867523819208145142e-02 -2.211136966943740845e-01 -2.062057495117187500e+00 7.097735255992587700e-02 2.498695338708015537e-02 -9.970187643386154708e-01 -1.693667631028858422e-02
-1.232979968190193176e-01 -2.127196192741394043e-01 -2.319355249404907227e+00 9.965304146856199807e-01 8.036071568106858964e-03 8.112224187012448406e-02 1.678464577691215001e-02 -8.869200944900512695e-02 -2.211671918630599976e-01 -2.062283277511596680e+00 7.097262869700045329e-02 2.496228664110523160e-02 -9.970216655134732653e-01 -1.691503644492284297e-02
-1.232942640781402588e-01 -2.127202451229095459e-01 -2.319348573684692383e+00 9.965302128195318021e-01 8.003029770039155749e-03 8.112130878461014383e-02 1.681733186067422767e-02 -8.868136256933212280e-02 -2.211797386407852173e-01 -2.062294721603393555e+00 7.102730129425084693e-02 2.492868809709685579e-02 -9.970173986353842999e-01 -1.694847269920195590e-02
-1.232790723443031311e-01 -2.127481997013092041e-01 -2.319344282150268555e+00 9.965310875722849238e-01 8.019883924011574072e-03 8.112253849028712438e-02 1.675118264182687625e-02 -8.870796114206314087e-02 -2.210813313722610474e-01 -2.062075376510620117e+00 7.101964336982505288e-02 2.492118029690268757e-02 -9.970166919295576635e-01 -1.699112283308206947e-02
-1.233117580413818359e-01 -2.127374410629272461e-01 -2.319327592849731445e+00 9.965323436261773749e-01 8.027522515396554037e-03 8.110019737270254825e-02 1.678104138666116144e-02 -8.867893368005752563e-02 -2.211100310087203979e-01 -2.062059879302978516e+00 7.103065793234981939e-02 2.495308415575667876e-02 -9.970163836312248007e-01 -1.699450626333505118e-02
-1.232885643839836121e-01 -2.127226591110229492e-01 -2.319427013397216797e+00 9.965341977980773924e-01 8.008366823500024517e-03 8.108905229358798206e-02 1.673406713533916526e-02 -8.864893019199371338e-02 -2.211076021194458008e-01 -2.062094211578369141e+00 7.103453884742733093e-02 2.497625124831864482e-02 -9.970149851265631691e-01 -1.697658613162239191e-02
-1.232954487204551697e-01 -2.127345204353332520e-01 -2.319503545761108398e+00 9.965340557447071035e-01 8.003709642211620165e-03 8.109594222683487452e-02 1.671133911074372189e-02 -8.866266161203384399e-02 -2.211148291826248169e-01 -2.062118530273437500e+00 7.101481740427288691e-02 2.500700327436800388e-02 -9.970150969727793466e-01 -1.697017959871063852e-02
-1.232676282525062561e-01 -2.127242088317871094e-01 -2.319605588912963867e+00 9.965319398947417584e-01 7.990064249098609642e-03 8.112700734841674088e-02 1.669317302990656893e-02 -8.864630013704299927e-02 -2.210814356803894043e-01 -2.061986446380615234e+00 7.104292929040982585e-02 2.500926024771630077e-02 -9.970131199750678075e-01 -1.696782984566803931e-02
-1.232562437653541565e-01 -2.127060592174530029e-01 -2.319576978683471680e+00 9.965318875591733239e-01 8.031890134641504406e-03 8.113069752843830862e-02 1.665825019394058179e-02 -8.864195644855499268e-02 -2.210664600133895874e-01 -2.061897277832031250e+00 7.106190901135613081e-02 2.501071929293058674e-02 -9.970115151760752248e-01 -1.697886763727848858e-02
-1.232794299721717834e-01 -2.127550691366195679e-01 -2.319385766983032227e+00 9.965341006036683158e-01 8.072617551278723005e-03 8.109798339723968408e-02 1.666518783402864273e-02 -8.868131041526794434e-02 -2.210779786109924316e-01 -2.061796665191650391e+00 7.106704629599260026e-02 2.502165578263083195e-02 -9.970119393465599611e-01 -1.696787716230232015e-02
-1.232653707265853882e-01 -2.127286791801452637e-01 -2.319510459899902344e+00 9.965317006464063931e-01 8.032526677314305238e-03 8.112617824142921708e-02 1.669081072176972075e-02 -8.868520706892013550e-02 -2.211100608110427856e-01 -2.061930418014526367e+00 7.103988786933400357e-02 2.502172998403493984e-02 -9.970130668376347982e-01 -1.694075028623807239e-02
-1.232806742191314697e-01 -2.127197980880737305e-01 -2.319497346878051758e+00 9.965325828743583081e-01 8.049770199020755967e-03 8.111388981184057545e-02 1.669029221592620293e-02 -8.870003372430801392e-02 -2.211181968450546265e-01 -2.061960220336914062e+00 7.104964093138385617e-02 2.505286771782807773e-02 -9.970129489875390050e-01 -1.690464535411077135e-02
-1.232838854193687439e-01 -2.127061933279037476e-01 -2.319521427154541016e+00 9.965330389410441692e-01 8.053655230273782523e-03 8.110160991885942416e-02 1.671981488870953950e-02 -8.872283250093460083e-02 -2.211493104696273804e-01 -2.062047958374023438e+00 7.106641726068363418e-02 2.503828466887480370e-02 -9.970111714393906643e-01 -1.689914768012779414e-02
-1.232859566807746887e-01 -2.127048373222351074e-01 -2.319521903991699219e+00 9.965304445917035903e-01 8.060538474902304018e-03 8.113170844922264202e-02 1.672605177969108473e-02 -8.871842175722122192e-02 -2.211764305830001831e-01 -2.062071084976196289e+00 7.102740619159256252e-02 2.507205239730374638e-02 -9.970136184431699355e-01 -1.689285211866934505e-02
-1.232493743300437927e-01 -2.126868665218353271e-01 -2.319642543792724609e+00 9.965323959617218286e-01 8.020229696614207537e-03 8.111904512379250476e-02 1.668990469896114090e-02 -8.869587630033493042e-02 -2.211931794881820679e-01 -2.062108039855957031e+00 7.102656700852104377e-02 2.506001649474656409e-02 -9.970161671494606193e-01 -1.688405666202586614e-02
-1.232754439115524292e-01 -2.127451896667480469e-01 -2.319601535797119141e+00 9.965362014960910120e-01 8.050494691098373026e-03 8.108135669967689307e-02 1.663132911586399226e-02 -8.871681988239288330e-02 -2.211721986532211304e-01 -2.062144279479980469e+00 7.103411929926270463e-02 2.506007920496251123e-02 -9.970136890034509980e-01 -1.687017329543619854e-02
-1.232552528381347656e-01 -2.126536369323730469e-01 -2.319563150405883789e+00 9.965388481656499708e-01 8.069717945990196456e-03 8.104961313644899745e-02 1.661845347473310877e-02 -8.873140066862106323e-02 -2.212092578411102295e-01 -2.062244415283203125e+00 7.104639005946443431e-02 2.504577527339058723e-02 -9.970154156502840648e-01 -1.681489049312391570e-02
-1.232706978917121887e-01 -2.126937210559844971e-01 -2.319662332534790039e+00 9.965392294649223492e-01 8.029618864381842663e-03 8.103875248005620868e-02 1.666767863702831379e-02 -8.873455226421356201e-02 -2.212241291999816895e-01 -2.062266349792480469e+00 7.104345366019405861e-02 2.505229012041142178e-02 -9.970146228652053688e-01 -1.682592864939511795e-02
-1.232865601778030396e-01 -2.126597762107849121e-01 -2.319679260253906250e+00 9.965394761879032837e-01 8.037908730111372260e-03 8.103247462530814571e-02 1.667922282672682291e-02 -8.872034400701522827e-02 -2.212318331003189087e-01 -2.062342643737792969e+00 7.103695120128764029e-02 2.502663194939988914e-02 -9.970162632156460703e-01 -1.680213954701988144e-02
-1.232741624116897583e-01 -2.126046717166900635e-01 -2.319809675216674805e+00 9.965397827224308225e-01 8.040857119311416862e-03 8.103188896600360680e-02 1.666259848077565608e-02 -8.870112150907516479e-02 -2.212248593568801880e-01 -2.062484502792358398e+00 7.099918322026202433e-02 2.504588702283727999e-02 -9.970183627973551177e-01 -1.679012899668138117e-02
-1.232938170433044434e-01 -2.126396745443344116e-01 -2.319791555404663086e+00 9.965380108020298611e-01 8.033183742423502180e-03 8.105305312550060981e-02 1.666933916917257008e-02 -8.872167766094207764e-02 -2.212009429931640625e-01 -2.062539100646972656e+00 7.101806972143941132e-02 2.503709532946164079e-02 -9.970169102916353054e-01 -1.678727684771167544e-02
-1.232827901840209961e-01 -2.126816809177398682e-01 -2.319673538208007812e+00 9.965366500846465359e-01 8.047974766325186741e-03 8.105903283138141124e-02 1.671421610292552970e-02 -8.871074765920639038e-02 -2.212015539407730103e-01 -2.062455654144287109e+00 7.099970791313373053e-02 2.502112672038533936e-02 -9.970184978413579868e-01 -1.685246937200707285e-02
-1.232788190245628357e-01 -2.127022296190261841e-01 -2.319607496261596680e+00 9.965340706976943963e-01 8.049617061913651520e-03 8.108861030802073933e-02 1.672400030189358233e-02 -8.870961517095565796e-02 -2.212144285440444946e-01 -2.062499284744262695e+00 7.100442997450250038e-02 2.501145515865406746e-02 -9.970179317669785046e-01 -1.683695992760566792e-02
-1.232622265815734863e-01 -2.127198874950408936e-01 -2.319587469100952148e+00 9.965355884247385498e-01 8.056647414920133088e-03 8.108038977956349980e-02 1.666952267670075358e-02 -8.869825303554534912e-02 -2.212217599153518677e-01 -2.062553882598876953e+00 7.101481740427288691e-02 2.502495700080498500e-02 -9.970177198692639076e-01 -1.685245089000005428e-02
-1.232489123940467834e-01 -2.127918601036071777e-01 -2.319530010223388672e+00 9.965329043640110962e-01 8.036617135395376574e-03 8.111218143080957399e-02 1.668518038039960849e-02 -8.866517990827560425e-02 -2.211713790893554688e-01 -2.062354564666748047e+00 7.101460757224412057e-02 2.503345702372032286e-02 -9.970164167252142384e-01 -1.689360159451999341e-02
-1.232826858758926392e-01 -2.127641290426254272e-01 -2.319589138031005859e+00 9.965328370754876763e-01 7.998901992138615288e-03 8.110785801256743810e-02 1.672827139664245094e-02 -8.867824822664260864e-02 -2.211665809154510498e-01 -2.062361001968383789e+00 7.099634981174808568e-02 2.504910350854739134e-02 -9.970161232848760990e-01 -1.691046050446656096e-02
-1.232518181204795837e-01 -2.127781063318252563e-01 -2.319538116455078125e+00 9.965321641900040106e-01 8.032555884293754792e-03 8.111411454208998506e-02 1.672208747066636705e-02 -8.868198096752166748e-02 -2.211618870496749878e-01 -2.062217712402343750e+00 7.103160195823571277e-02 2.503141426905330577e-02 -9.970143039591188305e-01 -1.692270535996171638e-02
-1.232883930206298828e-01 -2.127681672573089600e-01 -2.319561243057250977e+00 9.965329267935177926e-01 8.054765696264891417e-03 8.110468814999208242e-02 1.671127486658153388e-02 -8.867865800857543945e-02 -2.211583554744720459e-01 -2.062168598175048828e+00 7.102446900746287040e-02 2.505069274837932319e-02 -9.970130461926305365e-01 -1.691234121427140705e-02
-1.233055815100669861e-01 -2.127394974231719971e-01 -2.319587707519531250e+00 9.965322015725427418e-01 8.029375263543371208e-03 8.111736751835438297e-02 1.670573011383506834e-02 -8.868711441755294800e-02 -2.211587578058242798e-01 -2.062191486358642578e+00 7.101964336982505288e-02 2.505590277671701505e-02 -9.970156428422567441e-01 -1.688930891053586417e-02
-1.232630535960197449e-01 -2.126492410898208618e-01 -2.319650173187255859e+00 9.965351547886760475e-01 8.037147573832330305e-03 8.108440255145550613e-02 1.668570437207553270e-02 -8.868759125471115112e-02 -2.211562246084213257e-01 -2.062192201614379883e+00 7.103139217578975650e-02 2.505771759642165530e-02 -9.970150982445097343e-01 -1.689254662225755238e-02
-1.232747435569763184e-01 -2.127305567264556885e-01 -2.319624662399291992e+00 9.965374425906012856e-01 8.024760473941738859e-03 8.105690860139247444e-02 1.668864076567536450e-02 -8.870951831340789795e-02 -2.211427986621856689e-01 -2.062181711196899414e+00 7.102321017708032591e-02 2.505217923029916596e-02 -9.970159260744277940e-01 -1.687449545097946188e-02
-1.232776269316673279e-01 -2.127012312412261963e-01 -2.319589138031005859e+00 9.965364332668699143e-01 8.055966767280138205e-03 8.106027287130933290e-02 1.671748789397476884e-02 -8.870961517095565796e-02 -2.211416959762573242e-01 -2.062195539474487305e+00 7.106232839545177649e-02 2.498641785724868211e-02 -9.970129703756370754e-01 -1.688929472251938721e-02
-1.233189776539802551e-01 -2.127249538898468018e-01 -2.319425821304321289e+00 9.965359173899013268e-01 8.045325598663898709e-03 8.106856512919220770e-02 1.671328448634668701e-02 -8.871384710073471069e-02 -2.211460173130035400e-01 -2.062249422073364258e+00 7.104754361168794108e-02 2.498363441600869386e-02 -9.970149578968079407e-01 -1.688495737831108290e-02
-1.232772171497344971e-01 -2.127328962087631226e-01 -2.319451332092285156e+00 9.965395434759783955e-01 8.052522549333225935e-03 8.103117198934020604e-02 1.667454704856876496e-02 -8.869889378547668457e-02 -2.211528867483139038e-01 -2.062252283096313477e+00 7.107323151332850530e-02 2.500206997810419315e-02 -9.970124964917050914e-01 -1.689384530823308597e-02
-1.232497245073318481e-01 -2.126980125904083252e-01 -2.319517135620117188e+00 9.965442012950228579e-01 8.060428372126096988e-03 8.097221925834610645e-02 1.667882412546045634e-02 -8.868033438920974731e-02 -2.211671620607376099e-01 -2.062247514724731445e+00 7.111902730766854475e-02 2.498678225980536377e-02 -9.970091708748681780e-01 -1.689542042402631186e-02
-1.232438683509826660e-01 -2.127259373664855957e-01 -2.319514036178588867e+00 9.965448741723789139e-01 8.062712814621083787e-03 8.095776127630616159e-02 1.670800545107244475e-02 -8.867904543876647949e-02 -2.211828380823135376e-01 -2.062287807464599609e+00 7.114427050041781386e-02 2.497278500320250505e-02 -9.970081811404601924e-01 -1.691772756191404353e-02
-1.232654601335525513e-01 -2.127235829830169678e-01 -2.319544553756713867e+00 9.965451283703730123e-01 8.060945624166688736e-03 8.095367345827436667e-02 1.671315897799423300e-02 -8.867742866277694702e-02 -2.212099879980087280e-01 -2.062347888946533203e+00 7.119703231370196062e-02 2.494652149690870097e-02 -9.970050015430476087e-01 -1.691591673543098306e-02
-1.233019381761550903e-01 -2.126919776201248169e-01 -2.319523811340332031e+00 9.965454573323866416e-01 8.097370827476732535e-03 8.094694787355671828e-02 1.670902181087709562e-02 -8.870993554592132568e-02 -2.212238311767578125e-01 -2.062376499176025391e+00 7.124295768735615375e-02 2.491703437720481362e-02 -9.970011280983787083e-01 -1.691958804390004262e-02
-1.232898011803627014e-01 -2.127078026533126831e-01 -2.319507837295532227e+00 9.965467507501603039e-01 8.111065490836092892e-03 8.093326567292252749e-02 1.669084555967098246e-02 -8.872520178556442261e-02 -2.212205827236175537e-01 -2.062409400939941406e+00 7.126292964669951602e-02 2.494184110594832235e-02 -9.970002862301666768e-01 -1.693455398935426667e-02
-1.232680454850196838e-01 -2.127123624086380005e-01 -2.319451808929443359e+00 9.965460853504748417e-01 8.122879418626336237e-03 8.093085997580312663e-02 1.673701228098454369e-02 -8.870163559913635254e-02 -2.211671173572540283e-01 -2.062411546707153320e+00 7.127077050881365505e-02 2.494047573547922628e-02 -9.969991649595306704e-01 -1.697052101107181590e-02
-1.232553273439407349e-01 -2.126891613006591797e-01 -2.319533586502075195e+00 9.965466012221798620e-01 8.109226579022106932e-03 8.092678830180666250e-02 1.673220937567838906e-02 -8.868864923715591431e-02 -2.211186140775680542e-01 -2.062299966812133789e+00 7.126439333978194790e-02 2.493279506189599939e-02 -9.969982617276063053e-01 -1.701415958558688546e-02
-1.232344657182693481e-01 -2.126784324645996094e-01 -2.319516420364379883e+00 9.965464815997793213e-01 8.140345966704121486e-03 8.092399436583019856e-02 1.673785513197680389e-02 -8.867628127336502075e-02 -2.211024910211563110e-01 -2.062296867370605469e+00 7.126376604642779833e-02 2.492576141941431692e-02 -9.969984646747074297e-01 -1.701655716238568983e-02
-1.232570260763168335e-01 -2.126751691102981567e-01 -2.319533109664916992e+00 9.965452853749839912e-01 8.127771539200728118e-03 8.092932872953123580e-02 1.678888676535712082e-02 -8.870968967676162720e-02 -2.210815846920013428e-01 -2.062261819839477539e+00 7.125581985262159634e-02 2.491588263359773014e-02 -9.969991776638252867e-01 -1.704463425113745059e-02
-1.232947483658790588e-01 -2.126800268888473511e-01 -2.319472789764404297e+00 9.965413826816049703e-01 8.144443585732082103e-03 8.096731196641483719e-02 1.682939724454085920e-02 -8.871714770793914795e-02 -2.210675328969955444e-01 -2.062180519104003906e+00 7.126428879127304217e-02 2.496028217764149904e-02 -9.969975811311755365e-01 -1.705280218007161619e-02
-1.232244819402694702e-01 -2.126038223505020142e-01 -2.319615602493286133e+00 9.965408294249847865e-01 8.130822757454423191e-03 8.096737187049582452e-02 1.686872987376203392e-02 -8.871039748191833496e-02 -2.211015671491622925e-01 -2.062163114547729492e+00 7.124170271763648199e-02 2.498180414459258772e-02 -9.969986635312589884e-01 -1.706347681043991066e-02
-1.232258602976799011e-01 -2.126175910234451294e-01 -2.319711923599243164e+00 9.965395135701677898e-01 8.150729268940566652e-03 8.097629725779782739e-02 1.689389452371605274e-02 -8.869250863790512085e-02 -2.211526334285736084e-01 -2.062300205230712891e+00 7.127714710727982295e-02 2.496459253366987985e-02 -9.969959470865602524e-01 -1.705817971553844417e-02
-1.232626587152481079e-01 -2.126725167036056519e-01 -2.319714307785034180e+00 9.965383397663930554e-01 8.137893841281036364e-03 8.099233245431598782e-02 1.689224904090282781e-02 -8.869054168462753296e-02 -2.211733609437942505e-01 -2.062315940856933594e+00 7.130013993825996821e-02 2.493205724236834120e-02 -9.969963363456780803e-01 -1.707048231167545074e-02
-1.232667192816734314e-01 -2.126524001359939575e-01 -2.319846630096435547e+00 9.965421078958985879e-01 8.103151859552472011e-03 8.095204597869032348e-02 1.688030324623809170e-02 -8.875022083520889282e-02 -2.211261987686157227e-01 -2.062290906906127930e+00 7.128624061329558170e-02 2.496496805816053252e-02 -9.969953363720763795e-01 -1.707172037063677331e-02
-1.232984811067581177e-01 -2.126676738262176514e-01 -2.319694280624389648e+00 9.965397677695291279e-01 8.152687889072442878e-03 8.098283718782524343e-02 1.684646241384435417e-02 -8.875212073326110840e-02 -2.211423963308334351e-01 -2.062246799468994141e+00 7.125947939405007092e-02 2.498223097065866566e-02 -9.969968041037391426e-01 -1.708739783231118942e-02
-1.232806593179702759e-01 -2.126332521438598633e-01 -2.319792032241821289e+00 9.965445003516816280e-01 8.141760006704789124e-03 8.093360917949012079e-02 1.680843679857971576e-02 -8.875344693660736084e-02 -2.211046069860458374e-01 -2.062162637710571289e+00 7.119514863652459669e-02 2.504061446266104413e-02 -9.969987817331688040e-01 -1.708147601705088670e-02
-1.232469975948333740e-01 -2.126308828592300415e-01 -2.319811344146728516e+00 9.965437601862874306e-01 8.112803801114558400e-03 8.094365405162104454e-02 1.681764247680103685e-02 -8.872389048337936401e-02 -2.211095243692398071e-01 -2.062126159667968750e+00 7.122141097195762438e-02 2.500832062931214461e-02 -9.969983327314352328e-01 -1.710568469377038783e-02
-1.232578530907630920e-01 -2.126638740301132202e-01 -2.319678783416748047e+00 9.965418312678282486e-01 8.164187989049279809e-03 8.096672973977260546e-02 1.679632139525713205e-02 -8.871675282716751099e-02 -2.211074382066726685e-01 -2.062103509902954102e+00 7.121743562296468932e-02 2.500306031089469944e-02 -9.969989040189766172e-01 -1.711329581107837172e-02
-1.232770308852195740e-01 -2.127174437046051025e-01 -2.319494485855102539e+00 9.965407920427696853e-01 8.209325715728214498e-03 8.097680270257763546e-02 1.678728961110561094e-02 -8.870972692966461182e-02 -2.211260050535202026e-01 -2.062034130096435547e+00 7.120477579633731346e-02 2.504669843023114156e-02 -9.969981269697901771e-01 -1.711309474815312162e-02
-1.232411339879035950e-01 -2.127663940191268921e-01 -2.319424629211425781e+00 9.965415322103684526e-01 8.236289465229992487e-03 8.096206257290627928e-02 1.680089080091906259e-02 -8.868479728698730469e-02 -2.211335599422454834e-01 -2.061955928802490234e+00 7.119179975403507055e-02 2.506620316818369484e-02 -9.969990046916562543e-01 -1.711521970813764323e-02
-1.233096495270729065e-01 -2.127438783645629883e-01 -2.319296360015869141e+00 9.965390350770761962e-01 8.272440312723006173e-03 8.097719966967142913e-02 1.685838199128281145e-02 -8.868872374296188354e-02 -2.211271673440933228e-01 -2.062070846557617188e+00 7.116762033384879671e-02 2.507202370576193731e-02 -9.970003727560329265e-01 -1.710953177797664565e-02
-1.233045607805252075e-01 -2.127057462930679321e-01 -2.319384813308715820e+00 9.965380631372767750e-01 8.237881885877868307e-03 8.098913258115721103e-02 1.687556345950136372e-02 -8.869692683219909668e-02 -2.211032509803771973e-01 -2.062018394470214844e+00 7.115442809602522123e-02 2.511808493923998672e-02 -9.970012440429009137e-01 -1.709543987265910517e-02
-1.233065202832221985e-01 -2.127499878406524658e-01 -2.319373369216918945e+00 9.965369865259307014e-01 8.227833062114872642e-03 8.100678604828324969e-02 1.685943251214706493e-02 -8.868858963251113892e-02 -2.210925668478012085e-01 -2.062005996704101562e+00 7.115505635328797651e-02 2.512168504281134945e-02 -9.969996660354181195e-01 -1.709298533019447744e-02
-1.232603341341018677e-01 -2.127475589513778687e-01 -2.319318771362304688e+00 9.965395060937149996e-01 8.230948164222739658e-03 8.098169960247540711e-02 1.682927566876946807e-02 -8.866935223340988159e-02 -2.211146503686904907e-01 -2.062025308609008789e+00 7.114573663469467291e-02 2.513062433778837437e-02 -9.970003067738016922e-01 -1.707586379442467897e-02
-1.232276409864425659e-01 -2.127372026443481445e-01 -2.319343805313110352e+00 9.965425714346551889e-01 8.219235317110024086e-03 8.095655399342141512e-02 1.677466652482666881e-02 -8.869281411170959473e-02 -2.211307734251022339e-01 -2.062041997909545898e+00 7.112594127199792227e-02 2.513833871815865026e-02 -9.970023409261680181e-01 -1.707351930638995735e-02
