static_accuracy steamvr; 20211008-222455; x y z w i j k; frequency = 100 duration = 1
5.280708521604537964e-02 -3.061616420745849609e-01 -2.755273342132568359e+00 7.728708098518695113e-01 -4.372869740866542343e-01 -4.045486441999955329e-01 -2.186119927152972986e-01 -6.452737748622894287e-02 -8.046180754899978638e-02 -2.687524795532226562e+00 4.017771926233523749e-01 2.132585880855816796e-01 7.755859920174691391e-01 -4.376781125807552297e-01
5.281381309032440186e-02 -3.061749339103698730e-01 -2.755309820175170898e+00 7.728720630686813919e-01 -4.372849925270927973e-01 -4.045511405416091777e-01 -2.186068693869965274e-01 -6.457214802503585815e-02 -8.046384900808334351e-02 -2.687472581863403320e+00 4.018059163464267058e-01 2.132224638430331443e-01 7.755887536872045906e-01 -4.376643867655563014e-01
5.280611291527748108e-02 -3.061777055263519287e-01 -2.755245208740234375e+00 7.728653053139614704e-01 -4.373089255147948329e-01 -4.045345298127022704e-01 -2.186136129878436529e-01 -6.457046419382095337e-02 -8.050841093063354492e-02 -2.687490940093994141e+00 4.018059163464267058e-01 2.132232426378998791e-01 7.755897549948903569e-01 -4.376622925954310461e-01
5.282353609800338745e-02 -3.061477839946746826e-01 -2.755316019058227539e+00 7.728535779146336049e-01 -4.373339743803140722e-01 -4.045448136334113820e-01 -2.185859931696399194e-01 -6.458935141563415527e-02 -8.047366142272949219e-02 -2.687453269958496094e+00 4.018036170407175978e-01 2.132459724952834590e-01 7.755904847091581455e-01 -4.376519585014690406e-01
5.276715010404586792e-02 -3.062487244606018066e-01 -2.754944324493408203e+00 7.728418696183461112e-01 -4.372877120712808652e-01 -4.045954621726209899e-01 -2.186261910278840259e-01 -6.457421928644180298e-02 -8.048359304666519165e-02 -2.687394142150878906e+00 4.017845081886475267e-01 2.132805180029514469e-01 7.755839794440115842e-01 -4.376642245514972829e-01
5.272430926561355591e-02 -3.062174618244171143e-01 -2.754975557327270508e+00 7.728400861241345732e-01 -4.372560687639296950e-01 -4.046263007576069159e-01 -2.186386998101622625e-01 -6.461542844772338867e-02 -8.047693222761154175e-02 -2.687405109405517578e+00 4.017413546279438030e-01 2.132410771089439661e-01 7.755970571656768398e-01 -4.376999297226455976e-01
5.273040756583213806e-02 -3.062232732772827148e-01 -2.754970312118530273e+00 7.728565230365823657e-01 -4.372256377438283326e-01 -4.046267475263027880e-01 -2.186406353993165241e-01 -6.460481882095336914e-02 -8.043412864208221436e-02 -2.687440872192382812e+00 4.017807159794123950e-01 2.132412523353091893e-01 7.755616851921285360e-01 -4.377263062875011990e-01
5.274978652596473694e-02 -3.062349855899810791e-01 -2.754924535751342773e+00 7.728486082971587345e-01 -4.372610996606078326e-01 -4.046161703948785160e-01 -2.186172424437329009e-01 -6.459282338619232178e-02 -8.045650273561477661e-02 -2.687489748001098633e+00 4.017370056342772777e-01 2.132153070285561502e-01 7.755870558234891909e-01 -4.377342336988396809e-01
5.270249024033546448e-02 -3.062319159507751465e-01 -2.754850625991821289e+00 7.728652233722078657e-01 -4.372126180125873174e-01 -4.046468521916318783e-01 -2.185986631172599226e-01 -6.460428982973098755e-02 -8.044571429491043091e-02 -2.687525749206542969e+00 4.017644711964006299e-01 2.132210560637222418e-01 7.755644851837891762e-01 -4.377461957234022871e-01
5.269841849803924561e-02 -3.062350451946258545e-01 -2.754713058471679688e+00 7.728452004032716482e-01 -4.372232705391513874e-01 -4.046437331480388644e-01 -2.186539183121320173e-01 -6.460113823413848877e-02 -8.043431490659713745e-02 -2.687496423721313477e+00 4.017927415172696248e-01 2.132276752706671330e-01 7.755385099470766264e-01 -4.377630787484808605e-01
5.268545448780059814e-02 -3.062681853771209717e-01 -2.754660844802856445e+00 7.728431180618452467e-01 -4.372207562847129636e-01 -4.046293408014290383e-01 -2.186929723741107001e-01 -6.458499282598495483e-02 -8.044827729463577271e-02 -2.687502145767211914e+00 4.017545311422430210e-01 2.132517012018527447e-01 7.755542799043390056e-01 -4.377584275839245809e-01
5.273619666695594788e-02 -3.062238693237304688e-01 -2.754687309265136719e+00 7.728305660516286979e-01 -4.372110923808945060e-01 -4.046705610891406790e-01 -2.186803967152024242e-01 -6.456145644187927246e-02 -8.045648038387298584e-02 -2.687502384185791016e+00 4.017896725822925341e-01 2.132882722193454317e-01 7.755244808471577489e-01 -4.377611862377372987e-01
5.275420099496841431e-02 -3.062545657157897949e-01 -2.754707574844360352e+00 7.728221400870949331e-01 -4.372026514086173599e-01 -4.046808347244141291e-01 -2.187079987317038510e-01 -6.452562659978866577e-02 -8.046683669090270996e-02 -2.687519788742065430e+00 4.017574241684523928e-01 2.132405592957156149e-01 7.755545924953796133e-01 -4.377606672679977273e-01
5.274378508329391479e-02 -3.062486648559570312e-01 -2.754696130752563477e+00 7.728046371177194063e-01 -4.372407243441427949e-01 -4.046781900133500365e-01 -2.186986353396705995e-01 -6.451056152582168579e-02 -8.049388974905014038e-02 -2.687594413757324219e+00 4.017504048348400914e-01 2.132734011248805794e-01 7.755463521657065540e-01 -4.377656661091661738e-01
5.269263312220573425e-02 -3.062381446361541748e-01 -2.754714488983154297e+00 7.727900309213631136e-01 -4.372507431451541637e-01 -4.046738065257984851e-01 -2.187383290329021623e-01 -6.451983004808425903e-02 -8.048300445079803467e-02 -2.687618255615234375e+00 4.017446557516201611e-01 2.132949245096534829e-01 7.755372914338779511e-01 -4.377765288039389691e-01
5.269546434283256531e-02 -3.062578737735748291e-01 -2.754675865173339844e+00 7.727723054733434127e-01 -4.372342298941308547e-01 -4.046970976272035725e-01 -2.187908342840125808e-01 -6.454642117023468018e-02 -8.047528564929962158e-02 -2.687636852264404297e+00 4.017335838982783458e-01 2.132999498386181914e-01 7.755456089521177709e-01 -4.377694753240631842e-01
5.271500721573829651e-02 -3.062300384044647217e-01 -2.754678964614868164e+00 7.727805729004256774e-01 -4.372415459685086714e-01 -4.046771395751594391e-01 -2.187839676269254796e-01 -6.460006535053253174e-02 -8.045894652605056763e-02 -2.687600851058959961e+00 4.017861493047750754e-01 2.132958169080863275e-01 7.755241792329751194e-01 -4.377612420776505475e-01
5.272483453154563904e-02 -3.062478005886077881e-01 -2.754687786102294922e+00 7.727858177295955366e-01 -4.372811346939204924e-01 -4.046440232953841254e-01 -2.187475647528472900e-01 -6.459295004606246948e-02 -8.046393841505050659e-02 -2.687623977661132812e+00 4.017403995224949065e-01 2.132615393090282474e-01 7.755592502526582610e-01 -4.377578350931523588e-01
5.278065055608749390e-02 -3.062134385108947754e-01 -2.754714727401733398e+00 7.727829976742179863e-01 -4.372743039918447483e-01 -4.046588337551818571e-01 -2.187437852331604593e-01 -6.457138061523437500e-02 -8.047178387641906738e-02 -2.687739610671997070e+00 4.017594548378674579e-01 2.132607710053485151e-01 7.755577566444294968e-01 -4.377432768079319025e-01
5.275468528270721436e-02 -3.062034547328948975e-01 -2.754613399505615234e+00 7.727824963299624317e-01 -4.372957791173700537e-01 -4.046465048205552528e-01 -2.187254316321410041e-01 -6.456945091485977173e-02 -8.046486228704452515e-02 -2.687730789184570312e+00 4.017854075582029671e-01 2.132780007839303049e-01 7.755337145372702690e-01 -4.377537438298577110e-01
5.275560542941093445e-02 -3.062402307987213135e-01 -2.754595518112182617e+00 7.727729948307017205e-01 -4.373160420691921124e-01 -4.046190947636558177e-01 -2.187691394858589933e-01 -6.456028670072555542e-02 -8.048415184020996094e-02 -2.687636852264404297e+00 4.017840167796893902e-01 2.132830041088866202e-01 7.755467650070784202e-01 -4.377294323161655676e-01
5.271624028682708740e-02 -3.062303364276885986e-01 -2.754520654678344727e+00 7.727511327436568100e-01 -4.373195825487011246e-01 -4.046504711886602101e-01 -2.187812637618281597e-01 -6.457100808620452881e-02 -8.049900084733963013e-02 -2.687573909759521484e+00 4.018180245698931286e-01 2.133195040256688213e-01 7.755284093069744200e-01 -4.377129472854440206e-01
5.271358788013458252e-02 -3.062270879745483398e-01 -2.754508972167968750e+00 7.727511664893614851e-01 -4.373542443931747736e-01 -4.046343037880053561e-01 -2.187417500404612025e-01 -6.456886976957321167e-02 -8.050450682640075684e-02 -2.687508344650268555e+00 4.018291404507480236e-01 2.132946533452287907e-01 7.755442986173355369e-01 -4.376867273790072121e-01
5.265663564205169678e-02 -3.062189519405364990e-01 -2.754557609558105469e+00 7.727512966513515602e-01 -4.373631567227267980e-01 -4.046392203532429011e-01 -2.187144014763400812e-01 -6.462280452251434326e-02 -8.046884089708328247e-02 -2.687491178512573242e+00 4.018121466570576672e-01 2.132525341208775238e-01 7.755617269319144969e-01 -4.376919851978213205e-01
5.268637835979461670e-02 -3.061966001987457275e-01 -2.754591464996337891e+00 7.727327411153402936e-01 -4.373606136342325090e-01 -4.046628693920567565e-01 -2.187412759110543281e-01 -6.459894776344299316e-02 -8.046043664216995239e-02 -2.687487840652465820e+00 4.017971084508007995e-01 2.132649288685505018e-01 7.755746216292287443e-01 -4.376768156995668457e-01
5.266391858458518982e-02 -3.062322437763214111e-01 -2.754554033279418945e+00 7.727326398758078696e-01 -4.373419175156380012e-01 -4.046700573859822181e-01 -2.187657605468920630e-01 -6.457565724849700928e-02 -8.048012852668762207e-02 -2.687473297119140625e+00 4.018329692859627378e-01 2.133165765837998773e-01 7.755423044744238492e-01 -4.376760453756469160e-01
5.266680195927619934e-02 -3.062340021133422852e-01 -2.754525899887084961e+00 7.727324856060187042e-01 -4.373566122495352593e-01 -4.046640541596669971e-01 -2.187480246267279049e-01 -6.456503272056579590e-02 -8.048853278160095215e-02 -2.687580585479736328e+00 4.018173755932033520e-01 2.133321234992126558e-01 7.755392852706712858e-01 -4.376881563860235413e-01
5.270813032984733582e-02 -3.062214553356170654e-01 -2.754506587982177734e+00 7.727323988292487122e-01 -4.373452357553873071e-01 -4.046626726070228774e-01 -2.187736266462051160e-01 -6.454951316118240356e-02 -8.049891144037246704e-02 -2.687583446502685547e+00 4.017662329340742633e-01 2.133049068509718926e-01 7.755749000495241186e-01 -4.376852419050751841e-01
5.284112319350242615e-02 -3.063949942588806152e-01 -2.754467725753784180e+00 7.728561326037123314e-01 -4.372763931808299476e-01 -4.045553532781583916e-01 -2.186726450696563073e-01 -6.453091651201248169e-02 -8.048684149980545044e-02 -2.687597513198852539e+00 4.018062037587152302e-01 2.132540564643189696e-01 7.755450685373913577e-01 -4.377262648334039885e-01
5.281708016991615295e-02 -3.063436150550842285e-01 -2.754558086395263672e+00 7.728391606336244557e-01 -4.372687780192534013e-01 -4.046001003134236940e-01 -2.186650085440703384e-01 -6.449971348047256470e-02 -8.047276735305786133e-02 -2.687670946121215820e+00 4.017689126149873724e-01 2.132912448375378633e-01 7.755565050045371001e-01 -4.377220912302384193e-01
5.279292911291122437e-02 -3.062891960144042969e-01 -2.754649639129638672e+00 7.728174980548011552e-01 -4.372335829202866897e-01 -4.046554035760885348e-01 -2.187096058726434311e-01 -6.449387222528457642e-02 -8.047583699226379395e-02 -2.687622308731079102e+00 4.017710081315527537e-01 2.133412776809801570e-01 7.755438182701569483e-01 -4.377181948455479699e-01
5.277684330940246582e-02 -3.062762320041656494e-01 -2.754696130752563477e+00 7.728169629900966120e-01 -4.372137556328922203e-01 -4.046822152476990397e-01 -2.187015342902429715e-01 -6.448300927877426147e-02 -8.050561696290969849e-02 -2.687531948089599609e+00 4.017711286697838724e-01 2.133518581263607883e-01 7.755569189744973002e-01 -4.376897463146983691e-01
5.275455862283706665e-02 -3.062742650508880615e-01 -2.754678010940551758e+00 7.728249792810588659e-01 -4.372393863184173557e-01 -4.046603750984679171e-01 -2.186623545008421210e-01 -6.447716057300567627e-02 -8.047799766063690186e-02 -2.687479734420776367e+00 4.017802338377762794e-01 2.133128652326098385e-01 7.755586660214844885e-01 -4.376972968949891518e-01
5.285956338047981262e-02 -3.063800036907196045e-01 -2.754684925079345703e+00 7.729418110206343062e-01 -4.371332648767202178e-01 -4.045974169522566499e-01 -2.185781079674027627e-01 -6.451428681612014771e-02 -8.045521378517150879e-02 -2.687446117401123047e+00 4.018066116983846081e-01 2.132663377369246605e-01 7.755733931980787199e-01 -4.376697055713670848e-01
5.287695676088333130e-02 -3.064664006233215332e-01 -2.754737138748168945e+00 7.730254511011377394e-01 -4.370312709433507026e-01 -4.045687143365275240e-01 -2.185393665485595160e-01 -6.453426182270050049e-02 -8.047180622816085815e-02 -2.687405586242675781e+00 4.018248109490604736e-01 2.132455163818650079e-01 7.755687120504518584e-01 -4.376713589642720614e-01
5.279654264450073242e-02 -3.064257204532623291e-01 -2.754761457443237305e+00 7.730053310787224907e-01 -4.370499520810860461e-01 -4.045730277700601007e-01 -2.185652015489707167e-01 -6.451558321714401245e-02 -8.045183122158050537e-02 -2.687420845031738281e+00 4.018145664391580829e-01 2.132936747492208962e-01 7.755683486759257228e-01 -4.376579490703307873e-01
5.277225375175476074e-02 -3.064087629318237305e-01 -2.754679918289184570e+00 7.730035190462077876e-01 -4.370520560996454251e-01 -4.045910458998290826e-01 -2.185340623270747573e-01 -6.451957672834396362e-02 -8.044491708278656006e-02 -2.687422037124633789e+00 4.018328765785192935e-01 2.132512855846848132e-01 7.755598938608001536e-01 -4.376767616982465969e-01
5.271177366375923157e-02 -3.063189089298248291e-01 -2.754784107208251953e+00 7.730036925388664715e-01 -4.370597940920507019e-01 -4.046029742780724581e-01 -2.184958852598784529e-01 -6.453716009855270386e-02 -8.043719828128814697e-02 -2.687428712844848633e+00 4.018321905427729157e-01 2.132381885167237145e-01 7.755572500645535605e-01 -4.376884600170462547e-01
5.266742035746574402e-02 -3.062603473663330078e-01 -2.754914045333862305e+00 7.729859816290517438e-01 -4.370709551556312689e-01 -4.046104036830431294e-01 -2.185224123188857781e-01 -6.458204239606857300e-02 -8.045582473278045654e-02 -2.687409639358520508e+00 4.018274995102019131e-01 2.131883160407422872e-01 7.755729235105012220e-01 -4.376893050992892720e-01
5.264870449900627136e-02 -3.062639832496643066e-01 -2.754899978637695312e+00 7.729709692067803228e-01 -4.370787112678978792e-01 -4.046178956334572363e-01 -2.185461769544981281e-01 -6.458752602338790894e-02 -8.044511079788208008e-02 -2.687412738800048828e+00 4.018493225443418027e-01 2.132427806147982607e-01 7.755620830668912280e-01 -4.376618843553786720e-01
5.266980826854705811e-02 -3.062707483768463135e-01 -2.755002498626708984e+00 7.729287449046384761e-01 -4.371199972109201526e-01 -4.046172793927068634e-01 -2.186140413807232952e-01 -6.460148841142654419e-02 -8.047413080930709839e-02 -2.687436580657958984e+00 4.018354631081657580e-01 2.132816928421137626e-01 7.755640797251446283e-01 -4.376521965958480864e-01
5.267267674207687378e-02 -3.062738478183746338e-01 -2.755082607269287109e+00 7.729093983574941706e-01 -4.371537171846190950e-01 -4.046145383497978254e-01 -2.186200954611516867e-01 -6.459280848503112793e-02 -8.051991462707519531e-02 -2.687467813491821289e+00 4.018191741831707020e-01 2.132598926782454385e-01 7.755689486394569121e-01 -4.376691558722419773e-01
5.279824137687683105e-02 -3.063993155956268311e-01 -2.755051851272583008e+00 7.729910853042749608e-01 -4.370835104904807200e-01 -4.045696017934309885e-01 -2.185548119840993175e-01 -6.455974280834197998e-02 -8.048272132873535156e-02 -2.687520503997802734e+00 4.018162816015535821e-01 2.132497833492918160e-01 7.755711014618108523e-01 -4.376729265570368232e-01
5.278262495994567871e-02 -3.063427507877349854e-01 -2.755107402801513672e+00 7.729994949694485307e-01 -4.370633240536029307e-01 -4.045664244677397714e-01 -2.185713203703409380e-01 -6.453629583120346069e-02 -8.048039674758911133e-02 -2.687532186508178711e+00 4.018253950173206746e-01 2.132086048371493459e-01 7.755774675309005106e-01 -4.376733812283051250e-01
5.286224931478500366e-02 -3.064681589603424072e-01 -2.755125761032104492e+00 7.731109854708526630e-01 -4.369475220663393000e-01 -4.045047666797425001e-01 -2.185226445341109103e-01 -6.452391296625137329e-02 -8.046723902225494385e-02 -2.687585353851318359e+00 4.018244864663268467e-01 2.132030422632892053e-01 7.755792953289218916e-01 -4.376736778332649958e-01
5.283560231328010559e-02 -3.064776957035064697e-01 -2.755015611648559570e+00 7.730945202378640690e-01 -4.369523660069445370e-01 -4.045174390754240346e-01 -2.185477607885520090e-01 -6.456836313009262085e-02 -8.048051595687866211e-02 -2.687622547149658203e+00 4.018283524292881603e-01 2.132044768909955590e-01 7.755810116751229444e-01 -4.376663496816482479e-01
5.277316644787788391e-02 -3.063877224922180176e-01 -2.755130290985107422e+00 7.730958598280158744e-01 -4.369510017211958308e-01 -4.045478474475429631e-01 -2.184894514993682979e-01 -6.458864361047744751e-02 -8.043182641267776489e-02 -2.687619447708129883e+00 4.018503237426230279e-01 2.131497683858300518e-01 7.755738523435525833e-01 -4.376854252347501806e-01
5.280358344316482544e-02 -3.064353466033935547e-01 -2.755015611648559570e+00 7.731489741525491288e-01 -4.368656596426012118e-01 -4.045180222017812355e-01 -2.185274007762983417e-01 -6.455501914024353027e-02 -8.046031743288040161e-02 -2.687623977661132812e+00 4.018310873206705214e-01 2.132117774285790801e-01 7.755637922415153929e-01 -4.376907417317561499e-01
5.275334790349006653e-02 -3.064182102680206299e-01 -2.755061149597167969e+00 7.731420357198794946e-01 -4.368578426517732427e-01 -4.045304701115601254e-01 -2.185445057733405305e-01 -6.455778330564498901e-02 -8.046718686819076538e-02 -2.687609434127807617e+00 4.018110619224201652e-01 2.132239610143205899e-01 7.755927469450030198e-01 -4.376518888799216800e-01
5.273078754544258118e-02 -3.063808977603912354e-01 -2.755046129226684570e+00 7.731095639910534612e-01 -4.368891147496862248e-01 -4.045330437896608733e-01 -2.185921004880936880e-01 -6.456580013036727905e-02 -8.046302199363708496e-02 -2.687588453292846680e+00 4.018226600871953047e-01 2.132809975488841048e-01 7.755792790056658115e-01 -4.376373131148343365e-01
5.275957286357879639e-02 -3.063722550868988037e-01 -2.755061864852905273e+00 7.730899135720000759e-01 -4.369369381213405457e-01 -4.045166787960204346e-01 -2.185963414630410495e-01 -6.455818563699722290e-02 -8.045350015163421631e-02 -2.687528848648071289e+00 4.018206482792542888e-01 2.133046496125903524e-01 7.755767651135653251e-01 -4.376321291447732298e-01
5.273946002125740051e-02 -3.063456118106842041e-01 -2.755142450332641602e+00 7.730727491631537163e-01 -4.369594188440620863e-01 -4.045323005336957101e-01 -2.185831499864971383e-01 -6.457682698965072632e-02 -8.046395331621170044e-02 -2.687546491622924805e+00 4.018014938798099567e-01 2.132717985039610797e-01 7.755800453458048249e-01 -4.376598409352690511e-01
5.272946506738662720e-02 -3.062490820884704590e-01 -2.755223274230957031e+00 7.730779052721109545e-01 -4.369532373749459575e-01 -4.045349416763521777e-01 -2.185724039342154812e-01 -6.459388136863708496e-02 -8.041770756244659424e-02 -2.687613964080810547e+00 4.018391806359521978e-01 2.132189045770733482e-01 7.755473931271574806e-01 -4.377089385522525133e-01
5.271191895008087158e-02 -3.062248826026916504e-01 -2.755238771438598633e+00 7.730687399032635243e-01 -4.369507558698922378e-01 -4.045399016128033431e-01 -2.186005836029731864e-01 -6.461793184280395508e-02 -8.039678633213043213e-02 -2.687605857849121094e+00 4.018379939974031645e-01 2.132455290574068740e-01 7.755429528642902026e-01 -4.377048587901277155e-01
5.270680785179138184e-02 -3.062103688716888428e-01 -2.755240678787231445e+00 7.730324435898946467e-01 -4.369817680014407291e-01 -4.045660860767703038e-01 -2.186184879100141198e-01 -6.458780169486999512e-02 -8.038432151079177856e-02 -2.687603712081909180e+00 4.018255340810670262e-01 2.132043405964355876e-01 7.755641085873929974e-01 -4.376989090335224875e-01
5.270912125706672668e-02 -3.062142133712768555e-01 -2.755373477935791016e+00 7.730130948188826956e-01 -4.370530515872585453e-01 -4.045253412199975029e-01 -2.186198317711551542e-01 -6.456143409013748169e-02 -8.038549125194549561e-02 -2.687604665756225586e+00 4.018451415875240462e-01 2.131761012005968792e-01 7.755659249926554200e-01 -4.376914740065178111e-01
5.271350964903831482e-02 -3.062130808830261230e-01 -2.755424976348876953e+00 7.730076202094704474e-01 -4.370736117297150947e-01 -4.045218737079813720e-01 -2.186044513855077420e-01 -6.453267484903335571e-02 -8.041028678417205811e-02 -2.687642812728881836e+00 4.018505925824774061e-01 2.131728016294392736e-01 7.755598544115864801e-01 -4.376988200733769041e-01
5.273877456784248352e-02 -3.062314689159393311e-01 -2.755433320999145508e+00 7.730023383312463192e-01 -4.370972342490072604e-01 -4.045021318913513686e-01 -2.186124552987129266e-01 -6.454317271709442139e-02 -8.043396472930908203e-02 -2.687578678131103516e+00 4.018789588116238320e-01 2.131325415018663627e-01 7.755322168369617186e-01 -4.377414480204224190e-01
5.270282551646232605e-02 -3.062475621700286865e-01 -2.755391836166381836e+00 7.730013648424522987e-01 -4.371119918750324684e-01 -4.044968292851804370e-01 -2.185962071945758145e-01 -6.456147879362106323e-02 -8.047070354223251343e-02 -2.687687158584594727e+00 4.018686044430294646e-01 2.131893141847109874e-01 7.755133949666394022e-01 -4.377565528328049016e-01
5.270238965749740601e-02 -3.062329590320587158e-01 -2.755433320999145508e+00 7.729970371398056095e-01 -4.371012920911876432e-01 -4.045064770410935484e-01 -2.186150358629217749e-01 -6.458103656768798828e-02 -8.048421889543533325e-02 -2.687663555145263672e+00 4.018725256005697410e-01 2.131492277441501826e-01 7.755327847818053177e-01 -4.377382018328230262e-01
5.271425098180770874e-02 -3.062377274036407471e-01 -2.755435228347778320e+00 7.729860250032041247e-01 -4.371123674029016026e-01 -4.045122975655525144e-01 -2.186210413106345340e-01 -6.459397822618484497e-02 -8.045153319835662842e-02 -2.687553644180297852e+00 4.019136166595587145e-01 2.131450094817810281e-01 7.755068100619205707e-01 -4.377484763206638818e-01
5.275344848632812500e-02 -3.062164783477783203e-01 -2.755358457565307617e+00 7.729742753382927711e-01 -4.371099319750526568e-01 -4.045232272590682521e-01 -2.186472775242539190e-01 -6.455836445093154907e-02 -8.047215640544891357e-02 -2.687550306320190430e+00 4.019016874300709863e-01 2.131216376605675755e-01 7.755191505532342822e-01 -4.377489631414532845e-01
5.277714133262634277e-02 -3.062328696250915527e-01 -2.755327939987182617e+00 7.729523996660009333e-01 -4.371045379217907145e-01 -4.045445559497779509e-01 -2.186959186511860109e-01 -6.453209370374679565e-02 -8.049025386571884155e-02 -2.687581777572631836e+00 4.018970899013358244e-01 2.131189961230769980e-01 7.755208662846647671e-01 -4.377514263870819766e-01
5.282331630587577820e-02 -3.063735961914062500e-01 -2.755191326141357422e+00 7.730752212084684993e-01 -4.369729213000099199e-01 -4.044997715466023824e-01 -2.186076105542904824e-01 -6.457702815532684326e-02 -8.045447617769241333e-02 -2.687513828277587891e+00 4.019278997545039922e-01 2.130899429937109513e-01 7.755068159733012889e-01 -4.377622123944246990e-01
5.278749391436576843e-02 -3.064410984516143799e-01 -2.755080938339233398e+00 7.730765030066308885e-01 -4.369326827318812390e-01 -4.045131909969782447e-01 -2.186586910432125608e-01 -6.459043920040130615e-02 -8.041577041149139404e-02 -2.687457561492919922e+00 4.019589204064570875e-01 2.130739058420123011e-01 7.754903036650702131e-01 -4.377707653144899402e-01
5.267028883099555969e-02 -3.063323795795440674e-01 -2.755121469497680664e+00 7.730916001160350604e-01 -4.369339225179708630e-01 -4.045138495679290735e-01 -2.186015858757097696e-01 -6.460484862327575684e-02 -8.039993047714233398e-02 -2.687460184097290039e+00 4.019502641522293418e-01 2.130614784062442590e-01 7.755078199286328244e-01 -4.377537130430592671e-01
5.283291637897491455e-02 -3.065513372421264648e-01 -2.755109310150146484e+00 7.731961779336775642e-01 -4.368474975658683257e-01 -4.044470634733315362e-01 -2.185280449000027991e-01 -6.457813829183578491e-02 -8.047018945217132568e-02 -2.687526226043701172e+00 4.019387716208860373e-01 2.130538904028535796e-01 7.755114201440674870e-01 -4.377615491287754623e-01
5.278995633125305176e-02 -3.063422441482543945e-01 -2.755188465118408203e+00 7.731603549746384196e-01 -4.368384237739711407e-01 -4.045100729868653655e-01 -2.185562755223430798e-01 -6.455874443054199219e-02 -8.044482022523880005e-02 -2.687499046325683594e+00 4.019702455453810774e-01 2.130594135815460644e-01 7.754742749833775095e-01 -4.377957520626614141e-01
5.273094400763511658e-02 -3.063453733921051025e-01 -2.755420207977294922e+00 7.731219380055190937e-01 -4.368640432047296573e-01 -4.045347027676630125e-01 -2.185953842095707533e-01 -6.453537195920944214e-02 -8.047630637884140015e-02 -2.687455892562866211e+00 4.019533225931140041e-01 2.130455104195210225e-01 7.754869235606874911e-01 -4.377957315220441514e-01
5.274355039000511169e-02 -3.063121438026428223e-01 -2.755462884902954102e+00 7.731221259271092716e-01 -4.368287041322444497e-01 -4.045508235148542187e-01 -2.186355212953618454e-01 -6.449589133262634277e-02 -8.051527291536331177e-02 -2.687511205673217773e+00 4.019594116015896001e-01 2.131032283691806917e-01 7.754735265659462584e-01 -4.377857354324336536e-01
5.274518206715583801e-02 -3.063089251518249512e-01 -2.755530118942260742e+00 7.730943226722135631e-01 -4.368532707896604084e-01 -4.045791925787540211e-01 -2.186322359099517887e-01 -6.451839208602905273e-02 -8.054105937480926514e-02 -2.687564134597778320e+00 4.019504958531111005e-01 2.130661749657515869e-01 7.754733962863619157e-01 -4.378121725317291602e-01
5.269406363368034363e-02 -3.062531948089599609e-01 -2.755561590194702148e+00 7.730869741578876297e-01 -4.368761006242140033e-01 -4.045757041797358178e-01 -2.186190508023980461e-01 -6.458104401826858521e-02 -8.047862350940704346e-02 -2.687566518783569336e+00 4.019364267334024077e-01 2.130088286425215749e-01 7.754962028586800393e-01 -4.378125718921508369e-01
5.270016565918922424e-02 -3.062362372875213623e-01 -2.755512237548828125e+00 7.730644029400670636e-01 -4.369194173473399112e-01 -4.045576685779002091e-01 -2.186456908266943000e-01 -6.456749886274337769e-02 -8.050853013992309570e-02 -2.687525033950805664e+00 4.019320798504590897e-01 2.130433865575996899e-01 7.754979165367775762e-01 -4.377968026769540888e-01
5.270272865891456604e-02 -3.061839938163757324e-01 -2.755547046661376953e+00 7.730641764535428617e-01 -4.368939379151196567e-01 -4.045676561334313193e-01 -2.186789152867228969e-01 -6.456168740987777710e-02 -8.048360794782638550e-02 -2.687606096267700195e+00 4.018953936224116119e-01 2.130805567107066367e-01 7.754975366232538248e-01 -4.378130042352816886e-01
5.273907631635665894e-02 -3.062083423137664795e-01 -2.755553960800170898e+00 7.730432767625273760e-01 -4.369451400565759203e-01 -4.045487739339508892e-01 -2.186854430294100371e-01 -6.455758959054946899e-02 -8.045193552970886230e-02 -2.687668323516845703e+00 4.018903603592017815e-01 2.130867847824603201e-01 7.754967003326322939e-01 -4.378160286791480393e-01
5.284744128584861755e-02 -3.064041137695312500e-01 -2.755308628082275391e+00 7.731526312597093442e-01 -4.368514703422233802e-01 -4.044900320792934600e-01 -2.185945932025815386e-01 -6.456015259027481079e-02 -8.038789033889770508e-02 -2.687656641006469727e+00 4.019049130841600426e-01 2.130550065021502293e-01 7.754866947965637358e-01 -4.378359438707573048e-01
5.277911946177482605e-02 -3.063452839851379395e-01 -2.755344867706298828e+00 7.731303366104516073e-01 -4.368733288277366067e-01 -4.045144459208275256e-01 -2.185846101196666780e-01 -6.449335068464279175e-02 -8.045011013746261597e-02 -2.687650442123413086e+00 4.018591490121622423e-01 2.130456002469579835e-01 7.755219270830995271e-01 -4.378201457736384805e-01
5.282140150666236877e-02 -3.063067495822906494e-01 -2.755434274673461914e+00 7.731010687878037135e-01 -4.368344824765992840e-01 -4.046001312202727185e-01 -2.186071541043691779e-01 -6.449873745441436768e-02 -8.052272349596023560e-02 -2.687618494033813477e+00 4.018370669335984968e-01 2.130547490036617531e-01 7.755514725824520506e-01 -4.377835183982408673e-01
5.276040732860565186e-02 -3.063315749168395996e-01 -2.755466461181640625e+00 7.730802471943550858e-01 -4.368238888066456882e-01 -4.046352475339802801e-01 -2.186369794190886340e-01 -6.453480571508407593e-02 -8.052942901849746704e-02 -2.687690258026123047e+00 4.018366034008941656e-01 2.130905570194251142e-01 7.755495118453419323e-01 -4.377700200659044860e-01
5.274392664432525635e-02 -3.063466250896453857e-01 -2.755460500717163086e+00 7.730843479505797866e-01 -4.368289732940340842e-01 -4.046259694517492789e-01 -2.186294664751290417e-01 -6.454834342002868652e-02 -8.056057244539260864e-02 -2.687668085098266602e+00 4.018515010744475591e-01 2.131128784311735191e-01 7.755420634064581487e-01 -4.377586971146456563e-01
5.270407348871231079e-02 -3.063246011734008789e-01 -2.755424976348876953e+00 7.730480138183347671e-01 -4.368557212136969237e-01 -4.046662196845713932e-01 -2.186300101093557324e-01 -6.455009430646896362e-02 -8.050601929426193237e-02 -2.687583684921264648e+00 4.018314952350781066e-01 2.131259731733125551e-01 7.755488391895716260e-01 -4.377586578092719227e-01
5.270313471555709839e-02 -3.062928020954132080e-01 -2.755442857742309570e+00 7.730549434570421763e-01 -4.368579156447623402e-01 -4.046684809909119052e-01 -2.185969396678130450e-01 -6.455836445093154907e-02 -8.051004260778427124e-02 -2.687684059143066406e+00 4.017917679905858575e-01 2.131222349951953365e-01 7.755729512374772705e-01 -4.377542581245169040e-01
5.274409800767898560e-02 -3.062886297702789307e-01 -2.755480766296386719e+00 7.730475030080162790e-01 -4.368786397453301440e-01 -4.046574081442517734e-01 -2.186023452203648409e-01 -6.453007459640502930e-02 -8.050331473350524902e-02 -2.687631845474243164e+00 4.017652129816258189e-01 2.131349862760214819e-01 7.755772584212302645e-01 -4.377647689451369950e-01
5.274970829486846924e-02 -3.062914907932281494e-01 -2.755501031875610352e+00 7.730395179386885252e-01 -4.368594236213691473e-01 -4.046889407692035867e-01 -2.186106303451784139e-01 -6.454760581254959106e-02 -8.044811338186264038e-02 -2.687569141387939453e+00 4.017838684296971552e-01 2.131436338405487685e-01 7.755760723335193285e-01 -4.377455601091433390e-01
5.271270126104354858e-02 -3.062747716903686523e-01 -2.755480766296386719e+00 7.730329785054514957e-01 -4.368488644396847365e-01 -4.047139150394629681e-01 -2.186086015342618705e-01 -6.454948335886001587e-02 -8.042534440755844116e-02 -2.687566995620727539e+00 4.017985177270759212e-01 2.131437621209069377e-01 7.755716232169159730e-01 -4.377399681049151114e-01
5.272390693426132202e-02 -3.062829077243804932e-01 -2.755529642105102539e+00 7.730093984979413690e-01 -4.368987197196353978e-01 -4.047075041566261522e-01 -2.186042316197831792e-01 -6.457115709781646729e-02 -8.047120273113250732e-02 -2.687596082687377930e+00 4.017871506604753229e-01 2.131221993492392885e-01 7.755823462403537150e-01 -4.377419064799661919e-01
5.272931605577468872e-02 -3.062440752983093262e-01 -2.755524635314941406e+00 7.730292003552141633e-01 -4.368980048372202996e-01 -4.046810221932240492e-01 -2.185846035257272002e-01 -6.455635279417037964e-02 -8.047416806221008301e-02 -2.687566995620727539e+00 4.017537058841528230e-01 2.131156098955073186e-01 7.756230620600275127e-01 -4.377035916865703036e-01
5.272804945707321167e-02 -3.063010275363922119e-01 -2.755553960800170898e+00 7.729948732793963107e-01 -4.369284234665952171e-01 -4.047045354151125318e-01 -2.186017273029794705e-01 -6.453916430473327637e-02 -8.050554990768432617e-02 -2.687560558319091797e+00 4.017894871474039786e-01 2.131468467170702097e-01 7.755890919728702926e-01 -4.377157898247536205e-01
5.272748693823814392e-02 -3.063196539878845215e-01 -2.755581855773925781e+00 7.729988154526229449e-01 -4.369039783634060536e-01 -4.047075317190950150e-01 -2.186310636306453281e-01 -6.453303992748260498e-02 -8.050204068422317505e-02 -2.687557935714721680e+00 4.018042753110350196e-01 2.131319557080860461e-01 7.755763453595346801e-01 -4.377320105088246538e-01
5.271918699145317078e-02 -3.062956631183624268e-01 -2.755571603775024414e+00 7.729806369509825137e-01 -4.369556902741095761e-01 -4.046844510800767791e-01 -2.186347070408327375e-01 -6.459846347570419312e-02 -8.046861737966537476e-02 -2.687509775161743164e+00 4.018039137260645544e-01 2.130985108176013110e-01 7.755887252850557356e-01 -4.377267094597880881e-01
5.275728926062583923e-02 -3.062876164913177490e-01 -2.755544662475585938e+00 7.729731524118284014e-01 -4.369618489978336351e-01 -4.046998976333960329e-01 -2.186202795333918314e-01 -6.458771973848342896e-02 -8.044152706861495972e-02 -2.687466859817504883e+00 4.018052766215626237e-01 2.130676745528448657e-01 7.755995936746628017e-01 -4.377211684915708334e-01
5.276538059115409851e-02 -3.062922060489654541e-01 -2.755521774291992188e+00 7.729632821553796829e-01 -4.369929141999726596e-01 -4.046861055160912990e-01 -2.186185733864407510e-01 -6.454508006572723389e-02 -8.047775924205780029e-02 -2.687498331069946289e+00 4.018004091164132929e-01 2.131084913485020993e-01 7.755911140300379980e-01 -4.377208178554971019e-01
5.284586176276206970e-02 -3.064754307270050049e-01 -2.755279779434204102e+00 7.730840588262942736e-01 -4.368830390772645011e-01 -4.046194323673504289e-01 -2.185345609557770852e-01 -6.454049795866012573e-02 -8.046508580446243286e-02 -2.687657117843627930e+00 4.018038024690850918e-01 2.131007207918236279e-01 7.755741984889432672e-01 -4.377515239218188747e-01
5.286329984664916992e-02 -3.065142333507537842e-01 -2.755246639251708984e+00 7.730927132330825957e-01 -4.368792566761108276e-01 -4.046064026840068828e-01 -2.185356177488954055e-01 -6.455905735492706299e-02 -8.048725873231887817e-02 -2.687588930130004883e+00 4.018282319082227549e-01 2.130833893363492937e-01 7.755732899050236107e-01 -4.377391006987808031e-01
5.286672711372375488e-02 -3.066147565841674805e-01 -2.755213499069213867e+00 7.731645420342604380e-01 -4.367746737385669875e-01 -4.046206965793930910e-01 -2.184640811520159598e-01 -6.461319327354431152e-02 -8.042290061712265015e-02 -2.687605857849121094e+00 4.018786436422997488e-01 2.130610354086631686e-01 7.755502335175185058e-01 -4.377444563505644703e-01
5.270190909504890442e-02 -3.064392805099487305e-01 -2.755172491073608398e+00 7.731604320668502561e-01 -4.367418993183970199e-01 -4.046770625579238501e-01 -2.184397171132184956e-01 -6.465823948383331299e-02 -8.043639361858367920e-02 -2.687487840652465820e+00 4.018551257515575736e-01 2.130460274769335194e-01 7.755670318857459389e-01 -4.377436416954652576e-01
5.267186090350151062e-02 -3.063833117485046387e-01 -2.755307197570800781e+00 7.731382773761844573e-01 -4.367757309973165358e-01 -4.046852570043446007e-01 -2.184353116916370463e-01 -6.462979316711425781e-02 -8.041670173406600952e-02 -2.687555313110351562e+00 4.018961258967052030e-01 2.130080904964329891e-01 7.755502562616551909e-01 -4.377541854203979010e-01
5.269869789481163025e-02 -3.063475489616394043e-01 -2.755386829376220703e+00 7.731142428180950432e-01 -4.368152525491821869e-01 -4.046731186845543560e-01 -2.184638298518048194e-01 -6.459893286228179932e-02 -8.045835047960281372e-02 -2.687527179718017578e+00 4.019019562355672370e-01 2.129882417893445845e-01 7.755575437598943855e-01 -4.377455454974288340e-01
5.268999561667442322e-02 -3.063517510890960693e-01 -2.755364894866943359e+00 7.731112697664987987e-01 -4.368169805374280124e-01 -4.046700490557468832e-01 -2.184766338746861047e-01 -6.460595130920410156e-02 -8.045626431703567505e-02 -2.687532424926757812e+00 4.018833433474658934e-01 2.129832006735030425e-01 7.755644121858404905e-01 -4.377529589279098299e-01
5.284144729375839233e-02 -3.065042793750762939e-01 -2.755377054214477539e+00 7.732071870772484479e-01 -4.367436751376405635e-01 -4.046013482230590430e-01 -2.184109432378752158e-01 -6.458663940429687500e-02 -8.050137013196945190e-02 -2.687579393386840820e+00 4.018912687612752332e-01 2.129885295238501675e-01 7.755562738035312043e-01 -4.377574807460987150e-01
