static_accuracy steamvr; 20211008-222410; x y z w i j k; frequency = 100 duration = 1
-1.815596520900726318e-01 -1.822714358568191528e-01 -2.750742197036743164e+00 9.314473669469809369e-01 -3.555794102273687196e-01 6.787894057862227382e-02 3.689905522048105707e-02 -1.532143503427505493e-01 -4.602966073434799910e-04 -2.565757274627685547e+00 6.559050425386099559e-02 4.179381221487749737e-02 -9.349025764310233688e-01 3.462669475219197768e-01
-1.816019266843795776e-01 -1.822189837694168091e-01 -2.750812053680419922e+00 9.314344965826114597e-01 -3.556212151148060441e-01 6.780329371903058566e-02 3.696000382055875111e-02 -1.531987786293029785e-01 -4.711480287369340658e-04 -2.565749168395996094e+00 6.556744094864008776e-02 4.180669504430754857e-02 -9.348995362055160241e-01 3.462805687271615085e-01
-1.815739274024963379e-01 -1.822836548089981079e-01 -2.750967741012573242e+00 9.314343845960627588e-01 -3.556166024301275486e-01 6.784783652442445689e-02 3.692550790620995754e-02 -1.531735807657241821e-01 -4.956102930009365082e-04 -2.565587282180786133e+00 6.556028172146756428e-02 4.176625705014989226e-02 -9.348944040642075404e-01 3.463013360901389115e-01
-1.815621107816696167e-01 -1.822953075170516968e-01 -2.750983476638793945e+00 9.314335526955650479e-01 -3.556197037138078554e-01 6.784375961506920738e-02 3.692404856368329547e-02 -1.531667858362197876e-01 -4.952749004587531090e-04 -2.565583705902099609e+00 6.554868893392468143e-02 4.178000896300325395e-02 -9.348991673091804344e-01 3.462902913010468819e-01
-1.815758198499679565e-01 -1.822380423545837402e-01 -2.751121044158935547e+00 9.314357524308427561e-01 -3.556100009377596849e-01 6.780061661455188959e-02 3.704116661838349062e-02 -1.531602889299392700e-01 -4.897569306194782257e-04 -2.565537691116333008e+00 6.555880432331474827e-02 4.176106131839831676e-02 -9.348952715383039846e-01 3.463017530778454423e-01
-1.815504729747772217e-01 -1.822661459445953369e-01 -2.751005887985229492e+00 9.314391520115082868e-01 -3.555875696723618251e-01 6.790378021046060419e-02 3.698189932677767994e-02 -1.531607210636138916e-01 -4.724513855762779713e-04 -2.565544366836547852e+00 6.554471054413647801e-02 4.175571837041924111e-02 -9.348999582959885979e-01 3.462903377676268546e-01
-1.816091686487197876e-01 -1.823219805955886841e-01 -2.750958442687988281e+00 9.314455671864003694e-01 -3.555761138121624199e-01 6.787279856432408554e-02 3.698719138763911091e-02 -1.531498134136199951e-01 -4.943015519529581070e-04 -2.565725326538085938e+00 6.553447928996758431e-02 4.174973143800961295e-02 -9.348945375011209480e-01 3.463106775339118704e-01
-1.816007196903228760e-01 -1.822935044765472412e-01 -2.751066446304321289e+00 9.314613489685068526e-01 -3.555266877408387871e-01 6.791422024962193160e-02 3.698891436224982510e-02 -1.531415134668350220e-01 -4.870398552156984806e-04 -2.565710544586181641e+00 6.555937255731358881e-02 4.173160590092931527e-02 -9.349110340846249478e-01 3.462651974450241532e-01
-1.816032975912094116e-01 -1.822949945926666260e-01 -2.751071214675903320e+00 9.314589893171241197e-01 -3.555338274775122764e-01 6.790966898756167769e-02 3.698805270565910797e-02 -1.531292200088500977e-01 -4.823525086976587772e-04 -2.565729379653930664e+00 6.556175908632801141e-02 4.171826803320630855e-02 -9.349156120955454119e-01 3.462510872053632949e-01
-1.815172135829925537e-01 -1.822889745235443115e-01 -2.750996112823486328e+00 9.314445033262884754e-01 -3.555679450601557101e-01 6.795789695509747708e-02 3.693655576773142296e-02 -1.531436592340469360e-01 -5.342820659279823303e-04 -2.565610408782958984e+00 6.557709898474377297e-02 4.171691678359462641e-02 -9.349204538285971200e-01 3.462345116428200975e-01
-1.815712451934814453e-01 -1.823438555002212524e-01 -2.750724315643310547e+00 9.314335127003300352e-01 -3.556008892268986421e-01 6.792167324760617353e-02 3.696300600880367271e-02 -1.531836688518524170e-01 -4.877153260167688131e-04 -2.565556049346923828e+00 6.556357733584108893e-02 4.172711131015292146e-02 -9.349300262915646309e-01 3.462061572269593546e-01
-1.816023886203765869e-01 -1.823371499776840210e-01 -2.750451087951660156e+00 9.314289292350286242e-01 -3.556037589741617988e-01 6.796938007329943188e-02 3.696337987800493025e-02 -1.532041430473327637e-01 -4.568857548292726278e-04 -2.565545797348022461e+00 6.556698641777453096e-02 4.174312305343354929e-02 -9.349259598324785037e-01 3.462154427766430120e-01
-1.816748082637786865e-01 -1.823461502790451050e-01 -2.750339031219482422e+00 9.314214980540028721e-01 -3.556273618899006839e-01 6.791226047967124924e-02 3.702825442423222924e-02 -1.532121449708938599e-01 -4.345814231783151627e-04 -2.565500974655151367e+00 6.555971349534883696e-02 4.174343532497958031e-02 -9.349160309206119290e-01 3.462468186517618229e-01
-1.816866099834442139e-01 -1.823385208845138550e-01 -2.750311136245727539e+00 9.314220579943586209e-01 -3.556258042419586651e-01 6.791357350843220397e-02 3.702677431978772249e-02 -1.532019376754760742e-01 -4.418188764248043299e-04 -2.565535306930541992e+00 6.559482062176191786e-02 4.172836317609197182e-02 -9.349134101578649991e-01 3.462487621375868185e-01
-1.817260086536407471e-01 -1.822957992553710938e-01 -2.750023126602172852e+00 9.314207141369391652e-01 -3.556123668103066682e-01 6.795662296832313820e-02 3.711060791369936301e-02 -1.531589478254318237e-01 -4.747282946482300758e-04 -2.565650463104248047e+00 6.561787430360323248e-02 4.172074244139554328e-02 -9.349200160871056209e-01 3.462302835596344219e-01
-1.817798763513565063e-01 -1.824023574590682983e-01 -2.749829053878784180e+00 9.314395839573397229e-01 -3.555448181226614768e-01 6.802134194660171274e-02 3.716564358940610546e-02 -1.531466841697692871e-01 -4.975674673914909363e-04 -2.565719127655029297e+00 6.558561960021740134e-02 4.174853096183335499e-02 -9.349083903827458686e-01 3.462640808134880843e-01
-1.817105412483215332e-01 -1.823964118957519531e-01 -2.750009536743164062e+00 9.314330087602225028e-01 -3.555544631481986073e-01 6.811327528039035073e-02 3.706964336472546445e-02 -1.531746238470077515e-01 -5.180602893233299255e-04 -2.565737724304199219e+00 6.556471371618084742e-02 4.177866113038530838e-02 -9.348992763606481793e-01 3.462894612306903208e-01
-1.817160844802856445e-01 -1.823997795581817627e-01 -2.749953269958496094e+00 9.314360643928797368e-01 -3.555453776951615907e-01 6.811912909008123462e-02 3.706908330893445014e-02 -1.531790941953659058e-01 -5.220425664447247982e-04 -2.565755605697631836e+00 6.556050901053607494e-02 4.177565837673785643e-02 -9.349036922049152043e-01 3.462764406677696361e-01
-1.817310750484466553e-01 -1.824190765619277954e-01 -2.749874353408813477e+00 9.314353684774230313e-01 -3.555381562451904731e-01 6.811532845127966918e-02 3.716272216745509366e-02 -1.531849354505538940e-01 -4.914359305985271931e-04 -2.565722942352294922e+00 6.556550917069972617e-02 4.179156327201965365e-02 -9.349006043436620672e-01 3.462837827105469390e-01
-1.817353367805480957e-01 -1.824978142976760864e-01 -2.749807357788085938e+00 9.314279773432456722e-01 -3.555560318333265135e-01 6.812948342410503344e-02 3.715122789799948921e-02 -1.531542390584945679e-01 -4.702211590483784676e-04 -2.565662384033203125e+00 6.557948486866875537e-02 4.180515210538777310e-02 -9.349053562715711196e-01 3.462639939334610784e-01
-1.816936880350112915e-01 -1.825173199176788330e-01 -2.749684572219848633e+00 9.314385920814286512e-01 -3.555283028418784741e-01 6.814434706750648052e-02 3.712290549551391927e-02 -1.531454175710678101e-01 -4.649657639674842358e-04 -2.565610885620117188e+00 6.558891394145083265e-02 4.180209566315842840e-02 -9.349122664578617403e-01 3.462432669183109213e-01
-1.816929429769515991e-01 -1.825393736362457275e-01 -2.749610900878906250e+00 9.314399279140621601e-01 -3.555238734517719434e-01 6.815136844064356714e-02 3.711901073943619372e-02 -1.531441658735275269e-01 -4.941236111335456371e-04 -2.565584182739257812e+00 6.557789428903035289e-02 4.178639720919173628e-02 -9.349107060603421004e-01 3.462547680980878062e-01
-1.816855520009994507e-01 -1.825289875268936157e-01 -2.749820947647094727e+00 9.314387920564957124e-01 -3.555205794660558083e-01 6.815283737595911884e-02 3.717645634194680776e-02 -1.531391739845275879e-01 -4.970728186890482903e-04 -2.565588474273681641e+00 6.557300869604737459e-02 4.177542134153915121e-02 -9.349126151462116008e-01 3.462477150550913318e-01
-1.817110776901245117e-01 -1.826085448265075684e-01 -2.749822139739990234e+00 9.314312009728313857e-01 -3.555573129814806888e-01 6.811607916782387584e-02 3.708245032673511410e-02 -1.531727612018585205e-01 -5.246503860689699650e-04 -2.565615177154541016e+00 6.551185117770381983e-02 4.178667028990662446e-02 -9.349135429867978520e-01 3.462555507113160846e-01
-1.816783696413040161e-01 -1.825436800718307495e-01 -2.750010967254638672e+00 9.314297691387349865e-01 -3.555609152078461621e-01 6.809410641990347457e-02 3.712412054183140964e-02 -1.531804352998733521e-01 -5.462867557071149349e-04 -2.565602302551269531e+00 6.547692714417119308e-02 4.178483507836926181e-02 -9.349131830236252494e-01 3.462631656950097003e-01
-1.816574335098266602e-01 -1.824614852666854858e-01 -2.750397205352783203e+00 9.314207381344100645e-01 -3.555933676497662344e-01 6.804532986736980260e-02 3.712948146815146788e-02 -1.531553566455841064e-01 -5.715403240174055099e-04 -2.565531253814697266e+00 6.548034073734587679e-02 4.179198701398605109e-02 -9.349037567186105901e-01 3.462886508528913998e-01
-1.816688030958175659e-01 -1.824866384267807007e-01 -2.750365257263183594e+00 9.314211300930143045e-01 -3.555964176711441938e-01 6.802950090472309475e-02 3.711944840348115060e-02 -1.531670838594436646e-01 -5.180377047508955002e-04 -2.565624713897705078e+00 6.543287582600267049e-02 4.177630099087113746e-02 -9.349077623328302389e-01 3.462900545651114159e-01
-1.817118227481842041e-01 -1.825446635484695435e-01 -2.750197649002075195e+00 9.314194182725913373e-01 -3.556055663249481635e-01 6.802859204107206126e-02 3.707621212692934626e-02 -1.531686633825302124e-01 -5.249355453997850418e-04 -2.565637350082397461e+00 6.543982128409206456e-02 4.175888771385798115e-02 -9.349044293290308394e-01 3.463009062290891005e-01
-1.816877722740173340e-01 -1.825571954250335693e-01 -2.750104427337646484e+00 9.314173544849078112e-01 -3.556232325401719185e-01 6.802645700802203987e-02 3.696246686264843817e-02 -1.531929969787597656e-01 -5.162134766578674316e-04 -2.565602540969848633e+00 6.542114657553868562e-02 4.177171903440623363e-02 -9.349027570669214970e-01 3.463070697898547601e-01
-1.817634701728820801e-01 -1.825272589921951294e-01 -2.750023126602172852e+00 9.314155066711250486e-01 -3.556274577017083383e-01 6.799896672073002524e-02 3.701901905589013997e-02 -1.531743407249450684e-01 -5.603192257694900036e-04 -2.565464019775390625e+00 6.542604350860177498e-02 4.170186010214115696e-02 -9.348889812882110739e-01 3.463500316938274426e-01
-1.817497909069061279e-01 -1.824913769960403442e-01 -2.749923706054687500e+00 9.314272494253436063e-01 -3.555992648753392715e-01 6.799934730031288732e-02 3.699368414217572149e-02 -1.531602740287780762e-01 -5.858090007677674294e-04 -2.565462112426757812e+00 6.540782050640761569e-02 4.172942583293224456e-02 -9.348903878636640741e-01 3.463480804456066653e-01
-1.817618608474731445e-01 -1.824980825185775757e-01 -2.749866008758544922e+00 9.314293051920193856e-01 -3.555940005420983319e-01 6.799660551530427310e-02 3.699742905452767239e-02 -1.531344205141067505e-01 -5.989207420498132706e-04 -2.565322637557983398e+00 6.541818546143784996e-02 4.174399799451251197e-02 -9.348691091828391642e-01 3.464000348417323738e-01
-1.816440522670745850e-01 -1.825118511915206909e-01 -2.750060319900512695e+00 9.314084113521037267e-01 -3.556529487145828061e-01 6.798327621976997526e-02 3.698149904488461787e-02 -1.531605571508407593e-01 -5.902326665818691254e-04 -2.565352678298950195e+00 6.542832102700886499e-02 4.174481932277663426e-02 -9.348730355215294496e-01 3.463870266675888043e-01
-1.816507279872894287e-01 -1.824740618467330933e-01 -2.750153779983520508e+00 9.314072114619204035e-01 -3.556587184036426041e-01 6.796729925949430984e-02 3.698537783832517301e-02 -1.531909704208374023e-01 -5.294147413223981857e-04 -2.565206050872802734e+00 6.542148823392585077e-02 4.175646795522899163e-02 -9.348827277979014916e-01 3.463648377551190594e-01
-1.816737800836563110e-01 -1.824815273284912109e-01 -2.749768257141113281e+00 9.314091072877017652e-01 -3.556471954856363360e-01 6.801317064131334744e-02 3.696429450880663742e-02 -1.531622111797332764e-01 -5.045374855399131775e-04 -2.565104484558105469e+00 6.541066818515374470e-02 4.174059425865370154e-02 -9.348852253060782047e-01 3.463600544071339105e-01
-1.817172616720199585e-01 -1.825239211320877075e-01 -2.749844789505004883e+00 9.314029078430817732e-01 -3.556731606481347008e-01 6.794891692032993535e-02 3.698878545292045433e-02 -1.531942337751388550e-01 -4.771304375026375055e-04 -2.565108060836791992e+00 6.541021256488552260e-02 4.175546490559118445e-02 -9.348845328061784477e-01 3.463583806483471750e-01
-1.817244440317153931e-01 -1.825453490018844604e-01 -2.749802350997924805e+00 9.314006280369409030e-01 -3.556785748549572412e-01 6.795659861026388804e-02 3.697977675363874062e-02 -1.532076597213745117e-01 -4.605005960911512375e-04 -2.565086841583251953e+00 6.541146551298664125e-02 4.174145230439780391e-02 -9.348863874341472036e-01 3.463551490592312598e-01
-1.817831248044967651e-01 -1.825974732637405396e-01 -2.749604225158691406e+00 9.313925966754134089e-01 -3.557011923873236725e-01 6.794504351016132648e-02 3.698575920297195174e-02 -1.531943976879119873e-01 -4.677793185692280531e-04 -2.565099000930786133e+00 6.544084596140740950e-02 4.174115602873922082e-02 -9.348825893823964339e-01 3.463586006075778934e-01
-1.817836910486221313e-01 -1.826560646295547485e-01 -2.749384403228759766e+00 9.313875810390113141e-01 -3.557228345049674445e-01 6.790517621083870525e-02 3.697721548607800501e-02 -1.531790643930435181e-01 -4.542775859590619802e-04 -2.565265893936157227e+00 6.546144995583844106e-02 4.174486281161902956e-02 -9.348748676009068781e-01 3.463768308549999286e-01
-1.817821264266967773e-01 -1.826071590185165405e-01 -2.749414682388305664e+00 9.313902608481048340e-01 -3.557066441165424031e-01 6.790002519327907604e-02 3.707495898322702571e-02 -1.531705558300018311e-01 -4.825945070479065180e-04 -2.565326452255249023e+00 6.547362716826127249e-02 4.173914714215851834e-02 -9.348656550407681287e-01 3.464000032410801122e-01
-1.818731278181076050e-01 -1.826612949371337891e-01 -2.749308347702026367e+00 9.313941405580560273e-01 -3.557055143981827650e-01 6.783934899745160119e-02 3.709941065716088060e-02 -1.531349271535873413e-01 -5.289380205795168877e-04 -2.565283775329589844e+00 6.548318526239209347e-02 4.173851615836463025e-02 -9.348501177788420824e-01 3.464408201881070681e-01
-1.818902641534805298e-01 -1.826889663934707642e-01 -2.749266624450683594e+00 9.313901808539152283e-01 -3.557164499574691496e-01 6.783611766457589565e-02 3.709966187448691943e-02 -1.531259268522262573e-01 -5.347789265215396881e-04 -2.565327167510986328e+00 6.548546079346652393e-02 4.173638315399376408e-02 -9.348487787937685978e-01 3.464451227124083488e-01
-1.818021386861801147e-01 -1.826056241989135742e-01 -2.749607563018798828e+00 9.313962123965444651e-01 -3.557062590298337157e-01 6.783155869666684934e-02 3.705436768653943419e-02 -1.531411111354827881e-01 -5.549544002860784531e-04 -2.565313577651977539e+00 6.547544786519282622e-02 4.173935199192240625e-02 -9.348455476642386630e-01 3.464559007385023537e-01
-1.817641854286193848e-01 -1.825732886791229248e-01 -2.749881982803344727e+00 9.314198022325860249e-01 -3.556398321407919783e-01 6.786358522093499657e-02 3.704049207045415071e-02 -1.531769037246704102e-01 -5.699674366042017937e-04 -2.565250396728515625e+00 6.545200252048558043e-02 4.175840128527912032e-02 -9.348338233604754910e-01 3.464889373677553230e-01
-1.817294359207153320e-01 -1.825079470872879028e-01 -2.749998331069946289e+00 9.314095232489603138e-01 -3.556825533401281603e-01 6.782037826342134090e-02 3.696788416412734313e-02 -1.532223969697952271e-01 -5.051435437053442001e-04 -2.565329790115356445e+00 6.546509197640329458e-02 4.179671396790431148e-02 -9.348331005895563761e-01 3.464818413615635695e-01
-1.817433834075927734e-01 -1.825267970561981201e-01 -2.749968290328979492e+00 9.314058435852259343e-01 -3.557049326441245607e-01 6.777834598041623804e-02 3.692220080908507895e-02 -1.532428562641143799e-01 -4.959855577908456326e-04 -2.565351724624633789e+00 6.545951504999440729e-02 4.179390100304572475e-02 -9.348326161170754656e-01 3.464833607877977895e-01
-1.817453056573867798e-01 -1.825383305549621582e-01 -2.749957561492919922e+00 9.314039237548979999e-01 -3.557079856283540953e-01 6.778299529273419666e-02 3.693269800367936229e-02 -1.531891375780105591e-01 -4.760436713695526123e-04 -2.565385103225708008e+00 6.547305819008694683e-02 4.177410388968906541e-02 -9.348264400805134100e-01 3.464967815591922795e-01
-1.817876696586608887e-01 -1.825551092624664307e-01 -2.749486446380615234e+00 9.313969803355085508e-01 -3.557186687343269482e-01 6.781579402440128523e-02 3.694479738653562439e-02 -1.531433612108230591e-01 -4.693654191214591265e-04 -2.565425872802734375e+00 6.547237540975085757e-02 4.175246285268311569e-02 -9.348260040820896011e-01 3.465043352417804257e-01
-1.817335486412048340e-01 -1.825078725814819336e-01 -2.749415159225463867e+00 9.314083953535781113e-01 -3.556647457370033516e-01 6.792082914206164224e-02 3.698286505428655113e-02 -1.531140953302383423e-01 -4.927477566525340080e-04 -2.565377235412597656e+00 6.548705361817215576e-02 4.176813429188776933e-02 -9.348324119295069456e-01 3.464802281557483599e-01
-1.816867142915725708e-01 -1.824645251035690308e-01 -2.749562740325927734e+00 9.313840692775117169e-01 -3.557376468599722785e-01 6.790503627183780422e-02 3.692344546739775857e-02 -1.531410813331604004e-01 -5.186901544220745564e-04 -2.565192937850952148e+00 6.546418149025765021e-02 4.175655074482805679e-02 -9.348285754153525806e-01 3.464996348033788087e-01
-1.816976368427276611e-01 -1.825393289327621460e-01 -2.749696969985961914e+00 9.313697421133234622e-01 -3.557902207498198077e-01 6.786110712569742853e-02 3.685906674620415685e-02 -1.531701833009719849e-01 -5.454313941299915314e-04 -2.565193414688110352e+00 6.548329904082382524e-02 4.180033905001966782e-02 -9.348291795876282340e-01 3.464875073604421485e-01
-1.816933900117874146e-01 -1.825564056634902954e-01 -2.749669075012207031e+00 9.313701740913453708e-01 -3.557897517465914428e-01 6.785570592553830105e-02 3.686267796518970241e-02 -1.531585305929183960e-01 -5.901145632378757000e-04 -2.565092086791992188e+00 6.546531959596112171e-02 4.178131815901250934e-02 -9.348212291470581192e-01 3.465132573331461407e-01
-1.817102581262588501e-01 -1.825297772884368896e-01 -2.749995231628417969e+00 9.313699021052067595e-01 -3.557915195626236704e-01 6.784932606652345488e-02 3.686421115276003468e-02 -1.531320959329605103e-01 -5.760397179983556271e-04 -2.565163373947143555e+00 6.550889416360632100e-02 4.177900285782095574e-02 -9.348309781006503005e-01 3.464863506645840530e-01
-1.817733496427536011e-01 -1.825986355543136597e-01 -2.749606132507324219e+00 9.313701100946140121e-01 -3.557939519806448403e-01 6.779959945202984617e-02 3.692686872189463593e-02 -1.531351804733276367e-01 -5.829515866935253143e-04 -2.565149307250976562e+00 6.552185854289141465e-02 4.178369941795662817e-02 -9.348269240392461654e-01 3.464860915831649013e-01
-1.818182468414306641e-01 -1.826039403676986694e-01 -2.749433279037475586e+00 9.313732299301494821e-01 -3.557769530318180551e-01 6.780153222516918654e-02 3.700829359189659190e-02 -1.531227678060531616e-01 -4.879341286141425371e-04 -2.565308809280395508e+00 6.550582327691439888e-02 4.176026090445945915e-02 -9.348287950910421085e-01 3.464894711442084718e-01
-1.818263381719589233e-01 -1.825849562883377075e-01 -2.749554634094238281e+00 9.313723579771674421e-01 -3.557832697911799125e-01 6.776751752275360363e-02 3.703180498421054789e-02 -1.531537622213363647e-01 -4.730442888103425503e-04 -2.565340280532836914e+00 6.551719621065697774e-02 4.175369418271858424e-02 -9.348324945233743577e-01 3.464784092400124416e-01
-1.818513721227645874e-01 -1.825964599847793579e-01 -2.749533653259277344e+00 9.313709900492846971e-01 -3.557862562108864979e-01 6.776835901603125989e-02 3.703600565820193424e-02 -1.531692445278167725e-01 -4.585193237289786339e-04 -2.565395355224609375e+00 6.550923536435268590e-02 4.174921460016073338e-02 -9.348288386909572312e-01 3.464895360600642182e-01
-1.817591190338134766e-01 -1.825099885463714600e-01 -2.749884128570556641e+00 9.313961084047610584e-01 -3.557272250927081547e-01 6.777559068978791790e-02 3.695787544271329078e-02 -1.531577259302139282e-01 -4.593714547809213400e-04 -2.565381765365600586e+00 6.552731646154889844e-02 4.173587541669035450e-02 -9.348382877552262604e-01 3.464654042958379421e-01
-1.817715913057327271e-01 -1.824871152639389038e-01 -2.749947071075439453e+00 9.314080513852109888e-01 -3.556984420031670813e-01 6.775946903710793057e-02 3.696356698446377070e-02 -1.531399786472320557e-01 -4.314898687880486250e-04 -2.565575122833251953e+00 6.554346014318669644e-02 4.175446883216391708e-02 -9.348466623454072533e-01 3.464360809492808557e-01
-1.817687302827835083e-01 -1.824779957532882690e-01 -2.749907016754150391e+00 9.314166985514306107e-01 -3.556744538300857794e-01 6.775788606234466049e-02 3.697943618043161157e-02 -1.531456857919692993e-01 -4.887161776423454285e-04 -2.565549850463867188e+00 6.554721127447682427e-02 4.176617406697957779e-02 -9.348533214725591733e-01 3.464162125038400819e-01
-1.817819327116012573e-01 -1.824737340211868286e-01 -2.749899387359619141e+00 9.314134748716519363e-01 -3.556846599654174823e-01 6.775440093963815136e-02 3.696893720578051101e-02 -1.531166881322860718e-01 -5.200363812036812305e-04 -2.565525770187377930e+00 6.553993615761687097e-02 4.175944222852460974e-02 -9.348448053851671213e-01 3.464406261944573129e-01
-1.817224770784378052e-01 -1.824568063020706177e-01 -2.750011920928955078e+00 9.314161226094599400e-01 -3.556732819015013813e-01 6.779240849704697147e-02 3.694198081125177335e-02 -1.531347930431365967e-01 -5.375791224651038647e-04 -2.565448045730590820e+00 6.552231338681081818e-02 4.177294798931935338e-02 -9.348505963743800606e-01 3.464300717991610212e-01
-1.816274970769882202e-01 -1.823890954256057739e-01 -2.750387191772460938e+00 9.314073954451822512e-01 -3.557012842663621610e-01 6.779669137074696705e-02 3.688467870308588525e-02 -1.531525254249572754e-01 -5.385316326282918453e-04 -2.565345525741577148e+00 6.550798428626103398e-02 4.176934695873619346e-02 -9.348456685272920064e-01 3.464435791367032058e-01
-1.816777288913726807e-01 -1.823651641607284546e-01 -2.750346899032592773e+00 9.313957964293413383e-01 -3.557311039496288685e-01 6.776381631904349057e-02 3.694996344495318080e-02 -1.531584262847900391e-01 -4.966857377439737320e-04 -2.565359592437744141e+00 6.547897532143116817e-02 4.179832021194451741e-02 -9.348443415375280452e-01 3.464503646516863822e-01
-1.816858947277069092e-01 -1.823080480098724365e-01 -2.750449180603027344e+00 9.313897888822866289e-01 -3.557397019919864012e-01 6.777036896032680169e-02 3.700673069577117835e-02 -1.531538516283035278e-01 -4.563750408124178648e-04 -2.565312623977661133e+00 6.548045452072023820e-02 4.180169975502742719e-02 -9.348473739637345181e-01 3.464347015369567684e-01
-1.816674619913101196e-01 -1.823550462722778320e-01 -2.750375986099243164e+00 9.313848772238130236e-01 -3.557514493250662491e-01 6.776950842886605986e-02 3.701908403743316145e-02 -1.531588286161422729e-01 -4.407875821925699711e-04 -2.565358877182006836e+00 6.549285572343170603e-02 4.179696984834966461e-02 -9.348447839241538215e-01 3.464474994884974568e-01
-1.816686540842056274e-01 -1.823467761278152466e-01 -2.750385761260986328e+00 9.313824773812631186e-01 -3.557565577008555691e-01 6.777360679449501157e-02 3.702275619243445420e-02 -1.531203538179397583e-01 -4.503171367105096579e-04 -2.565316915512084961e+00 6.549080798027119565e-02 4.179713908817903056e-02 -9.348617276654539454e-01 3.463998851685602953e-01
-1.816458851099014282e-01 -1.822925508022308350e-01 -2.750402450561523438e+00 9.313867650956068056e-01 -3.557228741554775420e-01 6.786243864906027490e-02 3.707579758760782412e-02 -1.531181931495666504e-01 -4.519131325650960207e-04 -2.565376043319702148e+00 6.546964421719959903e-02 4.181360931429902589e-02 -9.348595965548610609e-01 3.464058844667319281e-01
-1.816360056400299072e-01 -1.822956949472427368e-01 -2.750510931015014648e+00 9.313739098929175730e-01 -3.557605181833794483e-01 6.784323642419766431e-02 3.707288251178111893e-02 -1.531030535697937012e-01 -4.876113089267164469e-04 -2.565338373184204102e+00 6.544676600510321296e-02 4.180864529147416270e-02 -9.348607790881272583e-01 3.464106311325363952e-01
-1.816291511058807373e-01 -1.823223978281021118e-01 -2.750661849975585938e+00 9.313564306923596270e-01 -3.558096893621779944e-01 6.782441440037755009e-02 3.707440674574243727e-02 -1.531134247779846191e-01 -5.061688134446740150e-04 -2.565402030944824219e+00 6.547931667807914413e-02 4.181357710339338174e-02 -9.348596933374748730e-01 3.464083354504698953e-01
-1.816747635602951050e-01 -1.823649555444717407e-01 -2.750666379928588867e+00 9.313553427312744049e-01 -3.558217045925072819e-01 6.780945215857303587e-02 3.701381318762227146e-02 -1.531030535697937012e-01 -5.181513843126595020e-04 -2.565342664718627930e+00 6.546566102381394525e-02 4.179930969184576794e-02 -9.348494721208514546e-01 3.464333487195271344e-01
-1.816849559545516968e-01 -1.823571920394897461e-01 -2.750689029693603516e+00 9.313552067360494346e-01 -3.558213565631252462e-01 6.781156998615882336e-02 3.701668999171965624e-02 -1.531320065259933472e-01 -5.647520883940160275e-04 -2.565414905548095703e+00 6.548637098375655052e-02 4.180497704436763468e-02 -9.348517989479616652e-01 3.464283897756493258e-01
-1.815992593765258789e-01 -1.823328733444213867e-01 -2.750835895538330078e+00 9.313327832517885874e-01 -3.558824510159472321e-01 6.780938271153542918e-02 3.699736245563971238e-02 -1.531552672386169434e-01 -5.241874605417251587e-04 -2.565406560897827148e+00 6.547897532143116817e-02 4.181516051714068150e-02 -9.348617223254922504e-01 3.463996730573289939e-01
-1.816612035036087036e-01 -1.822986751794815063e-01 -2.750615358352661133e+00 9.313583586202787146e-01 -3.558175444998480375e-01 6.780434676832586272e-02 3.698708835314578475e-02 -1.531435400247573853e-01 -5.049206665717065334e-04 -2.565448999404907227e+00 6.550286599069769788e-02 4.181810849082619186e-02 -9.348795594728798175e-01 3.463507489597983935e-01
-1.816611886024475098e-01 -1.823064833879470825e-01 -2.750657081604003906e+00 9.313578546395067104e-01 -3.558182170233399333e-01 6.781779095103726562e-02 3.696879256160688632e-02 -1.531571745872497559e-01 -4.573626210913062096e-04 -2.565474987030029297e+00 6.550479961602505286e-02 4.179935795692873296e-02 -9.348849193691896042e-01 3.463281131041562322e-01
-1.816994249820709229e-01 -1.823179870843887329e-01 -2.750391244888305664e+00 9.313517668502250269e-01 -3.558557897275354542e-01 6.770843168439644177e-02 3.696078796693298696e-02 -1.531547456979751587e-01 -4.515410109888762236e-04 -2.565491676330566406e+00 6.550718813321684819e-02 4.179715145146289945e-02 -9.348840712710739798e-01 3.463324605431175596e-01
-1.817020028829574585e-01 -1.822832673788070679e-01 -2.750405550003051758e+00 9.313485909443585120e-01 -3.558661709424192354e-01 6.770059479604167985e-02 3.695521366274254899e-02 -1.532012373208999634e-01 -4.878964100498706102e-04 -2.565399408340454102e+00 6.549501716064302925e-02 4.183176551987809882e-02 -9.348921412040213097e-01 3.463152552127252148e-01
-1.816432774066925049e-01 -1.823347806930541992e-01 -2.750303268432617188e+00 9.313381991766745971e-01 -3.559025891130753183e-01 6.766504680077538303e-02 3.693143691070645274e-02 -1.531815379858016968e-01 -4.573554033413529396e-04 -2.565306186676025391e+00 6.552924936539615552e-02 4.184152097793193692e-02 -9.348972944528313178e-01 3.462889005429654610e-01
-1.816449612379074097e-01 -1.824053823947906494e-01 -2.750380516052246094e+00 9.313494629195918639e-01 -3.558752934899874765e-01 6.769308562637875448e-02 3.685912483664245676e-02 -1.531539708375930786e-01 -5.419466760940849781e-04 -2.565141439437866211e+00 6.549478964429565619e-02 4.182508533313811228e-02 -9.348976071283908729e-01 3.462936070327218840e-01
-1.815941184759140015e-01 -1.824257075786590576e-01 -2.750376701354980469e+00 9.313479669615802869e-01 -3.558731451813235691e-01 6.776974026995773170e-02 3.677684728573078071e-02 -1.531593054533004761e-01 -5.329656996764242649e-04 -2.565156936645507812e+00 6.547817881566526943e-02 4.183068908976806527e-02 -9.348926942507451709e-01 3.463134828631385664e-01
-1.816273927688598633e-01 -1.824406534433364868e-01 -2.750172853469848633e+00 9.313434150745629747e-01 -3.558794283890358567e-01 6.780216077256888407e-02 3.677136815707270079e-02 -1.531493961811065674e-01 -4.952893941663205624e-04 -2.565265417098999023e+00 6.553447928996758431e-02 4.182726766050127304e-02 -9.348958449300925899e-01 3.462963952935152467e-01
-1.816124618053436279e-01 -1.824328303337097168e-01 -2.750187873840332031e+00 9.313382311761372323e-01 -3.558905450870342158e-01 6.781534194923374836e-02 3.677087534099050120e-02 -1.531444191932678223e-01 -4.696007817983627319e-04 -2.565342903137207031e+00 6.554243707012090414e-02 4.183105594023579787e-02 -9.348933112084325536e-01 3.463007580996579904e-01
-1.816622465848922729e-01 -1.823319345712661743e-01 -2.750627994537353516e+00 9.313289192861275989e-01 -3.559083433608025704e-01 6.780205209592765625e-02 3.685892539716141558e-02 -1.531187593936920166e-01 -4.748860665131360292e-04 -2.565350532531738281e+00 6.558766438322004289e-02 4.181902287969988669e-02 -9.348950617874104418e-01 3.462868535661628999e-01
-1.816266775131225586e-01 -1.823326200246810913e-01 -2.750644922256469727e+00 9.313281032913290902e-01 -3.559274230829482799e-01 6.772911793486283138e-02 3.682942536688601359e-02 -1.531770378351211548e-01 -4.557741631288081408e-04 -2.565386533737182617e+00 6.553209176748533982e-02 4.183834181199680424e-02 -9.348965083729464665e-01 3.462952975740120065e-01
-1.815822571516036987e-01 -1.823662817478179932e-01 -2.750753879547119141e+00 9.313262393005291573e-01 -3.559406154001565903e-01 6.772511150672425040e-02 3.675617836717239018e-02 -1.531287431716918945e-01 -5.132079240866005421e-04 -2.565285682678222656e+00 6.551025895592918480e-02 4.181293430666161576e-02 -9.348942137627137550e-01 3.463068858538386752e-01
-1.816106736660003662e-01 -1.823855936527252197e-01 -2.750383853912353516e+00 9.313321752582546242e-01 -3.559207949507338653e-01 6.775685352090798919e-02 3.673922076963943850e-02 -1.531225591897964478e-01 -5.419524968601763248e-04 -2.565255403518676758e+00 6.547863396300361571e-02 4.182152297897687859e-02 -9.348983993307840024e-01 3.463013753158690755e-01
-1.815975606441497803e-01 -1.823739260435104370e-01 -2.750408172607421875e+00 9.313288152868303138e-01 -3.559276629750578458e-01 6.776378392370403791e-02 3.674512627569156281e-02 -1.531450897455215454e-01 -5.231676623225212097e-04 -2.565185070037841797e+00 6.548671230185383607e-02 4.182751363648360560e-02 -9.349041255564810582e-01 3.462816950290151241e-01
-1.816914975643157959e-01 -1.824511438608169556e-01 -2.749952554702758789e+00 9.313380711788131761e-01 -3.559131978506153704e-01 6.769297163578329168e-02 3.678098898978900827e-02 -1.531584262847900391e-01 -5.051032057963311672e-04 -2.565125226974487305e+00 6.546429530171836431e-02 4.182271636248897917e-02 -9.349150117315934150e-01 3.462573539775631315e-01
-1.818227022886276245e-01 -1.824766695499420166e-01 -2.749638080596923828e+00 9.313475109739011160e-01 -3.558785672762791452e-01 6.767605395937717483e-02 3.690813627686443527e-02 -1.531484425067901611e-01 -5.076286033727228642e-04 -2.565130710601806641e+00 6.548352659709422152e-02 4.183182405982029811e-02 -9.349172662810665280e-01 3.462480807543250050e-01
-1.818407028913497925e-01 -1.824570447206497192e-01 -2.749652624130249023e+00 9.313609425174137479e-01 -3.558323486960893178e-01 6.771789221102846035e-02 3.693808975335285266e-02 -1.531727015972137451e-01 -4.887152463197708130e-04 -2.565191268920898438e+00 6.548409548431065319e-02 4.183146064959417099e-02 -9.349167104381362892e-01 3.462461251919035088e-01
-1.818275600671768188e-01 -1.824063807725906372e-01 -2.749587774276733398e+00 9.313492389260318305e-01 -3.558567236136668810e-01 6.774538241004011974e-02 3.694802065653741280e-02 -1.531354784965515137e-01 -4.652867501135915518e-04 -2.565312147140502930e+00 6.552265451767830262e-02 4.180957254443060100e-02 -9.349131592837927052e-01 3.462529700106412034e-01
-1.818292737007141113e-01 -1.824465543031692505e-01 -2.749428033828735352e+00 9.313559507096845769e-01 -3.558369437617522890e-01 6.775055800236734482e-02 3.695985595824837627e-02 -1.531717181205749512e-01 -4.875329323112964630e-04 -2.565418481826782227e+00 6.551264727407961341e-02 4.183938691251748443e-02 -9.348885063920596705e-01 3.463158833625551436e-01
-1.817658543586730957e-01 -1.825035512447357178e-01 -2.749547481536865234e+00 9.313444630505224309e-01 -3.558652362672604097e-01 6.775496158710674066e-02 3.696882313919281488e-02 -1.531627029180526733e-01 -5.524748703464865685e-04 -2.565274477005004883e+00 6.550764307899836769e-02 4.180414028053614645e-02 -9.348972549064216153e-01 3.462986357056225817e-01
-1.817454546689987183e-01 -1.825094372034072876e-01 -2.749757766723632812e+00 9.313187352998255619e-01 -3.559551314014621770e-01 6.765931092102969724e-02 3.692649322702350190e-02 -1.531559228897094727e-01 -5.689932149834930897e-04 -2.565139770507812500e+00 6.547476510977660868e-02 4.181921486758950757e-02 -9.348924494808507069e-01 3.463194625640090840e-01
-1.817410290241241455e-01 -1.825152933597564697e-01 -2.749776363372802734e+00 9.313153832799747622e-01 -3.559648766318115332e-01 6.765731842530069151e-02 3.692086308952837598e-02 -1.531369239091873169e-01 -5.768901901319622993e-04 -2.565008878707885742e+00 6.545052267817370872e-02 4.181125434832193982e-02 -9.348795200071603473e-01 3.463602260589500603e-01
-1.817093491554260254e-01 -1.825827211141586304e-01 -2.749885797500610352e+00 9.313115112420271569e-01 -3.559822927872693388e-01 6.766595981792926373e-02 3.683454156513624178e-02 -1.531595438718795776e-01 -5.541045102290809155e-04 -2.564984560012817383e+00 6.547078222794222579e-02 4.181788971542057393e-02 -9.348826647889818542e-01 3.463465763624110627e-01
-1.817076802253723145e-01 -1.825183779001235962e-01 -2.750143527984619141e+00 9.313077671900250598e-01 -3.559919160407876704e-01 6.766897189280463021e-02 3.683079408576016983e-02 -1.531496495008468628e-01 -5.163796595297753811e-04 -2.565051794052124023e+00 6.549842981101715311e-02 4.180251298088063366e-02 -9.348744565944668850e-01 3.463630310040176075e-01
-1.817158609628677368e-01 -1.825706511735916138e-01 -2.749834060668945312e+00 9.313071831805564971e-01 -3.559900752441361726e-01 6.770341889563759319e-02 3.679984917003590456e-02 -1.531771421432495117e-01 -4.911185242235660553e-04 -2.565089941024780273e+00 6.552197225416728221e-02 4.183343239929974977e-02 -9.348627979378594244e-01 3.463888073392878963e-01
-1.817133873701095581e-01 -1.825841516256332397e-01 -2.749852657318115234e+00 9.312993670185846229e-01 -3.560243277586239707e-01 6.763836547822565937e-02 3.678585766558866571e-02 -1.531415432691574097e-01 -4.662576247937977314e-04 -2.565099000930786133e+00 6.554164133558453009e-02 4.183838443006199226e-02 -9.348654146526204078e-01 3.463769200768274104e-01
-1.816989183425903320e-01 -1.825985014438629150e-01 -2.749894142150878906e+00 9.312995830239421124e-01 -3.560217651212184142e-01 6.764685000004758142e-02 3.678966872778186709e-02 -1.531397551298141479e-01 -4.472962464205920696e-04 -2.565091371536254883e+00 6.553459297934476069e-02 4.183560810519337120e-02 -9.348689272087953306e-01 3.463679161748023372e-01
