repeatability libsurvive; 20211016-001514; x y z w i j k;  frequency = 150 duration = 2 sys.args = ['repeatability.py']
3.051647281909557474e-01 2.778490634966908623e-01 -2.021159850805853697e-01 -2.025085596826138243e-02 8.937585562979983855e-01 -4.475568121046440417e-01 -2.187340429377323744e-02
3.051647281909557474e-01 2.778490634966908623e-01 -2.021159850805853697e-01 -2.025085596826138243e-02 8.937585562979983855e-01 -4.475568121046440417e-01 -2.187340429377323744e-02
3.052238092098786826e-01 2.774198500245811938e-01 -2.020223274859746232e-01 -2.021688161751125298e-02 8.937767241758125536e-01 -4.475218448818016337e-01 -2.187791975498798447e-02
3.052232641198944219e-01 2.774184368759053942e-01 -2.020227844324073707e-01 -2.019446186468482063e-02 8.937772401033693415e-01 -4.475215466916886431e-01 -2.188364754511101448e-02
3.052746096323237790e-01 2.770957838468801615e-01 -2.019155470875436120e-01 -2.024774067876296268e-02 8.937968363588537635e-01 -4.474819853132636638e-01 -2.184301106555054314e-02
3.052746096323237790e-01 2.770957838468801615e-01 -2.019155470875436120e-01 -2.024774067876296268e-02 8.937968363588537635e-01 -4.474819853132636638e-01 -2.184301106555054314e-02
3.052746096323237790e-01 2.770957838468801615e-01 -2.019155470875436120e-01 -2.024774067876296268e-02 8.937968363588537635e-01 -4.474819853132636638e-01 -2.184301106555054314e-02
3.052320709462405524e-01 2.772741342876681725e-01 -2.019834486603476753e-01 -2.025092918570760639e-02 8.938170206439977061e-01 -4.474421911228946280e-01 -2.182931692348115404e-02
3.051994290208048799e-01 2.772951189799098826e-01 -2.020024855266311647e-01 -2.027321145487656281e-02 8.938719274982782625e-01 -4.473322623479232818e-01 -2.181332598452918534e-02
3.051987502353574744e-01 2.772936605587963954e-01 -2.020029950301810429e-01 -2.024887697878862552e-02 8.938723749671279029e-01 -4.473320451635456330e-01 -2.182204439377174662e-02
3.052374483493791590e-01 2.770477772604338362e-01 -2.019404884935410427e-01 -2.029120029917710899e-02 8.938914651052989324e-01 -4.472932498606867480e-01 -2.179597282495066360e-02
3.052360121046335806e-01 2.770453008130060457e-01 -2.019413949364364247e-01 -2.024736458053676830e-02 8.938922615664927074e-01 -4.472925981649036875e-01 -2.181743719994892056e-02
3.052353319961132461e-01 2.770440095231305189e-01 -2.019418657565506536e-01 -2.022493230331963432e-02 8.938927859706367052e-01 -4.472921109664271810e-01 -2.182674437878384319e-02
3.051958493116426197e-01 2.772561234560854682e-01 -2.019576592537629944e-01 -2.026915320834262596e-02 8.938872820047732981e-01 -4.473021394000409323e-01 -2.180560906010046290e-02
3.051945748701158090e-01 2.772531153595825248e-01 -2.019587049689702263e-01 -2.021942517183549989e-02 8.938882807876554759e-01 -4.473016669469790929e-01 -2.182051930326164499e-02
3.051943551515272635e-01 2.772521847028180941e-01 -2.019590381369004706e-01 -2.020487031164048750e-02 8.938888401835873854e-01 -4.473012134471004986e-01 -2.182038174922979606e-02
3.051514220964466895e-01 2.771503240645428745e-01 -2.018914961416698184e-01 -2.026974589606801019e-02 8.938815723800944690e-01 -4.473144609423000961e-01 -2.178634876472672691e-02
3.051496887708886052e-01 2.771487823786102922e-01 -2.018921996413603759e-01 -2.023502337347613325e-02 8.938820209797583294e-01 -4.473135631948006452e-01 -2.181862920049973398e-02
3.051490807176295839e-01 2.771482784494042062e-01 -2.018924545941625792e-01 -2.022300268265853768e-02 8.938823303811791465e-01 -4.473129494059935318e-01 -2.182967907507638028e-02
3.051727018380965828e-01 2.772216680840984826e-01 -2.019261283774943516e-01 -2.026776638796727592e-02 8.938230518485168474e-01 -4.474304474413379751e-01 -2.180743754526347222e-02
3.051717034213313196e-01 2.772198952971852703e-01 -2.019268309248392623e-01 -2.023543958123691019e-02 8.938239098775437874e-01 -4.474295334800401092e-01 -2.182103769320977923e-02
3.051710993002795247e-01 2.772184795378024869e-01 -2.019273416138420152e-01 -2.021166725990406615e-02 8.938244799663538354e-01 -4.474291386202088883e-01 -2.182781329016002941e-02
3.052943424234204617e-01 2.769917875793499462e-01 -2.019509184849662131e-01 -2.026677560941378062e-02 8.936823648672581610e-01 -4.477112800070979781e-01 -2.181050861553319314e-02
3.052930709178451885e-01 2.769898049459389444e-01 -2.019517143441937612e-01 -2.022953595224229184e-02 8.936830713120390568e-01 -4.477105467903643721e-01 -2.183117537171470196e-02
3.052925718354128071e-01 2.769892879373295758e-01 -2.019519763651714817e-01 -2.021785183667171651e-02 8.936834170729369697e-01 -4.477099465755706720e-01 -2.184015231744263277e-02
3.052589369373290284e-01 2.770383744638948986e-01 -2.019619007024099633e-01 -2.027818644207428703e-02 8.937536900694871278e-01 -4.475681908817339405e-01 -2.181401275894306185e-02
3.052578882649539249e-01 2.770351663417067178e-01 -2.019630146229423051e-01 -2.022708587296674632e-02 8.937548101579657622e-01 -4.475678174165451662e-01 -2.182322454579440837e-02
3.052571615993068255e-01 2.770342216347557729e-01 -2.019634176561468930e-01 -2.020822879393974897e-02 8.937550767471810209e-01 -4.475675151979340294e-01 -2.183597071805021272e-02
3.053011175161627344e-01 2.768271048280455116e-01 -2.019549986762243510e-01 -2.026348471126610332e-02 8.937754278437480826e-01 -4.475255595106210627e-01 -2.181167932064599288e-02
3.052997558651309729e-01 2.768250421144127227e-01 -2.019558326772945833e-01 -2.022444265046512840e-02 8.937762490796874459e-01 -4.475245993240605236e-01 -2.183395292569871582e-02
3.052993662241897388e-01 2.768238725391684030e-01 -2.019562639792817083e-01 -2.020531440169572382e-02 8.937768201631373088e-01 -4.475241599845621865e-01 -2.183729010458310832e-02
3.053154646724245969e-01 2.764640742053299238e-01 -2.018974862633176603e-01 -2.025440870967789089e-02 8.938154054713393082e-01 -4.474452864686007669e-01 -2.182877657951625208e-02
3.053143582119003940e-01 2.764609809615464209e-01 -2.018985933320464332e-01 -2.020402189183501465e-02 8.938164882777048792e-01 -4.474448492921020426e-01 -2.184009213061465990e-02
3.052503398472884433e-01 2.761194923191984674e-01 -2.018273739997184513e-01 -2.023325148440198451e-02 8.939341574735497620e-01 -4.472092182711191466e-01 -2.182321538541658751e-02
3.052421233092031949e-01 2.765015941810745614e-01 -2.019416053773582242e-01 -2.022782984938381601e-02 8.939207222241503104e-01 -4.472357383337997039e-01 -2.183510098119689075e-02
3.052414047931503172e-01 2.764990007978949671e-01 -2.019425566169267827e-01 -2.018664308775642430e-02 8.939219219952733164e-01 -4.472350444746120979e-01 -2.183831062412668056e-02
3.052516059002992610e-01 2.759216011449998618e-01 -2.017553413682274532e-01 -2.022229184943565364e-02 8.939963174009132318e-01 -4.470859944181302392e-01 -2.181185414203606204e-02
3.052431035082881494e-01 2.763664450927353911e-01 -2.018895001255643362e-01 -2.021296718666076853e-02 8.939679566001355049e-01 -4.471432086789347560e-01 -2.181007707450935418e-02
3.052419440082567714e-01 2.763645064732643819e-01 -2.018902925643590585e-01 -2.017711071796429376e-02 8.939686370659050141e-01 -4.471425913634380356e-01 -2.182803551382180712e-02
3.051526591528335164e-01 2.761866670685643177e-01 -2.018119685037945699e-01 -2.022106296366266154e-02 8.940624470393552237e-01 -4.469543948809413525e-01 -2.179950236200698527e-02
3.051472976076389787e-01 2.765489639650401954e-01 -2.019193528969317752e-01 -2.021095201143770226e-02 8.940400008395483766e-01 -4.469996244803541852e-01 -2.180206485711404588e-02
3.051456021474867608e-01 2.765466746134953580e-01 -2.019203133639957959e-01 -2.016610465715764841e-02 8.940407343274094920e-01 -4.469987969957169849e-01 -2.183046198880873173e-02
3.051006577807933162e-01 2.761516749315748864e-01 -2.018146820107313555e-01 -2.021554132067796689e-02 8.940879568650741405e-01 -4.469033050077840241e-01 -2.180580773713538395e-02
3.050918287628026637e-01 2.765935462135944989e-01 -2.019476113231069014e-01 -2.020659368310281923e-02 8.940596673986633824e-01 -4.469601241718221818e-01 -2.180944985611853529e-02
3.050903938244270974e-01 2.765910663792303659e-01 -2.019486054348577364e-01 -2.016120688465765712e-02 8.940605367108419577e-01 -4.469594101712092149e-01 -2.183043958970802209e-02
3.051108347050746628e-01 2.760368043097483071e-01 -2.017581305005702041e-01 -2.021459050003338725e-02 8.940980572925254499e-01 -4.468825536865361214e-01 -2.181782498894111258e-02
3.051169068899207137e-01 2.765612536810591049e-01 -2.019087092813219853e-01 -2.020038146438954060e-02 8.940500485023284982e-01 -4.469787101445228394e-01 -2.182860598425069229e-02
3.051157402135042940e-01 2.765594067954464941e-01 -2.019094855466051774e-01 -2.016536671398884081e-02 8.940507816397700314e-01 -4.469779510992837324e-01 -2.184648863530835525e-02
3.050760898240728602e-01 2.761459937112830110e-01 -2.018127750153154154e-01 -2.019715557186933796e-02 8.941228065181370255e-01 -4.468335926365081812e-01 -2.182251732699680771e-02
3.050743931698542410e-01 2.764596147721714581e-01 -2.019047123085426221e-01 -2.019523174814550140e-02 8.940657454168193796e-01 -4.469478954622879696e-01 -2.182141674450790644e-02
3.050732724261257522e-01 2.764572987425761852e-01 -2.019056352626288908e-01 -2.015431789407924959e-02 8.940667935484021278e-01 -4.469469762715502226e-01 -2.183512184581114235e-02
3.050700581537316713e-01 2.760265888182813487e-01 -2.017284513485079200e-01 -2.019682328475267546e-02 8.940795370637262263e-01 -4.469200275772202691e-01 -2.182564279681460315e-02
3.050742982634317979e-01 2.764785573651640793e-01 -2.018573098456730441e-01 -2.018552750771792498e-02 8.940516539305760624e-01 -4.469758617829410197e-01 -2.183491622684648886e-02
3.050732719269669824e-01 2.764765311091986200e-01 -2.018581337081485350e-01 -2.014888975799388957e-02 8.940524997157509590e-01 -4.469751797229311041e-01 -2.184808241449764932e-02
3.050892972298271388e-01 2.759474444420967898e-01 -2.017290571463814797e-01 -2.018655619810617169e-02 8.940282582022958113e-01 -4.470225312109036286e-01 -2.183650783495937053e-02
3.050923949475614627e-01 2.765335782001185905e-01 -2.018998646147593390e-01 -2.017058814312408521e-02 8.939764227698411281e-01 -4.471267127562171817e-01 -2.184045891042688675e-02
3.050915729390568099e-01 2.765313319255651159e-01 -2.019007403355006502e-01 -2.013274799661468953e-02 8.939774033675282894e-01 -4.471260853458061124e-01 -2.184807839813755759e-02
3.050922515372054278e-01 2.760459999922164065e-01 -2.017592334778779417e-01 -2.018355796656267145e-02 8.940441422008340577e-01 -4.469916464204743978e-01 -2.182117811894657838e-02
3.050934712092355228e-01 2.765627293992665159e-01 -2.019093141329993402e-01 -2.017556965863167434e-02 8.940118559574612433e-01 -4.470558501588381972e-01 -2.183608561999697550e-02
3.050922315177894695e-01 2.765618087501046651e-01 -2.019098345782322224e-01 -2.015187481461876151e-02 8.940123893377998066e-01 -4.470546474232623968e-01 -2.186073807620956405e-02
3.051253701020168463e-01 2.760938392643317307e-01 -2.017053264363191656e-01 -2.020340315483249230e-02 8.940783229632619511e-01 -4.469211499266581566e-01 -2.184629617115478595e-02
3.051297948995695952e-01 2.766083565474597439e-01 -2.018533208290749781e-01 -2.019355663264978118e-02 8.940410736570276740e-01 -4.469956007981775170e-01 -2.185661803183489016e-02
3.051284860851249392e-01 2.766070628183820990e-01 -2.018539571372700570e-01 -2.016416177095334272e-02 8.940417146101812262e-01 -4.469944124096120186e-01 -2.188182788405840934e-02
3.051342291387629246e-01 2.763578910473963313e-01 -2.016671213005054586e-01 -2.020988100456544423e-02 8.941059271985343226e-01 -4.468648231669007931e-01 -2.186278743081107589e-02
3.051448160667012410e-01 2.767578803263008314e-01 -2.017781760286705695e-01 -2.021206372358499287e-02 8.940508719017422612e-01 -4.469749517024328433e-01 -2.186100369095490478e-02
3.051436528350850996e-01 2.767548873755914518e-01 -2.017793169092748640e-01 -2.016104254588843570e-02 8.940520196152921262e-01 -4.469742963596182728e-01 -2.187457380395091411e-02
3.051288724260236562e-01 2.767979549699080000e-01 -2.017845017349751968e-01 -2.022442441123620260e-02 8.940683140620595548e-01 -4.469400627150937888e-01 -2.184954891270482480e-02
3.051286174078207125e-01 2.767975162066126371e-01 -2.017847138881007085e-01 -2.021547047337292347e-02 8.940687483528144686e-01 -4.469394217117020895e-01 -2.185317579623664505e-02
3.051278556747861193e-01 2.767950577533828116e-01 -2.017856592484768841e-01 -2.017447178201503891e-02 8.940698814697946029e-01 -4.469387215460751683e-01 -2.185902375825564056e-02
3.051529125162272815e-01 2.765737423607320666e-01 -2.017594081654136839e-01 -2.022035998537192319e-02 8.940910119085491159e-01 -4.468956928936679840e-01 -2.183206677108291693e-02
3.051523819911977076e-01 2.765727606826040019e-01 -2.017598157735393805e-01 -2.020207931190057954e-02 8.940914806336712761e-01 -4.468951924627589389e-01 -2.184003670872940173e-02
3.051513591166963857e-01 2.765708943854686130e-01 -2.017606110737898417e-01 -2.016690796603895150e-02 8.940923752208341790e-01 -4.468942322469742212e-01 -2.185556175081817057e-02
3.051721017039418782e-01 2.767201525523135808e-01 -2.017229510848345675e-01 -2.022911790675962010e-02 8.940606324564297491e-01 -4.469552266997975920e-01 -2.184933880133872047e-02
3.051715179002849609e-01 2.767192010989745765e-01 -2.017233560802872416e-01 -2.021061589431382213e-02 8.940610572199861883e-01 -4.469547368304245261e-01 -2.185909862503027101e-02
3.051704238526077861e-01 2.767170670700153101e-01 -2.017242516169474864e-01 -2.017078961161766770e-02 8.940619090345131026e-01 -4.469540223662383793e-01 -2.187564743375405851e-02
3.051450247017379325e-01 2.767571944338037548e-01 -2.017426205988898658e-01 -2.022583191685829035e-02 8.940840564102356947e-01 -4.469088397951584968e-01 -2.184272668956254576e-02
3.051442840505577125e-01 2.767559125481302562e-01 -2.017431443533662383e-01 -2.020174433942183850e-02 8.940844248092444380e-01 -4.469085925320672170e-01 -2.185499394129496870e-02
3.051430263499863016e-01 2.767534845116636499e-01 -2.017441404987541376e-01 -2.015696667796715649e-02 8.940853676418292206e-01 -4.469077959838031466e-01 -2.187404745395266775e-02
3.050981170436409817e-01 2.768270510234344672e-01 -2.017917598032962223e-01 -2.020532454942238626e-02 8.941057639300938886e-01 -4.468662887728583888e-01 -2.184371134235709930e-02
3.050975552899124477e-01 2.768257840819245974e-01 -2.017922594294095096e-01 -2.018300207506503602e-02 8.941062915819452117e-01 -4.468658740535293994e-01 -2.185123308178526028e-02
3.050963163638055753e-01 2.768236738328877511e-01 -2.017931558606715636e-01 -2.014283686754628905e-02 8.941071507173461441e-01 -4.468649829068504498e-01 -2.187135594096558874e-02
3.050425276300028909e-01 2.768845205012066546e-01 -2.018539053569166075e-01 -2.019993229451109637e-02 8.941604353916623449e-01 -4.467580380762951053e-01 -2.182507570913670703e-02
3.050418562831949121e-01 2.768830784815911605e-01 -2.018544856072876093e-01 -2.017431187754159527e-02 8.941608982344230183e-01 -4.467578199184530918e-01 -2.183427467511702552e-02
3.050409533269194950e-01 2.768812855417754348e-01 -2.018552665322342343e-01 -2.014098068546457676e-02 8.941618001942894800e-01 -4.467569176166035216e-01 -2.184656796951539928e-02
3.050836517389017843e-01 2.767526582368761146e-01 -2.018618830375824569e-01 -2.018098801553991697e-02 8.941427317194828861e-01 -4.467947116201571589e-01 -2.181716535662235265e-02
3.050831498970535405e-01 2.767518805535540416e-01 -2.018622406948840653e-01 -2.016550371341405828e-02 8.941430843535563833e-01 -4.467942892327976256e-01 -2.182567917963632032e-02
3.050821886414001316e-01 2.767501777309567257e-01 -2.018630097548178293e-01 -2.013272285832569050e-02 8.941439194135059054e-01 -4.467933673041866727e-01 -2.184059933127989808e-02
3.050949824209420735e-01 2.766223728977871277e-01 -2.018689620592223066e-01 -2.017475606763582258e-02 8.941388002571890592e-01 -4.468027352579828637e-01 -2.181973552156105459e-02
3.050940251925434721e-01 2.766212527944054145e-01 -2.018694773510495422e-01 -2.015129141610602290e-02 8.941390657592902524e-01 -4.468023486481874640e-01 -2.183844728524021381e-02
3.050928498122221222e-01 2.766185589048349436e-01 -2.018705894071980977e-01 -2.010369230180667627e-02 8.941401107547422011e-01 -4.468016410998693067e-01 -2.185400205442885116e-02
3.051092901980593797e-01 2.766190897730572695e-01 -2.018734867838524183e-01 -2.014873535600303009e-02 8.941562865121135406e-01 -4.467682802375217976e-01 -2.183271691815143536e-02
3.051088743998335850e-01 2.766189621032438817e-01 -2.018736390123817559e-01 -2.014249400754319561e-02 8.941565657910056641e-01 -4.467675373592571719e-01 -2.184223775019064270e-02
3.051081180827828199e-01 2.766172826461223422e-01 -2.018743887549662441e-01 -2.011151093458154321e-02 8.941574226330565311e-01 -4.467667144740172791e-01 -2.185254026948740130e-02
3.051108627177141486e-01 2.765690909928754104e-01 -2.017940118928343851e-01 -2.017891169646563593e-02 8.941706381747760446e-01 -4.467385767812011022e-01 -2.182487948115572132e-02
3.051098668896931598e-01 2.765676293643808403e-01 -2.017947123078301930e-01 -2.014892484817944890e-02 8.941713698312623304e-01 -4.467376102590739917e-01 -2.184238497870244836e-02
3.051095304218039983e-01 2.765662880501026377e-01 -2.017952453148309233e-01 -2.012687406192830569e-02 8.941719316569652909e-01 -4.467374066427993728e-01 -2.184387977014581872e-02
3.050994331925018788e-01 2.767265297756672515e-01 -2.018812785588957048e-01 -2.015608624947066649e-02 8.942024623969173636e-01 -4.466764129535788497e-01 -2.181445716303084814e-02
3.050984203869256395e-01 2.767244536357421625e-01 -2.018821972928910302e-01 -2.011780699704130565e-02 8.942033317159766570e-01 -4.466756670143597896e-01 -2.182942708716020461e-02
3.050974879495750858e-01 2.767236611673319913e-01 -2.018826325120022247e-01 -2.009868558830999602e-02 8.942035280681677190e-01 -4.466751633309853364e-01 -2.184929498408281351e-02
3.050987007849527699e-01 2.767236370836899106e-01 -2.018947261347917022e-01 -2.014923883763554760e-02 8.941792981226444059e-01 -4.467226619951035205e-01 -2.182325005968330581e-02
3.050981640700887731e-01 2.767221444077156978e-01 -2.018954112047561811e-01 -2.012240419656948984e-02 8.941802701984820079e-01 -4.467216683430798585e-01 -2.182851964506378473e-02
3.050976313992389000e-01 2.767208194151323797e-01 -2.018959761969797428e-01 -2.009911447034930937e-02 8.941807110303732209e-01 -4.467215019886937033e-01 -2.183532183618107012e-02
3.050690140687042362e-01 2.770036442511717434e-01 -2.019152992036618022e-01 -2.016318746555521846e-02 8.941256646413375808e-01 -4.468299671934248263e-01 -2.181105496848369588e-02
3.050681543875234936e-01 2.770017786438412344e-01 -2.019161349703228747e-01 -2.012900148962053909e-02 8.941265346755569166e-01 -4.468291741661803429e-01 -2.182320787785931721e-02
3.050674855268163954e-01 2.770011666307274911e-01 -2.019164748536328713e-01 -2.011443974816140220e-02 8.941267888178048295e-01 -4.468286393176167937e-01 -2.183716825838516104e-02
3.050787283694130214e-01 2.770611301258719683e-01 -2.018674135801255265e-01 -2.017814106896737708e-02 8.941053970705563625e-01 -4.468688906378931458e-01 -2.183062372819840127e-02
3.050775802719363772e-01 2.770587196561892229e-01 -2.018684579781999389e-01 -2.013420771904583448e-02 8.941063818992672774e-01 -4.468680729986513889e-01 -2.184758249784015879e-02
3.050801467324785743e-01 2.769736865794651393e-01 -2.018705287945182503e-01 -2.014665335893013609e-02 8.941294941345978575e-01 -4.468212687948071582e-01 -2.184751312259300415e-02
3.050798130655468232e-01 2.769734319885148177e-01 -2.018707179129744789e-01 -2.013926012599535215e-02 8.941297935565837296e-01 -4.468206593534769233e-01 -2.185453845228643721e-02
3.051034118098495118e-01 2.768566625736640918e-01 -2.018689230461784834e-01 -2.016648914782286431e-02 8.941184053365909268e-01 -4.468429115424241149e-01 -2.184038365257867306e-02
3.051029412968201959e-01 2.768555879044259926e-01 -2.018693929525388064e-01 -2.014707895895175016e-02 8.941189208909199326e-01 -4.468424329036716491e-01 -2.184698310995388318e-02
3.051025362764476778e-01 2.768533085348285350e-01 -2.018703356080905620e-01 -2.011027170190731253e-02 8.941201740989483948e-01 -4.468416666067461795e-01 -2.184527924855287837e-02
3.051018210271020381e-01 2.768378238353609855e-01 -2.018317385647646622e-01 -2.015932388600147340e-02 8.941492952152694240e-01 -4.467824136616096453e-01 -2.182004512375471800e-02
3.051007286271961716e-01 2.768359728480407900e-01 -2.018326136408515603e-01 -2.012286677036284610e-02 8.941501295724649800e-01 -4.467814749913673888e-01 -2.183871843822935907e-02
3.050917792843769738e-01 2.764027553232018541e-01 -2.017486878725847643e-01 -2.015528330764780954e-02 8.941791585873837267e-01 -4.467226111971719371e-01 -2.182442548905469751e-02
3.050997028940784506e-01 2.768930325628019551e-01 -2.018910938060785587e-01 -2.014272852537656727e-02 8.941321611345207643e-01 -4.468174900384636050e-01 -2.181924627918159845e-02
3.050991244523724166e-01 2.768917667147991479e-01 -2.018917249346291187e-01 -2.011816820210180976e-02 8.941330190118249588e-01 -4.468164694787083446e-01 -2.182764814573295506e-02
3.051488560568382247e-01 2.763543608267750584e-01 -2.017768220271373980e-01 -2.014476439440986491e-02 8.941428110472491309e-01 -4.467966545748293106e-01 -2.180759915161516529e-02
3.051569134715325649e-01 2.768363938198471486e-01 -2.019167895486154163e-01 -2.013509689551011908e-02 8.940969939252392251e-01 -4.468886220774852536e-01 -2.181061174166157648e-02
3.051557077160547693e-01 2.768345530721910142e-01 -2.019176884603777755e-01 -2.009784308164601699e-02 8.940976736428910554e-01 -4.468878031899666259e-01 -2.183387390916754003e-02
3.051847501898543036e-01 2.764315820870539842e-01 -2.017921880728639483e-01 -2.013390249104329496e-02 8.941162223094930583e-01 -4.468499264229537360e-01 -2.181628358092256928e-02
3.051838037954661131e-01 2.766257020014947221e-01 -2.018498365121877136e-01 -2.011700672512485924e-02 8.940844418389088943e-01 -4.469139028888536869e-01 -2.182384720163487585e-02
3.051831380573809538e-01 2.766232225679141066e-01 -2.018508998695488221e-01 -2.007495095488262202e-02 8.940855102216395123e-01 -4.469133943315591329e-01 -2.182921718509285222e-02
3.051699601874220402e-01 2.762930814852596062e-01 -2.017376780213930021e-01 -2.011799913357008654e-02 8.941702851824773202e-01 -4.467428080488187181e-01 -2.180895834755378071e-02
3.051771033309283454e-01 2.767189462093874175e-01 -2.018610563838701133e-01 -2.011261143149931097e-02 8.941433829485138096e-01 -4.467970780032574085e-01 -2.180515256869055424e-02
3.051760038885417137e-01 2.767176283583772101e-01 -2.018617840361558169e-01 -2.008293233533586450e-02 8.941440341795305891e-01 -4.467960145705366370e-01 -2.182758195159520756e-02
3.051481008602547340e-01 2.763716556142071790e-01 -2.017679183914442842e-01 -2.011599689387967918e-02 8.942413926446614036e-01 -4.466008175786247980e-01 -2.180339624934582790e-02
3.051453029921834537e-01 2.767134221059322496e-01 -2.018711332616721088e-01 -2.010211839565394232e-02 8.942182637567891446e-01 -4.466472175487713470e-01 -2.181432226178646461e-02
3.051441895754871680e-01 2.767112922292267463e-01 -2.018721599306216863e-01 -2.006093977228019798e-02 8.942192106718864775e-01 -4.466463040937361795e-01 -2.183210938519027436e-02
3.051783264120910832e-01 2.761937166519216613e-01 -2.017585922456835157e-01 -2.010282424881518898e-02 8.942117538604485993e-01 -4.466602481615167264e-01 -2.181372107950457426e-02
3.051876298042325297e-01 2.766641275932958943e-01 -2.018957107984553634e-01 -2.009254356272693540e-02 8.941657506554416823e-01 -4.467523909747503907e-01 -2.182203488023913215e-02
3.051867343584350745e-01 2.766624017358922938e-01 -2.018965762452991641e-01 -2.005856319480265465e-02 8.941665945292732731e-01 -4.467514987188508924e-01 -2.183697925407705742e-02
3.051863182489756854e-01 2.766616700217630620e-01 -2.018969660205972017e-01 -2.004352570015122473e-02 8.941669586949466675e-01 -4.467510870917761334e-01 -2.184429532059372486e-02
3.051522823692909836e-01 2.761126362206020035e-01 -2.018439480108906725e-01 -2.010520284053404771e-02 8.942685068878022392e-01 -4.465465488749268963e-01 -2.181279659498750606e-02
3.051514896857998038e-01 2.761118667472807209e-01 -2.018444592451403008e-01 -2.008590921921998493e-02 8.942691829692016592e-01 -4.465453121467881648e-01 -2.182816625741121341e-02
3.052103847948649529e-01 2.758289298464142725e-01 -2.016396902397244451e-01 -2.012842005125965728e-02 8.942445000029277669e-01 -4.465930717453152621e-01 -2.182313428078646797e-02
3.052183194499770713e-01 2.762496195812874644e-01 -2.017619052274280123e-01 -2.012444816139010925e-02 8.942165150434426835e-01 -4.466489964420995440e-01 -2.182898960156823276e-02
3.052173359074597525e-01 2.762478528906812669e-01 -2.017628046836330846e-01 -2.008896549673614904e-02 8.942173669325916840e-01 -4.466480824074182676e-01 -2.184547145726011344e-02
3.052168608906971059e-01 2.762465280002615042e-01 -2.017634206772118688e-01 -2.006504967285084942e-02 8.942178821776702868e-01 -4.466478553738862378e-01 -2.185100146941290969e-02
3.051983332565609275e-01 2.757989487693273678e-01 -2.017075305433207455e-01 -2.013834878400146133e-02 8.941966758210542210e-01 -4.466885913240518091e-01 -2.181866723163590829e-02
3.051975420939039285e-01 2.757971353542279513e-01 -2.017084260110355298e-01 -2.010390056693954833e-02 8.941976730483232050e-01 -4.466876648661517457e-01 -2.182853071975118103e-02
3.052098025447593233e-01 2.756892514643336511e-01 -2.015699837513364456e-01 -2.015154560878515064e-02 8.941816944915682575e-01 -4.467178900904644756e-01 -2.182061224824858106e-02
3.052221277704711411e-01 2.760982970514625490e-01 -2.016873891309925448e-01 -2.013829416334033534e-02 8.941395792820099331e-01 -4.468026630444732472e-01 -2.182297335258983478e-02
3.052214622958507872e-01 2.760978916923589321e-01 -2.016876933476371703e-01 -2.012574780176704797e-02 8.941397318949483308e-01 -4.468021658929132167e-01 -2.183846779541507438e-02
3.052288056177874243e-01 2.757966543599980058e-01 -2.015829299156389198e-01 -2.015338235873537914e-02 8.941336685989060840e-01 -4.468137980488188221e-01 -2.182323831500269928e-02
3.052385777931270749e-01 2.761021861645566178e-01 -2.016686166771159694e-01 -2.014409169080983233e-02 8.941230893456952877e-01 -4.468347778876259890e-01 -2.183570330852458233e-02
3.052382531137157184e-01 2.761013637226925610e-01 -2.016690340960965999e-01 -2.012827165897537740e-02 8.941234875628836232e-01 -4.468344904624731995e-01 -2.183986725120740102e-02
3.052532212728660821e-01 2.757754305832049724e-01 -2.014888376441132112e-01 -2.017367298634210535e-02 8.941544744693987745e-01 -4.467709916932178782e-01 -2.182841464816535557e-02
3.052521933498390516e-01 2.761117675781639136e-01 -2.015906122273564138e-01 -2.015496362686302820e-02 8.941302841752893915e-01 -4.468199404487088744e-01 -2.183467836328650824e-02
3.052520382946840027e-01 2.761109266526041162e-01 -2.015910034863509781e-01 -2.014031709495546496e-02 8.941309544441865542e-01 -4.468193024981965689e-01 -2.183380056398248614e-02
3.052519629351762021e-01 2.761100549842418483e-01 -2.015913970686627754e-01 -2.012586727005685749e-02 8.941315489244805459e-01 -4.468189062944925016e-01 -2.183088780446283336e-02
3.052519629351762021e-01 2.761100549842418483e-01 -2.015913970686627754e-01 -2.012586727005685749e-02 8.941315489244805459e-01 -4.468189062944925016e-01 -2.183088780446283336e-02
3.052835555827809189e-01 2.762139039547631958e-01 -2.016035286661311543e-01 -2.016347716473347595e-02 8.941155954742665557e-01 -4.468504481599321343e-01 -2.180396976683098009e-02
3.052991247258394214e-01 2.763371755107817407e-01 -2.016335633379300607e-01 -2.018983423718392553e-02 8.940705682546405964e-01 -4.469408487108486039e-01 -2.177308723919306466e-02
3.052984588135681521e-01 2.763354256706861967e-01 -2.016345662584819454e-01 -2.015458049643152616e-02 8.940715263558064452e-01 -4.469401210182782358e-01 -2.178134222168608483e-02
3.052980383896168881e-01 2.763343840820209341e-01 -2.016351598248749544e-01 -2.013358242468959655e-02 8.940720165365412253e-01 -4.469398163569860971e-01 -2.178689192644025358e-02
3.052952525424337260e-01 2.764564312976452443e-01 -2.016344292924885373e-01 -2.018464379570314438e-02 8.940744529861951451e-01 -4.469334286502850695e-01 -2.177069193152307916e-02
3.052944945288968426e-01 2.764549484592496720e-01 -2.016353347161480014e-01 -2.015254408463809654e-02 8.940753675134434086e-01 -4.469324606883356976e-01 -2.178273985721647030e-02
3.052937213096458269e-01 2.764542560802843441e-01 -2.016358428749339959e-01 -2.013360219586441194e-02 8.940756104351109679e-01 -4.469319851385984421e-01 -2.180003549937676796e-02
3.053174949496912371e-01 2.763541626454104616e-01 -2.016542896689307585e-01 -2.018220397994716780e-02 8.940643185051797559e-01 -4.469534678966646801e-01 -2.177775363818766283e-02
3.053165161978997344e-01 2.763516454492050967e-01 -2.016556824795460168e-01 -2.013246252891908589e-02 8.940653794849091618e-01 -4.469529810324954777e-01 -2.179022499179275249e-02
3.053139006348816187e-01 2.763358490104001475e-01 -2.017036824004091455e-01 -2.017689225607335532e-02 8.940510404054191618e-01 -4.469808716236761126e-01 -2.176535254511577713e-02
3.053132696275048796e-01 2.763348295752502404e-01 -2.017042990911098732e-01 -2.015447987576331201e-02 8.940514333926433688e-01 -4.469805349316328669e-01 -2.177688641033120528e-02
3.053124086052973474e-01 2.763330949274747095e-01 -2.017053345177142187e-01 -2.011778138562418661e-02 8.940522999724378472e-01 -4.469797954746817514e-01 -2.179041586399475469e-02
3.053091719515929059e-01 2.762443755022476743e-01 -2.016834696249883152e-01 -2.016376238788202685e-02 8.940660066278764972e-01 -4.469517425691247325e-01 -2.176093502746928587e-02
3.053087058906077123e-01 2.762431430042842084e-01 -2.016841420834680765e-01 -2.013970172777596046e-02 8.940665315542992708e-01 -4.469515072170070491e-01 -2.176648261035779228e-02
3.053075572114761216e-01 2.762418257952904965e-01 -2.016850519718734747e-01 -2.010680499343057634e-02 8.940671432244209349e-01 -4.469506177673145397e-01 -2.179002241611549193e-02
3.053120841648639394e-01 2.762099821665714994e-01 -2.016249681662279358e-01 -2.015521839241236901e-02 8.940634048030696723e-01 -4.469569474296767320e-01 -2.176884259307174108e-02
3.053116657306426118e-01 2.762095420675572122e-01 -2.016252890003593368e-01 -2.014353690795856605e-02 8.940637393049563064e-01 -4.469563811707317758e-01 -2.177754145078026130e-02
3.053105899660353839e-01 2.762071373830741194e-01 -2.016266294158815531e-01 -2.009497843275235077e-02 8.940646527185858172e-01 -4.469559849145947616e-01 -2.179302984915553951e-02
3.053098929011440199e-01 2.762062339603238437e-01 -2.016272108991786771e-01 -2.007364577994362118e-02 8.940649783291515496e-01 -4.469556226087285644e-01 -2.180675787086901532e-02
3.053042611788965299e-01 2.763336765851063248e-01 -2.016178449314885712e-01 -2.015139088369365811e-02 8.940751173345712344e-01 -4.469332502943987873e-01 -2.177787386109288764e-02
3.053024484910983882e-01 2.763310821477672485e-01 -2.016195197041691367e-01 -2.009040138098540373e-02 8.940766546066721832e-01 -4.469312645071591983e-01 -2.181183774293186592e-02
3.053117791145337767e-01 2.762101702490887822e-01 -2.016139082437044538e-01 -2.014428710954954335e-02 8.940869849471133612e-01 -4.469086156402424237e-01 -2.180275926460435373e-02
3.053109976509882362e-01 2.762096198377683165e-01 -2.016143409591101554e-01 -2.012768064883020333e-02 8.940871329987749583e-01 -4.469081729593211705e-01 -2.182109117095186804e-02
3.053098376781987477e-01 2.762079131333654014e-01 -2.016154138730650303e-01 -2.008862441295983584e-02 8.940878751806689007e-01 -4.469073920778287023e-01 -2.184265392084241281e-02
3.053012585639787724e-01 2.761571923927302330e-01 -2.016289149109232182e-01 -2.014734522199207109e-02 8.940779699093474031e-01 -4.469260378375665699e-01 -2.181249426590321783e-02
3.053008986506851041e-01 2.761563670422923500e-01 -2.016293917138338720e-01 -2.013041681137990938e-02 8.940784611716912078e-01 -4.469255897960567880e-01 -2.181716694045815821e-02
3.052995405785776106e-01 2.761540056585958247e-01 -2.016307836781456864e-01 -2.007987966455394846e-02 8.940792913953869991e-01 -4.469250731227828455e-01 -2.184028719534583662e-02
3.053229948633883750e-01 2.761272733679175362e-01 -2.017001634793597620e-01 -2.011125027868144316e-02 8.940532414665871563e-01 -4.469757606979851694e-01 -2.184052160032075654e-02
3.053219149350238637e-01 2.761252283442026667e-01 -2.017013782807893785e-01 -2.006806697672779832e-02 8.940541912105541833e-01 -4.469749594177487850e-01 -2.185775652167902539e-02
3.053214316892950975e-01 2.761244180345647226e-01 -2.017018815910220642e-01 -2.005024398205212943e-02 8.940546545127157074e-01 -4.469744307752397949e-01 -2.186597113231512554e-02
3.053258820100135940e-01 2.760742665473863711e-01 -2.016715806399343724e-01 -2.009722158885462670e-02 8.940498893276140890e-01 -4.469828490680118338e-01 -2.184558803814970820e-02
3.053250920994759476e-01 2.760726866386475353e-01 -2.016725439115327756e-01 -2.006349339965651096e-02 8.940507420757854984e-01 -4.469820759494072537e-01 -2.185750686371486229e-02
3.053246642511334707e-01 2.760719982662963590e-01 -2.016729902451178391e-01 -2.004785421307405877e-02 8.940511785982778736e-01 -4.469815482081961888e-01 -2.186479247295599129e-02
3.053358620176892524e-01 2.760741313419478038e-01 -2.016742367392126423e-01 -2.009970789944071773e-02 8.941026677915595577e-01 -4.468772590126207644e-01 -2.184345594772610713e-02
3.053349003202865952e-01 2.760722684058540266e-01 -2.016753561000230177e-01 -2.006017412831552840e-02 8.941035869319902130e-01 -4.468764638937937628e-01 -2.185843697681362149e-02
3.053343199125194696e-01 2.760715295948820147e-01 -2.016758613568390146e-01 -2.004228707655881375e-02 8.941039209254402209e-01 -4.468760432622108647e-01 -2.186977989842784492e-02
3.053422267805668833e-01 2.760349998314958198e-01 -2.016020334817582305e-01 -2.010022650376237438e-02 8.941024300852150608e-01 -4.468774915908926282e-01 -2.184795001006525905e-02
3.053414468807735815e-01 2.760333974033490900e-01 -2.016029977282103036e-01 -2.006604112166963244e-02 8.941033926768231499e-01 -4.468765568809465738e-01 -2.185909668142635084e-02
3.053407851166922704e-01 2.760323715896306207e-01 -2.016036364104447087e-01 -2.004294401938640918e-02 8.941038155334528614e-01 -4.468761708018296197e-01 -2.187088048183896682e-02
3.053442166751996756e-01 2.760087717587139111e-01 -2.015849910946144741e-01 -2.009061869478903986e-02 8.940900440239132330e-01 -4.469024629479443345e-01 -2.185289062889973766e-02
3.053432377100440132e-01 2.760069848798024084e-01 -2.015860669460853294e-01 -2.005190888210447997e-02 8.940908923728760893e-01 -4.469017278779486846e-01 -2.186876187079941566e-02
3.053429633469976201e-01 2.760063232826541202e-01 -2.015864668490552902e-01 -2.003799675352187226e-02 8.940912945078623997e-01 -4.469013827802014172e-01 -2.187212473685216582e-02
3.053315814708027487e-01 2.760012225342601266e-01 -2.016020054900184433e-01 -2.010548225947958803e-02 8.940948274734091816e-01 -4.468921715315757881e-01 -2.185397200055209585e-02
3.053308825338460486e-01 2.759997574846128066e-01 -2.016028907500888590e-01 -2.007437499297194672e-02 8.940957057529317353e-01 -4.468913382862023109e-01 -2.186367278330531363e-02
3.053306039655666604e-01 2.759988485145647985e-01 -2.016034010900430440e-01 -2.005671227708399895e-02 8.940962796079068298e-01 -4.468909016469665429e-01 -2.186534036083989663e-02
3.053339773745699093e-01 2.759717005917343702e-01 -2.016421286569851645e-01 -2.010680485487860783e-02 8.940113468811698993e-01 -4.470598523773399169e-01 -2.183841657710969969e-02
3.053331400991780020e-01 2.759700223886596970e-01 -2.016431497681006046e-01 -2.007115608884108698e-02 8.940122141703337189e-01 -4.470591210360570500e-01 -2.185067289542413568e-02
3.053325048795018648e-01 2.759691371355634804e-01 -2.016437292221294475e-01 -2.005056971393097062e-02 8.940125742584195123e-01 -4.470587478903367828e-01 -2.186247142262241067e-02
3.053102465999056325e-01 2.759449538442150240e-01 -2.016114290549411714e-01 -2.010577399708887367e-02 8.940062024475179392e-01 -4.470702434878564002e-01 -2.183724398944549006e-02
3.053094068064193811e-01 2.759430159163571150e-01 -2.016125574234896023e-01 -2.006630163598430508e-02 8.940072182108634857e-01 -4.470694919986668570e-01 -2.184734879982309919e-02
3.051845384849412035e-01 2.758944994040394838e-01 -2.016375560349483731e-01 -2.010706077441074685e-02 8.941184565508535353e-01 -4.468470781745383924e-01 -2.180780798272251297e-02
3.051939882595126607e-01 2.762128340946059524e-01 -2.017322680050099293e-01 -2.009884241250227063e-02 8.941081005319421182e-01 -4.468674466145217128e-01 -2.182260875920939355e-02
3.051927549047429022e-01 2.762111211273319267e-01 -2.017333919568277678e-01 -2.005974637772429264e-02 8.941087968817621467e-01 -4.468667718004604716e-01 -2.184385896641061198e-02
3.051816917618807579e-01 2.763530361801767032e-01 -2.017472004653254325e-01 -2.011977128908862267e-02 8.941435117928655529e-01 -4.467954456630751081e-01 -2.182670054613395846e-02
3.051811595386901832e-01 2.763520068620959891e-01 -2.017478186456849454e-01 -2.009824965343021824e-02 8.941440522901240584e-01 -4.467949838368728832e-01 -2.183383917850729300e-02
3.051800688875782597e-01 2.763504747771137193e-01 -2.017488344634162378e-01 -2.006292029412518052e-02 8.941448786061101384e-01 -4.467940240804204599e-01 -2.185212433061566387e-02
3.051530048512284266e-01 2.764811227749277567e-01 -2.018025891539710903e-01 -2.011532133721036578e-02 8.941485550421183204e-01 -4.467859053830325888e-01 -2.181948933079019826e-02
3.051523987681087902e-01 2.764798882653086709e-01 -2.018033100455649820e-01 -2.009005592266305956e-02 8.941490615315852430e-01 -4.467856288019154132e-01 -2.182767306165553367e-02
3.051514162081100934e-01 2.764780944747413649e-01 -2.018044230116537718e-01 -2.005172280152309888e-02 8.941500488433649085e-01 -4.467847061333483083e-01 -2.184135827819573203e-02
3.051712609403829934e-01 2.765032321626189615e-01 -2.018355296306023616e-01 -2.008703423903616253e-02 8.941536431267598228e-01 -4.467776237660066041e-01 -2.180661460711696281e-02
3.051706539495481207e-01 2.765024491742610335e-01 -2.018360548361064766e-01 -2.006867352794221640e-02 8.941540395109449646e-01 -4.467771129704212196e-01 -2.181772891259986871e-02
3.051696532765563186e-01 2.765010120851597586e-01 -2.018370231464807762e-01 -2.003552059869077862e-02 8.941548247936599303e-01 -4.467761954258443469e-01 -2.183479822133588613e-02
3.051813778749398742e-01 2.766184012551254345e-01 -2.018530230155469174e-01 -2.008412046257423283e-02 8.941260350804551837e-01 -4.468330923681914646e-01 -2.180479445509087705e-02
3.051808032161564821e-01 2.766182001330479978e-01 -2.018532882595657219e-01 -2.007476858081148549e-02 8.941262087347807697e-01 -4.468324782016847019e-01 -2.181886670144177545e-02
3.051802912911096288e-01 2.766169815602934068e-01 -2.018540716602607310e-01 -2.004893982767095434e-02 8.941271737928475627e-01 -4.468314556877367449e-01 -2.182400753709672070e-02
3.051892311328985863e-01 2.766794083164972329e-01 -2.018332215068050495e-01 -2.008820588272151875e-02 8.941395331125847612e-01 -4.468055356122969113e-01 -2.181221345555600308e-02
3.051886794335583186e-01 2.766785526109893367e-01 -2.018337712826976660e-01 -2.006881428072124565e-02 8.941399571099237775e-01 -4.468050921766434369e-01 -2.182176431571208192e-02
3.051874209029798446e-01 2.766772958243584046e-01 -2.018347016222392654e-01 -2.003561968465115625e-02 8.941405236979300675e-01 -4.468041564874483118e-01 -2.184819376019740342e-02
3.052036243586641606e-01 2.767040614295349643e-01 -2.017935263882769670e-01 -2.008245710495597941e-02 8.941510654791309243e-01 -4.467820524495426104e-01 -2.182577898120625567e-02
3.052032548369066900e-01 2.767032759553896826e-01 -2.017940061939783036e-01 -2.006572642528966360e-02 8.941515493169119866e-01 -4.467815897675295744e-01 -2.183081588008566054e-02
3.052023351115321637e-01 2.767021220741726073e-01 -2.017948249467428068e-01 -2.003694230955568520e-02 8.941523162616566989e-01 -4.467804940487516419e-01 -2.184825861141080280e-02
3.051695774456829602e-01 2.767263114895469611e-01 -2.017881891957669094e-01 -2.008264828916120001e-02 8.941575681488315164e-01 -4.467687451419312672e-01 -2.183160379279775604e-02
3.051692568969792130e-01 2.767251921782079016e-01 -2.017888085662798425e-01 -2.006124380383487657e-02 8.941581689642738029e-01 -4.467684336637919862e-01 -2.183304956029458177e-02
3.051680619885816514e-01 2.767239304072232065e-01 -2.017897196066393284e-01 -2.002848664071404938e-02 8.941587392615589769e-01 -4.467675773920114501e-01 -2.185727605021009143e-02
3.051236381613592896e-01 2.768897074172574913e-01 -2.018276316969375705e-01 -2.007895339005499533e-02 8.941904974238416015e-01 -4.467033639968746028e-01 -2.182417333000970239e-02
3.051230149893648935e-01 2.768888046184891372e-01 -2.018282100874889684e-01 -2.005819024652071708e-02 8.941909602236502996e-01 -4.467028577194350758e-01 -2.183466426649715783e-02
3.051221532181335183e-01 2.768872549568530128e-01 -2.018291936878979231e-01 -2.002395645761312348e-02 8.941919352550502520e-01 -4.467018551732444553e-01 -2.184666284339660883e-02
3.051267878373841169e-01 2.767537404202293772e-01 -2.018534655312781423e-01 -2.007173230002055539e-02 8.941807283051219635e-01 -4.467230104498840504e-01 -2.182894007483592719e-02
3.051256076493408242e-01 2.767519409000763209e-01 -2.018546158634365595e-01 -2.003106790644619550e-02 8.941815489496489633e-01 -4.467222310248262218e-01 -2.184861882901903418e-02
3.051252016847617599e-01 2.767512208284895192e-01 -2.018550787237108346e-01 -2.001513891822510188e-02 8.941819478029244816e-01 -4.467218591016266505e-01 -2.185449697976748346e-02
3.051521110060415598e-01 2.767760779175377217e-01 -2.018869289278410473e-01 -2.004143490390054502e-02 8.941590409244896120e-01 -4.467673159165512220e-01 -2.183840307142848741e-02
3.051511194232527924e-01 2.767747349247814959e-01 -2.018878472053153295e-01 -2.000937616229221325e-02 8.941599321604231099e-01 -4.467661134535357847e-01 -2.185590204237035719e-02
3.051507124305726237e-01 2.767738958215884004e-01 -2.018883692241170424e-01 -1.999146174367436371e-02 8.941603498873244016e-01 -4.467658068551033645e-01 -2.186147231632472668e-02
3.051856084264610858e-01 2.767380308396812927e-01 -2.019038585861244184e-01 -2.003008031057302782e-02 8.941524106924907400e-01 -4.467804795528904083e-01 -2.185098226736059690e-02
3.051850553798959309e-01 2.767365765606529249e-01 -2.019047622890357552e-01 -1.999987939740269227e-02 8.941535252110157650e-01 -4.467793442285240557e-01 -2.185625190952756453e-02
3.051845791128255381e-01 2.767360025064805051e-01 -2.019051780988310174e-01 -1.998546404956267133e-02 8.941538246067184392e-01 -4.467789257880105946e-01 -2.186574123172552522e-02
3.051901043492967203e-01 2.766831172489612189e-01 -2.018992748300330042e-01 -2.004025924557464172e-02 8.941849987374850262e-01 -4.467154788106112440e-01 -2.183705642298067531e-02
3.051887971009642486e-01 2.766811913037712234e-01 -2.019005284013435098e-01 -1.999613115710315719e-02 8.941858521290660944e-01 -4.467145906184271098e-01 -2.186072092990073990e-02
3.051881144877494623e-01 2.766801869195207875e-01 -2.019011822075336693e-01 -1.997313774333469086e-02 8.941863793696082086e-01 -4.467139723818461805e-01 -2.187280497302061810e-02
3.052048728343285666e-01 2.765983432295780475e-01 -2.018395967665342627e-01 -2.005438112542496515e-02 8.942003391013010338e-01 -4.466830432160037168e-01 -2.185942021381581321e-02
3.052040359012805348e-01 2.765971823880470359e-01 -2.018404108564440802e-01 -2.002624323400701775e-02 8.942010501933682631e-01 -4.466821161338644375e-01 -2.187506665549987517e-02
3.052037842661615707e-01 2.765963936265452006e-01 -2.018408858547727780e-01 -2.001032184439660924e-02 8.942016006536392947e-01 -4.466816466162107924e-01 -2.187672243238440728e-02
3.052167071593883674e-01 2.765249336901907107e-01 -2.018228441974421472e-01 -2.007194490793176925e-02 8.942189346054278953e-01 -4.466446318713084285e-01 -2.186748365244614231e-02
3.052155734776577645e-01 2.765237271558034227e-01 -2.018237392571636535e-01 -2.004039575798441039e-02 8.942195764774527600e-01 -4.466436272651622685e-01 -2.189067851316510785e-02
3.052147887342535060e-01 2.765225430631366166e-01 -2.018244910341772391e-01 -2.001366769963259379e-02 8.942199201017000387e-01 -4.466434343495960801e-01 -2.190502569995994228e-02
3.051870721112012186e-01 2.767052817347521732e-01 -2.018539457190228481e-01 -2.007235983219508857e-02 8.941956372210013715e-01 -4.466903946524615199e-01 -2.188501932652498622e-02
3.051860210402280171e-01 2.767036100157952982e-01 -2.018550286083243273e-01 -2.003461644581089329e-02 8.941964403219859747e-01 -4.466896064621287410e-01 -2.190287054398635039e-02
3.051852874179655783e-01 2.767028061754647772e-01 -2.018556044581835962e-01 -2.001426500103801673e-02 8.941967364775782467e-01 -4.466892020334993774e-01 -2.191762888617961036e-02
3.051854520014793959e-01 2.766504262195432773e-01 -2.018544596788220957e-01 -2.006760742969534647e-02 8.942179253134601158e-01 -4.466459010048159373e-01 -2.188680643070197926e-02
3.051847094921513182e-01 2.766490937259718508e-01 -2.018553349102407690e-01 -2.003776923606558763e-02 8.942187916145158955e-01 -4.466449632188059793e-01 -2.189788480169472390e-02
3.051842120111401546e-01 2.766485177017040664e-01 -2.018557615876131750e-01 -2.002306190916223333e-02 8.942191489573847463e-01 -4.466444409623131495e-01 -2.190739571868405289e-02
3.052044497433385462e-01 2.765515016232085177e-01 -2.018367214667738663e-01 -2.008529291722623011e-02 8.942059553825253415e-01 -4.466684723374897970e-01 -2.189899967001870257e-02
3.052032211061263545e-01 2.765503768490645276e-01 -2.018376002168882355e-01 -2.005438985492489709e-02 8.942066409321064446e-01 -4.466672344476972922e-01 -2.192456228323276524e-02
3.052025338898832207e-01 2.765498159739244177e-01 -2.018380569055294449e-01 -2.003826027720927508e-02 8.942068648181248358e-01 -4.466667737452572617e-01 -2.193955945787745207e-02
3.052077226290510481e-01 2.764429239308960895e-01 -2.018281291517601272e-01 -2.007769075115331883e-02 8.942425526177711914e-01 -4.465943984402470646e-01 -2.192228782648919169e-02
3.052066693692223609e-01 2.764416124847730583e-01 -2.018290645011394102e-01 -2.004540192769001944e-02 8.942432690642198034e-01 -4.465934499149979420e-01 -2.194192534658190655e-02
3.051841458598227308e-01 2.761422634476561888e-01 -2.017566760471259657e-01 -2.011204626918169230e-02 8.942996938498689596e-01 -4.464788763577015596e-01 -2.191292178740960120e-02
3.051995038477910427e-01 2.764578938067615566e-01 -2.018544068847357986e-01 -2.008383287720754556e-02 8.942727018298506358e-01 -4.465338995026731927e-01 -2.191919281898823194e-02
3.051984197976707613e-01 2.764569593189851737e-01 -2.018551656648613080e-01 -2.005739316149150048e-02 8.942733234655488861e-01 -4.465327229538860188e-01 -2.194199737570109304e-02
3.051918398089296103e-01 2.761848283477633115e-01 -2.017461689138456138e-01 -2.012476578251450390e-02 8.943007166940136754e-01 -4.464757962696159765e-01 -2.192225508894581759e-02
3.052070090522415735e-01 2.764540665930238506e-01 -2.018272815953162380e-01 -2.011224422828679706e-02 8.942777445205587483e-01 -4.465211963119080085e-01 -2.194617350488741597e-02
3.052060105114695610e-01 2.764525639939344748e-01 -2.018282912183383404e-01 -2.007747952982961298e-02 8.942785950348971502e-01 -4.465202268829266963e-01 -2.196306587340370042e-02
3.051820186891877063e-01 2.761383307732155901e-01 -2.017760454653306224e-01 -2.012497023018075537e-02 8.943082872313787846e-01 -4.464595852115059715e-01 -2.194337565831498693e-02
3.051972341664151989e-01 2.763461780778296850e-01 -2.018373263250305971e-01 -2.010949016265385289e-02 8.942783865993071402e-01 -4.465198494541314234e-01 -2.194993645088940543e-02
3.051965011059180610e-01 2.763450018458899482e-01 -2.018381406770771158e-01 -2.008231755149279124e-02 8.942792123211412703e-01 -4.465188664551993369e-01 -2.196116644452265551e-02
3.051850236873794309e-01 2.760922161589461910e-01 -2.017266052492546480e-01 -2.013736694128079666e-02 8.943185850019366168e-01 -4.464382836505563779e-01 -2.194570263062151083e-02
3.052045973619539887e-01 2.764449466798939437e-01 -2.018360917634345886e-01 -2.011155561594078767e-02 8.942755007926248556e-01 -4.465257900586160345e-01 -2.194476760723481149e-02
3.052038649536024661e-01 2.764433201866774992e-01 -2.018371231741019900e-01 -2.007707475616438836e-02 8.942764817246453557e-01 -4.465249474621355574e-01 -2.195350990986124143e-02
3.051668311640860498e-01 2.762105996573395172e-01 -2.017523287790535524e-01 -2.013152765782059289e-02 8.943174058085308076e-01 -4.464421344879890285e-01 -2.192076221006749107e-02
3.051857564051149163e-01 2.765016297901760067e-01 -2.018406359895003055e-01 -2.012093504425434623e-02 8.942673468794274383e-01 -4.465425964177426321e-01 -2.192646489235940827e-02
3.051845099429028596e-01 2.764998711348586324e-01 -2.018418296924278932e-01 -2.008003056566575600e-02 8.942681662652610663e-01 -4.465417349347914344e-01 -2.194807824106020239e-02
3.051419206314477939e-01 2.762975492443240921e-01 -2.017745453141378265e-01 -2.014239050849980436e-02 8.942989391786955178e-01 -4.464782208621472792e-01 -2.192919935233516790e-02
3.051580083541051702e-01 2.766051448406458557e-01 -2.018701943887819539e-01 -2.011990043239547665e-02 8.942721351498691407e-01 -4.465325660210959224e-01 -2.193639404505689020e-02
3.051571462214891506e-01 2.766040558170262953e-01 -2.018710015919703005e-01 -2.009303305707658277e-02 8.942728848377207163e-01 -4.465315381179879028e-01 -2.195137655301159299e-02
3.051095925712177803e-01 2.763946673201549964e-01 -2.018096476902005165e-01 -2.014417811941964995e-02 8.943278254104387592e-01 -4.464207430419084854e-01 -2.191969357539438196e-02
3.051126568408060180e-01 2.765599320865811950e-01 -2.018626490564811582e-01 -2.012954192514308446e-02 8.943262386351573667e-01 -4.464237035194953407e-01 -2.193757886625857106e-02
3.051116253778465848e-01 2.765581771418678114e-01 -2.018638033379125951e-01 -2.009082276662759944e-02 8.943271781749080329e-01 -4.464228596749476585e-01 -2.195193790780708767e-02
3.051191870011124574e-01 2.762293722310668609e-01 -2.017871160138678677e-01 -2.014184072574808082e-02 8.943161621282855744e-01 -4.464432962107568459e-01 -2.193836085005169273e-02
3.051361504324801022e-01 2.764941933452625955e-01 -2.018680940477442787e-01 -2.012424532694831111e-02 8.942941924003747767e-01 -4.464879561437397060e-01 -2.194122165168095953e-02
3.051351530222957131e-01 2.764920726497017700e-01 -2.018694355729493684e-01 -2.007966052618573305e-02 8.942951953041433644e-01 -4.464873839672168776e-01 -2.195283232725239383e-02
3.051399579470637224e-01 2.761555392188781988e-01 -2.017987396805617506e-01 -2.012514201602559963e-02 8.943148958048432462e-01 -4.464469019964583119e-01 -2.193192873807286655e-02
3.051573904363056866e-01 2.764622671863721792e-01 -2.018942837322402206e-01 -2.011882655205177867e-02 8.942881541726014349e-01 -4.465003117035755142e-01 -2.194086993124124210e-02
3.051562088477783319e-01 2.764605412805590245e-01 -2.018954843715121406e-01 -2.007878040560612948e-02 8.942889833834797297e-01 -4.464994847356108520e-01 -2.196057620372802305e-02
3.051736208909637260e-01 2.760945123610372143e-01 -2.018007514376152500e-01 -2.013197660718985330e-02 8.943008103386613783e-01 -4.464742875984035742e-01 -2.194253082484171405e-02
3.051829532235796338e-01 2.763384944551189881e-01 -2.018801040528988566e-01 -2.010979279481573540e-02 8.942742647008452561e-01 -4.465280415381608359e-01 -2.195094183871658042e-02
3.051821891136543008e-01 2.763371636691554500e-01 -2.018810333732238838e-01 -2.007948056249915861e-02 8.942751428390235402e-01 -4.465271045655334059e-01 -2.196197279174956496e-02
3.051862543252240600e-01 2.760227927997120911e-01 -2.017651943235665990e-01 -2.013776846161990236e-02 8.943152316655484935e-01 -4.464452157821703349e-01 -2.194096619554175218e-02
3.052036981976590790e-01 2.762825996795960082e-01 -2.018455063782383652e-01 -2.011525073672357569e-02 8.942934725434640297e-01 -4.464894769408431774e-01 -2.194786174194388387e-02
3.052024997848205023e-01 2.762810245307051327e-01 -2.018466282071948448e-01 -2.007729674887125809e-02 8.942942594618140673e-01 -4.464885351292192661e-01 -2.196969838362077682e-02
3.051728113487418570e-01 2.760956307029621137e-01 -2.017607093432534082e-01 -2.013049567056971953e-02 8.943519161530386619e-01 -4.463719913316959165e-01 -2.194216425108384480e-02
3.051891665780958052e-01 2.763184901769618618e-01 -2.018280165636298085e-01 -2.012183649286801088e-02 8.943417594324071240e-01 -4.463927130714149816e-01 -2.194253285840166642e-02
3.051887186905132832e-01 2.763177384248503010e-01 -2.018285875413950992e-01 -2.010346865003917807e-02 8.943425621247913515e-01 -4.463916243591808941e-01 -2.194880001896675967e-02
3.051526466264835591e-01 2.761499658775317667e-01 -2.017403226801174898e-01 -2.017061249689068581e-02 8.943908503746322847e-01 -4.462938266012251853e-01 -2.190829740710047158e-02
3.051739964638283120e-01 2.764874878893362475e-01 -2.018466015859685936e-01 -2.015038496725605685e-02 8.943475854984730411e-01 -4.463808820982140269e-01 -2.191954369833830699e-02
3.051731665860968334e-01 2.764856778257015479e-01 -2.018477721473149744e-01 -2.011163737786209396e-02 8.943485779545661263e-01 -4.463801367453392732e-01 -2.192981239862421688e-02
3.051635078794813216e-01 2.762200932887776683e-01 -2.017470409366949602e-01 -2.015995581304504819e-02 8.944111204873850252e-01 -4.462539229592739076e-01 -2.190342378659215772e-02
3.051849107224552382e-01 2.765124128380191393e-01 -2.018377847075323583e-01 -2.013805035688098766e-02 8.943729225168528529e-01 -4.463314501872847617e-01 -2.190367481045810832e-02
3.051843128895009305e-01 2.765105406400923949e-01 -2.018389503851714950e-01 -2.009991677656824960e-02 8.943740594171929459e-01 -4.463307265741232599e-01 -2.190702405626086813e-02
