repeatability libsurvive; 20211016-002511; x y z w i j k;  frequency = 150 duration = 2 sys.args = ['repeatability.py']
1.338627852716025024e-01 -9.645274973564646470e-02 -8.656051991089162845e-02 1.002612494903195595e-01 7.191522788613339268e-01 -6.718428788228221205e-01 1.462697092164088886e-01
1.338617481277188936e-01 -9.644163106315110923e-02 -8.655855638020562570e-02 1.001552377486346068e-01 7.191670773203305833e-01 -6.718637409469767618e-01 1.461737214781841931e-01
1.338617481277188936e-01 -9.644163106315110923e-02 -8.655855638020562570e-02 1.001552377486346068e-01 7.191670773203305833e-01 -6.718637409469767618e-01 1.461737214781841931e-01
1.337877065687927136e-01 -9.645855834167210707e-02 -8.639103975648332323e-02 1.001079165908141944e-01 7.191708706080333080e-01 -6.718678033380656167e-01 1.461688022199418013e-01
1.338352971382867906e-01 -9.637583584530196035e-02 -8.655303201055633555e-02 1.001563931064038959e-01 7.191447146805721724e-01 -6.718872038646160894e-01 1.461751057803689080e-01
1.337632566629788078e-01 -9.636158329395559663e-02 -8.637861712902203393e-02 1.001571346386801453e-01 7.191414248237993911e-01 -6.718832458048246137e-01 1.462089719891989381e-01
1.337632566629788078e-01 -9.636158329395559663e-02 -8.637861712902203393e-02 1.001571346386801453e-01 7.191414248237993911e-01 -6.718832458048246137e-01 1.462089719891989381e-01
1.337632566629788078e-01 -9.636158329395559663e-02 -8.637861712902203393e-02 1.001571346386801453e-01 7.191414248237993911e-01 -6.718832458048246137e-01 1.462089719891989381e-01
1.337218771070587120e-01 -9.624382267066705632e-02 -8.634481824179361664e-02 1.001610781558163188e-01 7.190962710979353911e-01 -6.719342817169984272e-01 1.461938178213099682e-01
1.337547331477763335e-01 -9.617014639435869650e-02 -8.647511886418735028e-02 1.002557181831209565e-01 7.190392209915287269e-01 -6.719679927974805400e-01 1.462545941268422189e-01
1.337534641397223611e-01 -9.615916418564635082e-02 -8.647322299326964945e-02 1.001529113079269034e-01 7.190549192632589293e-01 -6.719886617434592813e-01 1.461528512485796294e-01
1.336997357200571668e-01 -9.620611892561158063e-02 -8.635112843061101828e-02 1.001662824572749910e-01 7.190691831599216322e-01 -6.719647052663002551e-01 1.461836535484959954e-01
1.337368030569939525e-01 -9.612141585752986828e-02 -8.650825884276808209e-02 1.002620574161509764e-01 7.190224931975012224e-01 -6.719891249500998809e-01 1.462353926637755819e-01
1.337368030569939525e-01 -9.612141585752986828e-02 -8.650825884276808209e-02 1.002620574161509764e-01 7.190224931975012224e-01 -6.719891249500998809e-01 1.462353926637755819e-01
1.337348392026729282e-01 -9.610490520670285364e-02 -8.650544838765011901e-02 1.001072551471843541e-01 7.190465807581361002e-01 -6.720203562957948185e-01 1.460794061153136980e-01
1.336770061106292984e-01 -9.609172154757952833e-02 -8.635803278449118159e-02 1.001583807614844779e-01 7.190465982140386014e-01 -6.719969260721719850e-01 1.461520431249876129e-01
1.336816363141210551e-01 -9.610338075827939974e-02 -8.636515543625516989e-02 1.002746027241881166e-01 7.189143267804406490e-01 -6.721028974730347549e-01 1.462357343698287848e-01
1.336801554689835969e-01 -9.609241472176170695e-02 -8.636326952752054753e-02 1.001726068788084262e-01 7.189312015323857663e-01 -6.721236774878456277e-01 1.461271311376443338e-01
1.337401288808104105e-01 -9.604420778723520014e-02 -8.652324827694032883e-02 1.002801484192885617e-01 7.188563076428604592e-01 -6.721747499263607262e-01 1.461868884562255444e-01
1.336901440240144123e-01 -9.608355612841411320e-02 -8.639827964509130820e-02 1.002741147054933002e-01 7.188346585908634845e-01 -6.721936424074292926e-01 1.462106105438971959e-01
1.336894084787541848e-01 -9.607917262910745104e-02 -8.639758836078756388e-02 1.002348010905975001e-01 7.188420809743382156e-01 -6.722018317375192398e-01 1.461634177198078421e-01
1.337555314480056434e-01 -9.606839364730991593e-02 -8.652772522790055931e-02 1.002835933559979437e-01 7.187926436753085957e-01 -6.722474176881583219e-01 1.461634212567298197e-01
1.337555314480056434e-01 -9.606839364730991593e-02 -8.652772522790055931e-02 1.002835933559979437e-01 7.187926436753085957e-01 -6.722474176881583219e-01 1.461634212567298197e-01
1.337039846175948898e-01 -9.604783496192520476e-02 -8.638805947117991768e-02 1.002003234662476039e-01 7.188034814937779293e-01 -6.722630197349400705e-01 1.460954566937076038e-01
1.337379181289819474e-01 -9.595755268783592862e-02 -8.653346463934671884e-02 1.003072010925784158e-01 7.187236682654298825e-01 -6.723212800629124741e-01 1.461466744699447817e-01
1.337080400121029855e-01 -9.594416655833055974e-02 -8.644117541354943979e-02 1.002745840629764296e-01 7.187426420472939892e-01 -6.723097154257762220e-01 1.461289459278496405e-01
1.337523926685716402e-01 -9.588283525511656635e-02 -8.657551272807471887e-02 1.003305579782283879e-01 7.186677434071603310e-01 -6.723811433949345995e-01 1.461302560346686708e-01
1.337094285188107634e-01 -9.588048791252354319e-02 -8.645319722298752674e-02 1.003845050012760892e-01 7.186670015388426647e-01 -6.723540689949302207e-01 1.462214004883631291e-01
1.337080095428195559e-01 -9.587049717765148971e-02 -8.645151577574236579e-02 1.002905959010702702e-01 7.186833103597464190e-01 -6.723736422567114790e-01 1.461156424980178392e-01
1.337238561589689512e-01 -9.576727501542504906e-02 -8.657076800768458147e-02 1.003238324048059960e-01 7.186763519806418365e-01 -6.723720096811774960e-01 1.461345624850722558e-01
1.336747972237715132e-01 -9.577762024635552707e-02 -8.643977643567256341e-02 1.003716226103300579e-01 7.186552322704263807e-01 -6.723673951414137484e-01 1.462268116853364663e-01
1.336734738841753867e-01 -9.576833274023399678e-02 -8.643821160650345947e-02 1.002842680119322705e-01 7.186704754885240298e-01 -6.723853739640996974e-01 1.461291282721133011e-01
1.336290767440746485e-01 -9.566652507807453520e-02 -8.640532352627144919e-02 1.003407002858811153e-01 7.186262157074591039e-01 -6.724122664078358014e-01 1.461843013062381902e-01
1.336502680863026760e-01 -9.555870725585008385e-02 -8.653312549032965428e-02 1.003345507310490353e-01 7.185886051769049265e-01 -6.724618364953103278e-01 1.461453827421967111e-01
1.335789590332204790e-01 -9.562937051545682132e-02 -8.639928925209189314e-02 1.003300838615431012e-01 7.185736265354731866e-01 -6.724696698988633647e-01 1.461860478503600180e-01
1.335824324106802963e-01 -9.551135259337470429e-02 -8.650869128832477939e-02 1.003764378476543900e-01 7.185141720047121261e-01 -6.725241853549546178e-01 1.461956752645355018e-01
1.335171810578208162e-01 -9.549477076672580056e-02 -8.635265216834875357e-02 1.003716450125175103e-01 7.185028006709704984e-01 -6.725287099656620526e-01 1.462340335810208558e-01
1.335165986575873320e-01 -9.548844305125619991e-02 -8.635142236736950694e-02 1.003079457847375483e-01 7.185114824443706860e-01 -6.725414498645839734e-01 1.461764817680407391e-01
1.335503689716046327e-01 -9.541005573116158323e-02 -8.647658547135542162e-02 1.003576324423009342e-01 7.184821080678841509e-01 -6.725605185146246168e-01 1.461990250728250340e-01
1.334817713474268641e-01 -9.543754608249391258e-02 -8.633600866855636879e-02 1.003211577152085116e-01 7.184796329376264001e-01 -6.725700594488069894e-01 1.461923305153933206e-01
1.335250337106687335e-01 -9.537930944363008645e-02 -8.647372103118056152e-02 1.003779334688794239e-01 7.184265147562430842e-01 -6.726186419089627000e-01 1.461908886499341531e-01
1.334651774988017681e-01 -9.544910336206348378e-02 -8.636461813710301361e-02 1.003971967128449994e-01 7.184318624679054688e-01 -6.726008982369207079e-01 1.462330112320266995e-01
1.334640942290973298e-01 -9.543891699524403860e-02 -8.636269704192450769e-02 1.002955198678492227e-01 7.184465433603696161e-01 -6.726213944896264341e-01 1.461363496971398446e-01
1.335098520354904006e-01 -9.540889402765852234e-02 -8.647664287153243590e-02 1.003411081245983161e-01 7.184422111938679745e-01 -6.726186985136128893e-01 1.461387614736305574e-01
1.334425328685244216e-01 -9.546214066454047908e-02 -8.634477007978300089e-02 1.003946868822722938e-01 7.184237589729627338e-01 -6.726125874344854871e-01 1.462207803756209734e-01
1.334413944932306695e-01 -9.545271215865236414e-02 -8.634302761894543932e-02 1.003013720124318608e-01 7.184380338727511806e-01 -6.726315616876702430e-01 1.461273707389725007e-01
1.334963911750577659e-01 -9.539346070763470020e-02 -8.649332780956574263e-02 1.003644709217988706e-01 7.183727365775859353e-01 -6.726904410141220092e-01 1.461340305570326403e-01
1.334782731521714227e-01 -9.538747211702458539e-02 -8.641331894255936674e-02 1.004236767173712352e-01 7.183568026959838981e-01 -6.726795561941484314e-01 1.462217625848207525e-01
1.334770588675469605e-01 -9.537771380595076731e-02 -8.641156930674664949e-02 1.003278031887761129e-01 7.183719762136870912e-01 -6.726991451908623798e-01 1.461228789671175088e-01
1.335367098001141450e-01 -9.533364270472526047e-02 -8.655640500738909227e-02 1.003867767734592520e-01 7.183127963146472839e-01 -6.727508576100513782e-01 1.461352294438550969e-01
1.334786158592478900e-01 -9.534585914291071607e-02 -8.643511605226902872e-02 1.004354611400489206e-01 7.183235142506287918e-01 -6.727136855093381884e-01 1.462201913165742106e-01
1.334773519966064026e-01 -9.533595479922229998e-02 -8.643335866178303295e-02 1.003385642555456592e-01 7.183392039053393407e-01 -6.727335475062313774e-01 1.461182217092044655e-01
1.335286277811412736e-01 -9.526993854781405646e-02 -8.658273520757081565e-02 1.003948095031230309e-01 7.182883880764193707e-01 -6.727813925152653640e-01 1.461091087668080768e-01
1.334808527836355563e-01 -9.526663139183901008e-02 -8.645906239787840009e-02 1.004421683747961092e-01 7.182741697935568492e-01 -6.727723355668172589e-01 1.461881401328974928e-01
1.334796543374995870e-01 -9.525664032706163131e-02 -8.645726710950460414e-02 1.003437132970312479e-01 7.182896749283534943e-01 -6.727924978892355634e-01 1.460867443577492375e-01
1.334967214519177936e-01 -9.517652967166322087e-02 -8.656119833546264963e-02 1.003769219055172801e-01 7.182840840762848567e-01 -6.727909566668069941e-01 1.460985172369277940e-01
1.334388124165546696e-01 -9.519083310832701650e-02 -8.644213832859005964e-02 1.004287021301892846e-01 7.182930076418636567e-01 -6.727547460920950684e-01 1.461857810178956718e-01
1.334375642396940786e-01 -9.518195607132932945e-02 -8.644061554302159833e-02 1.003432639713922464e-01 7.183075735322652644e-01 -6.727724867796047725e-01 1.460912051224965980e-01
1.334911470833976821e-01 -9.515493163683877431e-02 -8.656572678688551070e-02 1.004045318839687645e-01 7.182611114018633280e-01 -6.728130744295768295e-01 1.460906318062247522e-01
1.334641496762040969e-01 -9.514807889025372889e-02 -8.646556202724300921e-02 1.004591224986730175e-01 7.182321129365635271e-01 -6.728161164652995962e-01 1.461816338601689691e-01
1.334626627557760348e-01 -9.513934473743082543e-02 -8.646418355998580774e-02 1.003778966188670213e-01 7.182477989107540761e-01 -6.728334052988887981e-01 1.460807514497729220e-01
1.334974737432394198e-01 -9.506174451317768448e-02 -8.659293240621349086e-02 1.004347033646914855e-01 7.181818082015973825e-01 -6.728966983780335642e-01 1.460746180562253749e-01
1.334322329087240522e-01 -9.510350345139596817e-02 -8.646217381882491393e-02 1.005029126777992332e-01 7.181607787614540106e-01 -6.728904520341147943e-01 1.461598438468834360e-01
1.334311882515036018e-01 -9.509414410159491848e-02 -8.646043804038930358e-02 1.004090378169002346e-01 7.181750837098926921e-01 -6.729094393808453534e-01 1.460666308748488351e-01
1.334572130308178117e-01 -9.501465625515287394e-02 -8.656793820222866143e-02 1.004647586588177932e-01 7.180979350315397358e-01 -6.729811739873462484e-01 1.460771283592241510e-01
1.333931356973406535e-01 -9.505513684916878925e-02 -8.643879114998953561e-02 1.005210876671332326e-01 7.180763300937124116e-01 -6.729768251138426027e-01 1.461645919949665084e-01
1.333919664782461934e-01 -9.504617997591502387e-02 -8.643719847340600171e-02 1.004326281884672378e-01 7.180908194170145808e-01 -6.729948940552461512e-01 1.460709924650535618e-01
1.333986925067900120e-01 -9.495965664468528078e-02 -8.652984414175039773e-02 1.004685401275284273e-01 7.181156502350179993e-01 -6.729599012345118814e-01 1.460854430209134192e-01
1.333708622343954264e-01 -9.496784749609001042e-02 -8.643779159341924423e-02 1.005209569583621343e-01 7.180815034342264980e-01 -6.729705385876562085e-01 1.461682107397362096e-01
1.333695308553454473e-01 -9.495814774061109298e-02 -8.643607644223119668e-02 1.004255711185913919e-01 7.180973893406279451e-01 -6.729902032575626469e-01 1.460651580871487887e-01
1.334057626291758614e-01 -9.493626764774937277e-02 -8.652463265094717526e-02 1.004748687100285864e-01 7.180842540940950425e-01 -6.729952671731979086e-01 1.460724996099732609e-01
1.333922880709989267e-01 -9.494833125998197731e-02 -8.646535329253038360e-02 1.005351481953928039e-01 7.180770695356234468e-01 -6.729767942209561316e-01 1.461514304567241851e-01
1.333910770844609350e-01 -9.493897978395188231e-02 -8.646367505442917323e-02 1.004421913376427472e-01 7.180922509985930846e-01 -6.729958526848695000e-01 1.460529613668660742e-01
1.334004876625752567e-01 -9.484366700979135478e-02 -8.657069825711606603e-02 1.004891494314970740e-01 7.180759623031014449e-01 -6.730047642483254489e-01 1.460596813226183455e-01
1.333432458124897690e-01 -9.486231730887857705e-02 -8.645588268057637082e-02 1.005420676987510836e-01 7.180800334104279203e-01 -6.729753485847717043e-01 1.461387643212552490e-01
1.333420371975002627e-01 -9.485271528660310647e-02 -8.645412855325888823e-02 1.004459453281716097e-01 7.180955653438211295e-01 -6.729947918189472800e-01 1.460389718028706763e-01
1.333569966133685003e-01 -9.477471925383078311e-02 -8.655608339444921528e-02 1.004865399290505029e-01 7.180848201703604605e-01 -6.729996908146694823e-01 1.460413040798644868e-01
1.333080422520585284e-01 -9.481901236227903429e-02 -8.645394610103643296e-02 1.005382653017772021e-01 7.180436586638189178e-01 -6.730179867499409552e-01 1.461237522576082914e-01
1.333068195260238287e-01 -9.481027131068305025e-02 -8.645239447232806740e-02 1.004514998590197855e-01 7.180582345761772345e-01 -6.730357852745944003e-01 1.460297903621967930e-01
1.333320745804747465e-01 -9.473485231415021413e-02 -8.656504674541549982e-02 1.005024012407612355e-01 7.180186954950271705e-01 -6.730690456544243805e-01 1.460358861592007118e-01
1.332688823728702121e-01 -9.476788159122848110e-02 -8.643925488224839249e-02 1.005533413414813615e-01 7.179863745237716754e-01 -6.730784894745746039e-01 1.461161816839548211e-01
1.332678812235997545e-01 -9.475874368513099999e-02 -8.643749412881360228e-02 1.004590117980747183e-01 7.180002616439502550e-01 -6.730974562127289840e-01 1.460254281545731170e-01
1.333179075250927326e-01 -9.468972307636433494e-02 -8.658139371832423992e-02 1.005072655340033955e-01 7.179414152947765082e-01 -6.731535190781617883e-01 1.460231267029208357e-01
1.332828388725494639e-01 -9.467938179673726640e-02 -8.648238308268443864e-02 1.005745772408576932e-01 7.179213319550229455e-01 -6.731468918352240260e-01 1.461060489826676301e-01
1.332820487417716859e-01 -9.466954831757244671e-02 -8.648037710243958176e-02 1.004699442666602272e-01 7.179350597422409219e-01 -6.731676045774787065e-01 1.460151240090503955e-01
1.333183473201373093e-01 -9.459710386110020686e-02 -8.661094222587044367e-02 1.005177651267186723e-01 7.179023198341030199e-01 -6.731941367118019492e-01 1.460208627819824245e-01
1.332728331051805104e-01 -9.460453414449505882e-02 -8.651289747012673448e-02 1.005719804712016940e-01 7.179210861870241045e-01 -6.731471429225315273e-01 1.461078872866777290e-01
1.332716094610028879e-01 -9.459572679192182476e-02 -8.651136392350104731e-02 1.004844541275575764e-01 7.179358353700914241e-01 -6.731652615895168390e-01 1.460121274389677981e-01
1.333245763959359231e-01 -9.453788632480035481e-02 -8.665105637257562721e-02 1.005440624009025785e-01 7.178832234043637239e-01 -6.732119069549987733e-01 1.460147163970049733e-01
1.332864990258486593e-01 -9.454764952639681252e-02 -8.656010931504007355e-02 1.005946932886540857e-01 7.178794287229723903e-01 -6.731915500853565826e-01 1.460923351590195929e-01
1.332855674888445141e-01 -9.453782064594729029e-02 -8.655820202638153660e-02 1.004918328515488068e-01 7.178940438336907093e-01 -6.732121552778009832e-01 1.459963264759263080e-01
1.333230217118843985e-01 -9.447214810148096831e-02 -8.667883557509252490e-02 1.005476346244402186e-01 7.178295086929236124e-01 -6.732733396296211037e-01 1.459930812233342090e-01
1.332944275172913140e-01 -9.446986369480712964e-02 -8.660193908338822966e-02 1.005963792095735942e-01 7.178461715826404133e-01 -6.732309373690945620e-01 1.460730892505535672e-01
1.332930862391934757e-01 -9.446072644957619058e-02 -8.660041751034384949e-02 1.005066235786391537e-01 7.178621836142444756e-01 -6.732495807215032046e-01 1.459702230310361837e-01
1.333368918296083394e-01 -9.440375374651970020e-02 -8.672012835664850983e-02 1.006031854059273728e-01 7.177983906548734971e-01 -6.732881423378402896e-01 1.460395386418154584e-01
1.332986376163983744e-01 -9.443330648994152643e-02 -8.663417979213489106e-02 1.006090011591763700e-01 7.177830040826810309e-01 -6.732975069296485149e-01 1.460679810845434135e-01
1.333578809121126196e-01 -9.441635721684116245e-02 -8.675131769382919689e-02 1.006575440363848412e-01 7.177440151682596969e-01 -6.733305018319513113e-01 1.460740319887174898e-01
1.333572187813577281e-01 -9.441176710299581387e-02 -8.675058798739690435e-02 1.006123062348416031e-01 7.177520431644039967e-01 -6.733400458402951649e-01 1.460217485007598570e-01
1.332980621206860117e-01 -9.446051813155034726e-02 -8.664895797707841685e-02 1.006185114822468196e-01 7.177588201250943989e-01 -6.733268174144760865e-01 1.460451581882196703e-01
1.333621733940657805e-01 -9.448076210725413204e-02 -8.674005809108251142e-02 1.006633038409209674e-01 7.177488281747631538e-01 -6.733289854181780942e-01 1.460534022517506192e-01
1.333616172604152605e-01 -9.447621981095967458e-02 -8.673927200027331530e-02 1.006170731178336886e-01 7.177564346268517914e-01 -6.733384685405682246e-01 1.460041503944071450e-01
1.333031808387346584e-01 -9.450647075589925505e-02 -8.663286703916989184e-02 1.006209076551334014e-01 7.177683955497360380e-01 -6.733191394744609815e-01 1.460318448489434096e-01
1.333634891004836232e-01 -9.449965490408988866e-02 -8.674270373022641145e-02 1.006646497200867629e-01 7.177321994178278430e-01 -6.733483032756233388e-01 1.460451323783814870e-01
1.333625296509857172e-01 -9.448984496017803769e-02 -8.674086137676983999e-02 1.005614826876804757e-01 7.177475875308925168e-01 -6.733691150154457183e-01 1.459445913234010406e-01
1.332952827077141800e-01 -9.453041344254360656e-02 -8.662115532326490619e-02 1.006138132579549316e-01 7.177123478714769744e-01 -6.733828017833686230e-01 1.460186582491626583e-01
1.333410348541666235e-01 -9.448295964587129225e-02 -8.674220951081575148e-02 1.006712934376263052e-01 7.176834919070512742e-01 -6.734031643193892913e-01 1.460269646549236522e-01
1.333398408469773644e-01 -9.447448126196339446e-02 -8.674080833544957347e-02 1.005859829697224594e-01 7.176984582538982194e-01 -6.734210142179938297e-01 1.459298484190283129e-01
1.332722003141490752e-01 -9.451945188085494887e-02 -8.662359372526329260e-02 1.006308679932383654e-01 7.176732546284729786e-01 -6.734235008895788077e-01 1.460113572552685923e-01
1.333260348015391505e-01 -9.450000663851017280e-02 -8.673625751828240027e-02 1.006863466808516072e-01 7.176328967594279851e-01 -6.734593972353286606e-01 1.460059086344222268e-01
1.333251340352179515e-01 -9.449146595187664366e-02 -8.673467355132555290e-02 1.005963441734751274e-01 7.176465728437859681e-01 -6.734777294645263312e-01 1.459161400935711228e-01
1.332594847629087198e-01 -9.452225661908614240e-02 -8.661412107743662880e-02 1.006398873274357286e-01 7.176311676036734033e-01 -6.734694310799813621e-01 1.460001567235994502e-01
1.332909945290224607e-01 -9.448389323870855228e-02 -8.669487778571403902e-02 1.006790001631201470e-01 7.175934517032790394e-01 -6.735020373237534663e-01 1.460081597702045375e-01
1.332900685389046269e-01 -9.447564053003371098e-02 -8.669334715214220555e-02 1.005921790000356975e-01 7.176069814320640283e-01 -6.735196341993697766e-01 1.459203072637020038e-01
1.332251589394651548e-01 -9.450528675394560818e-02 -8.657346827925341270e-02 1.006393721564778077e-01 7.175907800070537856e-01 -6.735108657974709923e-01 1.460078863402906602e-01
1.332822671528417768e-01 -9.448828007476768598e-02 -8.668515395184149541e-02 1.006889201546383728e-01 7.175637106038162960e-01 -6.735312222156508710e-01 1.460128599927647819e-01
1.332814822979467295e-01 -9.447933172629856269e-02 -8.668336179587515788e-02 1.005915918923920155e-01 7.175772153467787629e-01 -6.735509103183703328e-01 1.459227290897886220e-01
1.332242786593308415e-01 -9.449871905638669578e-02 -8.657099340937429721e-02 1.006341307259051576e-01 7.175876595998486041e-01 -6.735148111394532178e-01 1.460086356995365930e-01
1.332411606977927654e-01 -9.446538986309149788e-02 -8.663497038730927358e-02 1.006584505974877503e-01 7.176461454271445550e-01 -6.734456605581181643e-01 1.460233835805582470e-01
1.332402026645353177e-01 -9.445719494128093641e-02 -8.663341584107914217e-02 1.005716310146904241e-01 7.176597914571657411e-01 -6.734632799550448468e-01 1.459348529752066692e-01
1.331944787203560576e-01 -9.446838040468612252e-02 -8.652995566267915328e-02 1.006189443518890753e-01 7.176444029188856488e-01 -6.734544167781648660e-01 1.460187916628857552e-01
1.332508908400218683e-01 -9.445153268973624505e-02 -8.664075826635571353e-02 1.006687393488056026e-01 7.176242892208229973e-01 -6.734708929900991015e-01 1.460073310945353142e-01
1.332500291491474920e-01 -9.444270846556347687e-02 -8.663899040519244810e-02 1.005731876788129309e-01 7.176382665836863461e-01 -6.734901144757687863e-01 1.459157906406986227e-01
1.332246351759104053e-01 -9.442324027205160897e-02 -8.654739086205123777e-02 1.006300954139638382e-01 7.176062123810152960e-01 -6.734973033855869984e-01 1.460009937688515613e-01
1.332617935506968110e-01 -9.436270194697940483e-02 -8.666810027916015124e-02 1.006835866908854932e-01 7.175791648509914911e-01 -6.735189701567891873e-01 1.459971040183692115e-01
1.332608658291118686e-01 -9.435264057694522921e-02 -8.666605002221837439e-02 1.005738466740876969e-01 7.175948423967742906e-01 -6.735411542602582902e-01 1.458933070722726599e-01
1.331965711698768762e-01 -9.436297516991992707e-02 -8.654180357669660761e-02 1.006135266598921774e-01 7.175941829842032993e-01 -6.735171382789501004e-01 1.459800371449009593e-01
1.332610666079312167e-01 -9.436414723209572697e-02 -8.664832534457737878e-02 1.006573687441941062e-01 7.175566106173518754e-01 -6.735480323763187727e-01 1.459919612815138990e-01
1.332599928973201564e-01 -9.435500295082756284e-02 -8.664657177237106156e-02 1.005603609566386586e-01 7.175721528283629524e-01 -6.735678547861373433e-01 1.458909328517025705e-01
1.332302535639606489e-01 -9.437511787098690208e-02 -8.657389893300769523e-02 1.006190474218723041e-01 7.175692722616433539e-01 -6.735442171799757016e-01 1.459737452599766117e-01
1.332778983579760990e-01 -9.434286630990261491e-02 -8.668562535749138598e-02 1.006667111810784082e-01 7.175270988173801934e-01 -6.735793931393397882e-01 1.459858789771718013e-01
1.332771825731402238e-01 -9.433387542951396365e-02 -8.668374326723007894e-02 1.005673445929904097e-01 7.175410011447607150e-01 -6.735990830541078722e-01 1.458951547733997045e-01
1.332319415892874725e-01 -9.441798159394779177e-02 -8.661389650342388169e-02 1.006190208808263736e-01 7.175143539902344436e-01 -6.736029944761944277e-01 1.459724983949527988e-01
1.332767844677893165e-01 -9.436812548614106899e-02 -8.672349016249129849e-02 1.006710337278810263e-01 7.174523408298831839e-01 -6.736573975441534357e-01 1.459903844091078040e-01
1.332758271460831867e-01 -9.435985030095798975e-02 -8.672193531068196626e-02 1.005824063811393693e-01 7.174665076353763382e-01 -6.736755123093290942e-01 1.458982318701598224e-01
1.332173888149190133e-01 -9.438507984022595498e-02 -8.661372411208877187e-02 1.006289977105319783e-01 7.174739055391872178e-01 -6.736415100295957137e-01 1.459866968431212386e-01
1.332621963174455137e-01 -9.433945091061668453e-02 -8.672964706945568425e-02 1.006893914240236665e-01 7.174471588659382393e-01 -6.736610826293331078e-01 1.459861857866281143e-01
1.332614644134108850e-01 -9.432983960877240615e-02 -8.672761657742694696e-02 1.005816577433596842e-01 7.174617447491754563e-01 -6.736826776384663429e-01 1.458890838854394467e-01
1.332055112820750287e-01 -9.436196957564314813e-02 -8.663166610533458434e-02 1.006375700605305623e-01 7.174514672873690824e-01 -6.736675476736138091e-01 1.459709107696876285e-01
1.332647012783430840e-01 -9.433048531880151855e-02 -8.675368434626165581e-02 1.006853306052917230e-01 7.174001548611343981e-01 -6.737136275444787215e-01 1.459774984954284316e-01
1.332640621219625121e-01 -9.432084202914672866e-02 -8.675160641282687879e-02 1.005758834842231386e-01 7.174145072914495103e-01 -6.737353770575313927e-01 1.458820005699145161e-01
1.332293729590244002e-01 -9.430153318892578462e-02 -8.666012537013925709e-02 1.006254857492636379e-01 7.174108352755211859e-01 -6.737141157433764738e-01 1.459640205500117582e-01
1.332775810623400559e-01 -9.424014059178630054e-02 -8.678987957216363625e-02 1.006781982302101947e-01 7.173599094387207442e-01 -6.737591244972263027e-01 1.459702123308719568e-01
1.332273958549238246e-01 -9.429360384889927393e-02 -8.670274775518248267e-02 1.006825639496340130e-01 7.173368138468338984e-01 -6.737757151859652405e-01 1.460041178948094098e-01
1.332266842432588139e-01 -9.428946907145165091e-02 -8.670207454396995639e-02 1.006406443647790833e-01 7.173450190375247892e-01 -6.737846153674578176e-01 1.459516236909412790e-01
1.332851045811077606e-01 -9.425889091828529298e-02 -8.682325317835197509e-02 1.007064696602261722e-01 7.172950442094312429e-01 -6.738257100948288336e-01 1.459621147296916166e-01
1.332750364543286992e-01 -9.424841346809301190e-02 -8.677097117432305828e-02 1.007163973725869882e-01 7.173066804604769642e-01 -6.738063380128821445e-01 1.459875074132298001e-01
1.332747657988633538e-01 -9.424402144398189018e-02 -8.677001285821642207e-02 1.006663362672385320e-01 7.173132530251119521e-01 -6.738161757849132627e-01 1.459443285217263131e-01
1.333072857348525375e-01 -9.419045096273857831e-02 -8.687035426915440395e-02 1.007197568561313122e-01 7.172857266517113084e-01 -6.738352727890012384e-01 1.459545890540634994e-01
1.332584677986002608e-01 -9.421153153657658985e-02 -8.677210554374992224e-02 1.007241837704093423e-01 7.172705999582940084e-01 -6.738433391237959036e-01 1.459886281795498009e-01
1.332580233723327789e-01 -9.420735786901174302e-02 -8.677128585050321308e-02 1.006785816560958058e-01 7.172776371820450692e-01 -6.738526523531139789e-01 1.459425137200689171e-01
1.332970274548719858e-01 -9.415431403929032383e-02 -8.688590872854151659e-02 1.007310881879686093e-01 7.172511774606562529e-01 -6.738720709946161014e-01 1.459466623023528975e-01
1.332394520211212519e-01 -9.419227717072702066e-02 -8.679078461452294224e-02 1.007374710677097218e-01 7.172510847360717978e-01 -6.738621146726820887e-01 1.459886768782834299e-01
1.332388316372332127e-01 -9.418787006169361542e-02 -8.678999530957287600e-02 1.006906875800849671e-01 7.172592167083678971e-01 -6.738719466089883037e-01 1.459356058505294207e-01
1.332903939403064786e-01 -9.416328029033500802e-02 -8.689702612186832320e-02 1.007478265216865398e-01 7.172392838778081092e-01 -6.738836098467068103e-01 1.459402805724889784e-01
1.332707631056553599e-01 -9.416859857299281211e-02 -8.683133030754119908e-02 1.007616098048606246e-01 7.172320673134775504e-01 -6.738810057541434473e-01 1.459782507449383926e-01
1.332704326532647421e-01 -9.416437089355973733e-02 -8.683043335727616552e-02 1.007136670139547052e-01 7.172387146825898174e-01 -6.738906029817801624e-01 1.459343641844555173e-01
1.333064320229436495e-01 -9.410396474738295935e-02 -8.693912397252334667e-02 1.007658519826280935e-01 7.171827356458140290e-01 -6.739420206562255489e-01 1.459360118668635020e-01
1.332697256726444734e-01 -9.415698759063882706e-02 -8.687929245475235762e-02 1.007787713186328454e-01 7.171863731662291297e-01 -6.739295316767102140e-01 1.459668857316177015e-01
1.332692132256081408e-01 -9.415278857502948351e-02 -8.687851355253906060e-02 1.007331706329636090e-01 7.171939126654572894e-01 -6.739389023328912209e-01 1.459180451218437813e-01
1.333081333868783580e-01 -9.408942466096228974e-02 -8.698789143951814185e-02 1.007763877979886424e-01 7.171402031257950727e-01 -6.739839674093939248e-01 1.459440317319478653e-01
1.332396451615555366e-01 -9.412824772661262940e-02 -8.687664603439224087e-02 1.007740769730409436e-01 7.171280545652810590e-01 -6.739875202389945530e-01 1.459889082353095224e-01
1.332392008902578973e-01 -9.412393638725727318e-02 -8.687579104321191403e-02 1.007260171961133488e-01 7.171353040607797436e-01 -6.739973257615629043e-01 1.459411867696124576e-01
1.332383728269543877e-01 -9.411626257941559104e-02 -8.687429656970110936e-02 1.006408247114085192e-01 7.171484785595516609e-01 -6.740147207829788600e-01 1.458548602857341892e-01
1.332332166145093755e-01 -9.416462562272920334e-02 -8.688850835732461753e-02 1.007987725281859481e-01 7.170423705764785716e-01 -6.740753751532556626e-01 1.459871051390249919e-01
1.332329128089038417e-01 -9.416015865119659045e-02 -8.688752813843556022e-02 1.007466372804475818e-01 7.170492007438274973e-01 -6.740857318951760657e-01 1.459417172869530988e-01
1.332809339705383900e-01 -9.411868417786913021e-02 -8.699988363005672909e-02 1.007918154723086851e-01 7.170375107657517288e-01 -6.740885908396730963e-01 1.459547525380185395e-01
1.332363938803735603e-01 -9.415911789718944824e-02 -8.692003610578348527e-02 1.007943786086547833e-01 7.170311181109393361e-01 -6.740858935272702190e-01 1.459968391747342997e-01
1.332358170088812355e-01 -9.415520269208456361e-02 -8.691936052643839394e-02 1.007522544773318818e-01 7.170386096937610976e-01 -6.740946973468799897e-01 1.459484649970361758e-01
1.332893643137629258e-01 -9.411258105359041060e-02 -8.703989906682213507e-02 1.008056202637998555e-01 7.169958515151585443e-01 -6.741305124806298288e-01 1.459562536374746367e-01
1.332512790150850723e-01 -9.411598871775049557e-02 -8.695518868302445914e-02 1.008024614363195737e-01 7.170023117320706296e-01 -6.741173236939377311e-01 1.459876112379692448e-01
1.332510911803490017e-01 -9.411140146230466408e-02 -8.695411522058313358e-02 1.007474127199913666e-01 7.170087997747147668e-01 -6.741281126707088234e-01 1.459439193076523533e-01
1.332708676786635016e-01 -9.404440997999298502e-02 -8.704405314695742857e-02 1.007811014081780032e-01 7.170046010439773410e-01 -6.741237632460439499e-01 1.459613767669826478e-01
1.332240461216746275e-01 -9.403346908390723680e-02 -8.693859368694049905e-02 1.007695135877858528e-01 7.169972691760184702e-01 -6.741224271076359242e-01 1.460115556931143588e-01
1.332236288032228877e-01 -9.402916054544099844e-02 -8.693771099565415772e-02 1.007206458200409493e-01 7.170044498236320951e-01 -6.741323285440704582e-01 1.459642903262775848e-01
1.332779246274433949e-01 -9.398863940678531259e-02 -8.705718683567180427e-02 1.007835311853674531e-01 7.169534688467650296e-01 -6.741759789346967180e-01 1.459696981494526535e-01
1.332498440293340136e-01 -9.396522481655890380e-02 -8.696847424342483979e-02 1.007884321503453445e-01 7.169393483350459118e-01 -6.741811167282533157e-01 1.460119330761700807e-01
1.332491778602046817e-01 -9.396109890225801120e-02 -8.696779076610880455e-02 1.007449501466862463e-01 7.169476096426813383e-01 -6.741902686589553717e-01 1.459591096614142880e-01
1.332830961337387876e-01 -9.389433146268669206e-02 -8.708293954600460074e-02 1.008027837505641594e-01 7.169164833318502073e-01 -6.742119736800388230e-01 1.459718098185286417e-01
1.332333624243233761e-01 -9.390524302288624781e-02 -8.698724164740852249e-02 1.008032924995583418e-01 7.169447291025023983e-01 -6.741726682648592206e-01 1.460142629951882987e-01
1.332329870628647106e-01 -9.390102802734169585e-02 -8.698637035286851948e-02 1.007552970902560602e-01 7.169516618307949507e-01 -6.741823616315539835e-01 1.459685855628403972e-01
1.332672104990618722e-01 -9.383700686265232516e-02 -8.709994786211722184e-02 1.008082499291616391e-01 7.169261085366223085e-01 -6.742012699316553004e-01 1.459701999289529373e-01
1.331985361604738627e-01 -9.387501359107945642e-02 -8.699245538326634553e-02 1.008141116445115809e-01 7.169117970630215497e-01 -6.742095239637819759e-01 1.459983147907101264e-01
1.331978619998390734e-01 -9.387097235507650683e-02 -8.699179277599120019e-02 1.007714827701331195e-01 7.169199149662350834e-01 -6.742185826779488744e-01 1.459460398806794457e-01
1.332470911215067610e-01 -9.384090226118267652e-02 -8.708934109890117958e-02 1.008200492178354946e-01 7.168721449366407539e-01 -6.742603392518793370e-01 1.459542407797519425e-01
1.331879392340186707e-01 -9.388533728529854794e-02 -8.699733260353142983e-02 1.008172108768675690e-01 7.168734816891798589e-01 -6.742521147892907019e-01 1.459876259962180622e-01
1.331874800232301648e-01 -9.388126839941322854e-02 -8.699653789438324680e-02 1.007714379131191135e-01 7.168806366700444244e-01 -6.742614750910521648e-01 1.459408554055806884e-01
1.332281395031746363e-01 -9.385193989378752544e-02 -8.708320483777225174e-02 1.008110155746301112e-01 7.168601805039057639e-01 -6.742750744926147011e-01 1.459511721936416762e-01
1.331800634066711286e-01 -9.386777228825467223e-02 -8.700282524905536552e-02 1.008139863599595010e-01 7.168884060804234792e-01 -6.742397367419504794e-01 1.459737331845324393e-01
1.331795356567082589e-01 -9.386359085046390438e-02 -8.700203641625077478e-02 1.007675233093177358e-01 7.168960966173110183e-01 -6.742492977755903949e-01 1.459238751887185770e-01
1.332097731602317203e-01 -9.381320379948300536e-02 -8.708743244412514573e-02 1.008189892857760811e-01 7.168349953701194099e-01 -6.743037961889029042e-01 1.459366686523646262e-01
1.331416186737394147e-01 -9.385030973101765595e-02 -8.698091888031300734e-02 1.008213324764568875e-01 7.168180389605077751e-01 -6.743135024883005757e-01 1.459734849225854947e-01
1.331412138188039496e-01 -9.384612685950152744e-02 -8.698004428219975603e-02 1.007731290046503109e-01 7.168251088261740067e-01 -6.743232115667978643e-01 1.459271947554511006e-01
1.331764334355788060e-01 -9.381067805547479987e-02 -8.706105597666539964e-02 1.008288327545022595e-01 7.167627168189484310e-01 -6.743772595772037359e-01 1.459454214041172038e-01
1.331194591202210231e-01 -9.383689933426656027e-02 -8.697007039983015164e-02 1.008302932863456847e-01 7.167707972771468761e-01 -6.743616943340238201e-01 1.459766465617610143e-01
1.331191825524917771e-01 -9.383247468987032658e-02 -8.696905235775864718e-02 1.007774742568096071e-01 7.167775654518269146e-01 -6.743721038222196817e-01 1.459317920597262841e-01
1.331757514592988301e-01 -9.380136368445153583e-02 -8.708310331585152053e-02 1.008342601490082036e-01 7.167387946646273100e-01 -6.744046511026435820e-01 1.459325829759091642e-01
1.331297280433264563e-01 -9.378934990482072631e-02 -8.698118065104269714e-02 1.008348692937998531e-01 7.167344483117046305e-01 -6.743999774545497150e-01 1.459751011204368787e-01
1.331294088994923464e-01 -9.378532585712380520e-02 -8.698029620705785558e-02 1.007876820971178589e-01 7.167409693019271000e-01 -6.744093881496305842e-01 1.459321871187617137e-01
1.331677834529518822e-01 -9.374652776362389639e-02 -8.707189907950593777e-02 1.008312698898048976e-01 7.167218113976727700e-01 -6.744190111591960024e-01 1.459516956609291927e-01
1.331168917565665466e-01 -9.378324076030471190e-02 -8.698624462734921847e-02 1.008339648084051743e-01 7.167015051507040768e-01 -6.744323738026234416e-01 1.459877981979697814e-01
1.331165467117049750e-01 -9.377940259054053096e-02 -8.698542165169659279e-02 1.007892517799464094e-01 7.167079076298389362e-01 -6.744413384792740107e-01 1.459458215118962510e-01
1.331608086330112461e-01 -9.374527183691258592e-02 -8.708936659615623688e-02 1.008492514512790150e-01 7.166855790768196233e-01 -6.744557790119222185e-01 1.459472897400334035e-01
1.331299667861112479e-01 -9.373273497097824036e-02 -8.701377028685583492e-02 1.008581421661787769e-01 7.167048881538996552e-01 -6.744276790603981331e-01 1.459761767285933098e-01
1.331294685472003136e-01 -9.372882136401088082e-02 -8.701302511634445569e-02 1.008143542483811300e-01 7.167121477825698639e-01 -6.744367821586152445e-01 1.459287157139068647e-01
1.331813671503980501e-01 -9.368509733412508367e-02 -8.713013579536749154e-02 1.008756319611700675e-01 7.166725566554661420e-01 -6.744692789579255221e-01 1.459306176075738926e-01
1.331332883082578800e-01 -9.370003909130376896e-02 -8.703757096857606124e-02 1.008802675468450649e-01 7.166583130934048862e-01 -6.744752612015461057e-01 1.459697089155774230e-01
1.331327939987035636e-01 -9.369636533998382255e-02 -8.703689514575482788e-02 1.008394593879737566e-01 7.166652812612043233e-01 -6.744837976220352527e-01 1.459242433953224505e-01
1.331871585819496828e-01 -9.365988609640349405e-02 -8.715207172078230646e-02 1.009119944245208400e-01 7.166175027998915592e-01 -6.745216691719347901e-01 1.459336900089217015e-01
1.331764540333435221e-01 -9.365241627770369559e-02 -8.710381903224392874e-02 1.009155798074882204e-01 7.166271491124202031e-01 -6.745044897038673382e-01 1.459632428950821958e-01
1.331759355635709630e-01 -9.364852073272442179e-02 -8.710311276071433517e-02 1.008724474851050434e-01 7.166346585822982451e-01 -6.745134764768925262e-01 1.459146514509575276e-01
1.332196893780357994e-01 -9.362115970398948717e-02 -8.719010119632465694e-02 1.009086332991141199e-01 7.166215100100158386e-01 -6.745191323367272229e-01 1.459280618262925044e-01
1.331506810685097186e-01 -9.364371297523269022e-02 -8.708081616877941245e-02 1.009123853745519939e-01 7.166175671772421207e-01 -6.745128508720436011e-01 1.459738569040946454e-01
1.331503236510164778e-01 -9.364007012160763255e-02 -8.708006847656987737e-02 1.008704444599742844e-01 7.166239223931477609e-01 -6.745214029488182383e-01 1.459321220714099865e-01
1.332035098722168520e-01 -9.360144978809085969e-02 -8.719447725275793204e-02 1.009283672800842524e-01 7.165868259784803351e-01 -6.745516037424812428e-01 1.459346408523692074e-01
1.331928229815474152e-01 -9.358706414866257983e-02 -8.714474689137227670e-02 1.009335394010468095e-01 7.165837943893166306e-01 -6.745490953534879486e-01 1.459575424579960257e-01
1.331920566825451901e-01 -9.358302899023693278e-02 -8.714415502531770719e-02 1.008913816359212623e-01 7.165928360457921587e-01 -6.745581711380199685e-01 1.459003433524852233e-01
1.332421260869536550e-01 -9.355636142087306317e-02 -8.723790107131926264e-02 1.009410741445969095e-01 7.165461146836517026e-01 -6.745986682770626075e-01 1.459081966207226855e-01
1.331821141613632187e-01 -9.355897692692013989e-02 -8.713118625507991488e-02 1.009331321733855785e-01 7.165648251569951555e-01 -6.745729517519837293e-01 1.459406966613863987e-01
1.331819102497241447e-01 -9.355490683874918834e-02 -8.713024110703479486e-02 1.008842127291693924e-01 7.165711325994396086e-01 -6.745825805475491599e-01 1.458990389583879610e-01
1.332260143374787431e-01 -9.351257383119337963e-02 -8.722871490240341474e-02 1.009351383351242276e-01 7.165258349021649265e-01 -6.746184804855940298e-01 1.459202917840181912e-01
1.331746837337108580e-01 -9.352593368642121707e-02 -8.714334447775418102e-02 1.009307956813763618e-01 7.165525196145027254e-01 -6.745843437529048803e-01 1.459500746169537788e-01
1.331743817928500440e-01 -9.352149948145366265e-02 -8.714236163003126479e-02 1.008782576701231365e-01 7.165597729810917471e-01 -6.745948435040680646e-01 1.459022480719480153e-01
1.331895511413737354e-01 -9.347557399666421574e-02 -8.721460051441691508e-02 1.009189855477761466e-01 7.165865416197993998e-01 -6.745609706066773015e-01 1.458992243281659884e-01
1.331504749555836031e-01 -9.348285807286539628e-02 -8.713567939757638214e-02 1.009279338161020445e-01 7.165778163902245534e-01 -6.745636159324408521e-01 1.459236557011250046e-01
1.331500648130249098e-01 -9.347878093271415334e-02 -8.713484386906283907e-02 1.008807895523922832e-01 7.165850812210576848e-01 -6.745732671912877398e-01 1.458759571059174975e-01
1.332041064530950503e-01 -9.344259814540828435e-02 -8.724834603118852838e-02 1.009425703929993368e-01 7.165499690029437652e-01 -6.746024093473824701e-01 1.458709316726307104e-01
1.331535166808290316e-01 -9.347902322516030149e-02 -8.717627279344450364e-02 1.009422340479642077e-01 7.165701749768121909e-01 -6.745776312267470765e-01 1.458864941234032930e-01
1.331531688491056076e-01 -9.347478878826383231e-02 -8.717536101138659288e-02 1.008921175733964309e-01 7.165773554484859975e-01 -6.745878351337891710e-01 1.458387018576280669e-01
1.331985864990344604e-01 -9.343573547103400934e-02 -8.727179884989894054e-02 1.009309065492210444e-01 7.165286231243146453e-01 -6.746327073880388214e-01 1.458437330467480531e-01
1.331383895380997273e-01 -9.346890183762654458e-02 -8.718213271121860730e-02 1.009459698094475888e-01 7.165263323322311750e-01 -6.746255474171531930e-01 1.458776782988313037e-01
1.331380352162824243e-01 -9.346513589457594584e-02 -8.718135291922426977e-02 1.009018489666845125e-01 7.165331040578468702e-01 -6.746343570186146277e-01 1.458341935021117974e-01
1.331836786856489541e-01 -9.343160885325953180e-02 -8.727601758374763097e-02 1.009472681225099255e-01 7.164900553723664300e-01 -6.746720191518550402e-01 1.458400362886140833e-01
1.331138641207844364e-01 -9.345957631377219132e-02 -8.717101164442313255e-02 1.009455318347683289e-01 7.164690169358441940e-01 -6.746867863753740480e-01 1.458762751925451184e-01
1.331132853391235604e-01 -9.345612247680115670e-02 -8.717044545179133963e-02 1.009077125413002374e-01 7.164764211035270502e-01 -6.746947597155931176e-01 1.458291903724407701e-01
1.331455928901309482e-01 -9.343573697472282169e-02 -8.723495987375246008e-02 1.009525846331446042e-01 7.164350160760706299e-01 -6.747302545108482263e-01 1.458373307616887271e-01
1.330755214734063718e-01 -9.347641294999507744e-02 -8.713465793436517282e-02 1.009507800290357915e-01 7.164091468317895783e-01 -6.747481993883639451e-01 1.458826301155744243e-01
1.330751598738444674e-01 -9.347230788749856523e-02 -8.713375435177914130e-02 1.009014872345845720e-01 7.164161875392230927e-01 -6.747582022459913675e-01 1.458358824410906640e-01
1.331143968438305847e-01 -9.344567477336568340e-02 -8.721697062104796783e-02 1.009530206006903491e-01 7.163943954239472278e-01 -6.747706523377630106e-01 1.458496643137148774e-01
1.330476533008218276e-01 -9.347091491112440031e-02 -8.711162876196246185e-02 1.009602739625900941e-01 7.163882068168995199e-01 -6.747672378136100324e-01 1.458908324345871144e-01
1.330470051025447187e-01 -9.346709824113134946e-02 -8.711097237685631878e-02 1.009178625240255700e-01 7.163963556489831852e-01 -6.747761784292768406e-01 1.458388002584293797e-01
1.331013764067382754e-01 -9.345546743904827036e-02 -8.720560697632998015e-02 1.009681263128281159e-01 7.163655153419570265e-01 -6.748010644371147393e-01 1.458403556367923737e-01
1.330578060285828035e-01 -9.347371440317522873e-02 -8.712623797373718337e-02 1.009607163807031138e-01 7.163625075402086928e-01 -6.747956853320417059e-01 1.458851417926432248e-01
1.330573115885002322e-01 -9.346921833799896884e-02 -8.712529575999261588e-02 1.009073971162388061e-01 7.163707866658443058e-01 -6.748066700671756513e-01 1.458305566465235015e-01
1.330883745963803988e-01 -9.344703156306195801e-02 -8.719516192155482570e-02 1.009391760138883959e-01 7.163540821662818248e-01 -6.748189412474354665e-01 1.458338377847596401e-01
1.330323130907868912e-01 -9.344764321714067734e-02 -8.709911054691997501e-02 1.009451059183317650e-01 7.163688874455058642e-01 -6.747930767710373923e-01 1.458766815947690476e-01
1.330319212794910944e-01 -9.344350722904774809e-02 -8.709819958954967412e-02 1.008954739972763442e-01 7.163762359385678069e-01 -6.748031145800491570e-01 1.458284898859596168e-01
1.330477648642573174e-01 -9.338374930877015034e-02 -8.717353410247588585e-02 1.009422170640860289e-01 7.163394565686908022e-01 -6.748312889919988455e-01 1.458464369618158174e-01
1.330016887121939495e-01 -9.338259012650504398e-02 -8.709232218642634638e-02 1.009398016517198543e-01 7.163729695398777242e-01 -6.747904507744830749e-01 1.458724528439100387e-01
1.330014522619225592e-01 -9.337864272120940945e-02 -8.709136475232909236e-02 1.008908582593455450e-01 7.163792823155358258e-01 -6.748001675438275448e-01 1.458303551102879403e-01
1.330442186924961911e-01 -9.334391740602002163e-02 -8.718617950474330525e-02 1.009533491349649814e-01 7.163306310344447203e-01 -6.748411603402170167e-01 1.458364037231368593e-01
1.329863376103633255e-01 -9.337721083642207265e-02 -8.709966806994866306e-02 1.009620390253501421e-01 7.163375733767952669e-01 -6.748258122801686909e-01 1.458673051951628330e-01
1.329859172496289377e-01 -9.337363863982582612e-02 -8.709893559181440537e-02 1.009200161059393280e-01 7.163444022766624064e-01 -6.748343345771954382e-01 1.458234156499640943e-01
1.330089949042478070e-01 -9.332904816860637665e-02 -8.717791865041378541e-02 1.009698327057754891e-01 7.163515602319799891e-01 -6.748192728153328268e-01 1.458234688709646454e-01
1.329576585175666903e-01 -9.331176058579368493e-02 -8.707378633404019852e-02 1.009638619853287650e-01 7.163599331622697575e-01 -6.748040146832122721e-01 1.458570755917416861e-01
1.329570337060307361e-01 -9.330778003538954535e-02 -8.707305807346439608e-02 1.009186469058929725e-01 7.163682427240550821e-01 -6.748135596886604137e-01 1.458033853634805310e-01
1.329981175388904868e-01 -9.328813233373076108e-02 -8.715278775024895563e-02 1.009670839911109008e-01 7.163332476875837740e-01 -6.748395752514059209e-01 1.458213766297410396e-01
1.329522146388651960e-01 -9.328758004725407060e-02 -8.705998936164567603e-02 1.009593540589329708e-01 7.163146343280688555e-01 -6.748524810924376727e-01 1.458584321828154118e-01
1.329518234524761089e-01 -9.328340807048332572e-02 -8.705905224406640386e-02 1.009087420019205011e-01 7.163220286195923769e-01 -6.748627986590112204e-01 1.458093964325643532e-01
1.329947864635985244e-01 -9.324695233596268229e-02 -8.716050217164843239e-02 1.009698582813839396e-01 7.163025261252071729e-01 -6.748722761690381100e-01 1.458190304579817242e-01
1.329731440458150338e-01 -9.324841801403467578e-02 -8.710337855362300374e-02 1.009729492811400342e-01 7.162836871568326602e-01 -6.748833376054649280e-01 1.458582313377916329e-01
1.329729537430312802e-01 -9.324425765640614872e-02 -8.710232843821648363e-02 1.009202429489039210e-01 7.162902493858456232e-01 -6.748936655248932714e-01 1.458146886711711721e-01
1.330072156497071612e-01 -9.321439443631375499e-02 -8.718501477687114198e-02 1.009851740788159230e-01 7.162536910815471281e-01 -6.749203970343621295e-01 1.458255886163672410e-01
1.329598414007964746e-01 -9.321681286747053596e-02 -8.709346491668366885e-02 1.009871816375828846e-01 7.162457219592521795e-01 -6.749204406936188949e-01 1.458631332924757718e-01
1.329594422137911902e-01 -9.321229409305210878e-02 -8.709243688881015966e-02 1.009320569295030501e-01 7.162536972106956501e-01 -6.749316893297614417e-01 1.458100677404095824e-01
1.330023482589403339e-01 -9.319582555847998051e-02 -8.717204878255077616e-02 1.009784934050456245e-01 7.162292408373649444e-01 -6.749492398407144211e-01 1.458168099967239728e-01
1.329379808937980190e-01 -9.319497722503758408e-02 -8.706107533541071475e-02 1.009701692236897597e-01 7.162340820541651665e-01 -6.749365480819995433e-01 1.458575356096535047e-01
1.329374088957323008e-01 -9.319083215938347986e-02 -8.706025195811922801e-02 1.009220414150379802e-01 7.162424985921258536e-01 -6.749465304555534173e-01 1.458033120101897007e-01
1.329902698917180270e-01 -9.318374902318855846e-02 -8.714649149552339269e-02 1.009554440445296769e-01 7.162599049262846629e-01 -6.749234779868387157e-01 1.458013915396928761e-01
1.329613048077291637e-01 -9.317322022674962012e-02 -8.706832218841228932e-02 1.009484894021828727e-01 7.162420676095458960e-01 -6.749342011441479272e-01 1.458441880903403043e-01
1.329606007267133683e-01 -9.316963388707877325e-02 -8.706774452997759206e-02 1.009093376842926659e-01 7.162503727303679568e-01 -6.749427003305897843e-01 1.457911533741951260e-01
1.330084679662279223e-01 -9.314877250045536239e-02 -8.715764101569382916e-02 1.009404762263557687e-01 7.162692820988908471e-01 -6.749172040834235942e-01 1.457947304018576418e-01
1.329950023753143640e-01 -9.314136259388856864e-02 -8.710432848135973849e-02 1.009448911403059840e-01 7.162830057179870868e-01 -6.748960219548650885e-01 1.458223035813661084e-01
1.329945497882170924e-01 -9.313780575617583435e-02 -8.710361324506424308e-02 1.009033954742812739e-01 7.162902499285876967e-01 -6.749044794973734218e-01 1.457762881726019921e-01
1.329942813602059959e-01 -9.313362189255168511e-02 -8.710259053740558588e-02 1.008511026520808040e-01 7.162973534370056239e-01 -6.749149637214562070e-01 1.457290235260849942e-01
1.330048376022233692e-01 -9.314122432574459265e-02 -8.715438923862180165e-02 1.009544234668981327e-01 7.162788359536989002e-01 -6.749013171088592555e-01 1.458116789287026982e-01
1.330046615889395045e-01 -9.313717613331433387e-02 -8.715336513912233518e-02 1.009030155762239422e-01 7.162853251910535901e-01 -6.749115252069390891e-01 1.457681292546974816e-01
1.330165171853859296e-01 -9.312696130161909891e-02 -8.721612427056488204e-02 1.009474408412660978e-01 7.162444909223791845e-01 -6.749435035326425414e-01 1.457899531861600317e-01
1.329839775213157715e-01 -9.313550898679479051e-02 -8.714515843979817045e-02 1.009578895499610995e-01 7.162203634094601590e-01 -6.749569447103990205e-01 1.458390152272084905e-01
1.329835884415583036e-01 -9.313150440440724764e-02 -8.714427549702091769e-02 1.009092137005346834e-01 7.162277689621010524e-01 -6.749670040642294921e-01 1.457897698141735754e-01
1.329839615143333376e-01 -9.311758406016740208e-02 -8.720296004267816259e-02 1.009429883236579728e-01 7.162547540075967500e-01 -6.749311817571950201e-01 1.457996583042742711e-01
1.329980100935035103e-01 -9.309216272696316241e-02 -8.718056002615449940e-02 1.009368468124344220e-01 7.163114918217959870e-01 -6.748667918667238252e-01 1.458232247452794228e-01
1.329976333748363326e-01 -9.308773920544022307e-02 -8.717956665408685413e-02 1.008827653924424667e-01 7.163195940027495823e-01 -6.748777782904130662e-01 1.457699943894680550e-01
1.329974017614949100e-01 -9.308348786315830126e-02 -8.717852419672338093e-02 1.008291224253757001e-01 7.163267829343797910e-01 -6.748884581605889554e-01 1.457223289802687949e-01
1.330146563184448905e-01 -9.304253154755837141e-02 -8.721061925637085821e-02 1.009422269181992626e-01 7.162894022008007289e-01 -6.748891015293484452e-01 1.458247570082772393e-01
1.330143407019557245e-01 -9.303891429084772124e-02 -8.720983238229738921e-02 1.008985062699038621e-01 7.162960898648402797e-01 -6.748980334522580726e-01 1.457808201346036392e-01
1.330139424095133083e-01 -9.303461253353079163e-02 -8.720889420880184595e-02 1.008463373536600816e-01 7.163042188713248937e-01 -6.749086756294120359e-01 1.457276975377225225e-01
1.330203892801032350e-01 -9.301715279673139491e-02 -8.722893850383925396e-02 1.009489615772446863e-01 7.162406261307476818e-01 -6.749385940724491606e-01 1.458306101880401939e-01
1.330199336556550371e-01 -9.301301698302921750e-02 -8.722808905091128384e-02 1.008997679469124387e-01 7.162487506136144821e-01 -6.749488090808776208e-01 1.457774646267400720e-01
1.330198794504447446e-01 -9.300904716394076122e-02 -8.722702282672509244e-02 1.008480478381719031e-01 7.162547803752260522e-01 -6.749588017629858383e-01 1.457373554019043560e-01
1.330134525557148950e-01 -9.295685194138152141e-02 -8.723060963880535645e-02 1.009434215569111337e-01 7.161903043195056995e-01 -6.749919875895841193e-01 1.458344620896583343e-01
1.330130095368594334e-01 -9.295338681163899108e-02 -8.722995146760467722e-02 1.009032891469058002e-01 7.161974541263476102e-01 -6.750003290311084037e-01 1.457885069207091322e-01
1.330124089493076867e-01 -9.294987211382893522e-02 -8.722937837885674783e-02 1.008641528096351214e-01 7.162054767942349631e-01 -6.750087106828120964e-01 1.457373603104738513e-01
1.330363869357016338e-01 -9.291339416955812780e-02 -8.725693387241292842e-02 1.009579721566554872e-01 7.161939790591183019e-01 -6.749869070024695494e-01 1.458298583717437535e-01
1.330361079857834139e-01 -9.290966960944610498e-02 -8.725610523801866081e-02 1.009125236618244742e-01 7.162006901709732087e-01 -6.749961801442139198e-01 1.457854271096504228e-01
1.330357425452135534e-01 -9.290604105773149490e-02 -8.725536042248838164e-02 1.008693394415559330e-01 7.162078664849326204e-01 -6.750049197221543729e-01 1.457395852080450305e-01
1.330254799375544250e-01 -9.289124510063477558e-02 -8.726464414964492378e-02 1.009702991680409973e-01 7.161320409350276917e-01 -6.750494331786677238e-01 1.458360771459086547e-01
1.330249334501553693e-01 -9.288743302207932984e-02 -8.726396062999036696e-02 1.009265703641938211e-01 7.161402071722027252e-01 -6.750587022901254342e-01 1.457833307626343333e-01
1.330248973235687304e-01 -9.288334441405493580e-02 -8.726285306798953201e-02 1.008729187558012885e-01 7.161463577216168330e-01 -6.750690668181007492e-01 1.457422505970255300e-01
1.330126996842566078e-01 -9.291367337747107047e-02 -8.727377590163315491e-02 1.009633459509953757e-01 7.161413485043279792e-01 -6.750438923567607663e-01 1.458208322861187789e-01
1.330121894386821491e-01 -9.291005381645300876e-02 -8.727311964635015018e-02 1.009214710799699460e-01 7.161491600612032160e-01 -6.750526375169857429e-01 1.457709635011342764e-01
