repeatability steamvr; 20211015-224930; x y z w i j k;  frequency = 150 duration = 2 sys.args = ['.\\repeatability.py']
-2.562074065208435059e-01 -6.235164403915405273e-01 -1.917724132537841797e+00 4.803990259209888619e-02 3.981279476124533478e-01 4.446476433125620131e-01 -8.009140684549542755e-01
-2.562077045440673828e-01 -6.235166192054748535e-01 -1.917724370956420898e+00 4.803966995428422815e-02 3.981280144873616811e-01 4.446482456491328561e-01 -8.009151553160405168e-01
-2.562077641487121582e-01 -6.235166788101196289e-01 -1.917724370956420898e+00 4.803974750034762514e-02 3.981273718266097328e-01 4.446469075271238802e-01 -8.009133971977406841e-01
-2.562078237533569336e-01 -6.235166788101196289e-01 -1.917724490165710449e+00 4.803966995428422815e-02 3.981273941183537945e-01 4.446473150956210540e-01 -8.009142247625287148e-01
-2.562078833580017090e-01 -6.235167384147644043e-01 -1.917724490165710449e+00 4.803966995428422815e-02 3.981270839338498790e-01 4.446473150956210540e-01 -8.009137594857728137e-01
-2.562079429626464844e-01 -6.235167384147644043e-01 -1.917724490165710449e+00 4.803974750034762514e-02 3.981261310905968021e-01 4.446462871591174149e-01 -8.009120013697260676e-01
-2.562080621719360352e-01 -6.235168576240539551e-01 -1.917724609375000000e+00 4.803959240809566045e-02 3.981264858561932574e-01 4.446467921115786481e-01 -8.009133463145498011e-01
-2.562081515789031982e-01 -6.235168576240539551e-01 -1.917724728584289551e+00 4.803951486178190816e-02 3.981271285196646970e-01 4.446475098690279015e-01 -8.009140187933486699e-01
-2.562082111835479736e-01 -6.235169172286987305e-01 -1.917724728584289551e+00 4.803943731534298517e-02 3.981271508142361082e-01 4.446479174439468829e-01 -8.009146912764055770e-01
-2.562082707881927490e-01 -6.235169768333435059e-01 -1.917724728584289551e+00 4.803951486178190816e-02 3.981261979631486314e-01 4.446468894980172282e-01 -8.009129331440799637e-01
-2.562083303928375244e-01 -6.235169768333435059e-01 -1.917724847793579102e+00 4.803943731534298517e-02 3.981265304422240137e-01 4.446472970719347884e-01 -8.009137607183873797e-01
-2.562083899974822998e-01 -6.235170364379882812e-01 -1.917724847793579102e+00 4.803943731534298517e-02 3.981262202562179664e-01 4.446469868859287411e-01 -8.009131403463752852e-01
-2.562084496021270752e-01 -6.235170364379882812e-01 -1.917724967002868652e+00 4.803935976877888453e-02 3.981262425503966917e-01 4.446473944618200558e-01 -8.009139679244399179e-01
-2.562085092067718506e-01 -6.235170960426330566e-01 -1.917724967002868652e+00 4.803943731534298517e-02 3.981252896981998246e-01 4.446463665139166466e-01 -8.009118996023510961e-01
-2.562085688114166260e-01 -6.235170960426330566e-01 -1.917724967002868652e+00 4.803935976877888453e-02 3.981259323638899339e-01 4.446467740888065401e-01 -8.009127271784128865e-01
-2.562086284160614014e-01 -6.235171556472778320e-01 -1.917725086212158203e+00 4.803928222208960624e-02 3.981259546586772835e-01 4.446471816661708987e-01 -8.009135547592335369e-01
-2.562086880207061768e-01 -6.235171556472778320e-01 -1.917725086212158203e+00 4.803928222208960624e-02 3.981256444716698151e-01 4.446468714791634302e-01 -8.009130894787223065e-01
-2.562087476253509521e-01 -6.235172152519226074e-01 -1.917725086212158203e+00 4.803912712833550286e-02 3.981269298156071001e-01 4.446479968283232886e-01 -8.009152099351514176e-01
-2.562088370323181152e-01 -6.235172748565673828e-01 -1.917725205421447754e+00 4.803920467527514337e-02 3.981253565795577209e-01 4.446469688709934753e-01 -8.009131415947802202e-01
-2.562088966369628906e-01 -6.235172748565673828e-01 -1.917725205421447754e+00 4.803904958127068470e-02 3.981263317382056077e-01 4.446480942246016088e-01 -8.009152620589744531e-01
-2.562089264392852783e-01 -6.235173344612121582e-01 -1.917725324630737305e+00 4.803904958127068470e-02 3.981263317382056077e-01 4.446477840360920086e-01 -8.009147967762100251e-01
-2.562089860439300537e-01 -6.235173344612121582e-01 -1.917725324630737305e+00 4.803904958127068470e-02 3.981260215496959520e-01 4.446474738475823529e-01 -8.009143314934455971e-01
-2.562090456485748291e-01 -6.235173940658569336e-01 -1.917725324630737305e+00 4.803912712833550286e-02 3.981250686875535960e-01 4.446467560762876747e-01 -8.009127284310800787e-01
-2.562090754508972168e-01 -6.235173940658569336e-01 -1.917725324630737305e+00 4.803897203408068889e-02 3.981260438489209741e-01 4.446478814333426621e-01 -8.009148489015373018e-01
-2.562091350555419922e-01 -6.235174536705017090e-01 -1.917725443840026855e+00 4.803897203408068889e-02 3.981257336599106078e-01 4.446475712443323514e-01 -8.009143836180218079e-01
-2.562091648578643799e-01 -6.235174536705017090e-01 -1.917725443840026855e+00 4.803897203408068889e-02 3.981254234709002970e-01 4.446475712443323514e-01 -8.009139183345063140e-01
-2.562092244625091553e-01 -6.235175132751464844e-01 -1.917725443840026855e+00 4.803889448676550850e-02 3.981257559597444207e-01 4.446479788320665261e-01 -8.009149010291199966e-01
-2.562092840671539307e-01 -6.235175132751464844e-01 -1.917725563049316406e+00 4.803904958127068470e-02 3.981241604186381289e-01 4.446459229050341855e-01 -8.009118499853684625e-01
-2.562093138694763184e-01 -6.235175132751464844e-01 -1.917725563049316406e+00 4.803889448676550850e-02 3.981254457702333438e-01 4.446473584530443723e-01 -8.009139704605867660e-01
-2.562093734741210938e-01 -6.235175728797912598e-01 -1.917725563049316406e+00 4.803873939175960089e-02 3.981264209437654356e-01 4.446484838244462168e-01 -8.009160909578454390e-01
-2.562094330787658691e-01 -6.235175728797912598e-01 -1.917725682258605957e+00 4.803889448676550850e-02 3.981245152017000577e-01 4.446470482635332955e-01 -8.009130398920535354e-01
-2.562094628810882568e-01 -6.235176324844360352e-01 -1.917725682258605957e+00 4.803881693932514352e-02 3.981248476906522060e-01 4.446474558522399145e-01 -8.009138674939167979e-01
-2.562095224857330322e-01 -6.235176324844360352e-01 -1.917725682258605957e+00 4.803866184406887369e-02 3.981261330569157431e-01 4.446485812280902561e-01 -8.009159879984402153e-01
-2.562095820903778076e-01 -6.235176920890808105e-01 -1.917725682258605957e+00 4.803881693932514352e-02 3.981245375006404186e-01 4.446468354722162841e-01 -8.009129369238813245e-01
-2.562097907066345215e-01 -6.235178112983703613e-01 -1.917725920677185059e+00 4.803850674831187245e-02 3.981258674755552285e-01 4.446487760397978550e-01 -8.009162473729158904e-01
-2.562098503112792969e-01 -6.235178112983703613e-01 -1.917725920677185059e+00 4.803858429625296189e-02 3.981246044041180654e-01 4.446477480586654152e-01 -8.009144891789765630e-01
-2.562099397182464600e-01 -6.235178709030151367e-01 -1.917726039886474609e+00 4.803850674831187245e-02 3.981249368995109505e-01 4.446481556557683179e-01 -8.009151617008641866e-01
-2.562099695205688477e-01 -6.235178709030151367e-01 -1.917726039886474609e+00 4.803835165205412594e-02 3.981259120896459835e-01 4.446492810504145687e-01 -8.009172822399555081e-01
-2.562100291252136230e-01 -6.235179305076599121e-01 -1.917726039886474609e+00 4.803850674831187245e-02 3.981243165154814689e-01 4.446475352717388363e-01 -8.009143862208273346e-01
-2.562100589275360107e-01 -6.235179305076599121e-01 -1.917726039886474609e+00 4.803842920024559149e-02 3.981246490119839110e-01 4.446479428703150050e-01 -8.009152138419793898e-01
-2.562101185321807861e-01 -6.235179901123046875e-01 -1.917726159095764160e+00 4.803842920024559149e-02 3.981246490119839110e-01 4.446479428703150050e-01 -8.009147485532062127e-01
-2.562101781368255615e-01 -6.235179901123046875e-01 -1.917726159095764160e+00 4.803842920024559149e-02 3.981243388194684041e-01 4.446476326777994981e-01 -8.009142832644329246e-01
-2.562102079391479492e-01 -6.235180497169494629e-01 -1.917726159095764160e+00 4.803842920024559149e-02 3.981240286269528972e-01 4.446473224852839912e-01 -8.009139730719174732e-01
-2.562102675437927246e-01 -6.235180497169494629e-01 -1.917726278305053711e+00 4.803835165205412594e-02 3.981240509315486231e-01 4.446480402783496433e-01 -8.009148006958256572e-01
-2.562103569507598877e-01 -6.235181093215942383e-01 -1.917726278305053711e+00 4.803827410373746887e-02 3.981246936242878176e-01 4.446481376878574920e-01 -8.009153181309762726e-01
-2.562103867530822754e-01 -6.235181093215942383e-01 -1.917726278305053711e+00 4.803827410373746887e-02 3.981240732372538504e-01 4.446481376878574920e-01 -8.009148528407008527e-01
-2.562110424041748047e-01 -6.235179305076599121e-01 -1.917726397514343262e+00 4.804393480190178450e-02 3.981360947425420793e-01 4.446478541179070820e-01 -8.009068650718732529e-01
-2.562111020088195801e-01 -6.235179901123046875e-01 -1.917726397514343262e+00 4.804385726259698119e-02 3.981370474628231904e-01 4.446488819047980101e-01 -8.009084678349966957e-01
-2.562111616134643555e-01 -6.235179901123046875e-01 -1.917726516723632812e+00 4.804385726259698119e-02 3.981373576202926756e-01 4.446491920622675509e-01 -8.009087779924661810e-01
-2.562112212181091309e-01 -6.235179901123046875e-01 -1.917726516723632812e+00 4.804401234108145180e-02 3.981363826522466010e-01 4.446477568048969320e-01 -8.009066580201170682e-01
-2.562112808227539062e-01 -6.235180497169494629e-01 -1.917726516723632812e+00 4.804393480190178450e-02 3.981373353704177886e-01 4.446484744318449644e-01 -8.009082607782335161e-01
-2.562113404273986816e-01 -6.235180497169494629e-01 -1.917726635932922363e+00 4.804393480190178450e-02 3.981373353704177886e-01 4.446487845888139057e-01 -8.009085709352024018e-01
-2.562114000320434570e-01 -6.235181093215942383e-01 -1.917726635932922363e+00 4.804408988013596921e-02 3.981363604060911832e-01 4.446476594933591597e-01 -8.009064509711155688e-01
-2.562114596366882324e-01 -6.235181093215942383e-01 -1.917726635932922363e+00 4.804408988013596921e-02 3.981366705620589808e-01 4.446479696493269573e-01 -8.009067611270833664e-01
-2.562115192413330078e-01 -6.235181093215942383e-01 -1.917726755142211914e+00 4.804408988013596921e-02 3.981369807180267784e-01 4.446479696493269573e-01 -8.009070712830511640e-01
-2.562115490436553955e-01 -6.235181689262390137e-01 -1.917726755142211914e+00 4.804408988013596921e-02 3.981372908739945760e-01 4.446482798052947549e-01 -8.009073814390189616e-01
-2.562189698219299316e-01 -6.235059499740600586e-01 -1.917723178863525391e+00 4.804269415800740267e-02 3.981507184305783653e-01 4.446391758820265605e-01 -8.009083172847294430e-01
-2.562190294265747070e-01 -6.235060095787048340e-01 -1.917723298072814941e+00 4.804269415800740267e-02 3.981510285955566775e-01 4.446394860470049282e-01 -8.009084723672186268e-01
-2.562191486358642578e-01 -6.235060095787048340e-01 -1.917723298072814941e+00 4.804292678117799004e-02 3.981497210808720988e-01 4.446376432723916916e-01 -8.009052147066993976e-01
-2.562192380428314209e-01 -6.235060095787048340e-01 -1.917723417282104492e+00 4.804292678117799004e-02 3.981500312443486678e-01 4.446382635993447741e-01 -8.009058350336525356e-01
-2.562193274497985840e-01 -6.235060095787048340e-01 -1.917723417282104492e+00 4.804277169918941964e-02 3.981516266364769074e-01 4.446400090554111229e-01 -8.009087305208575369e-01
-2.562193870544433594e-01 -6.235060691833496094e-01 -1.917723417282104492e+00 4.804277169918941964e-02 3.981519368009546755e-01 4.446403192198888910e-01 -8.009091957675741336e-01
-2.562278807163238525e-01 -6.235226988792419434e-01 -1.917734861373901367e+00 4.804587324385219821e-02 3.981553881512260862e-01 4.446460420232228872e-01 -8.009010693153441052e-01
-2.562279403209686279e-01 -6.235227584838867188e-01 -1.917734980583190918e+00 4.804587324385219821e-02 3.981556982956815371e-01 4.446460420232228872e-01 -8.009013794597995561e-01
-2.562279999256134033e-01 -6.235227584838867188e-01 -1.917734980583190918e+00 4.804587324385219821e-02 3.981560084401369881e-01 4.446463521676783381e-01 -8.009016896042550071e-01
-2.562280893325805664e-01 -6.235228180885314941e-01 -1.917734980583190918e+00 4.804602831582967248e-02 3.981550335067237656e-01 4.446452271833704062e-01 -8.008995698522057838e-01
-2.562281489372253418e-01 -6.235228776931762695e-01 -1.917735099792480469e+00 4.804595077990349988e-02 3.981559861880576423e-01 4.446462548899700606e-01 -8.009010174054207454e-01
-2.562282383441925049e-01 -6.235228776931762695e-01 -1.917735099792480469e+00 4.804595077990349988e-02 3.981562963320126047e-01 4.446462548899700606e-01 -8.009013275493757078e-01
-2.562282979488372803e-01 -6.235229372978210449e-01 -1.917735219001770020e+00 4.804595077990349988e-02 3.981566064759675672e-01 4.446465650339249676e-01 -8.009017927653080404e-01
-2.562283575534820557e-01 -6.235229372978210449e-01 -1.917735219001770020e+00 4.804595077990349988e-02 3.981569166199224741e-01 4.446468751778799300e-01 -8.009021029092630029e-01
-2.562284469604492188e-01 -6.235229969024658203e-01 -1.917735219001770020e+00 4.804610585163071601e-02 3.981556315442713045e-01 4.446454400530615025e-01 -8.008998280919953361e-01
-2.562285065650939941e-01 -6.235229969024658203e-01 -1.917735338211059570e+00 4.804610585163071601e-02 3.981559416872252899e-01 4.446457501960154324e-01 -8.009002933064262031e-01
-2.562285959720611572e-01 -6.235230565071105957e-01 -1.917735338211059570e+00 4.804602831582967248e-02 3.981568943674503869e-01 4.446467779006426091e-01 -8.009018959281140049e-01
-2.562286853790283203e-01 -6.235231161117553711e-01 -1.917735338211059570e+00 4.804602831582967248e-02 3.981572045109048608e-01 4.446470880440970275e-01 -8.009022060715684788e-01
-2.562287449836730957e-01 -6.235231161117553711e-01 -1.917735457420349121e+00 4.804618338730663740e-02 3.981562295809255581e-01 4.446459630656769413e-01 -8.008999312618104716e-01
-2.562288045883178711e-01 -6.235231757164001465e-01 -1.917735457420349121e+00 4.804618338730663740e-02 3.981565397233789994e-01 4.446459630656769413e-01 -8.009003964754906058e-01
-2.562288939952850342e-01 -6.235231757164001465e-01 -1.917735457420349121e+00 4.804618338730663740e-02 3.981568498658324406e-01 4.446462732081303826e-01 -8.009007066179439915e-01
-2.562289535999298096e-01 -6.235232353210449219e-01 -1.917735576629638672e+00 4.804618338730663740e-02 3.981571600082858819e-01 4.446465833505838239e-01 -8.009010167603974883e-01
-2.562290430068969727e-01 -6.235232353210449219e-01 -1.917735576629638672e+00 4.804618338730663740e-02 3.981574701507393232e-01 4.446468934930372652e-01 -8.009013269028508741e-01
-2.562291026115417480e-01 -6.235232949256896973e-01 -1.917735576629638672e+00 4.804633845828310684e-02 3.981561850857444074e-01 4.446454583820554363e-01 -8.008990521116153838e-01
-2.562291622161865234e-01 -6.235232949256896973e-01 -1.917735695838928223e+00 4.804633845828310684e-02 3.981564952271968716e-01 4.446457685235079005e-01 -8.008993622530677925e-01
-2.562292516231536865e-01 -6.235233545303344727e-01 -1.917735695838928223e+00 4.804633845828310684e-02 3.981564952271968716e-01 4.446460786649603092e-01 -8.008996723945202012e-01
-2.562293112277984619e-01 -6.235234141349792480e-01 -1.917735695838928223e+00 4.804633845828310684e-02 3.981568053686492803e-01 4.446460786649603092e-01 -8.009001376066988698e-01
-2.562294006347656250e-01 -6.235234141349792480e-01 -1.917735815048217773e+00 4.804633845828310684e-02 3.981571155101017445e-01 4.446463888064127734e-01 -8.009004477481512785e-01
-2.562294602394104004e-01 -6.235234737396240234e-01 -1.917735815048217773e+00 4.804649352875908080e-02 3.981561405949980426e-01 4.446452638467749408e-01 -8.008981729754380829e-01
-2.562295198440551758e-01 -6.235234737396240234e-01 -1.917735934257507324e+00 4.804649352875908080e-02 3.981564507354494742e-01 4.446455739872263724e-01 -8.008984831158895146e-01
-2.562296092510223389e-01 -6.235235333442687988e-01 -1.917735934257507324e+00 4.804649352875908080e-02 3.981564507354494742e-01 4.446455739872263724e-01 -8.008987932563409462e-01
-2.562298178672790527e-01 -6.235235929489135742e-01 -1.917736053466796875e+00 4.804657106380938458e-02 3.981567386311897772e-01 4.446451665813425103e-01 -8.008985862974712377e-01
-2.562299072742462158e-01 -6.235236525535583496e-01 -1.917736053466796875e+00 4.804657106380938458e-02 3.981570487711407758e-01 4.446454767212934533e-01 -8.008988964374221808e-01
-2.562300562858581543e-01 -6.235237121582031250e-01 -1.917736172676086426e+00 4.804649352875908080e-02 3.981583115781582305e-01 4.446468145490322099e-01 -8.009009642395011896e-01
-2.562301158905029297e-01 -6.235237717628479004e-01 -1.917736172676086426e+00 4.804664859873456623e-02 3.981573366664882818e-01 4.446456895962828670e-01 -8.008986894808055590e-01
-2.562302052974700928e-01 -6.235237717628479004e-01 -1.917736291885375977e+00 4.804664859873456623e-02 3.981576468059387364e-01 4.446456895962828670e-01 -8.008989996202560135e-01
-2.562302649021148682e-01 -6.235238313674926758e-01 -1.917736291885375977e+00 4.804672613353462574e-02 3.981570042840434365e-01 4.446452821938431943e-01 -8.008980173185175078e-01
-2.562303245067596436e-01 -6.235238313674926758e-01 -1.917736291885375977e+00 4.804672613353462574e-02 3.981573144229934580e-01 4.446455923327931603e-01 -8.008983274574674738e-01
-2.562303841114044189e-01 -6.235238909721374512e-01 -1.917736411094665527e+00 4.804672613353462574e-02 3.981576245619434795e-01 4.446455923327931603e-01 -8.008984825269425123e-01
-2.562304735183715820e-01 -6.235238909721374512e-01 -1.917736411094665527e+00 4.804672613353462574e-02 3.981579347008934455e-01 4.446459024717431818e-01 -8.008989477353675168e-01
-2.562305331230163574e-01 -6.235239505767822266e-01 -1.917736411094665527e+00 4.804672613353462574e-02 3.981582448398434670e-01 4.446459024717431818e-01 -8.008992578743174828e-01
-2.562305927276611328e-01 -6.235239505767822266e-01 -1.917736530303955078e+00 4.804680366820956311e-02 3.981576023190568359e-01 4.446454950707753317e-01 -8.008982755758331518e-01
-2.562306523323059082e-01 -6.235240101814270020e-01 -1.917736530303955078e+00 4.804680366820956311e-02 3.981579124575063688e-01 4.446454950707753317e-01 -8.008985857142826292e-01
-2.562307715415954590e-01 -6.235240697860717773e-01 -1.917736649513244629e+00 4.804695873718407839e-02 3.981572476991609433e-01 4.446446802762579198e-01 -8.008964660633565158e-01
-2.562308609485626221e-01 -6.235241293907165527e-01 -1.917736649513244629e+00 4.804680366820956311e-02 3.981588428728549123e-01 4.446464254861238752e-01 -8.008996711988559669e-01
-2.562309503555297852e-01 -6.235241293907165527e-01 -1.917736649513244629e+00 4.804688120275937835e-02 3.981585104911259942e-01 4.446457079481783148e-01 -8.008985338344009053e-01
-2.562310397624969482e-01 -6.235241889953613281e-01 -1.917736768722534180e+00 4.804688120275937835e-02 3.981585104911259942e-01 4.446460180861273592e-01 -8.008989990413244442e-01
-2.562301158905029297e-01 -6.235244274139404297e-01 -1.917736172676086426e+00 4.803749861368559332e-02 3.981432184653297957e-01 4.446481812683927837e-01 -8.009029664725257902e-01
-2.562301754951477051e-01 -6.235244870185852051e-01 -1.917736172676086426e+00 4.803718841415947211e-02 3.981451690689850054e-01 4.446504321772469792e-01 -8.009067423907525463e-01
-2.562302649021148682e-01 -6.235245466232299805e-01 -1.917736172676086426e+00 4.803726596422879663e-02 3.981435957140588844e-01 4.446487837454757286e-01 -8.009037433283149321e-01
-2.562303245067596436e-01 -6.235245466232299805e-01 -1.917736291885375977e+00 4.803711086396496299e-02 3.981439506207726797e-01 4.446495990072718563e-01 -8.009049333490195766e-01
-2.562303841114044189e-01 -6.235246062278747559e-01 -1.917736291885375977e+00 4.803718841415947211e-02 3.981423772642360137e-01 4.446482607735532944e-01 -8.009022444831013221e-01
-2.562304437160491943e-01 -6.235246062278747559e-01 -1.917736291885375977e+00 4.803703331364524848e-02 3.981430423711931899e-01 4.446487658357655137e-01 -8.009034345050624060e-01
-2.562305033206939697e-01 -6.235246658325195312e-01 -1.917736291885375977e+00 4.803687821263023794e-02 3.981437074865960546e-01 4.446495811084055227e-01 -8.009047796443230505e-01
-2.562305629253387451e-01 -6.235247254371643066e-01 -1.917736411094665527e+00 4.803695576320034244e-02 3.981421341197188268e-01 4.446482428647579033e-01 -8.009022458603831662e-01
-2.562306225299835205e-01 -6.235247254371643066e-01 -1.917736411094665527e+00 4.803680066193493498e-02 3.981424890323065902e-01 4.446490581393433006e-01 -8.009034359006365067e-01
-2.562306821346282959e-01 -6.235247850418090820e-01 -1.917736411094665527e+00 4.803664556016873366e-02 3.981431541553702158e-01 4.446495632197957626e-01 -8.009046259569242432e-01
-2.562307417392730713e-01 -6.235248446464538574e-01 -1.917736530303955078e+00 4.803656800909783531e-02 3.981428663110012645e-01 4.446493504561824794e-01 -8.009042128263456073e-01
-2.562308013439178467e-01 -6.235248446464538574e-01 -1.917736530303955078e+00 4.803641290658044322e-02 3.981432212391949332e-01 4.446498555469784453e-01 -8.009052478006624121e-01
-2.562308609485626221e-01 -6.235249042510986328e-01 -1.917736530303955078e+00 4.803633535513394254e-02 3.981432436026897115e-01 4.446499529923197969e-01 -8.009051448813856444e-01
-2.562309205532073975e-01 -6.235249042510986328e-01 -1.917736530303955078e+00 4.803633535513394254e-02 3.981423129845805264e-01 4.446493325802470253e-01 -8.009037489542217836e-01
-2.562310099601745605e-01 -6.235249638557434082e-01 -1.917736649513244629e+00 4.803625780356223646e-02 3.981420251411456057e-01 4.446491198195231531e-01 -8.009034909311779638e-01
-2.562310695648193359e-01 -6.235250234603881836e-01 -1.917736649513244629e+00 4.803610270004322891e-02 3.981423800772170840e-01 4.446499351296465674e-01 -8.009046810303168673e-01
-2.562311291694641113e-01 -6.235250234603881836e-01 -1.917736649513244629e+00 4.803594759602339975e-02 3.981433554368126737e-01 4.446504402411305401e-01 -8.009060262497615934e-01
-2.562311887741088867e-01 -6.235250830650329590e-01 -1.917736768722534180e+00 4.803602514809592050e-02 3.981417820275698349e-01 4.446491019562625047e-01 -8.009033372856517730e-01
-2.562312483787536621e-01 -6.235251426696777344e-01 -1.917736768722534180e+00 4.803587004382568054e-02 3.981421369708019742e-01 4.446499172772309105e-01 -8.009045274025838879e-01
-2.562313079833984375e-01 -6.235251426696777344e-01 -1.917736768722534180e+00 4.803571493905462592e-02 3.981424919204772928e-01 4.446507326081005074e-01 -8.009057175355518421e-01
-2.562313675880432129e-01 -6.235252022743225098e-01 -1.917736768722534180e+00 4.803571493905462592e-02 3.981418715003914310e-01 4.446498019779716593e-01 -8.009043215903586255e-01
-2.562314271926879883e-01 -6.235252022743225098e-01 -1.917736887931823730e+00 4.803563738648129050e-02 3.981418938713717770e-01 4.446495892245294068e-01 -8.009042186868788882e-01
-2.562314867973327637e-01 -6.235252618789672852e-01 -1.917736887931823730e+00 4.803548228095898959e-02 3.981422488282079786e-01 4.446504045652427961e-01 -8.009054088371400093e-01
-2.562315464019775391e-01 -6.235253214836120605e-01 -1.917736887931823730e+00 4.803548228095898959e-02 3.981413181935716805e-01 4.446497841421518937e-01 -8.009040128851855345e-01
-2.562316060066223145e-01 -6.235253214836120605e-01 -1.917737007141113281e+00 4.803540472801002409e-02 3.981413405668804972e-01 4.446495713911274850e-01 -8.009040650929951655e-01
-2.562317252159118652e-01 -6.235253810882568359e-01 -1.917737007141113281e+00 4.803517206841188131e-02 3.981414076934670643e-01 4.446501739950816101e-01 -8.009048421570585941e-01
-2.562318444252014160e-01 -6.235255002975463867e-01 -1.917737126350402832e+00 4.803509451496208033e-02 3.981411198571664367e-01 4.446496510338991404e-01 -8.009039637327458605e-01
-2.562319338321685791e-01 -6.235255002975463867e-01 -1.917737126350402832e+00 4.803493940768684134e-02 3.981408543999416794e-01 4.446501561852020390e-01 -8.009043783872334954e-01
-2.562320828437805176e-01 -6.235256195068359375e-01 -1.917737245559692383e+00 4.803478429991075299e-02 3.981402787291008494e-01 4.446497306962444718e-01 -8.009035521885377040e-01
-2.562322020530700684e-01 -6.235256791114807129e-01 -1.917737245559692383e+00 4.803447408285600045e-02 3.981412989151154047e-01 4.446510512503901169e-01 -8.009059326349262653e-01
-2.562323212623596191e-01 -6.235257387161254883e-01 -1.917737364768981934e+00 4.803439652827927453e-02 3.981407008652399493e-01 4.446502180748993505e-01 -8.009047439998423501e-01
-2.562324404716491699e-01 -6.235257983207702637e-01 -1.917737364768981934e+00 4.803408630872019192e-02 3.981414108624135029e-01 4.446518488865967011e-01 -8.009071245149014251e-01
-2.562326490879058838e-01 -6.235259771347045898e-01 -1.917737483978271484e+00 4.803393119818933493e-02 3.981399045412912230e-01 4.446504927563614262e-01 -8.009049023593003414e-01
-2.562327086925506592e-01 -6.235259771347045898e-01 -1.917737603187561035e+00 4.803385364273607405e-02 3.981396167117340346e-01 4.446505902448568137e-01 -8.009046443899243695e-01
-2.562327682971954346e-01 -6.235260367393493652e-01 -1.917737603187561035e+00 4.803377608715759389e-02 3.981396391048496741e-01 4.446503775122618296e-01 -8.009043864218032827e-01
-2.562328577041625977e-01 -6.235260963439941406e-01 -1.917737603187561035e+00 4.803346586359144577e-02 3.981409695866864884e-01 4.446523186077156464e-01 -8.009078528181029499e-01
-2.562329173088073730e-01 -6.235260963439941406e-01 -1.917737722396850586e+00 4.803338830738685533e-02 3.981406817622882288e-01 4.446521058819899452e-01 -8.009075948635194786e-01
-2.562329769134521484e-01 -6.235261559486389160e-01 -1.917737722396850586e+00 4.803323319460198887e-02 3.981413470180997227e-01 4.446529213362379052e-01 -8.009087852015059905e-01
-2.562330365180969238e-01 -6.235262155532836914e-01 -1.917737722396850586e+00 4.803331075105703174e-02 3.981400837124287606e-01 4.446515829311668000e-01 -8.009060960079120717e-01
-2.562330961227416992e-01 -6.235262155532836914e-01 -1.917737722396850586e+00 4.803331075105703174e-02 3.981391530357195618e-01 4.446509624800273341e-01 -8.009050102184179787e-01
-2.562331557273864746e-01 -6.235262751579284668e-01 -1.917737841606140137e+00 4.803315563802171284e-02 3.981395080631729422e-01 4.446517779342180621e-01 -8.009062005541560669e-01
-2.562332153320312500e-01 -6.235262751579284668e-01 -1.917737841606140137e+00 4.803300052448548907e-02 3.981401733246446306e-01 4.446522831707391821e-01 -8.009072357921473984e-01
-2.562333047389984131e-01 -6.235263347625732422e-01 -1.917737841606140137e+00 4.803307808131621753e-02 3.981385997845628966e-01 4.446506345296650786e-01 -8.009042363546923227e-01
-2.562333643436431885e-01 -6.235263943672180176e-01 -1.917737960815429688e+00 4.803300052448548907e-02 3.981383119592044606e-01 4.446504218052990121e-01 -8.009039784026271702e-01
-2.562334239482879639e-01 -6.235264539718627930e-01 -1.917737960815429688e+00 4.803284541044835348e-02 3.981389772231139212e-01 4.446512372722845052e-01 -8.009051687594254121e-01
-2.562335431575775146e-01 -6.235265135765075684e-01 -1.917737960815429688e+00 4.803253518087132606e-02 3.981399975457003970e-01 4.446525580053887761e-01 -8.009078597517227394e-01
-2.562336623668670654e-01 -6.235265731811523438e-01 -1.917738080024719238e+00 4.803245762316399325e-02 3.981390892644522395e-01 4.446517248276795620e-01 -8.009063608928901346e-01
-2.562337219715118408e-01 -6.235266327857971191e-01 -1.917738080024719238e+00 4.803253518087132606e-02 3.981375157010694221e-01 4.446503863913366938e-01 -8.009035165236185749e-01
-2.562337815761566162e-01 -6.235266327857971191e-01 -1.917738080024719238e+00 4.803222494929059588e-02 3.981391565025801937e-01 4.446526378437724025e-01 -8.009074484863657473e-01
-2.562347650527954102e-01 -6.235262751579284668e-01 -1.917738795280456543e+00 4.803966995428422815e-02 3.981466255575976110e-01 4.446442132505817324e-01 -8.009053845041665953e-01
-2.562348544597625732e-01 -6.235263347625732422e-01 -1.917738795280456543e+00 4.803966995428422815e-02 3.981466255575976110e-01 4.446442132505817324e-01 -8.009055395964186363e-01
-2.562349140644073486e-01 -6.235263347625732422e-01 -1.917738795280456543e+00 4.803974750034762514e-02 3.981459828668035827e-01 4.446438056870916089e-01 -8.009040916776437591e-01
-2.562350034713745117e-01 -6.235263943672180176e-01 -1.917738914489746094e+00 4.803974750034762514e-02 3.981459828668035827e-01 4.446434955030883485e-01 -8.009040916776437591e-01
-2.562350928783416748e-01 -6.235264539718627930e-01 -1.917738914489746094e+00 4.803966995428422815e-02 3.981466255575976110e-01 4.446442132505817324e-01 -8.009053845041665953e-01
-2.562351524829864502e-01 -6.235264539718627930e-01 -1.917739033699035645e+00 4.803966995428422815e-02 3.981466255575976110e-01 4.446439030660778169e-01 -8.009053845041665953e-01
-2.562352418899536133e-01 -6.235265135765075684e-01 -1.917739033699035645e+00 4.803974750034762514e-02 3.981459828668035827e-01 4.446434955030883485e-01 -8.009040916776437591e-01
-2.562353014945983887e-01 -6.235265135765075684e-01 -1.917739033699035645e+00 4.803959240809566045e-02 3.981472682515039274e-01 4.446446208165462100e-01 -8.009066773369500902e-01
-2.562353909015655518e-01 -6.235265731811523438e-01 -1.917739152908325195e+00 4.803959240809566045e-02 3.981472682515039274e-01 4.446446208165462100e-01 -8.009066773369500902e-01
-2.562354505062103271e-01 -6.235265731811523438e-01 -1.917739152908325195e+00 4.803966995428422815e-02 3.981466255575976110e-01 4.446435928815738459e-01 -8.009053845041665953e-01
-2.562356293201446533e-01 -6.235266923904418945e-01 -1.917739272117614746e+00 4.803959240809566045e-02 3.981469580664993013e-01 4.446446208165462100e-01 -8.009066773369500902e-01
-2.562358081340789795e-01 -6.235267519950866699e-01 -1.917739391326904297e+00 4.803951486178190816e-02 3.981476007630173064e-01 4.446450283849851526e-01 -8.009079701759944658e-01
-2.562358975410461426e-01 -6.235268115997314453e-01 -1.917739391326904297e+00 4.803959240809566045e-02 3.981469580664993013e-01 4.446443106315415283e-01 -8.009066773369500902e-01
-2.562359571456909180e-01 -6.235268115997314453e-01 -1.917739391326904297e+00 4.803966995428422815e-02 3.981463153730936955e-01 4.446435928815738459e-01 -8.009053845041665953e-01
-2.562360763549804688e-01 -6.235268712043762207e-01 -1.917739510536193848e+00 4.803959240809566045e-02 3.981469580664993013e-01 4.446440004465369022e-01 -8.009066773369500902e-01
-2.562361359596252441e-01 -6.235268712043762207e-01 -1.917739510536193848e+00 4.803959240809566045e-02 3.981472682515039274e-01 4.446443106315415283e-01 -8.009066773369500902e-01
-2.562362253665924072e-01 -6.235269308090209961e-01 -1.917739629745483398e+00 4.803951486178190816e-02 3.981479109485226986e-01 4.446447181994798159e-01 -8.009078150832418252e-01
-2.562363147735595703e-01 -6.235269904136657715e-01 -1.917739629745483398e+00 4.803951486178190816e-02 3.981476007630173064e-01 4.446447181994798159e-01 -8.009079701759944658e-01
-2.562364339828491211e-01 -6.235270500183105469e-01 -1.917739748954772949e+00 4.803951486178190816e-02 3.981479109485226986e-01 4.446447181994798159e-01 -8.009078150832418252e-01
-2.562364935874938965e-01 -6.235270500183105469e-01 -1.917739748954772949e+00 4.803966995428422815e-02 3.981463153730936955e-01 4.446429725125660148e-01 -8.009052294119146653e-01
-2.562366425991058350e-01 -6.235271096229553223e-01 -1.917739868164062500e+00 4.803974750034762514e-02 3.981456726828003223e-01 4.446422547670754177e-01 -8.009040916776437591e-01
-2.562367618083953857e-01 -6.235271692276000977e-01 -1.917739868164062500e+00 4.803974750034762514e-02 3.981456726828003223e-01 4.446422547670754177e-01 -8.009040916776437591e-01
-2.562368810176849365e-01 -6.235272288322448730e-01 -1.917739987373352051e+00 4.803966995428422815e-02 3.981463153730936955e-01 4.446426623280620438e-01 -8.009052294119146653e-01
-2.562370002269744873e-01 -6.235272884368896484e-01 -1.917739987373352051e+00 4.803966995428422815e-02 3.981463153730936955e-01 4.446426623280620438e-01 -8.009053845041665953e-01
-2.562371194362640381e-01 -6.235273480415344238e-01 -1.917740106582641602e+00 4.803966995428422815e-02 3.981463153730936955e-01 4.446426623280620438e-01 -8.009053845041665953e-01
-2.562372982501983643e-01 -6.235274076461791992e-01 -1.917740225791931152e+00 4.803966995428422815e-02 3.981463153730936955e-01 4.446423521435581283e-01 -8.009052294119146653e-01
-2.562374770641326904e-01 -6.235274672508239746e-01 -1.917740345001220703e+00 4.803959240809566045e-02 3.981466478814946752e-01 4.446430698915230240e-01 -8.009066773369500902e-01
-2.562375664710998535e-01 -6.235275268554687500e-01 -1.917740345001220703e+00 4.803951486178190816e-02 3.981476007630173064e-01 4.446434774574584137e-01 -8.009078150832418252e-01
-2.562376558780670166e-01 -6.235275864601135254e-01 -1.917740345001220703e+00 4.803959240809566045e-02 3.981469580664993013e-01 4.446430698915230240e-01 -8.009065222444478049e-01
-2.562378048896789551e-01 -6.235276460647583008e-01 -1.917740464210510254e+00 4.803951486178190816e-02 3.981476007630173064e-01 4.446434774574584137e-01 -8.009078150832418252e-01
-2.562380433082580566e-01 -6.235277056694030762e-01 -1.917740583419799805e+00 4.803959240809566045e-02 3.981469580664993013e-01 4.446427597065183424e-01 -8.009066773369500902e-01
-2.562381029129028320e-01 -6.235277652740478516e-01 -1.917740702629089355e+00 4.803943731534298517e-02 3.981482434626476552e-01 4.446438850258682129e-01 -8.009091079282966152e-01
-2.562381923198699951e-01 -6.235278248786926270e-01 -1.917740702629089355e+00 4.803951486178190816e-02 3.981476007630173064e-01 4.446431672719530770e-01 -8.009078150832418252e-01
-2.562382519245147705e-01 -6.235278248786926270e-01 -1.917740702629089355e+00 4.803951486178190816e-02 3.981472905775119697e-01 4.446431672719530770e-01 -8.009079701759944658e-01
-2.562383413314819336e-01 -6.235278844833374023e-01 -1.917740821838378906e+00 4.803966995428422815e-02 3.981463153730936955e-01 4.446417317745502418e-01 -8.009052294119146653e-01
-2.562384009361267090e-01 -6.235278844833374023e-01 -1.917740821838378906e+00 4.803966995428422815e-02 3.981463153730936955e-01 4.446417317745502418e-01 -8.009052294119146653e-01
-2.562384605407714844e-01 -6.235279440879821777e-01 -1.917740821838378906e+00 4.803966995428422815e-02 3.981460051885897244e-01 4.446414215900463263e-01 -8.009052294119146653e-01
-2.562385201454162598e-01 -6.235279440879821777e-01 -1.917740941047668457e+00 4.803966995428422815e-02 3.981460051885897244e-01 4.446417317745502418e-01 -8.009052294119146653e-01
-2.562385797500610352e-01 -6.235279440879821777e-01 -1.917740941047668457e+00 4.803966995428422815e-02 3.981463153730936955e-01 4.446417317745502418e-01 -8.009052294119146653e-01
-2.562386691570281982e-01 -6.235280036926269531e-01 -1.917740941047668457e+00 4.803966995428422815e-02 3.981460051885897244e-01 4.446414215900463263e-01 -8.009052294119146653e-01
-2.562387287616729736e-01 -6.235280036926269531e-01 -1.917740941047668457e+00 4.803951486178190816e-02 3.981472905775119697e-01 4.446428570864477403e-01 -8.009078150832418252e-01
-2.562387883663177490e-01 -6.235280632972717285e-01 -1.917741060256958008e+00 4.803951486178190816e-02 3.981476007630173064e-01 4.446425469009424036e-01 -8.009078150832418252e-01
-2.562390267848968506e-01 -6.235281825065612793e-01 -1.917741179466247559e+00 4.803951486178190816e-02 3.981472905775119697e-01 4.446425469009424036e-01 -8.009078150832418252e-01
-2.562391161918640137e-01 -6.235281825065612793e-01 -1.917741179466247559e+00 4.803959240809566045e-02 3.981466478814946752e-01 4.446418291515044641e-01 -8.009063671519455196e-01
-2.562397718429565430e-01 -6.235278248786926270e-01 -1.917741656303405762e+00 4.804850939940393667e-02 3.981484296877106921e-01 4.446377733848171365e-01 -8.009075240190925982e-01
-2.562398612499237061e-01 -6.235278248786926270e-01 -1.917741775512695312e+00 4.804866446287349435e-02 3.981480751556230047e-01 4.446375789479651286e-01 -8.009064899488628209e-01
-2.562399208545684814e-01 -6.235278844833374023e-01 -1.917741775512695312e+00 4.804858693120126617e-02 3.981493378651493886e-01 4.446389166734118770e-01 -8.009093329341441247e-01
-2.562400102615356445e-01 -6.235278844833374023e-01 -1.917741894721984863e+00 4.804874199442061428e-02 3.981489833327762073e-01 4.446384121095611208e-01 -8.009084539268850333e-01
-2.562400996685028076e-01 -6.235279440879821777e-01 -1.917741894721984863e+00 4.804889705713954323e-02 3.981483186819004816e-01 4.446375974286603805e-01 -8.009074198711719772e-01
-2.562401592731475830e-01 -6.235279440879821777e-01 -1.917741894721984863e+00 4.804889705713954323e-02 3.981492490567127840e-01 4.446385278034726829e-01 -8.009091255583278279e-01
-2.562402486801147461e-01 -6.235280036926269531e-01 -1.917742013931274414e+00 4.804905211935805304e-02 3.981485844112711003e-01 4.446380232533951316e-01 -8.009082465740939849e-01
-2.562403380870819092e-01 -6.235280036926269531e-01 -1.917742013931274414e+00 4.804920718107615757e-02 3.981485400201372760e-01 4.446372085882688840e-01 -8.009073676038742651e-01
-2.562404274940490723e-01 -6.235280632972717285e-01 -1.917742133140563965e+00 4.804920718107615757e-02 3.981491602660088835e-01 4.446381389570763232e-01 -8.009093834029569203e-01
-2.562405169010162354e-01 -6.235280632972717285e-01 -1.917742133140563965e+00 4.804936224229385683e-02 3.981491158773065031e-01 4.446376344207713660e-01 -8.009083493792785724e-01
-2.562406063079833984e-01 -6.235280632972717285e-01 -1.917742252349853516e+00 4.804959483318215624e-02 3.981478088208293409e-01 4.446364124504512683e-01 -8.009066433116966977e-01
-2.562407255172729492e-01 -6.235281229019165039e-01 -1.917742252349853516e+00 4.804967236322805341e-02 3.981484068733335824e-01 4.446369354917557026e-01 -8.009072117367660448e-01
-2.562407851219177246e-01 -6.235281229019165039e-01 -1.917742252349853516e+00 4.804974989314886313e-02 3.981483846860782716e-01 4.446368382936636832e-01 -8.009076251023695692e-01
-2.562408745288848877e-01 -6.235281825065612793e-01 -1.917742371559143066e+00 4.804974989314886313e-02 3.981493150443773388e-01 4.446374585325297280e-01 -8.009090206398181699e-01
-2.562409341335296631e-01 -6.235281825065612793e-01 -1.917742371559143066e+00 4.804982742294457154e-02 3.981496029756617649e-01 4.446376714538409214e-01 -8.009094340039212279e-01
-2.562410235404968262e-01 -6.235282421112060547e-01 -1.917742490768432617e+00 4.804998248216069828e-02 3.981489383668252446e-01 4.446368568261472864e-01 -8.009082449678237570e-01
-2.562410831451416016e-01 -6.235282421112060547e-01 -1.917742490768432617e+00 4.805013754087644057e-02 3.981485838833555557e-01 4.446363523252728212e-01 -8.009073660646720549e-01
-2.562411725521087646e-01 -6.235282421112060547e-01 -1.917742490768432617e+00 4.805021507004667708e-02 3.981485617022487711e-01 4.446362551360082405e-01 -8.009074693221046592e-01
-2.562412619590759277e-01 -6.235283017158508301e-01 -1.917742609977722168e+00 4.805021507004667708e-02 3.981494920515409874e-01 4.446371854853004568e-01 -8.009093300206890920e-01
-2.562413513660430908e-01 -6.235283017158508301e-01 -1.917742609977722168e+00 4.805044765680681340e-02 3.981484951655771543e-01 4.446362736919713954e-01 -8.009074689899842170e-01
-2.562414705753326416e-01 -6.235283613204956055e-01 -1.917742729187011719e+00 4.805052518547667240e-02 3.981490932177613740e-01 4.446364866225204215e-01 -8.009085025982124462e-01
-2.562415599822998047e-01 -6.235284209251403809e-01 -1.917742729187011719e+00 4.805068024244112806e-02 3.981484286388782823e-01 4.446359821447440908e-01 -8.009076237333464521e-01
-2.562416195869445801e-01 -6.235284209251403809e-01 -1.917742848396301270e+00 4.805068024244112806e-02 3.981493589791638699e-01 4.446366023716011862e-01 -8.009090192437748890e-01
-2.562417089939117432e-01 -6.235284209251403809e-01 -1.917742848396301270e+00 4.805083529890522009e-02 3.981490045181416138e-01 4.446360978997093705e-01 -8.009081403884178441e-01
-2.562417685985565186e-01 -6.235284805297851562e-01 -1.917742848396301270e+00 4.805091282694963495e-02 3.981489823460067634e-01 4.446363108346118032e-01 -8.009083987178304831e-01
-2.562419772148132324e-01 -6.235285401344299316e-01 -1.917742967605590820e+00 4.805106788266319540e-02 3.981498683378414949e-01 4.446370468167546441e-01 -8.009101558241170649e-01
-2.562420964241027832e-01 -6.235285401344299316e-01 -1.917743086814880371e+00 4.805130046529539761e-02 3.981488715019527169e-01 4.446355148596249918e-01 -8.009081398365350823e-01
-2.562421560287475586e-01 -6.235285997390747070e-01 -1.917743086814880371e+00 4.805130046529539761e-02 3.981498018302299657e-01 4.446367552973279902e-01 -8.009098454383767329e-01
-2.562422454357147217e-01 -6.235285997390747070e-01 -1.917743206024169922e+00 4.805137799258928782e-02 3.981500897721675369e-01 4.446366581271278817e-01 -8.009102588295098357e-01
-2.562423348426818848e-01 -6.235286593437194824e-01 -1.917743206024169922e+00 4.805153304680182674e-02 3.981494252246655652e-01 4.446358435752911231e-01 -8.009093800204427627e-01
-2.562423944473266602e-01 -6.235286593437194824e-01 -1.917743206024169922e+00 4.805168810051403672e-02 3.981490707925219863e-01 4.446353391402648736e-01 -8.009083461719244124e-01
-2.562424838542938232e-01 -6.235287189483642578e-01 -1.917743325233459473e+00 4.805184315372591081e-02 3.981487163668115392e-01 4.446348347131238166e-01 -8.009074673913791909e-01
-2.562425732612609863e-01 -6.235287189483642578e-01 -1.917743325233459473e+00 4.805184315372591081e-02 3.981496466845818039e-01 4.446354549249706967e-01 -8.009091729739581389e-01
-2.562426626682281494e-01 -6.235287785530090332e-01 -1.917743444442749023e+00 4.805184315372591081e-02 3.981502668964286840e-01 4.446363852427410168e-01 -8.009108785565369759e-01
-2.562427222728729248e-01 -6.235287785530090332e-01 -1.917743444442749023e+00 4.805199820643746983e-02 3.981499124721478156e-01 4.446355707135588031e-01 -8.009098447265335929e-01
-2.562428116798400879e-01 -6.235287785530090332e-01 -1.917743444442749023e+00 4.805207573260562859e-02 3.981498903146309387e-01 4.446357836615199566e-01 -8.009102581304284874e-01
-2.562429010868072510e-01 -6.235288381576538086e-01 -1.917743563652038574e+00 4.805223078456671154e-02 3.981495358994989187e-01 4.446352792485874783e-01 -8.009093793716504095e-01
-2.562429606914520264e-01 -6.235288381576538086e-01 -1.917743563652038574e+00 4.805238583602747943e-02 3.981491814907995863e-01 4.446344647411184514e-01 -8.009081905244610500e-01
-2.562431693077087402e-01 -6.235288977622985840e-01 -1.917743682861328125e+00 4.805261841228056219e-02 3.981491150411920477e-01 4.446341733012115216e-01 -8.009081903639891920e-01
-2.562433183193206787e-01 -6.235289573669433594e-01 -1.917743802070617676e+00 4.805292851220030470e-02 3.981484062593860229e-01 4.446331645374213548e-01 -8.009065880014650807e-01
-2.562435269355773926e-01 -6.235290169715881348e-01 -1.917743921279907227e+00 4.805300603686755295e-02 3.981496245108395726e-01 4.446343077942863653e-01 -8.009091721165586542e-01
-2.562436163425445557e-01 -6.235290765762329102e-01 -1.917743921279907227e+00 4.805316108582684959e-02 3.981492701282982605e-01 4.446338034236567704e-01 -8.009084484770376822e-01
-2.562437057495117188e-01 -6.235290765762329102e-01 -1.917744040489196777e+00 4.805323861011888409e-02 3.981495580848167237e-01 4.446343264835935782e-01 -8.009090169529095027e-01
-2.562437951564788818e-01 -6.235291361808776855e-01 -1.917744040489196777e+00 4.805347118224458786e-02 3.981485613825117009e-01 4.446327947060492725e-01 -8.009073113324373105e-01
-2.562438845634460449e-01 -6.235291361808776855e-01 -1.917744159698486328e+00 4.805347118224458786e-02 3.981494916687632890e-01 4.446337249923008605e-01 -8.009090168572318147e-01
-2.562439739704132080e-01 -6.235291957855224609e-01 -1.917744159698486328e+00 4.805339365832776016e-02 3.981507541900098923e-01 4.446353726018757446e-01 -8.009118594329497354e-01
-2.562440335750579834e-01 -6.235291957855224609e-01 -1.917744278907775879e+00 4.805354870603635586e-02 3.981503998170449754e-01 4.446345581485346421e-01 -8.009109807639822609e-01
-2.562441229820251465e-01 -6.235292553901672363e-01 -1.917744278907775879e+00 4.805370375324468507e-02 3.981497353565953690e-01 4.446343638929109443e-01 -8.009099470620646422e-01
-2.562442123889923096e-01 -6.235292553901672363e-01 -1.917744278907775879e+00 4.805385879995274778e-02 3.981493809974944176e-01 4.446335494573380176e-01 -8.009089133751554623e-01
-2.562443315982818604e-01 -6.235293149948120117e-01 -1.917744398117065430e+00 4.805393632311918267e-02 3.981502891438103986e-01 4.446343826129205423e-01 -8.009107222304460150e-01
-2.562444508075714111e-01 -6.235293149948120117e-01 -1.917744517326354980e+00 4.805409136907685258e-02 3.981502448822701323e-01 4.446338782795871691e-01 -8.009101536956678702e-01
-2.562445402145385742e-01 -6.235293745994567871e-01 -1.917744517326354980e+00 4.805409136907685258e-02 3.981508650651003345e-01 4.446344984624173713e-01 -8.009118591984508706e-01
-2.562445998191833496e-01 -6.235293745994567871e-01 -1.917744517326354980e+00 4.805440145949145536e-02 3.981492261042382519e-01 4.446325595471554148e-01 -8.009080863938876638e-01
-2.562446594238281250e-01 -6.235294342041015625e-01 -1.917744636535644531e+00 4.805447898178245164e-02 3.981488938921466936e-01 4.446324624362850142e-01 -8.009081897556500351e-01
-2.562439441680908203e-01 -6.235292553901672363e-01 -1.917744517326354980e+00 4.804819927096352916e-02 3.981454172178963136e-01 4.446390926645029662e-01 -8.009085067515556711e-01
-2.562440335750579834e-01 -6.235292553901672363e-01 -1.917744517326354980e+00 4.804827680326129169e-02 3.981450848861477487e-01 4.446389954379538767e-01 -8.009079897012992832e-01
-2.562440931797027588e-01 -6.235293149948120117e-01 -1.917744636535644531e+00 4.804812173854065838e-02 3.981463698116375349e-01 4.446404304122903439e-01 -8.009108845852164205e-01
-2.562441527843475342e-01 -6.235293149948120117e-01 -1.917744636535644531e+00 4.804827680326129169e-02 3.981457051440294159e-01 4.446393055668947381e-01 -8.009089200881217563e-01
-2.562442421913146973e-01 -6.235293149948120117e-01 -1.917744636535644531e+00 4.804835433543394596e-02 3.981450626849487584e-01 4.446388982128763878e-01 -8.009079378474575073e-01
-2.562443017959594727e-01 -6.235293745994567871e-01 -1.917744755744934082e+00 4.804835433543394596e-02 3.981450626849487584e-01 4.446392083413167606e-01 -8.009084030401181220e-01
-2.562443614006042480e-01 -6.235293745994567871e-01 -1.917744755744934082e+00 4.804835433543394596e-02 3.981453728133891867e-01 4.446395184697571890e-01 -8.009088682327787367e-01
-2.562444210052490234e-01 -6.235293745994567871e-01 -1.917744874954223633e+00 4.804835433543394596e-02 3.981456829418295595e-01 4.446395184697571890e-01 -8.009093334254393515e-01
-2.562444806098937988e-01 -6.235294342041015625e-01 -1.917744874954223633e+00 4.804850939940393667e-02 3.981443980309966602e-01 4.446383936396962611e-01 -8.009072138916530914e-01
-2.562445402145385742e-01 -6.235294342041015625e-01 -1.917744874954223633e+00 4.804835433543394596e-02 3.981459930702699879e-01 4.446401387266379901e-01 -8.009102638107605809e-01
-2.562446296215057373e-01 -6.235294342041015625e-01 -1.917744994163513184e+00 4.804843186748149197e-02 3.981453506127980990e-01 4.446397313730902634e-01 -8.009094366355683503e-01
-2.562447190284729004e-01 -6.235294938087463379e-01 -1.917744994163513184e+00 4.804850939940393667e-02 3.981453284133152914e-01 4.446390138945753301e-01 -8.009089195925704896e-01
-2.562448084354400635e-01 -6.235294938087463379e-01 -1.917745113372802734e+00 4.804850939940393667e-02 3.981453284133152914e-01 4.446393240220148924e-01 -8.009093847837298608e-01
-2.562448680400848389e-01 -6.235295534133911133e-01 -1.917745113372802734e+00 4.804858693120126617e-02 3.981449960880017458e-01 4.446389166734118770e-01 -8.009085576167963572e-01
-2.562449574470520020e-01 -6.235295534133911133e-01 -1.917745113372802734e+00 4.804858693120126617e-02 3.981453062149408750e-01 4.446392268003510062e-01 -8.009091778706746156e-01
-2.562450170516967773e-01 -6.235295534133911133e-01 -1.917745232582092285e+00 4.804858693120126617e-02 3.981456163418800043e-01 4.446395369272901354e-01 -8.009096430610832540e-01
-2.562451064586639404e-01 -6.235296130180358887e-01 -1.917745232582092285e+00 4.804866446287349435e-02 3.981449738912360425e-01 4.446391295801586097e-01 -8.009088158971530147e-01
-2.562451660633087158e-01 -6.235296130180358887e-01 -1.917745351791381836e+00 4.804881952584262594e-02 3.981436889992781003e-01 4.446380047678746839e-01 -8.009066963954002416e-01
-2.562452256679534912e-01 -6.235296130180358887e-01 -1.917745351791381836e+00 4.804866446287349435e-02 3.981455941441134350e-01 4.446397498330360021e-01 -8.009097462764691588e-01
-2.562453150749206543e-01 -6.235296726226806641e-01 -1.917745351791381836e+00 4.804874199442061428e-02 3.981449516955786194e-01 4.446393424873759659e-01 -8.009090741787615597e-01
-2.562454342842102051e-01 -6.235296726226806641e-01 -1.917745471000671387e+00 4.804874199442061428e-02 3.981452618215169381e-01 4.446396526133142291e-01 -8.009098494936073287e-01
-2.562455236911773682e-01 -6.235297322273254395e-01 -1.917745590209960938e+00 4.804881952584262594e-02 3.981449295010295319e-01 4.446389351441882298e-01 -8.009091773989031049e-01
-2.562456130981445312e-01 -6.235297322273254395e-01 -1.917745590209960938e+00 4.804874199442061428e-02 3.981458820733934645e-01 4.446399627392524923e-01 -8.009110899973603814e-01
-2.562457621097564697e-01 -6.235297918319702148e-01 -1.917745709419250488e+00 4.804897458831134532e-02 3.981445749908190668e-01 4.446384305896665667e-01 -8.009082984089128665e-01
-2.562458515167236328e-01 -6.235298514366149902e-01 -1.917745828628540039e+00 4.804889705713954323e-02 3.981452174325260662e-01 4.446394581782850408e-01 -8.009103660580776385e-01
-2.562459409236907959e-01 -6.235298514366149902e-01 -1.917745828628540039e+00 4.804897458831134532e-02 3.981448851152560864e-01 4.446393609629776256e-01 -8.009095389066609449e-01
-2.562460303306579590e-01 -6.235298514366149902e-01 -1.917745947837829590e+00 4.804905211935805304e-02 3.981445528000950862e-01 4.446389536252049468e-01 -8.009088668219671581e-01
-2.562461197376251221e-01 -6.235299110412597656e-01 -1.917745947837829590e+00 4.804912965027965249e-02 3.981442204870432322e-01 4.446385462899045682e-01 -8.009081947415276348e-01
-2.562462091445922852e-01 -6.235299110412597656e-01 -1.917746067047119141e+00 4.804912965027965249e-02 3.981442204870432322e-01 4.446388564133407773e-01 -8.009088149884000529e-01
-2.562462687492370605e-01 -6.235299706459045410e-01 -1.917746067047119141e+00 4.804912965027965249e-02 3.981445306104794413e-01 4.446388564133407773e-01 -8.009092801735543388e-01
-2.562463283538818359e-01 -6.235299706459045410e-01 -1.917746067047119141e+00 4.804920718107615757e-02 3.981441982990360784e-01 4.446381389570763232e-01 -8.009082979726817042e-01
-2.562463879585266113e-01 -6.235299706459045410e-01 -1.917746186256408691e+00 4.804920718107615757e-02 3.981441982990360784e-01 4.446384490800120992e-01 -8.009089182185532563e-01
-2.562464773654937744e-01 -6.235300302505493164e-01 -1.917746186256408691e+00 4.804920718107615757e-02 3.981445084219719099e-01 4.446387592029479308e-01 -8.009093834029569203e-01
-2.562465369701385498e-01 -6.235300302505493164e-01 -1.917746186256408691e+00 4.804920718107615757e-02 3.981445084219719099e-01 4.446390693258837068e-01 -8.009098485873606954e-01
-2.562465965747833252e-01 -6.235300302505493164e-01 -1.917746305465698242e+00 4.804920718107615757e-02 3.981451286678435175e-01 4.446393794488194828e-01 -8.009103137717643595e-01
-2.562466561794281006e-01 -6.235300898551940918e-01 -1.917746305465698242e+00 4.804920718107615757e-02 3.981451286678435175e-01 4.446396895717553144e-01 -8.009107789561680235e-01
-2.562467455863952637e-01 -6.235300898551940918e-01 -1.917746305465698242e+00 4.804928471174755439e-02 3.981444862345726587e-01 4.446392822388972599e-01 -8.009097967565471654e-01
-2.562468051910400391e-01 -6.235300898551940918e-01 -1.917746424674987793e+00 4.804928471174755439e-02 3.981447963570080573e-01 4.446392822388972599e-01 -8.009104170014179624e-01
-2.562468945980072021e-01 -6.235301494598388672e-01 -1.917746424674987793e+00 4.804936224229385683e-02 3.981444640482815767e-01 4.446388749085113390e-01 -8.009095898670185454e-01
-2.562469542026519775e-01 -6.235301494598388672e-01 -1.917746543884277344e+00 4.804951730301115082e-02 3.981434893162214550e-01 4.446377501342217986e-01 -8.009076254915492576e-01
-2.562470138072967529e-01 -6.235301494598388672e-01 -1.917746543884277344e+00 4.804936224229385683e-02 3.981447741702165422e-01 4.446391850304463600e-01 -8.009106752937911189e-01
-2.562471032142639160e-01 -6.235302090644836426e-01 -1.917746543884277344e+00 4.804936224229385683e-02 3.981450842921515632e-01 4.446394951523813255e-01 -8.009111404766935394e-01
-2.562471628189086914e-01 -6.235302090644836426e-01 -1.917746663093566895e+00 4.804959483318215624e-02 3.981434671347560683e-01 4.446376529321864890e-01 -8.009077287332149186e-01
-2.562472224235534668e-01 -6.235302686691284180e-01 -1.917746663093566895e+00 4.804943977271505101e-02 3.981447519845333627e-01 4.446393979449014267e-01 -8.009107785266986745e-01
-2.562473118305206299e-01 -6.235302686691284180e-01 -1.917746782302856445e+00 4.804951730301115082e-02 3.981444196790240309e-01 4.446389906179586404e-01 -8.009101064590228303e-01
-2.562473714351654053e-01 -6.235302686691284180e-01 -1.917746782302856445e+00 4.804967236322805341e-02 3.981434449543989618e-01 4.446378658515559024e-01 -8.009079870365996001e-01
-2.562474608421325684e-01 -6.235303282737731934e-01 -1.917746782302856445e+00 4.804951730301115082e-02 3.981447297999582413e-01 4.446396108598270058e-01 -8.009110368218254061e-01
-2.562475204467773438e-01 -6.235303282737731934e-01 -1.917746901512145996e+00 4.804951730301115082e-02 3.981450399208924518e-01 4.446396108598270058e-01 -8.009115020032266941e-01
-2.562475800514221191e-01 -6.235303282737731934e-01 -1.917746901512145996e+00 4.804974989314886313e-02 3.981431126557168909e-01 4.446377686519627503e-01 -8.009080902815191028e-01
-2.562476694583892822e-01 -6.235303878784179688e-01 -1.917747020721435547e+00 4.804959483318215624e-02 3.981450177369251220e-01 4.446395136547893201e-01 -8.009112951182036921e-01
