repeatability steamvr; 20211015-224937; x y z w i j k;  frequency = 150 duration = 2 sys.args = ['.\\repeatability.py']
-2.561900913715362549e-01 -6.235523819923400879e-01 -1.917863249778747559e+00 4.813379628433457624e-02 3.981605636223747857e-01 4.446424520525962820e-01 -8.008940576920943188e-01
-2.561899721622467041e-01 -6.235524415969848633e-01 -1.917863249778747559e+00 4.813364149511885348e-02 3.981602961411663255e-01 4.446417148910015160e-01 -8.008932278564777629e-01
-2.561899423599243164e-01 -6.235525012016296387e-01 -1.917863249778747559e+00 4.813340931036193260e-02 3.981615976161727022e-01 4.446432405819333300e-01 -8.008961624442800797e-01
-2.561899125576019287e-01 -6.235525012016296387e-01 -1.917863249778747559e+00 4.813348670540534835e-02 3.981606478222047829e-01 4.446415968891134773e-01 -8.008936363435057437e-01
-2.561898827552795410e-01 -6.235525012016296387e-01 -1.917863249778747559e+00 4.813325451990175391e-02 3.981619493092694584e-01 4.446434321726981942e-01 -8.008965709551397749e-01
-2.561898529529571533e-01 -6.235525012016296387e-01 -1.917863249778747559e+00 4.813333191519406778e-02 3.981609995096226928e-01 4.446420980529054989e-01 -8.008943544223638966e-01
-2.561898231506347656e-01 -6.235525608062744141e-01 -1.917863249778747559e+00 4.813325451990175391e-02 3.981613301464331789e-01 4.446418842656075232e-01 -8.008947134666309919e-01
-2.561893165111541748e-01 -6.235522627830505371e-01 -1.917863488197326660e+00 4.813333191519406778e-02 3.981575941194988588e-01 4.446455034430293884e-01 -8.008945092128241239e-01
-2.561892867088317871e-01 -6.235522627830505371e-01 -1.917863488197326660e+00 4.813325451990175391e-02 3.981579247508336694e-01 4.446455992426251447e-01 -8.008950230480491594e-01
-2.561892569065093994e-01 -6.235522627830505371e-01 -1.917863488197326660e+00 4.813333191519406778e-02 3.981569749576581718e-01 4.446442651193479589e-01 -8.008931160986825226e-01
-2.561892271041870117e-01 -6.235522627830505371e-01 -1.917863488197326660e+00 4.813325451990175391e-02 3.981573055879973899e-01 4.446446704983707532e-01 -8.008936299316674612e-01
-2.561891674995422363e-01 -6.235522627830505371e-01 -1.917863488197326660e+00 4.813309972894379285e-02 3.981582764373675642e-01 4.446457908461897701e-01 -8.008954315648409983e-01
-2.561891376972198486e-01 -6.235522627830505371e-01 -1.917863488197326660e+00 4.813302233327813873e-02 3.981579879086596940e-01 4.446458866501586948e-01 -8.008959454102398956e-01
-2.561979889869689941e-01 -6.235365271568298340e-01 -1.917873620986938477e+00 4.813565371609850041e-02 3.981619161879146329e-01 4.446423205669327583e-01 -8.008934907056052266e-01
-2.561979889869689941e-01 -6.235365271568298340e-01 -1.917873620986938477e+00 4.813565371609850041e-02 3.981616066219267891e-01 4.446413918689691713e-01 -8.008927167906355615e-01
-2.561979591846466064e-01 -6.235365271568298340e-01 -1.917873620986938477e+00 4.813557632453932533e-02 3.981619372128858969e-01 4.446417971893348309e-01 -8.008933853193238583e-01
-2.561979293823242188e-01 -6.235365271568298340e-01 -1.917873620986938477e+00 4.813549893285571507e-02 3.981622678059373865e-01 4.446422025121532506e-01 -8.008935895017571527e-01
-2.561978697776794434e-01 -6.235364675521850586e-01 -1.917873620986938477e+00 4.813542154104767656e-02 3.981622888336001642e-01 4.446416791349813713e-01 -8.008934841194363941e-01
-2.561978399753570557e-01 -6.235364675521850586e-01 -1.917873740196228027e+00 4.813534414911520981e-02 3.981623098623597312e-01 4.446420844612121170e-01 -8.008939978748045307e-01
-2.561991810798645020e-01 -6.235384941101074219e-01 -1.917892217636108398e+00 4.812744951826217199e-02 3.981533142842665907e-01 4.446540268427243703e-01 -8.008928564362723934e-01
-2.561991512775421143e-01 -6.235384941101074219e-01 -1.917892336845397949e+00 4.812737211351017508e-02 3.981533354081325804e-01 4.446544323743921168e-01 -8.008933704890630612e-01
-2.561991214752197266e-01 -6.235384941101074219e-01 -1.917892336845397949e+00 4.812729470863368053e-02 3.981536661528514709e-01 4.446545282887596762e-01 -8.008938845455790823e-01
-2.561990916728973389e-01 -6.235384345054626465e-01 -1.917892336845397949e+00 4.812737211351017508e-02 3.981527161696186701e-01 4.446535035166211958e-01 -8.008916675831497800e-01
-2.561990618705749512e-01 -6.235384345054626465e-01 -1.917892336845397949e+00 4.812737211351017508e-02 3.981524065503616594e-01 4.446528842781072854e-01 -8.008910483446357587e-01
-2.561990320682525635e-01 -6.235384345054626465e-01 -1.917892456054687500e+00 4.812729470863368053e-02 3.981527372935866338e-01 4.446532898097398934e-01 -8.008915623974169895e-01
-2.561997175216674805e-01 -6.235411763191223145e-01 -1.917906284332275391e+00 4.813635023453190220e-02 3.981570835899010952e-01 4.446535317329823878e-01 -8.008924271102427772e-01
-2.561996877193450928e-01 -6.235411763191223145e-01 -1.917906403541564941e+00 4.813642762484682952e-02 3.981558243393196195e-01 4.446521977287279936e-01 -8.008903655899962670e-01
-2.561996579170227051e-01 -6.235411167144775391e-01 -1.917906403541564941e+00 4.813635023453190220e-02 3.981561549053754812e-01 4.446522934869482913e-01 -8.008908793027000872e-01
-2.561995983123779297e-01 -6.235411167144775391e-01 -1.917906403541564941e+00 4.813619545352879059e-02 3.981571256062673703e-01 4.446534136952721705e-01 -8.008925258642812794e-01
-2.561995685100555420e-01 -6.235411167144775391e-01 -1.917906522750854492e+00 4.813611806284059935e-02 3.981574561790972022e-01 4.446538190223588427e-01 -8.008930395891463716e-01
-2.561995387077331543e-01 -6.235410571098327637e-01 -1.917906522750854492e+00 4.813635023453190220e-02 3.981552262208499227e-01 4.446510552409141392e-01 -8.008884028106317832e-01
-2.561995089054107666e-01 -6.235410571098327637e-01 -1.917906522750854492e+00 4.813611806284059935e-02 3.981565274900923379e-01 4.446525807703523570e-01 -8.008913369926374815e-01
-2.561994791030883789e-01 -6.235409975051879883e-01 -1.917906641960144043e+00 4.813604067202797987e-02 3.981568580635212462e-01 4.446529860979009929e-01 -8.008916959367377020e-01
-2.561994493007659912e-01 -6.235409975051879883e-01 -1.917906641960144043e+00 4.813596328109093908e-02 3.981568790750452114e-01 4.446527722999081833e-01 -8.008922096660607837e-01
-2.561993896961212158e-01 -6.235409975051879883e-01 -1.917906641960144043e+00 4.813596328109093908e-02 3.981565695110481640e-01 4.446524627359111914e-01 -8.008914357560682484e-01
-2.561993598937988281e-01 -6.235409379005432129e-01 -1.917906761169433594e+00 4.813604067202797987e-02 3.981556198095239640e-01 4.446514382804043763e-01 -8.008893742104928881e-01
-2.561993300914764404e-01 -6.235409379005432129e-01 -1.917906761169433594e+00 4.813596328109093908e-02 3.981559503830541247e-01 4.446518436079171521e-01 -8.008898879360831780e-01
-2.561993002891540527e-01 -6.235409379005432129e-01 -1.917906761169433594e+00 4.813588589002947005e-02 3.981559713941817957e-01 4.446516298088931674e-01 -8.008904016653956015e-01
-2.561992704868316650e-01 -6.235408782958984375e-01 -1.917906880378723145e+00 4.813580849884357277e-02 3.981563019713986185e-01 4.446520351403160376e-01 -8.008909153984302698e-01
-2.561992406845092773e-01 -6.235408782958984375e-01 -1.917906880378723145e+00 4.813565371609850041e-02 3.981572726980967536e-01 4.446531553765077915e-01 -8.008927167906355615e-01
-2.561992108821868896e-01 -6.235408186912536621e-01 -1.917906880378723145e+00 4.813573110753325418e-02 3.981563229852174701e-01 4.446521309087014262e-01 -8.008905004387164572e-01
-2.561991810798645020e-01 -6.235408186912536621e-01 -1.917906999588012695e+00 4.813565371609850041e-02 3.981566535661210104e-01 4.446519171125563608e-01 -8.008910141777023650e-01
-2.561991512775421143e-01 -6.235408186912536621e-01 -1.917906999588012695e+00 4.813557632453932533e-02 3.981569841491167661e-01 4.446523224498443172e-01 -8.008915279204104065e-01
-2.561991214752197266e-01 -6.235407590866088867e-01 -1.917906999588012695e+00 4.813549893285571507e-02 3.981570051672214672e-01 4.446527277895851449e-01 -8.008921964503323832e-01
-2.561990618705749512e-01 -6.235407590866088867e-01 -1.917907118797302246e+00 4.813549893285571507e-02 3.981566956002381419e-01 4.446524182226018196e-01 -8.008912677493824628e-01
-2.561990320682525635e-01 -6.235407590866088867e-01 -1.917907118797302246e+00 4.813557632453932533e-02 3.981554363166888710e-01 4.446507746174164222e-01 -8.008892061717686195e-01
-2.561989724636077881e-01 -6.235406994819641113e-01 -1.917907238006591797e+00 4.813526675705830787e-02 3.981573777965929373e-01 4.446527055496187764e-01 -8.008926542230362378e-01
-2.561989426612854004e-01 -6.235406398773193359e-01 -1.917907238006591797e+00 4.813518936487697769e-02 3.981573988195826752e-01 4.446528013282059488e-01 -8.008930131983756917e-01
-2.561988532543182373e-01 -6.235406398773193359e-01 -1.917907357215881348e+00 4.813534414911520981e-02 3.981554993668276476e-01 4.446504427966379014e-01 -8.008887352191660369e-01
-2.561987936496734619e-01 -6.235405802726745605e-01 -1.917907476425170898e+00 4.813495718758639685e-02 3.981577714656004963e-01 4.446527791022446552e-01 -8.008933162175736475e-01
-2.561987042427062988e-01 -6.235405206680297852e-01 -1.917907476425170898e+00 4.813511197257121926e-02 3.981558719963096959e-01 4.446507301219470576e-01 -8.008891929890689099e-01
-2.561986446380615234e-01 -6.235404610633850098e-01 -1.917907595634460449e+00 4.813495718758639685e-02 3.981562236132636379e-01 4.446512312499077413e-01 -8.008902205128998197e-01
-2.561985850334167480e-01 -6.235404610633850098e-01 -1.917907714843750000e+00 4.813487979490733287e-02 3.981559350676848186e-01 4.446510174603732213e-01 -8.008899603529862077e-01
-2.561985254287719727e-01 -6.235404014587402344e-01 -1.917907714843750000e+00 4.813472500917590630e-02 3.981565962646738677e-01 4.446512090266113160e-01 -8.008908331106830980e-01
-2.561984360218048096e-01 -6.235403418540954590e-01 -1.917907834053039551e+00 4.813449282964549214e-02 3.981578976493043154e-01 4.446527346807151448e-01 -8.008929936002793237e-01
-2.561984062194824219e-01 -6.235403418540954590e-01 -1.917907834053039551e+00 4.813457022294673204e-02 3.981566383241203488e-01 4.446510910257233662e-01 -8.008907771634066197e-01
-2.561984658241271973e-01 -6.235405206680297852e-01 -1.917907834053039551e+00 4.813913620748724170e-02 3.981544707838149399e-01 4.446584429603726574e-01 -8.008891033439949902e-01
-2.561984360218048096e-01 -6.235405206680297852e-01 -1.917907834053039551e+00 4.813929097903502097e-02 3.981531906863634562e-01 4.446573228916479437e-01 -8.008865284235173743e-01
-2.561984062194824219e-01 -6.235404610633850098e-01 -1.917907834053039551e+00 4.813905882152674787e-02 3.981551108371708114e-01 4.446594673152957089e-01 -8.008907003576382078e-01
-2.561983764171600342e-01 -6.235404610633850098e-01 -1.917907953262329102e+00 4.813913620748724170e-02 3.981547803274081421e-01 4.446590620475590061e-01 -8.008894128875881924e-01
-2.561983466148376465e-01 -6.235404610633850098e-01 -1.917907953262329102e+00 4.813913620748724170e-02 3.981547803274081421e-01 4.446590620475590061e-01 -8.008897224311813945e-01
-2.561983168125152588e-01 -6.235404014587402344e-01 -1.917907953262329102e+00 4.813929097903502097e-02 3.981535002289614544e-01 4.446576324342458864e-01 -8.008871475087132596e-01
-2.561982572078704834e-01 -6.235404014587402344e-01 -1.917908072471618652e+00 4.813921359332333505e-02 3.981541402766414217e-01 4.446589663253699420e-01 -8.008887445099384106e-01
-2.561982274055480957e-01 -6.235403418540954590e-01 -1.917908072471618652e+00 4.813929097903502097e-02 3.981535002289614544e-01 4.446585610620398255e-01 -8.008876118226102570e-01
-2.561981976032257080e-01 -6.235403418540954590e-01 -1.917908191680908203e+00 4.813929097903502097e-02 3.981538097715593971e-01 4.446585610620398255e-01 -8.008877665939091450e-01
-2.561981081962585449e-01 -6.235402822494506836e-01 -1.917908191680908203e+00 4.813936836462231333e-02 3.981534792685688662e-01 4.446581558011616364e-01 -8.008867886830935978e-01
-2.561980783939361572e-01 -6.235402822494506836e-01 -1.917908310890197754e+00 4.813929097903502097e-02 3.981541193141573953e-01 4.446591801472357108e-01 -8.008883856791051414e-01
-2.561980485916137695e-01 -6.235402226448059082e-01 -1.917908310890197754e+00 4.813944575008520521e-02 3.981528392260670346e-01 4.446577505427354304e-01 -8.008858107774916579e-01
-2.561980187892913818e-01 -6.235402226448059082e-01 -1.917908310890197754e+00 4.813921359332333505e-02 3.981547593628325110e-01 4.446602044977522317e-01 -8.008899826823205892e-01
-2.561979889869689941e-01 -6.235402226448059082e-01 -1.917908430099487305e+00 4.813936836462231333e-02 3.981534792685688662e-01 4.446587748853623734e-01 -8.008874077672942793e-01
-2.561979293823242188e-01 -6.235401630401611328e-01 -1.917908430099487305e+00 4.813929097903502097e-02 3.981541193141573953e-01 4.446594896898337090e-01 -8.008890047643010268e-01
-2.561978995800018311e-01 -6.235401630401611328e-01 -1.917908430099487305e+00 4.813944575008520521e-02 3.981531487676697734e-01 4.446583696259409635e-01 -8.008864298606972465e-01
-2.561978697776794434e-01 -6.235401630401611328e-01 -1.917908549308776855e+00 4.813936836462231333e-02 3.981537888106692069e-01 4.446590844274627141e-01 -8.008880268514950718e-01
-2.561978399753570557e-01 -6.235401034355163574e-01 -1.917908549308776855e+00 4.813936836462231333e-02 3.981537888106692069e-01 4.446593939695631104e-01 -8.008880268514950718e-01
-2.561978101730346680e-01 -6.235401034355163574e-01 -1.917908549308776855e+00 4.813936836462231333e-02 3.981537888106692069e-01 4.446597035116634511e-01 -8.008881816225452699e-01
-2.561977803707122803e-01 -6.235401034355163574e-01 -1.917908549308776855e+00 4.813944575008520521e-02 3.981534583092725677e-01 4.446592982507492908e-01 -8.008870489439027240e-01
-2.561977505683898926e-01 -6.235400438308715820e-01 -1.917908668518066406e+00 4.813929097903502097e-02 3.981547383993532807e-01 4.446607278602255353e-01 -8.008897786207959113e-01
-2.561977207660675049e-01 -6.235400438308715820e-01 -1.917908668518066406e+00 4.813936836462231333e-02 3.981540983527696032e-01 4.446600130537637918e-01 -8.008886459356957532e-01
-2.561976611614227295e-01 -6.235399842262268066e-01 -1.917908787727355957e+00 4.813944575008520521e-02 3.981534583092725677e-01 4.446596077923520851e-01 -8.008876680271083126e-01
-2.561976015567779541e-01 -6.235399842262268066e-01 -1.917908787727355957e+00 4.813944575008520521e-02 3.981534583092725677e-01 4.446599173339548239e-01 -8.008878227979097097e-01
-2.561975717544555664e-01 -6.235399246215820312e-01 -1.917908906936645508e+00 4.813944575008520521e-02 3.981537678508753064e-01 4.446599173339548239e-01 -8.008879775687111069e-01
-2.561975419521331787e-01 -6.235399246215820312e-01 -1.917908906936645508e+00 4.813944575008520521e-02 3.981537678508753064e-01 4.446602268755576182e-01 -8.008882871103137902e-01
-2.561975121498107910e-01 -6.235399246215820312e-01 -1.917908906936645508e+00 4.813960052063779443e-02 3.981527973127535480e-01 4.446587972768845098e-01 -8.008857122255740313e-01
-2.561974823474884033e-01 -6.235398650169372559e-01 -1.917909026145935059e+00 4.813936836462231333e-02 3.981547174369702846e-01 4.446612512221652658e-01 -8.008897293330470291e-01
-2.561974227428436279e-01 -6.235398650169372559e-01 -1.917909026145935059e+00 4.813936836462231333e-02 3.981547174369702846e-01 4.446615607642656620e-01 -8.008900388751474253e-01
-2.561973929405212402e-01 -6.235398054122924805e-01 -1.917909145355224609e+00 4.813960052063779443e-02 3.981527973127535480e-01 4.446597258987072254e-01 -8.008863313067892120e-01
-2.561973631381988525e-01 -6.235398054122924805e-01 -1.917909145355224609e+00 4.813960052063779443e-02 3.981527973127535480e-01 4.446597258987072254e-01 -8.008864860770930072e-01
-2.561973035335540771e-01 -6.235398054122924805e-01 -1.917909145355224609e+00 4.813967790572749178e-02 3.981524668176311677e-01 4.446593206431586065e-01 -8.008853534128472784e-01
-2.561972737312316895e-01 -6.235397458076477051e-01 -1.917909264564514160e+00 4.813952313542369660e-02 3.981537468921776957e-01 4.446607502389181565e-01 -8.008882378292603299e-01
-2.561972439289093018e-01 -6.235397458076477051e-01 -1.917909264564514160e+00 4.813952313542369660e-02 3.981537468921776957e-01 4.446610597800233489e-01 -8.008882378292603299e-01
-2.561971545219421387e-01 -6.235396862030029297e-01 -1.917909383773803711e+00 4.813960052063779443e-02 3.981534163939687287e-01 4.446606545205299965e-01 -8.008874146989157783e-01
-2.561971247196197510e-01 -6.235396862030029297e-01 -1.917909383773803711e+00 4.813967790572749178e-02 3.981527763577411561e-01 4.446602492634885717e-01 -8.008862820331772436e-01
-2.561970949172973633e-01 -6.235396265983581543e-01 -1.917909383773803711e+00 4.813952313542369660e-02 3.981540564332828880e-01 4.446616788622336780e-01 -8.008888569114706035e-01
-2.561970651149749756e-01 -6.235396265983581543e-01 -1.917909502983093262e+00 4.813960052063779443e-02 3.981537259345762636e-01 4.446612736017451217e-01 -8.008878790098271638e-01
-2.561970055103302002e-01 -6.235396265983581543e-01 -1.917909502983093262e+00 4.813952313542369660e-02 3.981540564332828880e-01 4.446619884033388703e-01 -8.008893212231283920e-01
-2.561969757080078125e-01 -6.235395669937133789e-01 -1.917909502983093262e+00 4.813983267553369194e-02 3.981518058336607213e-01 4.446591292176468868e-01 -8.008843262579483646e-01
-2.561969459056854248e-01 -6.235395669937133789e-01 -1.917909622192382812e+00 4.813960052063779443e-02 3.981537259345762636e-01 4.446615831423527121e-01 -8.008883433207385494e-01
-2.561969161033630371e-01 -6.235395669937133789e-01 -1.917909622192382812e+00 4.813975529069278864e-02 3.981524458642126674e-01 4.446601535485115719e-01 -8.008859232221808844e-01
-2.561968863010406494e-01 -6.235395073890686035e-01 -1.917909622192382812e+00 4.813967790572749178e-02 3.981533954379611884e-01 4.446611778838185924e-01 -8.008873654235622030e-01
-2.561968564987182617e-01 -6.235395073890686035e-01 -1.917909741401672363e+00 4.813967790572749178e-02 3.981533954379611884e-01 4.446611778838185924e-01 -8.008875201936171973e-01
-2.561968266963958740e-01 -6.235395073890686035e-01 -1.917909741401672363e+00 4.813967790572749178e-02 3.981533954379611884e-01 4.446614874239285808e-01 -8.008875201936171973e-01
-2.561967968940734863e-01 -6.235394477844238281e-01 -1.917909741401672363e+00 4.813975529069278864e-02 3.981527554038250538e-01 4.446607726277364003e-01 -8.008865423014056573e-01
-2.561967670917510986e-01 -6.235394477844238281e-01 -1.917909860610961914e+00 4.813960052063779443e-02 3.981540354751838540e-01 4.446628213047830180e-01 -8.008891171722574143e-01
-2.561967074871063232e-01 -6.235393881797790527e-01 -1.917909860610961914e+00 4.813975529069278864e-02 3.981530649434374958e-01 4.446613917069612287e-01 -8.008870066108243480e-01
-2.561966776847839355e-01 -6.235393881797790527e-01 -1.917909979820251465e+00 4.813983267553369194e-02 3.981524249118903458e-01 4.446606769132209758e-01 -8.008857191839650058e-01
-2.561966478824615479e-01 -6.235393285751342773e-01 -1.917909979820251465e+00 4.813967790572749178e-02 3.981537049780711768e-01 4.446624160442585461e-01 -8.008886035840021567e-01
-2.561966180801391602e-01 -6.235393285751342773e-01 -1.917909979820251465e+00 4.813983267553369194e-02 3.981527344510051858e-01 4.446609864523357603e-01 -8.008860287230797903e-01
-2.561965286731719971e-01 -6.235396862030029297e-01 -1.917910099029541016e+00 4.813410586127272323e-02 3.981496442821064741e-01 4.446609530522007137e-01 -8.008870492457694779e-01
-2.561964988708496094e-01 -6.235396265983581543e-01 -1.917910099029541016e+00 4.813402846722485140e-02 3.981496653086084025e-01 4.446610488636016378e-01 -8.008872534635912421e-01
-2.561964690685272217e-01 -6.235396265983581543e-01 -1.917910099029541016e+00 4.813379628433457624e-02 3.981512762843644193e-01 4.446628841962191325e-01 -8.008901879679233282e-01
-2.561964392662048340e-01 -6.235396265983581543e-01 -1.917910099029541016e+00 4.813387367875577444e-02 3.981500169423390911e-01 4.446615500682126187e-01 -8.008878166961349576e-01
-2.561964094638824463e-01 -6.235396265983581543e-01 -1.917910218238830566e+00 4.813364149511885348e-02 3.981513183522187860e-01 4.446630758371181713e-01 -8.008907512250439398e-01
-2.561963796615600586e-01 -6.235396265983581543e-01 -1.917910218238830566e+00 4.813379628433457624e-02 3.981497283946960342e-01 4.446613363065507474e-01 -8.008870921885865579e-01
-2.561963498592376709e-01 -6.235395669937133789e-01 -1.917910218238830566e+00 4.813356410032432198e-02 3.981507202289374936e-01 4.446628620803274035e-01 -8.008900267249310367e-01
-2.561963200569152832e-01 -6.235395669937133789e-01 -1.917910337448120117e+00 4.813364149511885348e-02 3.981497704575726049e-01 4.446618375214012597e-01 -8.008876554357516886e-01
-2.561962902545928955e-01 -6.235395669937133789e-01 -1.917910337448120117e+00 4.813340931036193260e-02 3.981510718818054295e-01 4.446633633094000948e-01 -8.008905899966739517e-01
-2.561962604522705078e-01 -6.235395669937133789e-01 -1.917910456657409668e+00 4.813348670540534835e-02 3.981495029449125256e-01 4.446617195842244574e-01 -8.008877543249348641e-01
-2.561962008476257324e-01 -6.235395073890686035e-01 -1.917910456657409668e+00 4.813340931036193260e-02 3.981495239796926100e-01 4.446618154072872753e-01 -8.008874941924483126e-01
-2.561961710453033447e-01 -6.235395073890686035e-01 -1.917910456657409668e+00 4.813333191519406778e-02 3.981495450155697613e-01 4.446622208127283260e-01 -8.008876984325763448e-01
-2.561961412429809570e-01 -6.235395073890686035e-01 -1.917910575866699219e+00 4.813325451990175391e-02 3.981495660525439240e-01 4.446620070577864681e-01 -8.008880574661410012e-01
-2.561961114406585693e-01 -6.235395073890686035e-01 -1.917910575866699219e+00 4.813317712448499791e-02 3.981495870906151535e-01 4.446624124671386680e-01 -8.008881069210149750e-01
-2.561960816383361816e-01 -6.235394477844238281e-01 -1.917910575866699219e+00 4.813309972894379285e-02 3.981499177121971544e-01 4.446625082965305897e-01 -8.008884659605324252e-01
-2.561960518360137939e-01 -6.235394477844238281e-01 -1.917910695075988770e+00 4.813302233327813873e-02 3.981499387529603418e-01 4.446629137102919294e-01 -8.008888250032751843e-01
-2.561960220336914062e-01 -6.235394477844238281e-01 -1.917910695075988770e+00 4.813302233327813873e-02 3.981493195871372848e-01 4.446622945444688724e-01 -8.008880510459963631e-01
-2.561959922313690186e-01 -6.235394477844238281e-01 -1.917910695075988770e+00 4.813294493748803554e-02 3.981493406280020020e-01 4.446626999596880458e-01 -8.008884100907199821e-01
-2.561959922313690186e-01 -6.235394477844238281e-01 -1.917910695075988770e+00 4.813286754157348329e-02 3.981496712538708516e-01 4.446627957934535802e-01 -8.008887691386690211e-01
-2.561959624290466309e-01 -6.235393881797790527e-01 -1.917910814285278320e+00 4.813279014553448198e-02 3.981500018818324160e-01 4.446632012130819489e-01 -8.008888186054385905e-01
-2.561959326267242432e-01 -6.235393881797790527e-01 -1.917910814285278320e+00 4.813271274937103161e-02 3.981497133420813239e-01 4.446636066351637995e-01 -8.008891776593406453e-01
-2.561959028244018555e-01 -6.235393881797790527e-01 -1.917910814285278320e+00 4.813271274937103161e-02 3.981494037571786104e-01 4.446629874653583725e-01 -8.008882489046325048e-01
-2.561958730220794678e-01 -6.235393881797790527e-01 -1.917910933494567871e+00 4.813263535308312524e-02 3.981494248024317062e-01 4.446633928888981679e-01 -8.008886079602666186e-01
-2.561958432197570801e-01 -6.235393881797790527e-01 -1.917910933494567871e+00 4.813255795667076981e-02 3.981494458487819799e-01 4.446634887289931948e-01 -8.008889670191262633e-01
-2.561957538127899170e-01 -6.235393285751342773e-01 -1.917911052703857422e+00 4.813240316347269787e-02 3.981494879447739499e-01 4.446636804135570831e-01 -8.008889111792872884e-01
-2.561957240104675293e-01 -6.235393285751342773e-01 -1.917911052703857422e+00 4.813232576668698137e-02 3.981495089944157018e-01 4.446637762580260556e-01 -8.008891154528832157e-01
-2.561956942081451416e-01 -6.235393285751342773e-01 -1.917911052703857422e+00 4.813240316347269787e-02 3.981482495971981894e-01 4.446624420659812671e-01 -8.008868988644766151e-01
-2.561956644058227539e-01 -6.235392689704895020e-01 -1.917911171913146973e+00 4.813217097274218731e-02 3.981495510969907392e-01 4.446639679513378351e-01 -8.008896788024519875e-01
-2.561956346035003662e-01 -6.235392689704895020e-01 -1.917911171913146973e+00 4.813224836977681581e-02 3.981486012814858255e-01 4.446629433402841114e-01 -8.008874622018692380e-01
-2.561956048011779785e-01 -6.235392689704895020e-01 -1.917911171913146973e+00 4.813209357558310975e-02 3.981492625610388303e-01 4.446640638001807533e-01 -8.008889543178244752e-01
-2.561955749988555908e-01 -6.235392689704895020e-01 -1.917911291122436523e+00 4.813217097274218731e-02 3.981480031550537202e-01 4.446627295977882421e-01 -8.008867377127716347e-01
-2.561955451965332031e-01 -6.235392093658447266e-01 -1.917911291122436523e+00 4.813193878089157968e-02 3.981496142590822962e-01 4.446645650921215998e-01 -8.008896724769584141e-01
-2.561955153942108154e-01 -6.235392093658447266e-01 -1.917911291122436523e+00 4.813201617829957618e-02 3.981480452570392847e-01 4.446632308823325053e-01 -8.008874558594801796e-01
-2.561954855918884277e-01 -6.235392093658447266e-01 -1.917911410331726074e+00 4.813178398570222560e-02 3.981496563726295013e-01 4.446650663918859658e-01 -8.008902358535570087e-01
-2.561954557895660400e-01 -6.235392093658447266e-01 -1.917911410331726074e+00 4.813178398570222560e-02 3.981493467817529552e-01 4.446644472101328738e-01 -8.008893070809273151e-01
-2.561954259872436523e-01 -6.235392093658447266e-01 -1.917911410331726074e+00 4.813186138335913411e-02 3.981480873634136719e-01 4.446631129939428995e-01 -8.008870904527661816e-01
-2.561953961849212646e-01 -6.235391497611999512e-01 -1.917911410331726074e+00 4.813162919001503365e-02 3.981493888986935015e-01 4.446646389238574359e-01 -8.008900252623825100e-01
-2.561953961849212646e-01 -6.235391497611999512e-01 -1.917911529541015625e+00 4.813170658792086110e-02 3.981481294741770482e-01 4.446636142921429613e-01 -8.008878086217956493e-01
-2.561953365802764893e-01 -6.235391497611999512e-01 -1.917911529541015625e+00 4.813162919001503365e-02 3.981478409393324203e-01 4.446634005563685488e-01 -8.008870841395964169e-01
-2.561952769756317139e-01 -6.235391497611999512e-01 -1.917911648750305176e+00 4.813147439383000381e-02 3.981481926485515022e-01 4.446642114576785931e-01 -8.008882667137977585e-01
-2.561952471733093262e-01 -6.235390901565551758e-01 -1.917911648750305176e+00 4.813147439383000381e-02 3.981478830556836046e-01 4.446635922719427980e-01 -8.008871831387601725e-01
-2.561952173709869385e-01 -6.235390901565551758e-01 -1.917911648750305176e+00 4.813139699555080142e-02 3.981479041155051024e-01 4.446639977252828668e-01 -8.008875422350529849e-01
-2.561951875686645508e-01 -6.235390901565551758e-01 -1.917911767959594727e+00 4.813131959714713609e-02 3.981479251764238891e-01 4.446640935872131495e-01 -8.008879013345716613e-01
-2.561951577663421631e-01 -6.235390901565551758e-01 -1.917911767959594727e+00 4.813124219861900782e-02 3.981479462384400203e-01 4.446641894506015991e-01 -8.008881056401355725e-01
-2.561951279640197754e-01 -6.235390305519104004e-01 -1.917911767959594727e+00 4.813116479996640967e-02 3.981479673015534959e-01 4.446645949103075757e-01 -8.008884647458573980e-01
-2.561950981616973877e-01 -6.235390305519104004e-01 -1.917911887168884277e+00 4.813108740118935552e-02 3.981482979611213335e-01 4.446646907771102386e-01 -8.008886690571265232e-01
-2.561950683593750000e-01 -6.235390305519104004e-01 -1.917911887168884277e+00 4.813101000228783843e-02 3.981483190269272665e-01 4.446647866453710685e-01 -8.008885637752687359e-01
-2.561950385570526123e-01 -6.235390305519104004e-01 -1.917911887168884277e+00 4.813093260326185840e-02 3.981483400938305439e-01 4.446651921114429529e-01 -8.008887680914962282e-01
-2.561950087547302246e-01 -6.235389709472656250e-01 -1.917912006378173828e+00 4.813085520411140850e-02 3.981483611618311658e-01 4.446649783862674510e-01 -8.008891272088773938e-01
-2.561949789524078369e-01 -6.235389709472656250e-01 -1.917912006378173828e+00 4.813085520411140850e-02 3.981477419681297425e-01 4.446646687894167393e-01 -8.008880436198998476e-01
-2.561948895454406738e-01 -6.235389709472656250e-01 -1.917912125587463379e+00 4.813062300591326725e-02 3.981481147740729698e-01 4.446652660085488318e-01 -8.008889661870001175e-01
-2.561948597431182861e-01 -6.235389113426208496e-01 -1.917912125587463379e+00 4.813054560626495171e-02 3.981481358459653119e-01 4.446656714844013925e-01 -8.008893253152943315e-01
-2.561948299407958984e-01 -6.235389113426208496e-01 -1.917912244796752930e+00 4.813054560626495171e-02 3.981478262471230822e-01 4.446653618855592183e-01 -8.008883965187677534e-01
-2.561948001384735107e-01 -6.235389113426208496e-01 -1.917912244796752930e+00 4.813046820649216628e-02 3.981478473196149448e-01 4.446654577640278827e-01 -8.008887556487944703e-01
-2.561948299407958984e-01 -6.235384941101074219e-01 -1.917912840843200684e+00 4.813155179198475020e-02 3.981491003664395789e-01 4.446619484515763054e-01 -8.008894555808385718e-01
-2.561948001384735107e-01 -6.235384345054626465e-01 -1.917912840843200684e+00 4.813147439383000381e-02 3.981488118342872973e-01 4.446620443076033102e-01 -8.008898146781372462e-01
-2.561947703361511230e-01 -6.235384345054626465e-01 -1.917912960052490234e+00 4.813139699555080142e-02 3.981491424889680997e-01 4.446621401650883709e-01 -8.008901737786617847e-01
-2.561947405338287354e-01 -6.235384345054626465e-01 -1.917912960052490234e+00 4.813131959714713609e-02 3.981494731457418390e-01 4.446625456178951441e-01 -8.008906876793440155e-01
-2.561947107315063477e-01 -6.235383749008178711e-01 -1.917913079261779785e+00 4.813139699555080142e-02 3.981482137088708240e-01 4.446612113849911507e-01 -8.008887806085158712e-01
-2.561946809291839600e-01 -6.235383749008178711e-01 -1.917913079261779785e+00 4.813124219861900782e-02 3.981491846158857761e-01 4.446623318844329376e-01 -8.008905823950270841e-01
-2.561946511268615723e-01 -6.235383749008178711e-01 -1.917913079261779785e+00 4.813116479996640967e-02 3.981495152758499634e-01 4.446627373411518036e-01 -8.008910963021613760e-01
-2.561946213245391846e-01 -6.235383152961730957e-01 -1.917913198471069336e+00 4.813124219861900782e-02 3.981485654271628705e-01 4.446614031013486068e-01 -8.008890344232199032e-01
-2.561945915222167969e-01 -6.235383152961730957e-01 -1.917913198471069336e+00 4.813116479996640967e-02 3.981488960861313542e-01 4.446621181514331944e-01 -8.008897031252946164e-01
-2.561945617198944092e-01 -6.235383152961730957e-01 -1.917913317680358887e+00 4.813108740118935552e-02 3.981489171518356462e-01 4.446622140142530433e-01 -8.008900622362337129e-01
-2.561945319175720215e-01 -6.235382556915283203e-01 -1.917913317680358887e+00 4.813108740118935552e-02 3.981486075564785176e-01 4.446619044188959147e-01 -8.008892882478407804e-01
-2.561945021152496338e-01 -6.235382556915283203e-01 -1.917913317680358887e+00 4.813101000228783843e-02 3.981483190269272665e-01 4.446620002826760509e-01 -8.008896473607612920e-01
-2.561944425106048584e-01 -6.235381960868835449e-01 -1.917913436889648438e+00 4.813101000228783843e-02 3.981476998352172503e-01 4.446613810909660347e-01 -8.008882541794136722e-01
-2.561944127082824707e-01 -6.235381960868835449e-01 -1.917913556098937988e+00 4.813077780483649565e-02 3.981490014256263144e-01 4.446625974801142744e-01 -8.008908795175532225e-01
-2.561943531036376953e-01 -6.235381364822387695e-01 -1.917913556098937988e+00 4.813070040543711292e-02 3.981490224968174951e-01 4.446630029480715951e-01 -8.008912386436269903e-01
-2.561943233013153076e-01 -6.235381364822387695e-01 -1.917913675308227539e+00 4.813077780483649565e-02 3.981480726335805964e-01 4.446616686880685010e-01 -8.008890219334616756e-01
-2.561942934989929199e-01 -6.235381364822387695e-01 -1.917913675308227539e+00 4.813070040543711292e-02 3.981484033011245538e-01 4.446620741545322386e-01 -8.008896906543947480e-01
-2.561942636966705322e-01 -6.235380768775939941e-01 -1.917913794517517090e+00 4.813077780483649565e-02 3.981471438415348230e-01 4.446607398960227275e-01 -8.008873191480444520e-01
-2.561942338943481445e-01 -6.235380768775939941e-01 -1.917913794517517090e+00 4.813062300591326725e-02 3.981481147740729698e-01 4.446618604267613128e-01 -8.008891209861722649e-01
-2.561942040920257568e-01 -6.235380768775939941e-01 -1.917913913726806641e+00 4.813054560626495171e-02 3.981484454448074861e-01 4.446619562982950802e-01 -8.008896349141364501e-01
-2.561941742897033691e-01 -6.235380172729492188e-01 -1.917913913726806641e+00 4.813062300591326725e-02 3.981471859790400303e-01 4.446612412300726680e-01 -8.008877277936228278e-01
-2.561941444873809814e-01 -6.235380172729492188e-01 -1.917913913726806641e+00 4.813054560626495171e-02 3.981472070494387339e-01 4.446616466994529060e-01 -8.008882417193465830e-01
-2.561941146850585938e-01 -6.235379576683044434e-01 -1.917914032936096191e+00 4.813031340657319967e-02 3.981485086685624397e-01 4.446628631223176198e-01 -8.008907123198697464e-01
-2.561940848827362061e-01 -6.235379576683044434e-01 -1.917914032936096191e+00 4.813039080659491792e-02 3.981475587933662186e-01 4.446615288460615267e-01 -8.008884955823715179e-01
-2.561940252780914307e-01 -6.235379576683044434e-01 -1.917914152145385742e+00 4.813015860615634661e-02 3.981488604245512208e-01 4.446630548805013405e-01 -8.008912758058241987e-01
-2.561939954757690430e-01 -6.235378980636596680e-01 -1.917914152145385742e+00 4.813023600642700461e-02 3.981479105436749322e-01 4.446620301981792367e-01 -8.008895234573982780e-01
-2.561939656734466553e-01 -6.235378980636596680e-01 -1.917914271354675293e+00 4.813008120576121179e-02 3.981488815040238882e-01 4.446631507617807011e-01 -8.008913253518954445e-01
-2.561939656734466553e-01 -6.235378980636596680e-01 -1.917914271354675293e+00 4.813000380524161403e-02 3.981489025845939556e-01 4.446632466445183396e-01 -8.008918393036882355e-01
-2.561939358711242676e-01 -6.235378384590148926e-01 -1.917914390563964844e+00 4.813008120576121179e-02 3.981479526985354789e-01 4.446622219562922917e-01 -8.008897773427481326e-01
-2.561939060688018799e-01 -6.235378384590148926e-01 -1.917914390563964844e+00 4.813015860615634661e-02 3.981466932152301075e-01 4.446611972725118545e-01 -8.008877153905110680e-01
-2.561938762664794922e-01 -6.235378384590148926e-01 -1.917914390563964844e+00 4.813000380524161403e-02 3.981476641752845214e-01 4.446620082352089054e-01 -8.008895172862330325e-01
-2.561938464641571045e-01 -6.235377788543701172e-01 -1.917914509773254395e+00 4.812992640459753946e-02 3.981479948577857919e-01 4.446624137202386251e-01 -8.008900312380159425e-01
-2.561938166618347168e-01 -6.235377788543701172e-01 -1.917914509773254395e+00 4.813000380524161403e-02 3.981467353683024735e-01 4.446613890305541883e-01 -8.008881240757599329e-01
-2.561937868595123291e-01 -6.235377788543701172e-01 -1.917914509773254395e+00 4.812992640459753946e-02 3.981470660493100500e-01 4.446617945145881490e-01 -8.008886380253023018e-01
-2.561937570571899414e-01 -6.235377192497253418e-01 -1.917914628982543945e+00 4.812984900382898806e-02 3.981473967324109520e-01 4.446622000010762576e-01 -8.008891519785690249e-01
-2.561937272548675537e-01 -6.235377192497253418e-01 -1.917914628982543945e+00 4.812984900382898806e-02 3.981470871290878066e-01 4.446618903977531123e-01 -8.008883779702611339e-01
-2.561936378479003906e-01 -6.235376596450805664e-01 -1.917914867401123047e+00 4.812961680077650073e-02 3.981474599798228708e-01 4.446624876608151755e-01 -8.008896102438560760e-01
-2.561936080455780029e-01 -6.235376596450805664e-01 -1.917914867401123047e+00 4.812953939951005594e-02 3.981477906698032698e-01 4.446625835503116297e-01 -8.008901242102774987e-01
-2.561935484409332275e-01 -6.235376000404357910e-01 -1.917914986610412598e+00 4.812946199811912740e-02 3.981475021502517975e-01 4.446626794412665840e-01 -8.008901737717045721e-01
-2.561934888362884521e-01 -6.235375404357910156e-01 -1.917915105819702148e+00 4.812946199811912740e-02 3.981465733328138357e-01 4.446614410180160237e-01 -8.008881613339223771e-01
-2.561933994293212891e-01 -6.235374808311462402e-01 -1.917915225028991699e+00 4.812915239131067280e-02 3.981482057198886815e-01 4.446633726274750731e-01 -8.008914556670349016e-01
-2.561933696269989014e-01 -6.235374808311462402e-01 -1.917915225028991699e+00 4.812922979319950167e-02 3.981469461995139625e-01 4.446623479082693065e-01 -8.008890840401444722e-01
-2.561932504177093506e-01 -6.235374212265014648e-01 -1.917915463447570801e+00 4.812899758715957071e-02 3.981470094702795337e-01 4.446629452088237677e-01 -8.008901615783123873e-01
-2.561932206153869629e-01 -6.235373616218566895e-01 -1.917915463447570801e+00 4.812892018489730445e-02 3.981473401720279637e-01 4.446630411094901758e-01 -8.008905207641550117e-01
-2.561931908130645752e-01 -6.235373616218566895e-01 -1.917915582656860352e+00 4.812899758715957071e-02 3.981460806438791855e-01 4.446617067736233220e-01 -8.008883039255116909e-01
-2.561931610107421875e-01 -6.235373616218566895e-01 -1.917915582656860352e+00 4.812892018489730445e-02 3.981464113441338104e-01 4.446621122815960225e-01 -8.008888179130158047e-01
-2.561931312084197998e-01 -6.235373020172119141e-01 -1.917915701866149902e+00 4.812876537999932064e-02 3.981473823612174390e-01 4.446629233049047003e-01 -8.008906199249328228e-01
-2.562066316604614258e-01 -6.235447525978088379e-01 -1.917878627777099609e+00 4.811978584380626617e-02 3.981009092941348859e-01 4.446300850982239372e-01 -8.009302951776713364e-01
-2.562066018581390381e-01 -6.235446929931640625e-01 -1.917878627777099609e+00 4.811978584380626617e-02 3.981009092941348859e-01 4.446300850982239372e-01 -8.009302951776713364e-01
-2.562066018581390381e-01 -6.235446929931640625e-01 -1.917878627777099609e+00 4.811978584380626617e-02 3.981009092941348859e-01 4.446297754301543059e-01 -8.009302951776713364e-01
-2.562065720558166504e-01 -6.235446929931640625e-01 -1.917878627777099609e+00 4.811970842672658177e-02 3.981015497761914990e-01 4.446308004384422197e-01 -8.009314289148794508e-01
-2.562065720558166504e-01 -6.235446929931640625e-01 -1.917878746986389160e+00 4.811970842672658177e-02 3.981015497761914990e-01 4.446308004384422197e-01 -8.009315837491634005e-01
-2.562065720558166504e-01 -6.235446929931640625e-01 -1.917878746986389160e+00 4.811978584380626617e-02 3.981005996260651991e-01 4.446300850982239372e-01 -8.009302951776713364e-01
-2.562065422534942627e-01 -6.235446929931640625e-01 -1.917878746986389160e+00 4.811978584380626617e-02 3.981009092941348859e-01 4.446300850982239372e-01 -8.009301403436365208e-01
-2.562065422534942627e-01 -6.235446929931640625e-01 -1.917878746986389160e+00 4.811978584380626617e-02 3.981005996260651991e-01 4.446300850982239372e-01 -8.009302951776713364e-01
-2.562065124511718750e-01 -6.235446333885192871e-01 -1.917878866195678711e+00 4.811978584380626617e-02 3.981002899579955678e-01 4.446297754301543059e-01 -8.009301403436365208e-01
-2.562064826488494873e-01 -6.235446333885192871e-01 -1.917878866195678711e+00 4.811978584380626617e-02 3.981005996260651991e-01 4.446297754301543059e-01 -8.009301403436365208e-01
-2.562064826488494873e-01 -6.235446333885192871e-01 -1.917878985404968262e+00 4.811963100952234423e-02 3.981015709232073041e-01 4.446312061130470172e-01 -8.009327174923417392e-01
-2.562064528465270996e-01 -6.235446333885192871e-01 -1.917878985404968262e+00 4.811970842672658177e-02 3.981009304390557557e-01 4.446304907698743758e-01 -8.009315837491634005e-01
-2.562064528465270996e-01 -6.235446333885192871e-01 -1.917878985404968262e+00 4.811978584380626617e-02 3.981002899579955678e-01 4.446297754301543059e-01 -8.009301403436365208e-01
-2.562064528465270996e-01 -6.235446333885192871e-01 -1.917878985404968262e+00 4.811978584380626617e-02 3.981002899579955678e-01 4.446297754301543059e-01 -8.009301403436365208e-01
-2.562064230442047119e-01 -6.235445737838745117e-01 -1.917879104614257812e+00 4.811963100952234423e-02 3.981012612541412476e-01 4.446312061130470172e-01 -8.009327174923417392e-01
-2.562064230442047119e-01 -6.235445737838745117e-01 -1.917879104614257812e+00 4.811970842672658177e-02 3.981006207704879118e-01 4.446304907698743758e-01 -8.009314289148794508e-01
-2.562063932418823242e-01 -6.235445737838745117e-01 -1.917879104614257812e+00 4.811970842672658177e-02 3.981006207704879118e-01 4.446304907698743758e-01 -8.009314289148794508e-01
-2.562063932418823242e-01 -6.235445737838745117e-01 -1.917879104614257812e+00 4.811970842672658177e-02 3.981006207704879118e-01 4.446301811013065319e-01 -8.009314289148794508e-01
-2.562063932418823242e-01 -6.235445737838745117e-01 -1.917879104614257812e+00 4.811978584380626617e-02 3.980999802899259365e-01 4.446297754301543059e-01 -8.009301403436365208e-01
-2.562063634395599365e-01 -6.235445737838745117e-01 -1.917879223823547363e+00 4.811978584380626617e-02 3.980996706218563053e-01 4.446297754301543059e-01 -8.009301403436365208e-01
-2.562063634395599365e-01 -6.235445737838745117e-01 -1.917879223823547363e+00 4.811963100952234423e-02 3.981009515850751912e-01 4.446312061130470172e-01 -8.009325626578086554e-01
-2.562063634395599365e-01 -6.235445737838745117e-01 -1.917879223823547363e+00 4.811963100952234423e-02 3.981009515850751912e-01 4.446312061130470172e-01 -8.009327174923417392e-01
-2.562063336372375488e-01 -6.235445141792297363e-01 -1.917879343032836914e+00 4.811963100952234423e-02 3.981009515850751912e-01 4.446308964439809608e-01 -8.009327174923417392e-01
-2.562063038349151611e-01 -6.235445141792297363e-01 -1.917879343032836914e+00 4.811970842672658177e-02 3.981000014333522241e-01 4.446301811013065319e-01 -8.009314289148794508e-01
-2.562063038349151611e-01 -6.235445141792297363e-01 -1.917879343032836914e+00 4.811970842672658177e-02 3.981003111019200680e-01 4.446301811013065319e-01 -8.009312740805955011e-01
-2.562063038349151611e-01 -6.235445141792297363e-01 -1.917879343032836914e+00 4.811970842672658177e-02 3.981000014333522241e-01 4.446304907698743758e-01 -8.009314289148794508e-01
-2.562062740325927734e-01 -6.235445141792297363e-01 -1.917879462242126465e+00 4.811978584380626617e-02 3.980993609537866740e-01 4.446297754301543059e-01 -8.009301403436365208e-01
-2.562062740325927734e-01 -6.235445141792297363e-01 -1.917879462242126465e+00 4.811963100952234423e-02 3.981003322469430783e-01 4.446312061130470172e-01 -8.009325626578086554e-01
-2.562062740325927734e-01 -6.235445141792297363e-01 -1.917879462242126465e+00 4.811970842672658177e-02 3.981000014333522241e-01 4.446304907698743758e-01 -8.009314289148794508e-01
-2.562062442302703857e-01 -6.235444545745849609e-01 -1.917879462242126465e+00 4.811970842672658177e-02 3.981000014333522241e-01 4.446301811013065319e-01 -8.009314289148794508e-01
-2.562062442302703857e-01 -6.235444545745849609e-01 -1.917879462242126465e+00 4.811970842672658177e-02 3.980996917647843802e-01 4.446301811013065319e-01 -8.009312740805955011e-01
-2.562062144279479980e-01 -6.235444545745849609e-01 -1.917879581451416016e+00 4.811970842672658177e-02 3.980996917647843802e-01 4.446301811013065319e-01 -8.009312740805955011e-01
-2.562062144279479980e-01 -6.235444545745849609e-01 -1.917879581451416016e+00 4.811978584380626617e-02 3.980987416176473559e-01 4.446294657620846746e-01 -8.009299855096017051e-01
-2.562062144279479980e-01 -6.235444545745849609e-01 -1.917879581451416016e+00 4.811963100952234423e-02 3.981003322469430783e-01 4.446308964439809608e-01 -8.009325626578086554e-01
-2.562061846256256104e-01 -6.235444545745849609e-01 -1.917879581451416016e+00 4.811963100952234423e-02 3.981003322469430783e-01 4.446308964439809608e-01 -8.009325626578086554e-01
-2.562061846256256104e-01 -6.235444545745849609e-01 -1.917879700660705566e+00 4.811963100952234423e-02 3.981000225778770218e-01 4.446308964439809608e-01 -8.009325626578086554e-01
-2.562061548233032227e-01 -6.235444545745849609e-01 -1.917879700660705566e+00 4.811970842672658177e-02 3.980993820962165364e-01 4.446301811013065319e-01 -8.009312740805955011e-01
-2.562061548233032227e-01 -6.235443949699401855e-01 -1.917879700660705566e+00 4.811963100952234423e-02 3.981000225778770218e-01 4.446308964439809608e-01 -8.009324078232756827e-01
-2.562061250209808350e-01 -6.235443949699401855e-01 -1.917879819869995117e+00 4.811970842672658177e-02 3.980990724276486925e-01 4.446301811013065319e-01 -8.009312740805955011e-01
-2.562061250209808350e-01 -6.235443949699401855e-01 -1.917879819869995117e+00 4.811970842672658177e-02 3.980990724276486925e-01 4.446301811013065319e-01 -8.009312740805955011e-01
-2.562060952186584473e-01 -6.235443949699401855e-01 -1.917879819869995117e+00 4.811970842672658177e-02 3.980990724276486925e-01 4.446301811013065319e-01 -8.009311192463115514e-01
-2.562060952186584473e-01 -6.235443949699401855e-01 -1.917879819869995117e+00 4.811963100952234423e-02 3.980997129088109654e-01 4.446308964439809608e-01 -8.009325626578086554e-01
-2.562060952186584473e-01 -6.235443949699401855e-01 -1.917879939079284668e+00 4.811963100952234423e-02 3.980997129088109654e-01 4.446308964439809608e-01 -8.009325626578086554e-01
-2.562060654163360596e-01 -6.235443353652954102e-01 -1.917879939079284668e+00 4.811970842672658177e-02 3.980987627590808486e-01 4.446301811013065319e-01 -8.009311192463115514e-01
-2.562060654163360596e-01 -6.235443353652954102e-01 -1.917879939079284668e+00 4.811970842672658177e-02 3.980990724276486925e-01 4.446298714327386326e-01 -8.009312740805955011e-01
-2.562060356140136719e-01 -6.235443353652954102e-01 -1.917879939079284668e+00 4.811970842672658177e-02 3.980987627590808486e-01 4.446298714327386326e-01 -8.009312740805955011e-01
-2.562060356140136719e-01 -6.235443353652954102e-01 -1.917880058288574219e+00 4.811963100952234423e-02 3.980994032397449089e-01 4.446305867749149043e-01 -8.009324078232756827e-01
-2.562060356140136719e-01 -6.235443353652954102e-01 -1.917880058288574219e+00 4.811963100952234423e-02 3.980990935706788525e-01 4.446305867749149043e-01 -8.009324078232756827e-01
-2.562060058116912842e-01 -6.235443353652954102e-01 -1.917880058288574219e+00 4.811963100952234423e-02 3.980994032397449089e-01 4.446305867749149043e-01 -8.009325626578086554e-01
-2.562060058116912842e-01 -6.235443353652954102e-01 -1.917880058288574219e+00 4.811963100952234423e-02 3.980994032397449089e-01 4.446305867749149043e-01 -8.009324078232756827e-01
-2.562059760093688965e-01 -6.235442757606506348e-01 -1.917880058288574219e+00 4.811970842672658177e-02 3.980984530905130048e-01 4.446301811013065319e-01 -8.009311192463115514e-01
-2.562059462070465088e-01 -6.235442757606506348e-01 -1.917880177497863770e+00 4.811963100952234423e-02 3.980987839016127960e-01 4.446305867749149043e-01 -8.009324078232756827e-01
-2.562059164047241211e-01 -6.235442757606506348e-01 -1.917880296707153320e+00 4.811970842672658177e-02 3.980981434219451609e-01 4.446298714327386326e-01 -8.009311192463115514e-01
-2.562058269977569580e-01 -6.235445141792297363e-01 -1.917879939079284668e+00 4.811475347453188223e-02 3.981019762988254329e-01 4.446316828286508427e-01 -8.009299815887060969e-01
-2.562057971954345703e-01 -6.235445141792297363e-01 -1.917880058288574219e+00 4.811459862405363663e-02 3.981026381345248444e-01 4.446324944140626623e-01 -8.009316301716596920e-01
-2.562057971954345703e-01 -6.235445141792297363e-01 -1.917880058288574219e+00 4.811467604935505682e-02 3.981016878137141890e-01 4.446314692182150585e-01 -8.009292573730369957e-01
-2.562057971954345703e-01 -6.235445141792297363e-01 -1.917880058288574219e+00 4.811459862405363663e-02 3.981017090301602335e-01 4.446315653096981069e-01 -8.009296171122031183e-01
-2.562031745910644531e-01 -6.235539317131042480e-01 -1.917878746986389160e+00 4.811808263928069040e-02 3.981060199216211459e-01 4.446263136016864181e-01 -8.009282966422288652e-01
-2.562031447887420654e-01 -6.235539317131042480e-01 -1.917878746986389160e+00 4.811785037944707466e-02 3.981076318572363548e-01 4.446284597664216243e-01 -8.009312335978122643e-01
-2.562031447887420654e-01 -6.235539913177490234e-01 -1.917878746986389160e+00 4.811777295925340203e-02 3.981073433585639032e-01 4.446282461185014911e-01 -8.009314383908947566e-01
-2.562031149864196777e-01 -6.235539913177490234e-01 -1.917878746986389160e+00 4.811785037944707466e-02 3.981063931351341845e-01 4.446272210443194539e-01 -8.009292206743962028e-01
-2.562031149864196777e-01 -6.235539913177490234e-01 -1.917878866195678711e+00 4.811777295925340203e-02 3.981067239965162541e-01 4.446273170754300730e-01 -8.009294254642398414e-01
-2.562089860439300537e-01 -6.235499382019042969e-01 -1.917894840240478516e+00 4.811761811849236264e-02 3.980965468548537944e-01 4.446377286487033231e-01 -8.009298350521245613e-01
-2.562089562416076660e-01 -6.235499382019042969e-01 -1.917894840240478516e+00 4.811738585641652660e-02 3.980972297283099093e-01 4.446383264924009815e-01 -8.009310688214760221e-01
-2.562089562416076660e-01 -6.235499382019042969e-01 -1.917894959449768066e+00 4.811730843547544489e-02 3.980969412162990717e-01 4.446384225492138187e-01 -8.009308091026910992e-01
-2.562089264392852783e-01 -6.235499382019042969e-01 -1.917894959449768066e+00 4.811723101440978922e-02 3.980969623889021869e-01 4.446382089229751755e-01 -8.009308590696557761e-01
-2.562121450901031494e-01 -6.235551834106445312e-01 -1.917911410331726074e+00 4.810321574911636394e-02 3.981119646289801861e-01 4.446426089060540043e-01 -8.009168616948181274e-01
-2.562121450901031494e-01 -6.235551834106445312e-01 -1.917911410331726074e+00 4.810298341749964096e-02 3.981132679093494775e-01 4.446441369238313124e-01 -8.009194909218552150e-01
-2.562121152877807617e-01 -6.235551834106445312e-01 -1.917911410331726074e+00 4.810306086149656463e-02 3.981120074114934404e-01 4.446424917374058317e-01 -8.009166525949354964e-01
-2.562120854854583740e-01 -6.235551834106445312e-01 -1.917911529541015625e+00 4.810275108476078781e-02 3.981133321006622983e-01 4.446441160780753576e-01 -8.009196419711077652e-01
-2.562120854854583740e-01 -6.235551834106445312e-01 -1.917911529541015625e+00 4.810267364026513115e-02 3.981133534999682921e-01 4.446445221693930416e-01 -8.009200021035669526e-01
-2.562120854854583740e-01 -6.235551834106445312e-01 -1.917911648750305176e+00 4.810275108476078781e-02 3.981124027674625698e-01 4.446431867448756292e-01 -8.009176284158416870e-01
-2.562120556831359863e-01 -6.235551834106445312e-01 -1.917911648750305176e+00 4.810251875089976981e-02 3.981130865226532034e-01 4.446440952424909332e-01 -8.009194832612743786e-01
-2.562120258808135986e-01 -6.235552430152893066e-01 -1.917911767959594727e+00 4.810236386103566852e-02 3.981131293279735472e-01 4.446439780976766398e-01 -8.009195839843985532e-01
-2.562119960784912109e-01 -6.235552430152893066e-01 -1.917911887168884277e+00 4.810244130603006513e-02 3.981118688058500887e-01 4.446429524405530742e-01 -8.009169004940276393e-01
-2.562119960784912109e-01 -6.235552430152893066e-01 -1.917911887168884277e+00 4.810220897067281343e-02 3.981134819189218743e-01 4.446444805191671068e-01 -8.009198396070881243e-01
-2.562119960784912109e-01 -6.235552430152893066e-01 -1.917911887168884277e+00 4.810213152530436187e-02 3.981138131076570330e-01 4.446445768419929334e-01 -8.009200448675949380e-01
-2.562119662761688232e-01 -6.235552430152893066e-01 -1.917912006378173828e+00 4.810220897067281343e-02 3.981122427940240738e-01 4.446429316130448561e-01 -8.009173613572924122e-01
-2.562119662761688232e-01 -6.235552430152893066e-01 -1.917912006378173828e+00 4.810197663419337605e-02 3.981132363605399127e-01 4.446444597093122675e-01 -8.009196809400185302e-01
-2.562119364738464355e-01 -6.235552430152893066e-01 -1.917912006378173828e+00 4.810189918845084872e-02 3.981135675535754093e-01 4.446445560360277049e-01 -8.009197313158801235e-01
-2.562119364738464355e-01 -6.235552430152893066e-01 -1.917912125587463379e+00 4.810197663419337605e-02 3.981119972296570109e-01 4.446432205784293656e-01 -8.009173575696130198e-01
-2.562119364738464355e-01 -6.235552430152893066e-01 -1.917912125587463379e+00 4.810174429659172524e-02 3.981136103775078094e-01 4.446450584780639592e-01 -8.009202967506441340e-01
-2.562119066715240479e-01 -6.235552430152893066e-01 -1.917912125587463379e+00 4.810174429659172524e-02 3.981133005932908087e-01 4.446444389096299576e-01 -8.009192125058846035e-01
-2.562119066715240479e-01 -6.235552430152893066e-01 -1.917912244796752930e+00 4.810182174258363641e-02 3.981120400463998843e-01 4.446427936618964072e-01 -8.009168387486568230e-01
-2.562118768692016602e-01 -6.235552430152893066e-01 -1.917912244796752930e+00 4.810158940423383406e-02 3.981133434206294841e-01 4.446443217870884035e-01 -8.009197779491034064e-01
-2.562118768692016602e-01 -6.235553026199340820e-01 -1.917912244796752930e+00 4.810151195786785405e-02 3.981133648359502786e-01 4.446447279058336477e-01 -8.009199832287643428e-01
-2.562118768692016602e-01 -6.235553026199340820e-01 -1.917912364006042480e+00 4.810158940423383406e-02 3.981124140649858201e-01 4.446433924314447395e-01 -8.009179192378160783e-01
-2.562118470668792725e-01 -6.235553026199340820e-01 -1.917912364006042480e+00 4.810158940423383406e-02 3.981117944945567477e-01 4.446427728610156116e-01 -8.009168349895652295e-01
-2.562118470668792725e-01 -6.235553026199340820e-01 -1.917912364006042480e+00 4.810135706476180439e-02 3.981134076698948920e-01 4.446446107905729361e-01 -8.009197742228764128e-01
-2.562118470668792725e-01 -6.235553026199340820e-01 -1.917912483215332031e+00 4.810127961802173474e-02 3.981137388757283735e-01 4.446447071279935326e-01 -8.009199795097518004e-01
-2.562118172645568848e-01 -6.235553026199340820e-01 -1.917912483215332031e+00 4.810135706476180439e-02 3.981121685230513685e-01 4.446433716437294126e-01 -8.009177606092556800e-01
-2.562118172645568848e-01 -6.235553026199340820e-01 -1.917912483215332031e+00 4.810120217115697316e-02 3.981131407205351080e-01 4.446444936791685842e-01 -8.009194103300932843e-01
