repeatability steamvr; 20211015-224941; x y z w i j k;  frequency = 150 duration = 2 sys.args = ['.\\repeatability.py']
-2.562428116798400879e-01 -6.236667633056640625e-01 -1.918102741241455078e+00 4.811227580707315432e-02 3.980735424088513996e-01 4.447329385508544952e-01 -8.008876041427001047e-01
-2.562429010868072510e-01 -6.236672401428222656e-01 -1.918103218078613281e+00 4.811165637027165626e-02 3.980730926322015861e-01 4.447315409112063134e-01 -8.008873850642996839e-01
-2.562429308891296387e-01 -6.236673593521118164e-01 -1.918103337287902832e+00 4.811134664888017110e-02 3.980744163762209298e-01 4.447325455786682036e-01 -8.008900630742651350e-01
-2.562429308891296387e-01 -6.236674189567565918e-01 -1.918103337287902832e+00 4.811142407941496751e-02 3.980728465495118606e-01 4.447315201041373012e-01 -8.008876900950349098e-01
-2.562429308891296387e-01 -6.236674785614013672e-01 -1.918103337287902832e+00 4.811126921822075908e-02 3.980738181488058247e-01 4.447320224432174673e-01 -8.008891839728956574e-01
-2.562429308891296387e-01 -6.236675381660461426e-01 -1.918103456497192383e+00 4.811126921822075908e-02 3.980731987030320940e-01 4.447310932745567880e-01 -8.008882548042349780e-01
-2.562429606914520264e-01 -6.236675977706909180e-01 -1.918103456497192383e+00 4.811111435652808133e-02 3.980738605868275326e-01 4.447322150662554319e-01 -8.008897486970197876e-01
-2.562429606914520264e-01 -6.236675977706909180e-01 -1.918103456497192383e+00 4.811119178743673147e-02 3.980729101971108852e-01 4.447308798604640012e-01 -8.008876854240002396e-01
-2.562429606914520264e-01 -6.236676573753356934e-01 -1.918103575706481934e+00 4.811095949433692731e-02 3.980742127541276321e-01 4.447320979702605315e-01 -8.008904682955179100e-01
-2.562429904937744141e-01 -6.236677169799804688e-01 -1.918103575706481934e+00 4.811095949433692731e-02 3.980739030292468339e-01 4.447317882453797333e-01 -8.008896939833158868e-01
-2.562429904937744141e-01 -6.236677765846252441e-01 -1.918103575706481934e+00 4.811095949433692731e-02 3.980732835794852376e-01 4.447308590707373943e-01 -8.008883002213523783e-01
-2.562429904937744141e-01 -6.236678361892700195e-01 -1.918103694915771484e+00 4.811072720011554810e-02 3.980745861538739772e-01 4.447320771966826736e-01 -8.008913928543218708e-01
-2.562429904937744141e-01 -6.236678361892700195e-01 -1.918103694915771484e+00 4.811080463164729704e-02 3.980736357501860612e-01 4.447310517004864350e-01 -8.008890198258022952e-01
-2.562430202960968018e-01 -6.236678957939147949e-01 -1.918103694915771484e+00 4.811064976845917662e-02 3.980739879272786608e-01 4.447318637898330373e-01 -8.008908234872447185e-01
-2.562430202960968018e-01 -6.236679553985595703e-01 -1.918103814125061035e+00 4.811064976845917662e-02 3.980736782004039020e-01 4.447309346092088167e-01 -8.008897394431830907e-01
-2.562430202960968018e-01 -6.236680150032043457e-01 -1.918103814125061035e+00 4.811057233667818261e-02 3.980736994271620310e-01 4.447313406560752247e-01 -8.008900992567227206e-01
-2.562430202960968018e-01 -6.236680746078491211e-01 -1.918103814125061035e+00 4.811049490477256607e-02 3.980740303828913529e-01 4.447311272496571877e-01 -8.008904590734950979e-01
-2.562430500984191895e-01 -6.236680746078491211e-01 -1.918103814125061035e+00 4.811049490477256607e-02 3.980734109271479304e-01 4.447308175217854487e-01 -8.008895298898799364e-01
-2.562430500984191895e-01 -6.236681342124938965e-01 -1.918103933334350586e+00 4.811041747274232699e-02 3.980734321556065325e-01 4.447306041153339939e-01 -8.008895799800194171e-01
-2.562430500984191895e-01 -6.236681938171386719e-01 -1.918103933334350586e+00 4.811026260830797430e-02 3.980744038039237820e-01 4.447314162212951949e-01 -8.008912288138420044e-01
-2.562430799007415771e-01 -6.236682534217834473e-01 -1.918104052543640137e+00 4.811026260830797430e-02 3.980734746158221538e-01 4.447307967625607761e-01 -8.008901447610567992e-01
-2.562430799007415771e-01 -6.236683130264282227e-01 -1.918104052543640137e+00 4.811026260830797430e-02 3.980731648864549443e-01 4.447298675744591478e-01 -8.008892155729551154e-01
-2.562430799007415771e-01 -6.236683726310729980e-01 -1.918104052543640137e+00 4.811010774337511758e-02 3.980738268108001687e-01 4.447303699549075007e-01 -8.008903998236645005e-01
-2.562430799007415771e-01 -6.236684322357177734e-01 -1.918104171752929688e+00 4.811010774337511758e-02 3.980728976197074886e-01 4.447297504941790658e-01 -8.008893157673897534e-01
-2.562431097030639648e-01 -6.236684918403625488e-01 -1.918104171752929688e+00 4.810995287794375685e-02 3.980738692808090673e-01 4.447305626118371880e-01 -8.008909646275742533e-01
-2.562431097030639648e-01 -6.236684918403625488e-01 -1.918104171752929688e+00 4.810995287794375685e-02 3.980729400867253354e-01 4.447299431491146815e-01 -8.008898805678098531e-01
-2.562431097030639648e-01 -6.236685514450073242e-01 -1.918104290962219238e+00 4.810979801201388517e-02 3.980739117552161699e-01 4.447304455422571579e-01 -8.008913745772398007e-01
-2.562431395053863525e-01 -6.236686110496520996e-01 -1.918104290962219238e+00 4.810979801201388517e-02 3.980736020228579086e-01 4.447301358098988966e-01 -8.008904453801649614e-01
-2.562431395053863525e-01 -6.236686706542968750e-01 -1.918104290962219238e+00 4.810979801201388517e-02 3.980726728257831248e-01 4.447292066128241128e-01 -8.008895161830902332e-01
-2.562431395053863525e-01 -6.236687302589416504e-01 -1.918104410171508789e+00 4.810964314558548865e-02 3.980730250339558629e-01 4.447297090098212280e-01 -8.008903907377448173e-01
-2.562431693077087402e-01 -6.236687898635864258e-01 -1.918104410171508789e+00 4.810956571218435313e-02 3.980730462735123654e-01 4.447294956104800856e-01 -8.008902859860513868e-01
-2.562431693077087402e-01 -6.236688494682312012e-01 -1.918104529380798340e+00 4.810948827865858118e-02 3.980736869828732649e-01 4.447295919459564595e-01 -8.008909555719764262e-01
-2.562431693077087402e-01 -6.236689090728759766e-01 -1.918104529380798340e+00 4.810941084500817283e-02 3.980733984907752765e-01 4.447293785480442296e-01 -8.008908508250045521e-01
-2.562431991100311279e-01 -6.236689686775207520e-01 -1.918104529380798340e+00 4.810941084500817283e-02 3.980727790210735195e-01 4.447287590783424727e-01 -8.008899216204519167e-01
-2.562431991100311279e-01 -6.236690282821655273e-01 -1.918104648590087891e+00 4.810933341123314194e-02 3.980728002634303930e-01 4.447285456798982795e-01 -8.008901266090713289e-01
-2.562431991100311279e-01 -6.236690282821655273e-01 -1.918104648590087891e+00 4.810910110916023774e-02 3.980741029444789802e-01 4.447303833821169561e-01 -8.008930646176755097e-01
-2.562431991100311279e-01 -6.236690878868103027e-01 -1.918104767799377441e+00 4.810917854330917093e-02 3.980731524877896277e-01 4.447287383570984742e-01 -8.008906914626876539e-01
-2.562432289123535156e-01 -6.236691474914550781e-01 -1.918104767799377441e+00 4.810910110916023774e-02 3.980731737339439635e-01 4.447288346978919282e-01 -8.008910513281829457e-01
-2.562386393547058105e-01 -6.236684322357177734e-01 -1.918100833892822266e+00 4.812512732154550915e-02 3.980753015182820764e-01 4.447442215528020770e-01 -8.008773162706888105e-01
-2.562386393547058105e-01 -6.236684918403625488e-01 -1.918100833892822266e+00 4.812504991305846525e-02 3.980762514511776429e-01 4.447452465520196352e-01 -8.008789141051365634e-01
-2.562386393547058105e-01 -6.236684918403625488e-01 -1.918100833892822266e+00 4.812512732154550915e-02 3.980756111519812013e-01 4.447445311865012019e-01 -8.008780903549366226e-01
-2.562386691570281982e-01 -6.236685514450073242e-01 -1.918100953102111816e+00 4.812504991305846525e-02 3.980765610853748693e-01 4.447455561862168061e-01 -8.008798430077281871e-01
-2.562386691570281982e-01 -6.236686110496520996e-01 -1.918100953102111816e+00 4.812520472990803461e-02 3.980755901222767790e-01 4.447447447240380769e-01 -8.008780406924614903e-01
-2.562386691570281982e-01 -6.236686706542968750e-01 -1.918101072311401367e+00 4.812520472990803461e-02 3.980758997554778578e-01 4.447450543572392112e-01 -8.008786599588637589e-01
-2.562386691570281982e-01 -6.236687302589416504e-01 -1.918101072311401367e+00 4.812512732154550915e-02 3.980768496867777562e-01 4.447460793549968816e-01 -8.008804126076801699e-01
-2.562386691570281982e-01 -6.236687302589416504e-01 -1.918101072311401367e+00 4.812528213814605549e-02 3.980758787263728449e-01 4.447446486293356038e-01 -8.008781458485696447e-01
-2.562386691570281982e-01 -6.236687898635864258e-01 -1.918101191520690918e+00 4.812520472990803461e-02 3.980765190218800154e-01 4.447459832568424476e-01 -8.008798984916680741e-01
-2.562386691570281982e-01 -6.236687898635864258e-01 -1.918101191520690918e+00 4.812528213814605549e-02 3.980761883590759331e-01 4.447452678947416693e-01 -8.008790747466788540e-01
-2.562386989593505859e-01 -6.236688494682312012e-01 -1.918101191520690918e+00 4.812535954625956486e-02 3.980755480661604118e-01 4.447448621682978942e-01 -8.008780961903090301e-01
-2.562386989593505859e-01 -6.236689090728759766e-01 -1.918101191520690918e+00 4.812528213814605549e-02 3.980764979917789659e-01 4.447455775274447576e-01 -8.008796940120849195e-01
-2.562386989593505859e-01 -6.236689090728759766e-01 -1.918101310729980469e+00 4.812535954625956486e-02 3.980761673305704407e-01 4.447451718005028809e-01 -8.008787154547191145e-01
-2.562386989593505859e-01 -6.236689686775207520e-01 -1.918101310729980469e+00 4.812528213814605549e-02 3.980768076244820541e-01 4.447461967928508786e-01 -8.008804680938426124e-01
-2.562386989593505859e-01 -6.236689686775207520e-01 -1.918101310729980469e+00 4.812535954625956486e-02 3.980764769627754829e-01 4.447457910649129653e-01 -8.008794895352316923e-01
-2.562386989593505859e-01 -6.236690282821655273e-01 -1.918101310729980469e+00 4.812535954625956486e-02 3.980767865949804696e-01 4.447461006971179520e-01 -8.008799539835391723e-01
-2.562386989593505859e-01 -6.236690878868103027e-01 -1.918101429939270020e+00 4.812543695424856965e-02 3.980764559348694553e-01 4.447456949711378060e-01 -8.008795946928151110e-01
-2.562386989593505859e-01 -6.236691474914550781e-01 -1.918101549148559570e+00 4.812551436211306294e-02 3.980761252768520997e-01 4.447455988788224790e-01 -8.008787709585054593e-01
-2.562387287616729736e-01 -6.236691474914550781e-01 -1.918101549148559570e+00 4.812543695424856965e-02 3.980767655665764515e-01 4.447463142345517984e-01 -8.008805235879360440e-01
-2.562387287616729736e-01 -6.236692070960998535e-01 -1.918101549148559570e+00 4.812551436211306294e-02 3.980764349080610498e-01 4.447459085100314291e-01 -8.008795450365278068e-01
-2.562387287616729736e-01 -6.236692667007446289e-01 -1.918101549148559570e+00 4.812543695424856965e-02 3.980773848299904438e-01 4.447466238662587945e-01 -8.008812976672036177e-01
-2.562387287616729736e-01 -6.236692667007446289e-01 -1.918101668357849121e+00 4.812559176985304471e-02 3.980761042516392512e-01 4.447455027879668732e-01 -8.008790309364060001e-01
-2.562387287616729736e-01 -6.236693263053894043e-01 -1.918101668357849121e+00 4.812551436211306294e-02 3.980770541704789500e-01 4.447465277724493293e-01 -8.008806287457592710e-01
-2.562387287616729736e-01 -6.236693263053894043e-01 -1.918101668357849121e+00 4.812559176985304471e-02 3.980767235130611148e-01 4.447461220493887368e-01 -8.008798050131833435e-01
-2.562387287616729736e-01 -6.236693859100341797e-01 -1.918101787567138672e+00 4.812566917746852885e-02 3.980760832275238026e-01 4.447457163287838466e-01 -8.008788264702226822e-01
-2.562387287616729736e-01 -6.236693859100341797e-01 -1.918101787567138672e+00 4.812559176985304471e-02 3.980770331437720189e-01 4.447464316800996964e-01 -8.008805790899606869e-01
-2.562387287616729736e-01 -6.236694455146789551e-01 -1.918101787567138672e+00 4.812566917746852885e-02 3.980763928577367161e-01 4.447460259589967602e-01 -8.008796005457549105e-01
-2.562387585639953613e-01 -6.236694455146789551e-01 -1.918101787567138672e+00 4.812559176985304471e-02 3.980773427744829784e-01 4.447467413108106005e-01 -8.008811983513824950e-01
-2.562387585639953613e-01 -6.236695051193237305e-01 -1.918101906776428223e+00 4.812566917746852885e-02 3.980770121181625432e-01 4.447466452194225872e-01 -8.008803746212871388e-01
-2.562387585639953613e-01 -6.236695647239685059e-01 -1.918101906776428223e+00 4.812582399232596952e-02 3.980757315533686724e-01 4.447455241533751491e-01 -8.008781079168283412e-01
-2.562387585639953613e-01 -6.236695647239685059e-01 -1.918101906776428223e+00 4.812574658495950147e-02 3.980766814639357110e-01 4.447462394997794277e-01 -8.008798605256286507e-01
-2.562387585639953613e-01 -6.236696243286132812e-01 -1.918102025985717773e+00 4.812582399232596952e-02 3.980763508118023708e-01 4.447458337825920260e-01 -8.008790368044789165e-01
-2.562387585639953613e-01 -6.236696243286132812e-01 -1.918102025985717773e+00 4.812574658495950147e-02 3.980769910936505784e-01 4.447465491294942952e-01 -8.008807894147732531e-01
-2.562387585639953613e-01 -6.236696839332580566e-01 -1.918102025985717773e+00 4.812582399232596952e-02 3.980766604410192477e-01 4.447464530410257244e-01 -8.008799656921294918e-01
-2.562387585639953613e-01 -6.236697435379028320e-01 -1.918102145195007324e+00 4.812590139956793300e-02 3.980763297904814091e-01 4.447460473252979885e-01 -8.008789871598480659e-01
-2.562387585639953613e-01 -6.236697435379028320e-01 -1.918102145195007324e+00 4.812582399232596952e-02 3.980769700702361247e-01 4.447467626702426013e-01 -8.008807397651717119e-01
-2.562387883663177490e-01 -6.236698031425476074e-01 -1.918102145195007324e+00 4.812590139956793300e-02 3.980766394192002955e-01 4.447463569540168749e-01 -8.008796064172857276e-01
-2.562387883663177490e-01 -6.236698031425476074e-01 -1.918102145195007324e+00 4.812582399232596952e-02 3.980772796994530016e-01 4.447470722994594783e-01 -8.008813590236054658e-01
-2.562387883663177490e-01 -6.236698627471923828e-01 -1.918102264404296875e+00 4.812590139956793300e-02 3.980769490479191264e-01 4.447469762114545366e-01 -8.008805353034422758e-01
-2.562387883663177490e-01 -6.236698627471923828e-01 -1.918102264404296875e+00 4.812597880668539885e-02 3.980766183984787432e-01 4.447462608684675800e-01 -8.008795567738903332e-01
-2.562387883663177490e-01 -6.236699223518371582e-01 -1.918102264404296875e+00 4.812590139956793300e-02 3.980772586766379573e-01 4.447472858401734230e-01 -8.008813093752393808e-01
-2.562387883663177490e-01 -6.236699819564819336e-01 -1.918102383613586426e+00 4.812597880668539885e-02 3.980769280266995280e-01 4.447468801249092607e-01 -8.008804856585528542e-01
-2.562387883663177490e-01 -6.236699819564819336e-01 -1.918102383613586426e+00 4.812613362054680988e-02 3.980759571058783974e-01 4.447454494472985465e-01 -8.008782189848953070e-01
-2.562387883663177490e-01 -6.236700415611267090e-01 -1.918102383613586426e+00 4.812621102729076200e-02 3.980753168359916772e-01 4.447453533671242853e-01 -8.008772404700063019e-01
-2.562387883663177490e-01 -6.236700415611267090e-01 -1.918102383613586426e+00 4.812613362054680988e-02 3.980762667331032567e-01 4.447460687017481540e-01 -8.008788382393449146e-01
-2.562388181686401367e-01 -6.236701607704162598e-01 -1.918102502822875977e+00 4.812621102729076200e-02 3.980762457161720613e-01 4.447459726205778563e-01 -8.008787886036403680e-01
-2.562388181686401367e-01 -6.236702203750610352e-01 -1.918102622032165527e+00 4.812628843391020955e-02 3.980759150741095542e-01 4.447458765408672798e-01 -8.008781197177097244e-01
-2.562386393547058105e-01 -6.236703395843505859e-01 -1.918102383613586426e+00 4.812644324677560481e-02 3.980774211728942413e-01 4.447391822559361163e-01 -8.008803426486961197e-01
-2.562386393547058105e-01 -6.236703395843505859e-01 -1.918102383613586426e+00 4.812628843391020955e-02 3.980787017101687364e-01 4.447409225212065054e-01 -8.008832285504848825e-01
-2.562386393547058105e-01 -6.236703991889953613e-01 -1.918102383613586426e+00 4.812644324677560481e-02 3.980777307981270829e-01 4.447398015064017440e-01 -8.008814263370108710e-01
-2.562386393547058105e-01 -6.236704587936401367e-01 -1.918102383613586426e+00 4.812644324677560481e-02 3.980780404233598690e-01 4.447398015064017440e-01 -8.008817359622436571e-01
-2.562386393547058105e-01 -6.236704587936401367e-01 -1.918102502822875977e+00 4.812644324677560481e-02 3.980780404233598690e-01 4.447401111316345301e-01 -8.008820455874764432e-01
-2.562386393547058105e-01 -6.236705183982849121e-01 -1.918102502822875977e+00 4.812644324677560481e-02 3.980783500485926552e-01 4.447404207568673162e-01 -8.008825100253257334e-01
-2.562322318553924561e-01 -6.236604452133178711e-01 -1.918095469474792480e+00 4.810941084500817283e-02 3.980473807633016503e-01 4.446959271841495753e-01 -8.009212048403905326e-01
-2.562322318553924561e-01 -6.236605048179626465e-01 -1.918095588684082031e+00 4.810948827865858118e-02 3.980470498285711978e-01 4.446955211671980157e-01 -8.009206900698019327e-01
-2.562322020530700684e-01 -6.236605644226074219e-01 -1.918095588684082031e+00 4.810948827865858118e-02 3.980476692972759190e-01 4.446958309015504041e-01 -8.009213095385065984e-01
-2.562090754508972168e-01 -6.236149668693542480e-01 -1.917997002601623535e+00 4.811947617474020972e-02 3.980378211876622330e-01 4.447020029037473399e-01 -8.009235272035500897e-01
-2.562090158462524414e-01 -6.236149668693542480e-01 -1.917997002601623535e+00 4.811939875716230580e-02 3.980387712470230266e-01 4.447027183688787022e-01 -8.009252802865796106e-01
-2.562089860439300537e-01 -6.236149072647094727e-01 -1.917996883392333984e+00 4.811955359219355355e-02 3.980378001410816435e-01 4.447015971116334843e-01 -8.009231676412739143e-01
-2.562089562416076660e-01 -6.236149072647094727e-01 -1.917996883392333984e+00 4.811947617474020972e-02 3.980387501978496778e-01 4.447026222438723031e-01 -8.009249207188312569e-01
-2.562089264392852783e-01 -6.236149072647094727e-01 -1.917996883392333984e+00 4.811963100952234423e-02 3.980374694265330082e-01 4.447011913219764967e-01 -8.009226532476947380e-01
-2.562089264392852783e-01 -6.236149072647094727e-01 -1.917996764183044434e+00 4.811963100952234423e-02 3.980374694265330082e-01 4.447015009910425531e-01 -8.009231177512938782e-01
-2.562088966369628906e-01 -6.236149072647094727e-01 -1.917996764183044434e+00 4.811963100952234423e-02 3.980380887646651211e-01 4.447015009910425531e-01 -8.009234274203599346e-01
-2.562290132045745850e-01 -6.235985755920410156e-01 -1.918010234832763672e+00 4.813271274937103161e-02 3.980391915318126084e-01 4.447084964460572554e-01 -8.009182786401957133e-01
-2.562290132045745850e-01 -6.235985159873962402e-01 -1.918010234832763672e+00 4.813279014553448198e-02 3.980388610804698746e-01 4.447084005361987558e-01 -8.009176099550951999e-01
-2.562290132045745850e-01 -6.235985159873962402e-01 -1.918010234832763672e+00 4.813286754157348329e-02 3.980382210473118465e-01 4.447079950438914131e-01 -8.009166316903088001e-01
-2.562290132045745850e-01 -6.235985159873962402e-01 -1.918010115623474121e+00 4.813271274937103161e-02 3.980398107016180353e-01 4.447094252007653958e-01 -8.009198265647092807e-01
-2.562290132045745850e-01 -6.235984563827514648e-01 -1.918010115623474121e+00 4.813286754157348329e-02 3.980388402151260885e-01 4.447083046277985341e-01 -8.009175604420301076e-01
-2.562290132045745850e-01 -6.235984563827514648e-01 -1.918009996414184570e+00 4.813286754157348329e-02 3.980391497990332095e-01 4.447083046277985341e-01 -8.009183344017979378e-01
-2.562290132045745850e-01 -6.235983967781066895e-01 -1.918009996414184570e+00 4.813279014553448198e-02 3.980400994180894880e-01 4.447090197050085902e-01 -8.009200866303344268e-01
-2.562290132045745850e-01 -6.235983967781066895e-01 -1.918009996414184570e+00 4.813302233327813873e-02 3.980381793219042175e-01 4.447071840666382281e-01 -8.009166874653113055e-01
-2.562290132045745850e-01 -6.235983967781066895e-01 -1.918009877204895020e+00 4.813286754157348329e-02 3.980397689668473959e-01 4.447089237956127206e-01 -8.009197275293798990e-01
-2.562289834022521973e-01 -6.235983371734619141e-01 -1.918009877204895020e+00 4.813309972894379285e-02 3.980381584608447265e-01 4.447070881641060902e-01 -8.009163283777670506e-01
-2.562289834022521973e-01 -6.235983371734619141e-01 -1.918009877204895020e+00 4.813294493748803554e-02 3.980397481011064831e-01 4.447085183042658318e-01 -8.009193684316509021e-01
-2.562289834022521973e-01 -6.235983371734619141e-01 -1.918009757995605469e+00 4.813294493748803554e-02 3.980397481011064831e-01 4.447085183042658318e-01 -8.009196780150602546e-01
-2.562289834022521973e-01 -6.235982775688171387e-01 -1.918009757995605469e+00 4.813302233327813873e-02 3.980394176535502759e-01 4.447081128153727581e-01 -8.009188545456918940e-01
-2.562289834022521973e-01 -6.235982775688171387e-01 -1.918009757995605469e+00 4.813302233327813873e-02 3.980397272364617489e-01 4.447081128153727581e-01 -8.009191641286034224e-01
-2.562289834022521973e-01 -6.235982775688171387e-01 -1.918009638786315918e+00 4.813302233327813873e-02 3.980400368193732774e-01 4.447084223982842865e-01 -8.009197832944264794e-01
-2.562289834022521973e-01 -6.235982179641723633e-01 -1.918009638786315918e+00 4.813309972894379285e-02 3.980393967904996000e-01 4.447077073289334992e-01 -8.009188050370767975e-01
-2.562289834022521973e-01 -6.235982179641723633e-01 -1.918009519577026367e+00 4.813309972894379285e-02 3.980397063729133045e-01 4.447080169113472592e-01 -8.009191146194905020e-01
-2.562289834022521973e-01 -6.235982179641723633e-01 -1.918009519577026367e+00 4.813325451990175391e-02 3.980384263234325593e-01 4.447068963634164263e-01 -8.009170033287369428e-01
-2.562289834022521973e-01 -6.235981583595275879e-01 -1.918009519577026367e+00 4.813309972894379285e-02 3.980400159553270090e-01 4.447083264937609637e-01 -8.009200433667317265e-01
-2.562289834022521973e-01 -6.235981583595275879e-01 -1.918009400367736816e+00 4.813317712448499791e-02 3.980396855104610943e-01 4.447079210087799273e-01 -8.009192199035656268e-01
-2.562289834022521973e-01 -6.235980987548828125e-01 -1.918009400367736816e+00 4.813325451990175391e-02 3.980393550676869507e-01 4.447075155262527058e-01 -8.009185512358275583e-01
-2.562289834022521973e-01 -6.235980987548828125e-01 -1.918009281158447266e+00 4.813325451990175391e-02 3.980396646491051182e-01 4.447075155262527058e-01 -8.009191703986638933e-01
-2.562289834022521973e-01 -6.235980391502380371e-01 -1.918009281158447266e+00 4.813333191519406778e-02 3.980396437888452654e-01 4.447074196270994761e-01 -8.009188113150715882e-01
-2.562289535999298096e-01 -6.235980391502380371e-01 -1.918009161949157715e+00 4.813348670540534835e-02 3.980386733318398984e-01 4.447062990933933202e-01 -8.009171644177893734e-01
-2.562289535999298096e-01 -6.235979795455932617e-01 -1.918009042739868164e+00 4.813348670540534835e-02 3.980389829117646494e-01 4.447069182532429332e-01 -8.009180931575636819e-01
-2.562289535999298096e-01 -6.235979199409484863e-01 -1.918008923530578613e+00 4.813348670540534835e-02 3.980396020716142624e-01 4.447072278331676842e-01 -8.009191766873003937e-01
-2.562289535999298096e-01 -6.235978603363037109e-01 -1.918008923530578613e+00 4.813348670540534835e-02 3.980402212314638200e-01 4.447075374130924907e-01 -8.009202602170372165e-01
-2.562289535999298096e-01 -6.235978007316589355e-01 -1.918008804321289062e+00 4.813356410032432198e-02 3.980402003734970218e-01 4.447071319383890109e-01 -8.009197463499234670e-01
-2.562289535999298096e-01 -6.235978007316589355e-01 -1.918008804321289062e+00 4.813371888978893592e-02 3.980389203471260684e-01 4.447057018394801609e-01 -8.009176351023553631e-01
-2.562289535999298096e-01 -6.235978007316589355e-01 -1.918008685111999512e+00 4.813356410032432198e-02 3.980405099529240043e-01 4.447074415178159934e-01 -8.009205202984909233e-01
-2.562289535999298096e-01 -6.235978007316589355e-01 -1.918008685111999512e+00 4.813371888978893592e-02 3.980392299255575139e-01 4.447060114179116064e-01 -8.009184090484340324e-01
-2.562287449836730957e-01 -6.235980987548828125e-01 -1.918008565902709961e+00 4.813286754157348329e-02 3.980311006174483968e-01 4.447104717151482700e-01 -8.009186439857050033e-01
-2.562287449836730957e-01 -6.235980987548828125e-01 -1.918008565902709961e+00 4.813286754157348329e-02 3.980314102013554622e-01 4.447101621312412045e-01 -8.009187987776585915e-01
-2.562287449836730957e-01 -6.235980391502380371e-01 -1.918008565902709961e+00 4.813286754157348329e-02 3.980311006174483968e-01 4.447104717151482700e-01 -8.009191083615656570e-01
-2.562287449836730957e-01 -6.235980391502380371e-01 -1.918008446693420410e+00 4.813286754157348329e-02 3.980314102013554622e-01 4.447104717151482700e-01 -8.009194179454727225e-01
-2.562287449836730957e-01 -6.235980391502380371e-01 -1.918008446693420410e+00 4.813279014553448198e-02 3.980317406391569168e-01 4.447114963802478727e-01 -8.009210153835492063e-01
-2.562287449836730957e-01 -6.235980391502380371e-01 -1.918008446693420410e+00 4.813294493748803554e-02 3.980307701822364819e-01 4.447097566379030753e-01 -8.009184396814230666e-01
-2.562287449836730957e-01 -6.235980391502380371e-01 -1.918008327484130859e+00 4.813286754157348329e-02 3.980311006174483968e-01 4.447107812990553910e-01 -8.009200371132869645e-01
-2.562287151813507080e-01 -6.235979795455932617e-01 -1.918008327484130859e+00 4.813286754157348329e-02 3.980314102013554622e-01 4.447110908829625120e-01 -8.009203466971941410e-01
-2.562287151813507080e-01 -6.235979795455932617e-01 -1.918008327484130859e+00 4.813286754157348329e-02 3.980314102013554622e-01 4.447110908829625120e-01 -8.009205014891476182e-01
-2.562287151813507080e-01 -6.235979795455932617e-01 -1.918008208274841309e+00 4.813279014553448198e-02 3.980320502235618618e-01 4.447121155490576516e-01 -8.009220989289663750e-01
-2.562287151813507080e-01 -6.235979199409484863e-01 -1.918008208274841309e+00 4.813286754157348329e-02 3.980314102013554622e-01 4.447114004668696330e-01 -8.009212754489154484e-01
-2.562287151813507080e-01 -6.235979199409484863e-01 -1.918008089065551758e+00 4.813294493748803554e-02 3.980310797656458344e-01 4.447109949715403188e-01 -8.009202971818788486e-01
-2.562287151813507080e-01 -6.235979199409484863e-01 -1.918008089065551758e+00 4.813294493748803554e-02 3.980307701822364819e-01 4.447109949715403188e-01 -8.009206067652882011e-01
-2.562287151813507080e-01 -6.235978603363037109e-01 -1.918008089065551758e+00 4.813294493748803554e-02 3.980310797656458344e-01 4.447109949715403188e-01 -8.009207615569928773e-01
-2.562287151813507080e-01 -6.235978603363037109e-01 -1.918007969856262207e+00 4.813294493748803554e-02 3.980307701822364819e-01 4.447113045549496158e-01 -8.009210711404021188e-01
-2.562287151813507080e-01 -6.235978603363037109e-01 -1.918007969856262207e+00 4.813294493748803554e-02 3.980310797656458344e-01 4.447116141383589127e-01 -8.009213807238114713e-01
-2.562286853790283203e-01 -6.235978603363037109e-01 -1.918007969856262207e+00 4.813294493748803554e-02 3.980310797656458344e-01 4.447113045549496158e-01 -8.009215355155161475e-01
-2.562286853790283203e-01 -6.235978007316589355e-01 -1.918007850646972656e+00 4.813294493748803554e-02 3.980310797656458344e-01 4.447116141383589127e-01 -8.009218450989253890e-01
-2.562286853790283203e-01 -6.235978007316589355e-01 -1.918007850646972656e+00 4.813294493748803554e-02 3.980310797656458344e-01 4.447119237217682652e-01 -8.009221546823347415e-01
-2.562286853790283203e-01 -6.235978007316589355e-01 -1.918007850646972656e+00 4.813294493748803554e-02 3.980310797656458344e-01 4.447116141383589127e-01 -8.009223094740394178e-01
-2.562286853790283203e-01 -6.235978007316589355e-01 -1.918007731437683105e+00 4.813309972894379285e-02 3.980301093180880212e-01 4.447104935706570061e-01 -8.009200433667317265e-01
-2.562286853790283203e-01 -6.235977411270141602e-01 -1.918007731437683105e+00 4.813302233327813873e-02 3.980307493320279222e-01 4.447115182273994050e-01 -8.009216407918955394e-01
-2.562286853790283203e-01 -6.235977411270141602e-01 -1.918007731437683105e+00 4.813302233327813873e-02 3.980307493320279222e-01 4.447115182273994050e-01 -8.009217955833513036e-01
-2.562286853790283203e-01 -6.235977411270141602e-01 -1.918007612228393555e+00 4.813302233327813873e-02 3.980307493320279222e-01 4.447115182273994050e-01 -8.009221051662628321e-01
-2.562286853790283203e-01 -6.235977411270141602e-01 -1.918007612228393555e+00 4.813294493748803554e-02 3.980313893490551314e-01 4.447125428885868592e-01 -8.009237025993812820e-01
-2.562286555767059326e-01 -6.235976815223693848e-01 -1.918007612228393555e+00 4.813302233327813873e-02 3.980307493320279222e-01 4.447118278103109335e-01 -8.009227243320857781e-01
-2.562286555767059326e-01 -6.235976815223693848e-01 -1.918007493019104004e+00 4.813317712448499791e-02 3.980294693072354839e-01 4.447107072460232957e-01 -8.009204582312293708e-01
-2.562286555767059326e-01 -6.235976815223693848e-01 -1.918007493019104004e+00 4.813317712448499791e-02 3.980294693072354839e-01 4.447107072460232957e-01 -8.009207678131452512e-01
-2.562286555767059326e-01 -6.235976815223693848e-01 -1.918007493019104004e+00 4.813317712448499791e-02 3.980297788891514199e-01 4.447107072460232957e-01 -8.009209226041031915e-01
-2.562286555767059326e-01 -6.235976219177246094e-01 -1.918007373809814453e+00 4.813317712448499791e-02 3.980294693072354839e-01 4.447110168279391762e-01 -8.009212321860191830e-01
-2.562286555767059326e-01 -6.235976219177246094e-01 -1.918007373809814453e+00 4.813325451990175391e-02 3.980291388808884223e-01 4.447106113404340477e-01 -8.009202539336273130e-01
-2.562286555767059326e-01 -6.235976219177246094e-01 -1.918007373809814453e+00 4.813333191519406778e-02 3.980284988757126219e-01 4.447095866935419362e-01 -8.009191208959919317e-01
-2.562286555767059326e-01 -6.235976219177246094e-01 -1.918007254600524902e+00 4.813325451990175391e-02 3.980291388808884223e-01 4.447106113404340477e-01 -8.009207183057545087e-01
-2.562286555767059326e-01 -6.235975623130798340e-01 -1.918007254600524902e+00 4.813325451990175391e-02 3.980291388808884223e-01 4.447109209218522152e-01 -8.009208730964636480e-01
-2.562286257743835449e-01 -6.235975623130798340e-01 -1.918007254600524902e+00 4.813325451990175391e-02 3.980291388808884223e-01 4.447109209218522152e-01 -8.009210278871726763e-01
-2.562286257743835449e-01 -6.235975623130798340e-01 -1.918007135391235352e+00 4.813325451990175391e-02 3.980291388808884223e-01 4.447109209218522152e-01 -8.009213374685908438e-01
-2.562286257743835449e-01 -6.235975623130798340e-01 -1.918007135391235352e+00 4.813317712448499791e-02 3.980297788891514199e-01 4.447116359917710482e-01 -8.009229348865567477e-01
-2.562286257743835449e-01 -6.235975027084350586e-01 -1.918007135391235352e+00 4.813333191519406778e-02 3.980288084566330209e-01 4.447105154363030222e-01 -8.009205140101335330e-01
-2.562286257743835449e-01 -6.235975027084350586e-01 -1.918007016181945801e+00 4.813333191519406778e-02 3.980288084566330209e-01 4.447108250172233657e-01 -8.009208235910538765e-01
-2.562286257743835449e-01 -6.235975027084350586e-01 -1.918007016181945801e+00 4.813333191519406778e-02 3.980284988757126219e-01 4.447108250172233657e-01 -8.009212879624344472e-01
-2.562286257743835449e-01 -6.235974431037902832e-01 -1.918006896972656250e+00 4.813333191519406778e-02 3.980288084566330209e-01 4.447108250172233657e-01 -8.009215975433547907e-01
-2.562286257743835449e-01 -6.235974431037902832e-01 -1.918006896972656250e+00 4.813333191519406778e-02 3.980288084566330209e-01 4.447111345981437092e-01 -8.009217523338149070e-01
-2.562286257743835449e-01 -6.235974431037902832e-01 -1.918006896972656250e+00 4.813333191519406778e-02 3.980288084566330209e-01 4.447114441790640527e-01 -8.009220619147352505e-01
-2.562285959720611572e-01 -6.235974431037902832e-01 -1.918006777763366699e+00 4.813325451990175391e-02 3.980294484623065343e-01 4.447121592475247187e-01 -8.009236593292268225e-01
-2.562285959720611572e-01 -6.235973834991455078e-01 -1.918006777763366699e+00 4.813325451990175391e-02 3.980297580437247018e-01 4.447121592475247187e-01 -8.009239689106449900e-01
-2.562285959720611572e-01 -6.235973834991455078e-01 -1.918006777763366699e+00 4.813340931036193260e-02 3.980281684540467046e-01 4.447107291140527385e-01 -8.009215480389305641e-01
-2.562285959720611572e-01 -6.235973834991455078e-01 -1.918006658554077148e+00 4.813340931036193260e-02 3.980284780344692797e-01 4.447110386944753135e-01 -8.009218576193530836e-01
-2.562285959720611572e-01 -6.235973834991455078e-01 -1.918006658554077148e+00 4.813340931036193260e-02 3.980281684540467046e-01 4.447110386944753135e-01 -8.009221671997757142e-01
-2.562285959720611572e-01 -6.235973238945007324e-01 -1.918006658554077148e+00 4.813333191519406778e-02 3.980291180375533644e-01 4.447120633409047397e-01 -8.009236098193370790e-01
-2.562285959720611572e-01 -6.235973238945007324e-01 -1.918006539344787598e+00 4.813333191519406778e-02 3.980291180375533644e-01 4.447120633409047397e-01 -8.009239194002574225e-01
-2.562285959720611572e-01 -6.235973238945007324e-01 -1.918006539344787598e+00 4.813348670540534835e-02 3.980278380344724476e-01 4.447106332123403338e-01 -8.009214985367363315e-01
-2.562285959720611572e-01 -6.235973238945007324e-01 -1.918006539344787598e+00 4.813348670540534835e-02 3.980281476143972541e-01 4.447109427922650848e-01 -8.009218081166611380e-01
-2.562285959720611572e-01 -6.235972642898559570e-01 -1.918006420135498047e+00 4.813340931036193260e-02 3.980284780344692797e-01 4.447116578553204080e-01 -8.009232507312546989e-01
-2.562285661697387695e-01 -6.235972642898559570e-01 -1.918006420135498047e+00 4.813340931036193260e-02 3.980287876148918547e-01 4.447116578553204080e-01 -8.009235603116772184e-01
-2.562285661697387695e-01 -6.235972046852111816e-01 -1.918006300926208496e+00 4.813356410032432198e-02 3.980275076169898507e-01 4.447105373120860405e-01 -8.009216038264854731e-01
-2.562285661697387695e-01 -6.235972046852111816e-01 -1.918006300926208496e+00 4.813364149511885348e-02 3.980268676226695890e-01 4.447101318343606446e-01 -8.009204708022497066e-01
-2.562285661697387695e-01 -6.235972046852111816e-01 -1.918006300926208496e+00 4.813364149511885348e-02 3.980268676226695890e-01 4.447101318343606446e-01 -8.009207803811789761e-01
-2.562285661697387695e-01 -6.235972046852111816e-01 -1.918006181716918945e+00 4.813356410032432198e-02 3.980275076169898507e-01 4.447111564709400611e-01 -8.009223777750529294e-01
-2.562285661697387695e-01 -6.235972046852111816e-01 -1.918006181716918945e+00 4.813356410032432198e-02 3.980275076169898507e-01 4.447111564709400611e-01 -8.009226873544799119e-01
-2.562286257743835449e-01 -6.235977411270141602e-01 -1.918006420135498047e+00 4.813340931036193260e-02 3.980297163561595242e-01 4.447135153378558026e-01 -8.009198453466064294e-01
-2.562286257743835449e-01 -6.235976815223693848e-01 -1.918006420135498047e+00 4.813348670540534835e-02 3.980290763541716181e-01 4.447131098517385639e-01 -8.009188671073756982e-01
-2.562286257743835449e-01 -6.235976815223693848e-01 -1.918006300926208496e+00 4.813333191519406778e-02 3.980303563612347384e-01 4.447145399882675432e-01 -8.009215975433547907e-01
-2.562286257743835449e-01 -6.235976815223693848e-01 -1.918006300926208496e+00 4.813340931036193260e-02 3.980297163561595242e-01 4.447138249182783776e-01 -8.009204645074515794e-01
-2.562285959720611572e-01 -6.235976815223693848e-01 -1.918006300926208496e+00 4.813348670540534835e-02 3.980293859340963691e-01 4.447134194316633704e-01 -8.009193314772627970e-01
-2.562285959720611572e-01 -6.235976815223693848e-01 -1.918006300926208496e+00 4.813340931036193260e-02 3.980300259365820992e-01 4.447141344987009526e-01 -8.009209288780854141e-01
-2.562285959720611572e-01 -6.235976815223693848e-01 -1.918006181716918945e+00 4.813340931036193260e-02 3.980300259365820992e-01 4.447144440791235276e-01 -8.009210836682967294e-01
-2.562285959720611572e-01 -6.235976815223693848e-01 -1.918006181716918945e+00 4.813348670540534835e-02 3.980293859340963691e-01 4.447137290115881769e-01 -8.009199506371124100e-01
-2.562285959720611572e-01 -6.235976219177246094e-01 -1.918006062507629395e+00 4.813356410032432198e-02 3.980287459346978363e-01 4.447136331063560877e-01 -8.009192819807828823e-01
-2.562285661697387695e-01 -6.235976219177246094e-01 -1.918005824089050293e+00 4.813356410032432198e-02 3.980293650935518568e-01 4.447145618446370907e-01 -8.009203655087774321e-01
-2.562285661697387695e-01 -6.235976219177246094e-01 -1.918005824089050293e+00 4.813364149511885348e-02 3.980287250962449286e-01 4.447138467815113794e-01 -8.009193872759974298e-01
-2.562285661697387695e-01 -6.235976219177246094e-01 -1.918005824089050293e+00 4.813348670540534835e-02 3.980300050939459267e-01 4.447155864911368495e-01 -8.009221176965859446e-01
-2.562285661697387695e-01 -6.235976219177246094e-01 -1.918005704879760742e+00 4.813356410032432198e-02 3.980293650935518568e-01 4.447148714240640732e-01 -8.009209846676313971e-01
-2.562285661697387695e-01 -6.235975623130798340e-01 -1.918005704879760742e+00 4.813364149511885348e-02 3.980290346751741426e-01 4.447141563604405934e-01 -8.009198516443912785e-01
-2.562285661697387695e-01 -6.235975623130798340e-01 -1.918005704879760742e+00 4.813364149511885348e-02 3.980287250962449286e-01 4.447141563604405934e-01 -8.009200064338558578e-01
-2.562285661697387695e-01 -6.235975623130798340e-01 -1.918005704879760742e+00 4.813371888978893592e-02 3.980280851020252531e-01 4.447137508786979110e-01 -8.009188734160812562e-01
-2.562285661697387695e-01 -6.235975623130798340e-01 -1.918005585670471191e+00 4.813379628433457624e-02 3.980274451108926637e-01 4.447130358214751999e-01 -8.009178951929876167e-01
-2.562285363674163818e-01 -6.235975623130798340e-01 -1.918005466461181641e+00 4.813379628433457624e-02 3.980280642667600177e-01 4.447136549773425540e-01 -8.009185143488549707e-01
-2.562285363674163818e-01 -6.235975623130798340e-01 -1.918005466461181641e+00 4.813371888978893592e-02 3.980287042588881441e-01 4.447143700355608020e-01 -8.009199569405912600e-01
-2.562285363674163818e-01 -6.235975623130798340e-01 -1.918005466461181641e+00 4.813379628433457624e-02 3.980280642667600177e-01 4.447139645552762310e-01 -8.009188239267885923e-01
-2.562285363674163818e-01 -6.235975027084350586e-01 -1.918005347251892090e+00 4.813379628433457624e-02 3.980280642667600177e-01 4.447139645552762310e-01 -8.009191335047223248e-01
-2.562285363674163818e-01 -6.235975027084350586e-01 -1.918005347251892090e+00 4.813371888978893592e-02 3.980287042588881441e-01 4.447149891924236931e-01 -8.009205760974541510e-01
-2.562285363674163818e-01 -6.235975027084350586e-01 -1.918005347251892090e+00 4.813379628433457624e-02 3.980280642667600177e-01 4.447145837111435851e-01 -8.009195978716228126e-01
-2.562285363674163818e-01 -6.235975027084350586e-01 -1.918005228042602539e+00 4.813387367875577444e-02 3.980274242777190330e-01 4.447138686548812725e-01 -8.009184648622899028e-01
-2.562285363674163818e-01 -6.235975027084350586e-01 -1.918005228042602539e+00 4.813395107305253051e-02 3.980270938687033300e-01 4.447131536020680898e-01 -8.009174866471402421e-01
-2.562285363674163818e-01 -6.235975027084350586e-01 -1.918005228042602539e+00 4.813379628433457624e-02 3.980283738446936947e-01 4.447148932890772621e-01 -8.009202170274901667e-01
-2.562285065650939941e-01 -6.235975027084350586e-01 -1.918005108833312988e+00 4.813371888978893592e-02 3.980290138373195896e-01 4.447156083492865841e-01 -8.009216596219642659e-01
-2.562285065650939941e-01 -6.235975027084350586e-01 -1.918005108833312988e+00 4.813379628433457624e-02 3.980283738446936947e-01 4.447148932890772621e-01 -8.009206813943907655e-01
-2.562285065650939941e-01 -6.235974431037902832e-01 -1.918005108833312988e+00 4.813379628433457624e-02 3.980280642667600177e-01 4.447148932890772621e-01 -8.009208361833575207e-01
-2.562285065650939941e-01 -6.235974431037902832e-01 -1.918004989624023438e+00 4.813395107305253051e-02 3.980270938687033300e-01 4.447140823328825654e-01 -8.009185701664237600e-01
-2.562285065650939941e-01 -6.235974431037902832e-01 -1.918004989624023438e+00 4.813387367875577444e-02 3.980277338551549415e-01 4.447147973871889981e-01 -8.009201675381873997e-01
-2.562285065650939941e-01 -6.235974431037902832e-01 -1.918004989624023438e+00 4.813387367875577444e-02 3.980277338551549415e-01 4.447147973871889981e-01 -8.009203223269053540e-01
-2.562285065650939941e-01 -6.235974431037902832e-01 -1.918004870414733887e+00 4.813395107305253051e-02 3.980274034456414700e-01 4.447143919098207054e-01 -8.009191893203000401e-01
-2.562285065650939941e-01 -6.235974431037902832e-01 -1.918004870414733887e+00 4.813387367875577444e-02 3.980280434325908501e-01 4.447154165420608152e-01 -8.009207866930592168e-01
-2.562285065650939941e-01 -6.235974431037902832e-01 -1.918004870414733887e+00 4.813395107305253051e-02 3.980274034456414700e-01 4.447147014867588455e-01 -8.009196536857072779e-01
-2.562284767627716064e-01 -6.235974431037902832e-01 -1.918004751205444336e+00 4.813387367875577444e-02 3.980280434325908501e-01 4.447157261194967237e-01 -8.009212510592130796e-01
-2.562284767627716064e-01 -6.235973834991455078e-01 -1.918004751205444336e+00 4.813387367875577444e-02 3.980283530100267586e-01 4.447157261194967237e-01 -8.009214058479310339e-01
-2.562284767627716064e-01 -6.235973834991455078e-01 -1.918004751205444336e+00 4.813395107305253051e-02 3.980277130225796101e-01 4.447153206406351256e-01 -8.009202728395835580e-01
-2.562284767627716064e-01 -6.235973834991455078e-01 -1.918004631996154785e+00 4.813387367875577444e-02 3.980283530100267586e-01 4.447160356969326322e-01 -8.009218702140848967e-01
-2.562284767627716064e-01 -6.235973834991455078e-01 -1.918004631996154785e+00 4.813395107305253051e-02 3.980277130225796101e-01 4.447156302175732656e-01 -8.009207372049907958e-01
-2.562284767627716064e-01 -6.235973834991455078e-01 -1.918004631996154785e+00 4.813402846722485140e-02 3.980270730382194366e-01 4.447149151642271203e-01 -8.009196042016105688e-01
-2.562284767627716064e-01 -6.235973834991455078e-01 -1.918004512786865234e+00 4.813402846722485140e-02 3.980270730382194366e-01 4.447149151642271203e-01 -8.009197589898308101e-01
-2.562284767627716064e-01 -6.235973834991455078e-01 -1.918004512786865234e+00 4.813395107305253051e-02 3.980277130225796101e-01 4.447159397945114057e-01 -8.009213563588670759e-01
-2.562285363674163818e-01 -6.235966682434082031e-01 -1.918004989624023438e+00 4.813549893285571507e-02 3.980257487663060867e-01 4.447084498465774804e-01 -8.009219148807282807e-01
-2.562285363674163818e-01 -6.235966682434082031e-01 -1.918004989624023438e+00 4.813526675705830787e-02 3.980273590364808989e-01 4.447105948547163123e-01 -8.009262424027319138e-01
-2.562285363674163818e-01 -6.235966682434082031e-01 -1.918004989624023438e+00 4.813542154104767656e-02 3.980263887094364628e-01 4.447094744133227029e-01 -8.009242860837969546e-01
-2.562285363674163818e-01 -6.235966682434082031e-01 -1.918004870414733887e+00 4.813549893285571507e-02 3.980260583332894120e-01 4.447087594135608057e-01 -8.009234627156447406e-01
-2.562285363674163818e-01 -6.235966086387634277e-01 -1.918004870414733887e+00 4.813549893285571507e-02 3.980260583332894120e-01 4.447090689805440755e-01 -8.009240818496113912e-01
-2.562285363674163818e-01 -6.235966086387634277e-01 -1.918004870414733887e+00 4.813557632453932533e-02 3.980257279592335218e-01 4.447086635502187080e-01 -8.009231037019388655e-01
-2.562285363674163818e-01 -6.235966086387634277e-01 -1.918004870414733887e+00 4.813565371609850041e-02 3.980253975872689587e-01 4.447082581223466557e-01 -8.009222803424761450e-01
-2.562285363674163818e-01 -6.235966086387634277e-01 -1.918004870414733887e+00 4.813549893285571507e-02 3.980266774672559515e-01 4.447096881145106706e-01 -8.009254749010361607e-01
-2.562285363674163818e-01 -6.235965490341186523e-01 -1.918004751205444336e+00 4.813565371609850041e-02 3.980257071532568025e-01 4.447085676883344996e-01 -8.009235186064275203e-01
-2.562285363674163818e-01 -6.235965490341186523e-01 -1.918004751205444336e+00 4.813565371609850041e-02 3.980257071532568025e-01 4.447088772543223434e-01 -8.009241377384032079e-01
-2.562285363674163818e-01 -6.235965490341186523e-01 -1.918004751205444336e+00 4.813557632453932533e-02 3.980266566586902477e-01 4.447099018161609907e-01 -8.009258898003089877e-01
-2.562285363674163818e-01 -6.235964894294738770e-01 -1.918004751205444336e+00 4.813565371609850041e-02 3.980260167192446463e-01 4.447091868203101872e-01 -8.009250664363668504e-01
-2.562285363674163818e-01 -6.235964894294738770e-01 -1.918004631996154785e+00 4.813573110753325418e-02 3.980256863483758178e-01 4.447087813933981448e-01 -8.009243978598874492e-01
-2.562285065650939941e-01 -6.235964298248291016e-01 -1.918004631996154785e+00 4.813588589002947005e-02 3.980253351774064030e-01 4.447082801114284889e-01 -8.009238346308262813e-01
-2.562285065650939941e-01 -6.235963702201843262e-01 -1.918004512786865234e+00 4.813588589002947005e-02 3.980253351774064030e-01 4.447085896759231938e-01 -8.009246085420630434e-01
-2.562285065650939941e-01 -6.235963702201843262e-01 -1.918004512786865234e+00 4.813588589002947005e-02 3.980256447419011634e-01 4.447085896759231938e-01 -8.009252276710525642e-01
-2.562285065650939941e-01 -6.235963702201843262e-01 -1.918004512786865234e+00 4.813596328109093908e-02 3.980250048123133988e-01 4.447081842553753384e-01 -8.009244043217512710e-01
-2.562285065650939941e-01 -6.235963702201843262e-01 -1.918004512786865234e+00 4.813588589002947005e-02 3.980259543063958683e-01 4.447088992404179542e-01 -8.009261563645367898e-01
-2.562285065650939941e-01 -6.235963106155395508e-01 -1.918004393577575684e+00 4.813611806284059935e-02 3.980243440884007611e-01 4.447076829846406398e-01 -8.009232219818043230e-01
-2.562285065650939941e-01 -6.235963106155395508e-01 -1.918004393577575684e+00 4.813619545352879059e-02 3.980240137295811276e-01 4.447069680084505539e-01 -8.009223986459097500e-01
-2.562285065650939941e-01 -6.235963106155395508e-01 -1.918004393577575684e+00 4.813604067202797987e-02 3.980249840128108896e-01 4.447087075277785795e-01 -8.009255931399132944e-01
-2.562285065650939941e-01 -6.235962510108947754e-01 -1.918004393577575684e+00 4.813611806284059935e-02 3.980246536514023825e-01 4.447079925476422613e-01 -8.009247697968124857e-01
-2.562285065650939941e-01 -6.235962510108947754e-01 -1.918004274368286133e+00 4.813611806284059935e-02 3.980249632144040040e-01 4.447083021106438827e-01 -8.009255437043164561e-01
-2.562285065650939941e-01 -6.235962510108947754e-01 -1.918004274368286133e+00 4.813611806284059935e-02 3.980252727774056254e-01 4.447086116736455041e-01 -8.009261628303196989e-01
-2.562285065650939941e-01 -6.235961914062500000e-01 -1.918004274368286133e+00 4.813619545352879059e-02 3.980249424170929085e-01 4.447082062584662432e-01 -8.009253394896970191e-01
-2.562285065650939941e-01 -6.235961914062500000e-01 -1.918004155158996582e+00 4.813635023453190220e-02 3.980239721412321408e-01 4.447070858739585186e-01 -8.009238476033587739e-01
-2.562285065650939941e-01 -6.235961318016052246e-01 -1.918004155158996582e+00 4.813627284409256052e-02 3.980249216208774365e-01 4.447084199697525220e-01 -8.009263735258292938e-01
-2.562285065650939941e-01 -6.235960721969604492e-01 -1.918004035949707031e+00 4.813650501503732859e-02 3.980233114362394797e-01 4.447068941827931332e-01 -8.009237487572047343e-01
-2.562285065650939941e-01 -6.235960125923156738e-01 -1.918004035949707031e+00 4.813650501503732859e-02 3.980239305572658148e-01 4.447072037433063008e-01 -8.009252965597705165e-01
-2.562285065650939941e-01 -6.235960125923156738e-01 -1.918003916740417480e+00 4.813650501503732859e-02 3.980242401177789824e-01 4.447078228643325803e-01 -8.009263800215665752e-01
-2.562285065650939941e-01 -6.235959529876708984e-01 -1.918003916740417480e+00 4.813658240510340636e-02 3.980239097669261428e-01 4.447077270194433884e-01 -8.009261758175951762e-01
-2.562284767627716064e-01 -6.235959529876708984e-01 -1.918003916740417480e+00 4.813658240510340636e-02 3.980242193269415973e-01 4.447080365794588430e-01 -8.009267949376260853e-01
-2.562284767627716064e-01 -6.235959529876708984e-01 -1.918003797531127930e+00 4.813658240510340636e-02 3.980245288869570519e-01 4.447080365794588430e-01 -8.009274140576571055e-01
-2.562284767627716064e-01 -6.235958933830261230e-01 -1.918003797531127930e+00 4.813665979504506282e-02 3.980241985371998914e-01 4.447076311760117528e-01 -8.009265907353861902e-01
-2.562284767627716064e-01 -6.235958933830261230e-01 -1.918003797531127930e+00 4.813665979504506282e-02 3.980241985371998914e-01 4.447076311760117528e-01 -8.009270550746628858e-01
-2.562284767627716064e-01 -6.235958933830261230e-01 -1.918003797531127930e+00 4.813673718486229797e-02 3.980238681895337249e-01 4.447075353340377846e-01 -8.009262317563630162e-01
-2.562284767627716064e-01 -6.235958337783813477e-01 -1.918003678321838379e+00 4.813689196412350435e-02 3.980225883844248358e-01 4.447064149803884869e-01 -8.009245851339157340e-01
-2.562284767627716064e-01 -6.235958337783813477e-01 -1.918003678321838379e+00 4.813673718486229797e-02 3.980241777485538091e-01 4.447078448930579242e-01 -8.009279343309735344e-01
-2.562284767627716064e-01 -6.235957741737365723e-01 -1.918003678321838379e+00 4.813689196412350435e-02 3.980232075004743186e-01 4.447067245384132561e-01 -8.009259781450270843e-01
-2.562284767627716064e-01 -6.235957741737365723e-01 -1.918003678321838379e+00 4.813696935356748252e-02 3.980228771590810788e-01 4.447066287018074382e-01 -8.009254643961670750e-01
-2.562284767627716064e-01 -6.235957741737365723e-01 -1.918003559112548828e+00 4.813696935356748252e-02 3.980231867166081350e-01 4.447066287018074382e-01 -8.009262382899847710e-01
-2.562284767627716064e-01 -6.235957145690917969e-01 -1.918003439903259277e+00 4.813712413208218188e-02 3.980222164825672482e-01 4.447061274764367300e-01 -8.009255203574741078e-01
-2.562284767627716064e-01 -6.235956549644470215e-01 -1.918003439903259277e+00 4.813704674288704632e-02 3.980234754908668626e-01 4.447071519807179185e-01 -8.009277366642935103e-01
-2.562284767627716064e-01 -6.235956549644470215e-01 -1.918003439903259277e+00 4.813704674288704632e-02 3.980234754908668626e-01 4.447074615377473172e-01 -8.009283557783523078e-01
-2.562284767627716064e-01 -6.235956549644470215e-01 -1.918003439903259277e+00 4.813720152115291001e-02 3.980225052595148250e-01 4.447063412007352667e-01 -8.009262448421743397e-01
-2.562284767627716064e-01 -6.235955953598022461e-01 -1.918003320693969727e+00 4.813727891009921683e-02 3.980221749254898023e-01 4.447059358144233032e-01 -8.009257311044697403e-01
-2.562284767627716064e-01 -6.235955953598022461e-01 -1.918003320693969727e+00 4.813720152115291001e-02 3.980228148155488532e-01 4.447066507567693505e-01 -8.009273282882936051e-01
-2.562308907508850098e-01 -6.235926151275634766e-01 -1.918000221252441406e+00 4.813124219861900782e-02 3.980163686348275331e-01 4.447056750950346693e-01 -8.009323776338216350e-01
-2.562308907508850098e-01 -6.235925555229187012e-01 -1.918000102043151855e+00 4.813139699555080142e-02 3.980157077483321149e-01 4.447045544561953889e-01 -8.009304209162085852e-01
-2.562309205532073975e-01 -6.235925555229187012e-01 -1.918000102043151855e+00 4.813131959714713609e-02 3.980163477843974285e-01 4.447055791649344170e-01 -8.009323280539970558e-01
-2.562309503555297852e-01 -6.235925555229187012e-01 -1.918000102043151855e+00 4.813131959714713609e-02 3.980166573782610295e-01 4.447061983526616191e-01 -8.009331020386560862e-01
-2.562309503555297852e-01 -6.235925555229187012e-01 -1.918000102043151855e+00 4.813147439383000381e-02 3.980156869010902376e-01 4.447047681233735617e-01 -8.009313001224358519e-01
-2.562309801578521729e-01 -6.235924959182739258e-01 -1.918000102043151855e+00 4.813162919001503365e-02 3.980147164342786037e-01 4.447039570916291318e-01 -8.009294982260902751e-01
-2.562310099601745605e-01 -6.235924959182739258e-01 -1.917999982833862305e+00 4.813147439383000381e-02 3.980166156796939303e-01 4.447056969019772543e-01 -8.009326932903414464e-01
-2.562310397624969482e-01 -6.235924363136291504e-01 -1.917999982833862305e+00 4.813162919001503365e-02 3.980156452098952413e-01 4.447048858672458249e-01 -8.009316653691957999e-01
-2.562310695648193359e-01 -6.235924363136291504e-01 -1.917999982833862305e+00 4.813162919001503365e-02 3.980156452098952413e-01 4.447055050509902130e-01 -8.009322845529402990e-01
-2.562310695648193359e-01 -6.235924363136291504e-01 -1.917999982833862305e+00 4.813162919001503365e-02 3.980162643936396849e-01 4.447058146428624625e-01 -8.009330585326208674e-01
-2.562310993671417236e-01 -6.235923767089843750e-01 -1.917999863624572754e+00 4.813186138335913411e-02 3.980146539101883096e-01 4.447042885143117630e-01 -8.009301235154072662e-01
-2.562311291694641113e-01 -6.235923767089843750e-01 -1.917999863624572754e+00 4.813162919001503365e-02 3.980168835773841285e-01 4.447064338266069061e-01 -8.009346064919818931e-01
-2.562311291694641113e-01 -6.235923767089843750e-01 -1.917999863624572754e+00 4.813178398570222560e-02 3.980159131139616724e-01 4.447056227967134956e-01 -8.009328045990820044e-01
-2.562311589717864990e-01 -6.235923171043395996e-01 -1.917999863624572754e+00 4.813193878089157968e-02 3.980146330710173097e-01 4.447045021867555015e-01 -8.009308479311159079e-01
-2.562311887741088867e-01 -6.235923171043395996e-01 -1.917999863624572754e+00 4.813193878089157968e-02 3.980152522507790502e-01 4.447048117766363995e-01 -8.009316219058181252e-01
-2.562311887741088867e-01 -6.235923171043395996e-01 -1.917999744415283203e+00 4.813186138335913411e-02 3.980158922717031422e-01 4.447061460565840396e-01 -8.009335290095731530e-01
-2.562312185764312744e-01 -6.235923171043395996e-01 -1.917999744415283203e+00 4.813201617829957618e-02 3.980149218223255070e-01 4.447047158596619254e-01 -8.009317271412571548e-01
-2.562312185764312744e-01 -6.235922574996948242e-01 -1.917999744415283203e+00 4.813201617829957618e-02 3.980152314117085255e-01 4.447053350384280179e-01 -8.009323463200231918e-01
-2.562312483787536621e-01 -6.235922574996948242e-01 -1.917999744415283203e+00 4.813209357558310975e-02 3.980149009848490405e-01 4.447046199441458958e-01 -8.009318323784287985e-01
