repeatability steamvr; 20211020-214708; x y z w i j k;  frequency = 150 duration = 2 sys.args = ['.\\repeatability.py']
2.327350080013275146e-01 -5.089682340621948242e-01 -1.748005509376525879e+00 6.439782472356186949e-01 4.865752013408937149e-01 -1.994699444942157340e-01 5.556512078298184720e-01
2.327208220958709717e-01 -5.089359879493713379e-01 -1.747936010360717773e+00 6.439498012618836142e-01 4.865775815671914417e-01 -1.994741163007406892e-01 5.556805664555297675e-01
2.326915860176086426e-01 -5.089084506034851074e-01 -1.747953534126281738e+00 6.439784583810637120e-01 4.865582774371814967e-01 -1.994628794777200398e-01 5.556682875052112447e-01
2.326871901750564575e-01 -5.089048743247985840e-01 -1.747954130172729492e+00 6.439765262530398049e-01 4.865633122826384382e-01 -1.994573922939008037e-01 5.556681035379075206e-01
2.327081710100173950e-01 -5.089204907417297363e-01 -1.747970938682556152e+00 6.439544278495581420e-01 4.865581074474344958e-01 -1.994765938235045777e-01 5.556913837401125100e-01
2.327196151018142700e-01 -5.089563727378845215e-01 -1.747933268547058105e+00 6.439902505996486504e-01 4.865270853193306433e-01 -1.995184624042449784e-01 5.556619998838960850e-01
2.327204495668411255e-01 -5.089561939239501953e-01 -1.747931599617004395e+00 6.439909563326422504e-01 4.865244696572514349e-01 -1.995235309669925738e-01 5.556616223360558715e-01
2.327257841825485229e-01 -5.089520215988159180e-01 -1.747912883758544922e+00 6.439641596286713732e-01 4.865302989083177820e-01 -1.995217446357678004e-01 5.556882386858724709e-01
2.327517569065093994e-01 -5.089687705039978027e-01 -1.747920632362365723e+00 6.439893901249728048e-01 4.865300608511722857e-01 -1.995302289920394545e-01 5.556561709110009462e-01
2.327590882778167725e-01 -5.089707970619201660e-01 -1.747918605804443359e+00 6.439840146630309015e-01 4.865308362724945490e-01 -1.995408493123866922e-01 5.556578704269873326e-01
2.327554374933242798e-01 -5.089757442474365234e-01 -1.747911095619201660e+00 6.439690970510932866e-01 4.865304907517092881e-01 -1.995149390484999008e-01 5.556847880126372097e-01
2.327608317136764526e-01 -5.089793205261230469e-01 -1.747909784317016602e+00 6.439691505613223121e-01 4.865333196288821327e-01 -1.995111970011670399e-01 5.556835848604686490e-01
2.327832132577896118e-01 -5.089954137802124023e-01 -1.747925519943237305e+00 6.439727024736044969e-01 4.865351135729621967e-01 -1.995196300172249471e-01 5.556748970364372431e-01
2.327870875597000122e-01 -5.090078115463256836e-01 -1.747924089431762695e+00 6.439370942451896340e-01 4.865541847066204295e-01 -1.995060297050046672e-01 5.557043286902441093e-01
2.328047305345535278e-01 -5.090023279190063477e-01 -1.747935175895690918e+00 6.439631516030960290e-01 4.865441460385727113e-01 -1.994850680292133138e-01 5.556904506374448216e-01
2.327878177165985107e-01 -5.089711546897888184e-01 -1.747980594635009766e+00 6.439777208179063850e-01 4.865340757070373834e-01 -1.995055684502934079e-01 5.556750326873368673e-01
2.327843904495239258e-01 -5.089767575263977051e-01 -1.747994422912597656e+00 6.439644127194934509e-01 4.865516739185007933e-01 -1.995027842019062581e-01 5.556760339103656854e-01
2.327900975942611694e-01 -5.089752078056335449e-01 -1.748002052307128906e+00 6.439649897661957612e-01 4.865504396074547544e-01 -1.995052780668208070e-01 5.556755591176881781e-01
2.328013479709625244e-01 -5.089786052703857422e-01 -1.748029351234436035e+00 6.439812206198923805e-01 4.865407103612439110e-01 -1.995445727426227445e-01 5.556511413074530781e-01
2.328201532363891602e-01 -5.089545249938964844e-01 -1.747972130775451660e+00 6.439541284746188587e-01 4.865647318857063697e-01 -1.995133404745125794e-01 5.556727597622084236e-01
2.328289449214935303e-01 -5.089548826217651367e-01 -1.747975587844848633e+00 6.439496855606091641e-01 4.865769053642475250e-01 -1.995004510431694078e-01 5.556718498592009281e-01
2.328002601861953735e-01 -5.089743733406066895e-01 -1.747950434684753418e+00 6.439430905536039917e-01 4.865798407561501837e-01 -1.995089735851252877e-01 5.556738614890042172e-01
2.328129708766937256e-01 -5.089747905731201172e-01 -1.747930645942687988e+00 6.439195316535220037e-01 4.866061128445333117e-01 -1.995099206649954549e-01 5.556778077008068806e-01
2.327743619680404663e-01 -5.090097784996032715e-01 -1.747874855995178223e+00 6.439221061225159914e-01 4.866068054438742463e-01 -1.994832626584203406e-01 5.556838011849574155e-01
2.327630519866943359e-01 -5.089951753616333008e-01 -1.747887015342712402e+00 6.439194492124908908e-01 4.866384457483149406e-01 -1.995083841675683034e-01 5.556501555146823312e-01
2.327306717634201050e-01 -5.090091228485107422e-01 -1.747872233390808105e+00 6.438977104459409073e-01 4.866515774988384724e-01 -1.994725498736213409e-01 5.556766906908418013e-01
2.327556759119033813e-01 -5.089882612228393555e-01 -1.747900366783142090e+00 6.439155383135540811e-01 4.866504497260837336e-01 -1.994708454907491713e-01 5.556576263658228321e-01
2.327128350734710693e-01 -5.089302659034729004e-01 -1.747953772544860840e+00 6.439405494330977531e-01 4.866190519524281055e-01 -1.994867475761001874e-01 5.556504376632944719e-01
2.327263951301574707e-01 -5.089254975318908691e-01 -1.747928619384765625e+00 6.439083513962896577e-01 4.866229275841783553e-01 -1.994844807432082090e-01 5.556851649681259220e-01
2.327183037996292114e-01 -5.089293718338012695e-01 -1.747938632965087891e+00 6.439196473602145643e-01 4.866117875984694030e-01 -1.995028614192121963e-01 5.556752317273980779e-01
2.327304631471633911e-01 -5.089486241340637207e-01 -1.747907757759094238e+00 6.439158695259601384e-01 4.866131151974329438e-01 -1.995057212237270894e-01 5.556774273488709337e-01
2.327594757080078125e-01 -5.089707970619201660e-01 -1.747926831245422363e+00 6.439009546743927892e-01 4.866391282075749336e-01 -1.994752128600870422e-01 5.556828700704254942e-01
2.327587604522705078e-01 -5.089790225028991699e-01 -1.747942566871643066e+00 6.439083890016199518e-01 4.866343658972698827e-01 -1.994766703262482455e-01 5.556779122919744962e-01
2.327632009983062744e-01 -5.089836120605468750e-01 -1.747935056686401367e+00 6.439039920558093932e-01 4.866454067392001481e-01 -1.994651540005444867e-01 5.556774949538741959e-01
2.327701300382614136e-01 -5.089758634567260742e-01 -1.747898578643798828e+00 6.438898869138359737e-01 4.866488121172982684e-01 -1.994415906280588846e-01 5.556992949437477014e-01
2.327653020620346069e-01 -5.089755654335021973e-01 -1.747870683670043945e+00 6.439031936597965355e-01 4.866436033858029253e-01 -1.994303413031611738e-01 5.556924856673994828e-01
2.327264547348022461e-01 -5.089141726493835449e-01 -1.747918128967285156e+00 6.439231474778369657e-01 4.866179709365245909e-01 -1.994550433237879949e-01 5.556829256719025834e-01
2.327085882425308228e-01 -5.089234709739685059e-01 -1.747920870780944824e+00 6.438928274390862683e-01 4.866335837201284931e-01 -1.994555603187141146e-01 5.557041858585096694e-01
2.327250540256500244e-01 -5.089069008827209473e-01 -1.747942686080932617e+00 6.439073114634009665e-01 4.866325189444737354e-01 -1.994386350670000474e-01 5.556944397434308014e-01
2.327302843332290649e-01 -5.089166164398193359e-01 -1.747925519943237305e+00 6.439385521082339192e-01 4.866044785577038900e-01 -1.994779365127976600e-01 5.556686835712132400e-01
2.327543348073959351e-01 -5.088977217674255371e-01 -1.747870326042175293e+00 6.439338169338756357e-01 4.865947392629927370e-01 -1.994566328020063173e-01 5.556903567156303847e-01
2.327606379985809326e-01 -5.088946819305419922e-01 -1.747884869575500488e+00 6.439332138257840565e-01 4.865929619158920749e-01 -1.994734231722397610e-01 5.556865729775358753e-01
2.327744513750076294e-01 -5.089051127433776855e-01 -1.747862696647644043e+00 6.439514774817644005e-01 4.865777728271601377e-01 -1.994832812358119933e-01 5.556751630338455650e-01
2.327450811862945557e-01 -5.089100003242492676e-01 -1.747857570648193359e+00 6.439253010531512667e-01 4.865882848434855412e-01 -1.994632393106066381e-01 5.557035141179614834e-01
2.327235490083694458e-01 -5.089257359504699707e-01 -1.747819781303405762e+00 6.439316547092028831e-01 4.865831018652363449e-01 -1.994614100577010996e-01 5.557013401559666166e-01
2.327248156070709229e-01 -5.089234113693237305e-01 -1.747811198234558105e+00 6.439334871770034940e-01 4.866152135403912782e-01 -1.994733384953211730e-01 5.556667830783227346e-01
2.327327579259872437e-01 -5.089000463485717773e-01 -1.747764587402343750e+00 6.439364723383231848e-01 4.866167874802255211e-01 -1.994641756761101892e-01 5.556652715913759089e-01
2.327301204204559326e-01 -5.089066624641418457e-01 -1.747764229774475098e+00 6.439234584377799830e-01 4.866284271758288260e-01 -1.994808882886690282e-01 5.556641675062129471e-01
2.327303141355514526e-01 -5.089036226272583008e-01 -1.747756123542785645e+00 6.439329390281448573e-01 4.866248956862392894e-01 -1.994682784632130224e-01 5.556607766500335499e-01
2.327008098363876343e-01 -5.088948011398315430e-01 -1.747729897499084473e+00 6.439028103715038753e-01 4.866533234054729040e-01 -1.994741172883769398e-01 5.556687025447089034e-01
2.326990813016891479e-01 -5.088926553726196289e-01 -1.747720122337341309e+00 6.438962987747787192e-01 4.866482242728700225e-01 -1.994747691425640956e-01 5.556804777317937427e-01
2.327224314212799072e-01 -5.089125037193298340e-01 -1.747696995735168457e+00 6.439120179056614379e-01 4.866723988830278791e-01 -1.994854160296944678e-01 5.556372680993065805e-01
2.327292859554290771e-01 -5.089490413665771484e-01 -1.747733950614929199e+00 6.438993925869422874e-01 4.866781923440518520e-01 -1.994647968707681795e-01 5.556542260308724446e-01
2.327326685190200806e-01 -5.089507699012756348e-01 -1.747724771499633789e+00 6.438918829432612734e-01 4.866833130048809908e-01 -1.994653643904253648e-01 5.556582303382225918e-01
2.327320277690887451e-01 -5.089114308357238770e-01 -1.747769951820373535e+00 6.439409963354957300e-01 4.866270795490243439e-01 -1.995098191209406513e-01 5.556346172758873658e-01
2.327607274055480957e-01 -5.089334845542907715e-01 -1.747781515121459961e+00 6.439214957718090160e-01 4.866407636698061312e-01 -1.994848170765713136e-01 5.556541979646911766e-01
2.327673733234405518e-01 -5.089328885078430176e-01 -1.747777223587036133e+00 6.439156265404561985e-01 4.866470853860329071e-01 -1.994795772105356912e-01 5.556573419583722417e-01
2.327785044908523560e-01 -5.089458823204040527e-01 -1.747788667678833008e+00 6.439483897049155248e-01 4.866015570624399600e-01 -1.995365001473920763e-01 5.556388129827496414e-01
2.327766865491867065e-01 -5.089323520660400391e-01 -1.747772097587585449e+00 6.439585308630829674e-01 4.865997368207674589e-01 -1.995365048475614689e-01 5.556286511608222733e-01
2.327713519334793091e-01 -5.089492201805114746e-01 -1.747782349586486816e+00 6.439252142738957074e-01 4.866080666672500388e-01 -1.995258745359205776e-01 5.556637862533755357e-01
2.327618449926376343e-01 -5.089412927627563477e-01 -1.747805714607238770e+00 6.439399781496454311e-01 4.865789760352098314e-01 -1.995519033756061045e-01 5.556628017497977634e-01
2.327620089054107666e-01 -5.089215636253356934e-01 -1.747754454612731934e+00 6.439368917639503032e-01 4.866025745240100675e-01 -1.995214000223206607e-01 5.556566484252360993e-01
2.327665239572525024e-01 -5.089186429977416992e-01 -1.747748374938964844e+00 6.439371231710757648e-01 4.866120030510726613e-01 -1.995135299029974774e-01 5.556509643949496535e-01
2.327670156955718994e-01 -5.089294910430908203e-01 -1.747749686241149902e+00 6.439374746204886701e-01 4.866149077423734259e-01 -1.995184425431074104e-01 5.556462643985193850e-01
2.327780723571777344e-01 -5.089328289031982422e-01 -1.747725963592529297e+00 6.439214625062325004e-01 4.866156111070536472e-01 -1.994865051243027432e-01 5.556756554874284770e-01
2.327840477228164673e-01 -5.089356899261474609e-01 -1.747717976570129395e+00 6.439258535474705614e-01 4.866009189342047070e-01 -1.994829579562698574e-01 5.556847095574153350e-01
2.327734380960464478e-01 -5.089455842971801758e-01 -1.747716188430786133e+00 6.439283281955289207e-01 4.866066044475611529e-01 -1.995183838957630407e-01 5.556641769194528013e-01
2.327916026115417480e-01 -5.089601874351501465e-01 -1.747713685035705566e+00 6.439257479661320005e-01 4.865932233043895883e-01 -1.994974885744276449e-01 5.556863511251562970e-01
2.327979952096939087e-01 -5.089640021324157715e-01 -1.747706890106201172e+00 6.439231373535573288e-01 4.865999515841508138e-01 -1.994961105387133560e-01 5.556839757632936472e-01
2.327500283718109131e-01 -5.089352726936340332e-01 -1.747760295867919922e+00 6.439470099628396005e-01 4.865518760169510459e-01 -1.995147592225920974e-01 5.556917453423249054e-01
2.327359616756439209e-01 -5.089216828346252441e-01 -1.747728586196899414e+00 6.439632152374688001e-01 4.865474532266094720e-01 -1.994999734688964188e-01 5.556821116879619993e-01
2.327387332916259766e-01 -5.089300274848937988e-01 -1.747736573219299316e+00 6.439675973166512080e-01 4.865263942786775542e-01 -1.995280263573833979e-01 5.556854110966907845e-01
2.327402830123901367e-01 -5.089303851127624512e-01 -1.747732877731323242e+00 6.439646513478917145e-01 4.865292332114140583e-01 -1.995121512793143481e-01 5.556920258017408187e-01
2.327334880828857422e-01 -5.089372396469116211e-01 -1.747733712196350098e+00 6.439570137490379098e-01 4.865491074772242408e-01 -1.994682607294094301e-01 5.556992413208396986e-01
2.327481806278228760e-01 -5.089374184608459473e-01 -1.747781634330749512e+00 6.439607797719882898e-01 4.865432769903107468e-01 -1.995077972063067084e-01 5.556857867930874439e-01
2.327511608600616455e-01 -5.089387893676757812e-01 -1.747779250144958496e+00 6.439632340385322840e-01 4.865442573030459572e-01 -1.995020155139767548e-01 5.556841780436519995e-01
2.327161878347396851e-01 -5.089696049690246582e-01 -1.747812390327453613e+00 6.439516177691666510e-01 4.865585530293735639e-01 -1.994800907120878597e-01 5.556929756231513418e-01
2.327324151992797852e-01 -5.089805722236633301e-01 -1.747820496559143066e+00 6.439499994002677585e-01 4.865665096551083368e-01 -1.994741590552190080e-01 5.556899986789191059e-01
2.327326834201812744e-01 -5.089829564094543457e-01 -1.747818827629089355e+00 6.439477533462540926e-01 4.865652910909555318e-01 -1.994762895102481226e-01 5.556929319288193003e-01
2.327199429273605347e-01 -5.090025663375854492e-01 -1.747833847999572754e+00 6.439393533529856883e-01 4.865882184475277539e-01 -1.994308516735993908e-01 5.556989080397710667e-01
2.327369749546051025e-01 -5.089662671089172363e-01 -1.747924208641052246e+00 6.439676161175867941e-01 4.865598399541988806e-01 -1.994551307522329231e-01 5.556822710254881725e-01
2.327628731727600098e-01 -5.089270472526550293e-01 -1.747856974601745605e+00 6.439362727494806204e-01 4.865799015549957529e-01 -1.994424389241784001e-01 5.557055698618673656e-01
2.327657192945480347e-01 -5.089203119277954102e-01 -1.747859477996826172e+00 6.439373690410555851e-01 4.865768285137691551e-01 -1.994452812232693772e-01 5.557059890845884587e-01
2.327478826045989990e-01 -5.089284181594848633e-01 -1.747831225395202637e+00 6.439518578485674549e-01 4.865755763526672939e-01 -1.994726230543686085e-01 5.556805041537837830e-01
2.327560484409332275e-01 -5.089347362518310547e-01 -1.747847318649291992e+00 6.439376192498209583e-01 4.865879321062000495e-01 -1.994593773996726493e-01 5.556909168358088458e-01
2.327470183372497559e-01 -5.089299082756042480e-01 -1.747848153114318848e+00 6.439294259469410253e-01 4.866159222172647403e-01 -1.994659996875665919e-01 5.556735273782977824e-01
2.327488213777542114e-01 -5.089221596717834473e-01 -1.747847437858581543e+00 6.439296486788832485e-01 4.866074810000488027e-01 -1.994713109704607246e-01 5.556787501623119407e-01
2.327325940132141113e-01 -5.089278221130371094e-01 -1.747866511344909668e+00 6.439090774680479301e-01 4.866272039161025909e-01 -1.994421263100197295e-01 5.556957852517571128e-01
2.327103465795516968e-01 -5.089069008827209473e-01 -1.747886180877685547e+00 6.439454335243544048e-01 4.865919314595159584e-01 -1.994616891749464160e-01 5.556775322317820676e-01
2.327065020799636841e-01 -5.088981389999389648e-01 -1.747889876365661621e+00 6.439531840687050535e-01 4.865910384547392220e-01 -1.994613248091990920e-01 5.556694557548602642e-01
2.327001094818115234e-01 -5.088902711868286133e-01 -1.747887969017028809e+00 6.439294563194831733e-01 4.866040626515338308e-01 -1.994437749346916755e-01 5.556918519688150981e-01
2.327060401439666748e-01 -5.089011192321777344e-01 -1.747872829437255859e+00 6.439566868965450608e-01 4.865848627727419884e-01 -1.994823848165830082e-01 5.556632629881662622e-01
2.327044904232025146e-01 -5.088919997215270996e-01 -1.747875571250915527e+00 6.439515223158860380e-01 4.865895057370426269e-01 -1.994921763206179699e-01 5.556616567546905916e-01
2.327124476432800293e-01 -5.088961720466613770e-01 -1.747884511947631836e+00 6.439477258671159055e-01 4.865858141841846174e-01 -1.994807872459986864e-01 5.556733789249008737e-01
2.327337861061096191e-01 -5.089111924171447754e-01 -1.747870802879333496e+00 6.439556571654826422e-01 4.866032157188538987e-01 -1.994832244541091260e-01 5.556480692039379443e-01
2.327379733324050903e-01 -5.089078545570373535e-01 -1.747872233390808105e+00 6.439580810803594568e-01 4.865935280867202395e-01 -1.994823116020135456e-01 5.556540535401062186e-01
2.327433973550796509e-01 -5.089028477668762207e-01 -1.747874498367309570e+00 6.439576414210591571e-01 4.865919628287235232e-01 -1.994905814975324876e-01 5.556529750923354660e-01
2.327507734298706055e-01 -5.089050531387329102e-01 -1.747864127159118652e+00 6.439788777793451491e-01 4.865874399117650628e-01 -1.995156458048043258e-01 5.556233132271628516e-01
2.327553927898406982e-01 -5.088987350463867188e-01 -1.747866868972778320e+00 6.439735109069284480e-01 4.865918769294698132e-01 -1.995069189763483408e-01 5.556287768078492784e-01
2.327398508787155151e-01 -5.088638663291931152e-01 -1.747793078422546387e+00 6.439614233489756590e-01 4.866046897965801699e-01 -1.994841687345005610e-01 5.556397385230879005e-01
2.327537685632705688e-01 -5.088856220245361328e-01 -1.747759938240051270e+00 6.439826885063859585e-01 4.866232837966316671e-01 -1.994981521384228129e-01 5.555938087936493908e-01
2.327615022659301758e-01 -5.088806748390197754e-01 -1.747756004333496094e+00 6.439871066076120476e-01 4.866248391766314629e-01 -1.994872733798120357e-01 5.555912234807952599e-01
2.327695935964584351e-01 -5.088727474212646484e-01 -1.747751593589782715e+00 6.439734414887222647e-01 4.866343323390590059e-01 -1.995029720748636715e-01 5.555931326034608819e-01
2.327534258365631104e-01 -5.088321566581726074e-01 -1.747756600379943848e+00 6.439832105814652374e-01 4.866143972605332935e-01 -1.995111796657388081e-01 5.555963201742637469e-01
2.327589243650436401e-01 -5.088195204734802246e-01 -1.747754812240600586e+00 6.439884761405285651e-01 4.866083128309764416e-01 -1.995193476750435624e-01 5.555925872121276754e-01
2.327742427587509155e-01 -5.088706016540527344e-01 -1.747858285903930664e+00 6.439847869274742953e-01 4.865889101803261285e-01 -1.994790255866892015e-01 5.556283497562964913e-01
2.327474653720855713e-01 -5.088928937911987305e-01 -1.747849583625793457e+00 6.440015292193933538e-01 4.865636266260923160e-01 -1.995121452848740429e-01 5.556191804810541868e-01
2.327507436275482178e-01 -5.088884830474853516e-01 -1.747851848602294922e+00 6.440075495121725391e-01 4.865570766936661573e-01 -1.995170134209419410e-01 5.556162077229442886e-01
2.327575385570526123e-01 -5.088965892791748047e-01 -1.747856855392456055e+00 6.439787259282747645e-01 4.865830540727382747e-01 -1.994775709967162858e-01 5.556410069069106505e-01
2.327496856451034546e-01 -5.088964104652404785e-01 -1.747870445251464844e+00 6.439781966185497142e-01 4.865745685482522620e-01 -1.994879162170646314e-01 5.556453510000551876e-01
2.327520698308944702e-01 -5.088905692100524902e-01 -1.747873902320861816e+00 6.439753967653348843e-01 4.865784079400851669e-01 -1.994829061528977376e-01 5.556470263563956236e-01
2.327227294445037842e-01 -5.089064836502075195e-01 -1.747900366783142090e+00 6.439664692595137296e-01 4.865764298771555474e-01 -1.994516447849684349e-01 5.556703255892333493e-01
2.327377647161483765e-01 -5.089030861854553223e-01 -1.747929573059082031e+00 6.439668308165037436e-01 4.865728592886260362e-01 -1.994729601097216809e-01 5.556653856783918544e-01
2.327367663383483887e-01 -5.089010596275329590e-01 -1.747934341430664062e+00 6.439642420639786202e-01 4.865640437776911353e-01 -1.994729289656417826e-01 5.556761348893534125e-01
2.327521741390228271e-01 -5.088591575622558594e-01 -1.747879266738891602e+00 6.439704536063362017e-01 4.865821545172811513e-01 -1.994536849869286976e-01 5.556599688555420302e-01
2.327334135770797729e-01 -5.088732838630676270e-01 -1.747857809066772461e+00 6.439636360919124280e-01 4.865849340404313494e-01 -1.994486695185195835e-01 5.556672630417692771e-01
2.327334284782409668e-01 -5.088660120964050293e-01 -1.747858643531799316e+00 6.439644734612759436e-01 4.865799047692885848e-01 -1.994496365739449883e-01 5.556703122636024172e-01
2.327679842710494995e-01 -5.088425874710083008e-01 -1.747806429862976074e+00 6.439588750695852681e-01 4.866021262468983033e-01 -1.994425195092597025e-01 5.556598938884117489e-01
2.327338755130767822e-01 -5.088571310043334961e-01 -1.747780680656433105e+00 6.439716019035303107e-01 4.865873609796169674e-01 -1.994792455370859308e-01 5.556448860942503343e-01
2.327405065298080444e-01 -5.088573694229125977e-01 -1.747793197631835938e+00 6.439625615386123103e-01 4.865866252964717864e-01 -1.994775799760716006e-01 5.556566203632736789e-01
2.327298969030380249e-01 -5.088602900505065918e-01 -1.747800230979919434e+00 6.439738796910235985e-01 4.865807806095280852e-01 -1.994533874486237590e-01 5.556572902932109814e-01
2.326989024877548218e-01 -5.088720321655273438e-01 -1.747775197029113770e+00 6.440072385928331533e-01 4.865601575951107316e-01 -1.994918197049173891e-01 5.556229083846411232e-01
2.327080667018890381e-01 -5.088843107223510742e-01 -1.747808575630187988e+00 6.439962174898886671e-01 4.865677323940214016e-01 -1.994795342010998174e-01 5.556334583371732583e-01
2.326928973197937012e-01 -5.089018940925598145e-01 -1.747834920883178711e+00 6.439908363002408986e-01 4.865710808535427812e-01 -1.994606306788589134e-01 5.556435388251687035e-01
2.327032238245010376e-01 -5.089374780654907227e-01 -1.747828006744384766e+00 6.439984113132386501e-01 4.865592258709154350e-01 -1.994727345259471873e-01 5.556408209373587814e-01
2.327000200748443604e-01 -5.089396238327026367e-01 -1.747831702232360840e+00 6.440050491379787356e-01 4.865616729474098179e-01 -1.994665946361928732e-01 5.556331734153812096e-01
2.327076792716979980e-01 -5.089294910430908203e-01 -1.747806310653686523e+00 6.439875664933301103e-01 4.865758999859382539e-01 -1.994667339849097998e-01 5.556409455691446730e-01
2.326965928077697754e-01 -5.089153051376342773e-01 -1.747835755348205566e+00 6.440056767631827661e-01 4.865738322433991736e-01 -1.994903946032566822e-01 5.556132652037525377e-01
2.327004373073577881e-01 -5.089208483695983887e-01 -1.747860789299011230e+00 6.440071286864260669e-01 4.865725385811248693e-01 -1.994960880395447445e-01 5.556106474123503336e-01
2.326921820640563965e-01 -5.089259147644042969e-01 -1.747844099998474121e+00 6.439881001338932931e-01 4.865719333979521832e-01 -1.995059394954243892e-01 5.556297024209220226e-01
2.327055037021636963e-01 -5.089356899261474609e-01 -1.747866749763488770e+00 6.440068206591589295e-01 4.865615608480290399e-01 -1.995167995979174602e-01 5.556132038420877883e-01
2.326878458261489868e-01 -5.089162588119506836e-01 -1.747852444648742676e+00 6.439962825671555757e-01 4.865721374024173373e-01 -1.995179009518195934e-01 5.556157474506253635e-01
2.326801419258117676e-01 -5.089222192764282227e-01 -1.747835874557495117e+00 6.439537886043499304e-01 4.865757604090999444e-01 -1.995256753228886459e-01 5.556590301325523562e-01
2.327019721269607544e-01 -5.089406371116638184e-01 -1.747841477394104004e+00 6.439755616330619103e-01 4.865596793494451622e-01 -1.995567389537544478e-01 5.556367490768535644e-01
2.326921969652175903e-01 -5.089355111122131348e-01 -1.747836828231811523e+00 6.439764756358354880e-01 4.865702576063578033e-01 -1.995541302216400914e-01 5.556273526381282357e-01
2.326736301183700562e-01 -5.089487433433532715e-01 -1.747838258743286133e+00 6.439701021749217880e-01 4.865701908198825643e-01 -1.995323756552280225e-01 5.556426166375052489e-01
2.327007204294204712e-01 -5.089317560195922852e-01 -1.747876048088073730e+00 6.440148784882920863e-01 4.865209281476729486e-01 -1.995626962182346364e-01 5.556229345193894886e-01
2.326836585998535156e-01 -5.089123845100402832e-01 -1.747866749763488770e+00 6.440142899173231239e-01 4.865470674614481572e-01 -1.995765646894711587e-01 5.555957693376027962e-01
2.326782792806625366e-01 -5.089043974876403809e-01 -1.747837066650390625e+00 6.439903156775185211e-01 4.865502675059704685e-01 -1.995823515994382125e-01 5.556186741815484220e-01
2.327237725257873535e-01 -5.089234709739685059e-01 -1.747849345207214355e+00 6.440198198602000712e-01 4.865176116970302278e-01 -1.996171236500704216e-01 5.556005545423603476e-01
2.326729446649551392e-01 -5.089052319526672363e-01 -1.747807860374450684e+00 6.439669551920613744e-01 4.865539296480843601e-01 -1.996230862539707940e-01 5.556279309842269143e-01
2.326666861772537231e-01 -5.089025497436523438e-01 -1.747805237770080566e+00 6.439572480414307298e-01 4.865539286917888728e-01 -1.996304225927187925e-01 5.556365148995228154e-01
2.327336370944976807e-01 -5.089285373687744141e-01 -1.747829794883728027e+00 6.439710711417315769e-01 4.865436928697112196e-01 -1.996620267913685465e-01 5.556181088795295597e-01
2.327368557453155518e-01 -5.089325308799743652e-01 -1.747848033905029297e+00 6.439593537766418185e-01 4.865563987235392296e-01 -1.996545757879453764e-01 5.556232437231437560e-01
2.327260673046112061e-01 -5.089362263679504395e-01 -1.747835755348205566e+00 6.439398957112320021e-01 4.865537456425997886e-01 -1.996547310770530603e-01 5.556480628972005897e-01
2.327286750078201294e-01 -5.089210271835327148e-01 -1.747878670692443848e+00 6.439481004510564377e-01 4.865448157553767805e-01 -1.996404203653919518e-01 5.556515120580128864e-01
2.327293008565902710e-01 -5.089231729507446289e-01 -1.747896909713745117e+00 6.439457357958859873e-01 4.865544470084687823e-01 -1.996581616649994728e-01 5.556394368416164298e-01
2.327339798212051392e-01 -5.089098215103149414e-01 -1.747843146324157715e+00 6.439126716558296604e-01 4.865523900486784514e-01 -1.996628830317766223e-01 5.556778728566863501e-01
2.327453196048736572e-01 -5.089435577392578125e-01 -1.747832536697387695e+00 6.439107552402938417e-01 4.865705926911537138e-01 -1.996918257996396495e-01 5.556537468675876168e-01
2.327649444341659546e-01 -5.089684128761291504e-01 -1.747842550277709961e+00 6.439098613932103810e-01 4.865919683668784024e-01 -1.996477288159846930e-01 5.556519031906927975e-01
2.327700853347778320e-01 -5.089732408523559570e-01 -1.747839808464050293e+00 6.439109504979867449e-01 4.865907288002306319e-01 -1.996474721295116161e-01 5.556518196074309301e-01
2.327229231595993042e-01 -5.089322924613952637e-01 -1.747874379158020020e+00 6.439602952810229430e-01 4.865572030139293513e-01 -1.996664207470899843e-01 5.556172017603449031e-01
2.327206730842590332e-01 -5.089249014854431152e-01 -1.747874379158020020e+00 6.439527241584322992e-01 4.865423288642102828e-01 -1.996697401642438530e-01 5.556378035086660949e-01
2.327195852994918823e-01 -5.089152455329895020e-01 -1.747843146324157715e+00 6.439198324908793625e-01 4.865510405520876991e-01 -1.996789558632543482e-01 5.556649823477819439e-01
2.327135503292083740e-01 -5.089017152786254883e-01 -1.747834444046020508e+00 6.439346066141200531e-01 4.865548957394829621e-01 -1.996449857116364690e-01 5.556566764733568142e-01
2.327128499746322632e-01 -5.088685750961303711e-01 -1.747779369354248047e+00 6.438941696911064660e-01 4.865591852097653214e-01 -1.996539249109996195e-01 5.556965707576593250e-01
2.327128797769546509e-01 -5.088586211204528809e-01 -1.747775793075561523e+00 6.438881844983427305e-01 4.865642981007985424e-01 -1.996502497227360673e-01 5.557003476268130848e-01
2.327052056789398193e-01 -5.088699460029602051e-01 -1.747763633728027344e+00 6.438916659838408441e-01 4.865559048322247726e-01 -1.996764319041927638e-01 5.556942650552451068e-01
2.327217012643814087e-01 -5.089282393455505371e-01 -1.747834324836730957e+00 6.438568256916568089e-01 4.866093459993504622e-01 -1.996248763528924441e-01 5.557063752778318433e-01
2.326927036046981812e-01 -5.088965892791748047e-01 -1.747797489166259766e+00 6.438534004305818126e-01 4.866336666822918544e-01 -1.996271186747292092e-01 5.556882476754562150e-01
2.326932251453399658e-01 -5.088832378387451172e-01 -1.747753381729125977e+00 6.438324463464010217e-01 4.866294846289779819e-01 -1.996319608824212999e-01 5.557144104506818172e-01
2.326842695474624634e-01 -5.088611841201782227e-01 -1.747770667076110840e+00 6.438705019641934868e-01 4.865987092065335862e-01 -1.996695491246397725e-01 5.556837869888658910e-01
2.327213734388351440e-01 -5.089051723480224609e-01 -1.747857928276062012e+00 6.438581709116731888e-01 4.866173668757594606e-01 -1.996649141928268367e-01 5.556833898704647279e-01
2.327125072479248047e-01 -5.088984370231628418e-01 -1.747838020324707031e+00 6.438352424816964348e-01 4.866133688842728122e-01 -1.996587282715861222e-01 5.557156769733863078e-01
2.327059209346771240e-01 -5.088962316513061523e-01 -1.747799634933471680e+00 6.438294274324255495e-01 4.866071984621084812e-01 -1.996565622882634228e-01 5.557285884832601219e-01
2.327207773923873901e-01 -5.088875293731689453e-01 -1.747797250747680664e+00 6.438542827842059779e-01 4.866174240871231627e-01 -1.996235355537901157e-01 5.557027146919463201e-01
2.327208071947097778e-01 -5.088844299316406250e-01 -1.747794151306152344e+00 6.438540990811739695e-01 4.866189168337367588e-01 -1.996335905850366577e-01 5.556980130684241459e-01
2.327470779418945312e-01 -5.088827013969421387e-01 -1.747780561447143555e+00 6.438532152808154052e-01 4.866385279409125575e-01 -1.996028173108922443e-01 5.556928973545286476e-01
2.327579259872436523e-01 -5.088812112808227539e-01 -1.747783422470092773e+00 6.438858991756506445e-01 4.866103777430109134e-01 -1.996202481717115895e-01 5.556734380538939089e-01
2.327620387077331543e-01 -5.088759064674377441e-01 -1.747777581214904785e+00 6.438832074022534657e-01 4.866082579275707864e-01 -1.996315084523153371e-01 5.556743493622469110e-01
2.327199131250381470e-01 -5.088430643081665039e-01 -1.747690200805664062e+00 6.438411109993174009e-01 4.866600936385253040e-01 -1.996433343620703793e-01 5.556734884748057990e-01
2.327032536268234253e-01 -5.088673830032348633e-01 -1.747648596763610840e+00 6.438480469771775683e-01 4.866190705136364536e-01 -1.996656352063793105e-01 5.556933541218322947e-01
2.327268123626708984e-01 -5.088548064231872559e-01 -1.747637391090393066e+00 6.438192162524015716e-01 4.866364410089904502e-01 -1.996925947293744508e-01 5.557018750249833605e-01
2.327241897583007812e-01 -5.088467597961425781e-01 -1.747635841369628906e+00 6.438401635346016061e-01 4.866174954418604481e-01 -1.996730559957255180e-01 5.557011997474812226e-01
2.327314615249633789e-01 -5.088589787483215332e-01 -1.747582316398620605e+00 6.438562167255424962e-01 4.866165178883978815e-01 -1.996538326752279602e-01 5.556903763288851827e-01
2.327350229024887085e-01 -5.088541507720947266e-01 -1.747563838958740234e+00 6.438576183592753521e-01 4.866050092377363634e-01 -1.996491164828881337e-01 5.557005301200080849e-01
2.326934784650802612e-01 -5.088791251182556152e-01 -1.747642517089843750e+00 6.438379301160752632e-01 4.866260226090333707e-01 -1.996308623054829645e-01 5.557115056542885068e-01
2.327152490615844727e-01 -5.088834166526794434e-01 -1.747672557830810547e+00 6.438458815714653838e-01 4.866086722548333965e-01 -1.996403738907815417e-01 5.557140391118199352e-01
2.327141165733337402e-01 -5.088797807693481445e-01 -1.747666001319885254e+00 6.438453174365169618e-01 4.866046549700587254e-01 -1.996484177776867708e-01 5.557153360667405062e-01
2.327305525541305542e-01 -5.089008212089538574e-01 -1.747682213783264160e+00 6.438566304175499244e-01 4.866115302191348913e-01 -1.996079379215519589e-01 5.557107559524574469e-01
2.327292859554290771e-01 -5.088759660720825195e-01 -1.747699499130249023e+00 6.438762356423741728e-01 4.865981020813938684e-01 -1.995896869462291945e-01 5.557063787060479987e-01
2.327307909727096558e-01 -5.088689327239990234e-01 -1.747697353363037109e+00 6.438642937969475399e-01 4.866107374465547530e-01 -1.995946500766685172e-01 5.557073355700342665e-01
2.327014058828353882e-01 -5.088947415351867676e-01 -1.747731804847717285e+00 6.438356677593582988e-01 4.866079904163034264e-01 -1.995973911429494152e-01 5.557419490547843566e-01
2.327147722244262695e-01 -5.088884234428405762e-01 -1.747754812240600586e+00 6.438508546166267221e-01 4.866061056400814433e-01 -1.996206871405342143e-01 5.557176157224217317e-01
2.327142059803009033e-01 -5.088877677917480469e-01 -1.747755169868469238e+00 6.438595898987734545e-01 4.866022231861644176e-01 -1.996162893994178622e-01 5.557124600477740817e-01
2.327338904142379761e-01 -5.088791251182556152e-01 -1.747753739356994629e+00 6.438638381625575446e-01 4.866151318846761997e-01 -1.996053331135199949e-01 5.557002072336638676e-01
2.327065020799636841e-01 -5.088684558868408203e-01 -1.747760176658630371e+00 6.438917932667096444e-01 4.865774235943344239e-01 -1.995963546584238468e-01 5.557040601274866320e-01
2.327036708593368530e-01 -5.088651776313781738e-01 -1.747760653495788574e+00 6.438981776274164126e-01 4.865738256275731755e-01 -1.995949310369770358e-01 5.557002858846622484e-01
2.327396869659423828e-01 -5.088866353034973145e-01 -1.747773170471191406e+00 6.438975817178586025e-01 4.865738478089131624e-01 -1.995881152624522370e-01 5.557034152306696839e-01
2.327188700437545776e-01 -5.088645219802856445e-01 -1.747783303260803223e+00 6.439115709831512158e-01 4.865666091698832574e-01 -1.995830501606304375e-01 5.556953689698391763e-01
2.327183634042739868e-01 -5.088594555854797363e-01 -1.747782826423645020e+00 6.439056438067368715e-01 4.865618891531014456e-01 -1.995825500045345091e-01 5.557065473292563951e-01
2.326983064413070679e-01 -5.088384747505187988e-01 -1.747740507125854492e+00 6.438789317841920878e-01 4.865866685516216927e-01 -1.995782402220937224e-01 5.557173357400040370e-01
2.327020317316055298e-01 -5.088226199150085449e-01 -1.747746348381042480e+00 6.438974240620823908e-01 4.865622454531840502e-01 -1.995975019823475194e-01 5.557103782223480337e-01
2.326999008655548096e-01 -5.088144540786743164e-01 -1.747746586799621582e+00 6.438945052536743097e-01 4.865652726155212937e-01 -1.996060089944038385e-01 5.557080837014415353e-01
2.326812744140625000e-01 -5.088118910789489746e-01 -1.747723817825317383e+00 6.438766710179706365e-01 4.866009089145719724e-01 -1.995867632707994388e-01 5.557044292334023528e-01
2.327164858579635620e-01 -5.088538527488708496e-01 -1.747672915458679199e+00 6.439046544923294757e-01 4.866079947968793840e-01 -1.996040083231333251e-01 5.556596363029114860e-01
2.327184230089187622e-01 -5.088515281677246094e-01 -1.747667670249938965e+00 6.439044143953288613e-01 4.865985839308263339e-01 -1.996023008257724607e-01 5.556687531207813446e-01
2.327173650264739990e-01 -5.088697671890258789e-01 -1.747685909271240234e+00 6.438800354055101982e-01 4.866126338500043613e-01 -1.996051371702398380e-01 5.556836825110266220e-01
2.327336966991424561e-01 -5.088947415351867676e-01 -1.747679829597473145e+00 6.438934595128538163e-01 4.866103803028638541e-01 -1.996095152356653635e-01 5.556685103777430079e-01
2.327371984720230103e-01 -5.088968276977539062e-01 -1.747674226760864258e+00 6.438950693455279817e-01 4.866239052991020442e-01 -1.996120709554343731e-01 5.556539069170032263e-01
2.327367961406707764e-01 -5.089291334152221680e-01 -1.747709989547729492e+00 6.438794857647232028e-01 4.866245859173963240e-01 -1.995750020907915145e-01 5.556846428627932877e-01
2.327104359865188599e-01 -5.088922381401062012e-01 -1.747770309448242188e+00 6.439155976136043957e-01 4.865825887961161000e-01 -1.996092826075420990e-01 5.556672946161327342e-01
2.327114641666412354e-01 -5.088921785354614258e-01 -1.747771978378295898e+00 6.439184917386896467e-01 4.865673385175541266e-01 -1.996345467810458907e-01 5.556682220645722259e-01
2.327208071947097778e-01 -5.089039802551269531e-01 -1.747795701026916504e+00 6.439148831199520417e-01 4.865770077836888974e-01 -1.996196632176268915e-01 5.556692765384313448e-01
2.327093482017517090e-01 -5.089288353919982910e-01 -1.747819662094116211e+00 6.439260835122437854e-01 4.865690071291489671e-01 -1.995939408786051306e-01 5.556725240137518895e-01
2.327373176813125610e-01 -5.089430212974548340e-01 -1.747836112976074219e+00 6.439302879480557351e-01 4.865698913951038707e-01 -1.995860193502816404e-01 5.556697520576427962e-01
2.327557057142257690e-01 -5.089644193649291992e-01 -1.747866749763488770e+00 6.439134121861920246e-01 4.865666642310973455e-01 -1.995766593713081127e-01 5.556954924925422423e-01
2.327535897493362427e-01 -5.089645385742187500e-01 -1.747856616973876953e+00 6.439274488359989501e-01 4.865551321674546070e-01 -1.995448173257289293e-01 5.557007580997705976e-01
2.327481657266616821e-01 -5.089105963706970215e-01 -1.747768878936767578e+00 6.438977017676440484e-01 4.865757010294650686e-01 -1.995563154840204190e-01 5.557130776008426531e-01
2.327516078948974609e-01 -5.089094042778015137e-01 -1.747768163681030273e+00 6.438998698918431129e-01 4.865726625495774837e-01 -1.995535029034131158e-01 5.557142148832342476e-01
2.327708005905151367e-01 -5.089396238327026367e-01 -1.747747659683227539e+00 6.439172797078781540e-01 4.865740860103826559e-01 -1.995769185755604525e-01 5.556843793344475868e-01
2.327547073364257812e-01 -5.089239478111267090e-01 -1.747710585594177246e+00 6.438843457301519635e-01 4.866086936351214920e-01 -1.995620632745342127e-01 5.556975972890754178e-01
2.327585220336914062e-01 -5.089234709739685059e-01 -1.747705817222595215e+00 6.438811477034569464e-01 4.866099186714400449e-01 -1.995695807057862037e-01 5.556975339141571046e-01
2.327770590782165527e-01 -5.089039206504821777e-01 -1.747752070426940918e+00 6.439116736741115066e-01 4.865832398240978462e-01 -1.995745600679439125e-01 5.556837326777308572e-01
2.328081279993057251e-01 -5.088904500007629395e-01 -1.747710585594177246e+00 6.438926206047438372e-01 4.865854304714924972e-01 -1.995483324737143127e-01 5.557132972953284789e-01
2.328156679868698120e-01 -5.088873505592346191e-01 -1.747704982757568359e+00 6.439023779063262065e-01 4.865774900764646693e-01 -1.995550051207295172e-01 5.557065657198341224e-01
2.328118979930877686e-01 -5.088951587677001953e-01 -1.747694253921508789e+00 6.439087722865919350e-01 4.865866819720217618e-01 -1.995475735492805991e-01 5.556937575935460005e-01
2.327931523323059082e-01 -5.088783502578735352e-01 -1.747636795043945312e+00 6.438906506127817231e-01 4.866116583887437619e-01 -1.995153865455510933e-01 5.557044677252627185e-01
2.327993959188461304e-01 -5.088779926300048828e-01 -1.747627735137939453e+00 6.438925569633943136e-01 4.866069777708866284e-01 -1.995172489320536646e-01 5.557056921165481889e-01
2.327035814523696899e-01 -5.088639855384826660e-01 -1.747594714164733887e+00 6.439009792627761186e-01 4.865795536685740275e-01 -1.995489472492248950e-01 5.557085364789479121e-01
2.326857447624206543e-01 -5.088820457458496094e-01 -1.747609496116638184e+00 6.438728075916783089e-01 4.865955203190570066e-01 -1.995529338894973248e-01 5.557257688929585493e-01
2.326800078153610229e-01 -5.088810920715332031e-01 -1.747600317001342773e+00 6.438843920153606293e-01 4.865823918005841575e-01 -1.995420884336141232e-01 5.557277584407038784e-01
2.326623499393463135e-01 -5.088726878166198730e-01 -1.747603297233581543e+00 6.439153083450147586e-01 4.865674414345809717e-01 -1.995595602164773608e-01 5.556987621139271027e-01
2.326554507017135620e-01 -5.088769197463989258e-01 -1.747599840164184570e+00 6.438763036246295535e-01 4.865897076916385622e-01 -1.995590825382647926e-01 5.557246029194630177e-01
2.326482981443405151e-01 -5.088745951652526855e-01 -1.747591853141784668e+00 6.438753938189571979e-01 4.865893769614718090e-01 -1.995595496616829334e-01 5.557257815964921077e-01
2.326925247907638550e-01 -5.088666081428527832e-01 -1.747609853744506836e+00 6.438916934653714508e-01 4.866043094145690584e-01 -1.995666129734682270e-01 5.556912791183534761e-01
2.326817214488983154e-01 -5.089130997657775879e-01 -1.747665524482727051e+00 6.438915994496039463e-01 4.866193304190628011e-01 -1.995146759780468126e-01 5.556968912761616197e-01
2.326771765947341919e-01 -5.089153051376342773e-01 -1.747664451599121094e+00 6.438943172229466549e-01 4.866154019559077448e-01 -1.995231717555797923e-01 5.556941292093880991e-01
2.327074855566024780e-01 -5.089204311370849609e-01 -1.747670412063598633e+00 6.438941798158416274e-01 4.866374793677136212e-01 -1.995315571155986401e-01 5.556719386639270564e-01
2.327557504177093506e-01 -5.088999867439270020e-01 -1.747610211372375488e+00 6.438797388888281015e-01 4.866510203717094307e-01 -1.995154814265191756e-01 5.556825961313424100e-01
2.327648997306823730e-01 -5.089005231857299805e-01 -1.747600793838500977e+00 6.438764323569657888e-01 4.866420869083366019e-01 -1.995215395871537400e-01 5.556920917661642978e-01
2.327627837657928467e-01 -5.088866353034973145e-01 -1.747618556022644043e+00 6.438874829919234433e-01 4.866415108544356882e-01 -1.995156622205536967e-01 5.556819067833193015e-01
2.327337265014648438e-01 -5.089095234870910645e-01 -1.747663259506225586e+00 6.438698134565181697e-01 4.866447983579684777e-01 -1.994904381132470705e-01 5.557085194787959592e-01
2.327327728271484375e-01 -5.089100599288940430e-01 -1.747661113739013672e+00 6.438669162197243612e-01 4.866436786532325476e-01 -1.994850523819112209e-01 5.557147923720633376e-01
2.327582985162734985e-01 -5.089302062988281250e-01 -1.747684836387634277e+00 6.438669162197243612e-01 4.866503554755635674e-01 -1.995054878554581579e-01 5.557016470164861666e-01
2.327120900154113770e-01 -5.089135766029357910e-01 -1.747655272483825684e+00 6.438666385008846582e-01 4.866492577891901594e-01 -1.995205360138267714e-01 5.556975126344732008e-01
2.327052354812622070e-01 -5.089135766029357910e-01 -1.747652292251586914e+00 6.438630541813601393e-01 4.866480441143551383e-01 -1.995198531129569464e-01 5.557029667692665598e-01
2.326878607273101807e-01 -5.088844299316406250e-01 -1.747691512107849121e+00 6.438926596573869565e-01 4.866225212190721794e-01 -1.995502064689049504e-01 5.556801238081294780e-01
2.326826304197311401e-01 -5.088602304458618164e-01 -1.747646331787109375e+00 6.438878185579760549e-01 4.866217944122714911e-01 -1.995247226639747795e-01 5.556955026745289405e-01
2.326770722866058350e-01 -5.088559389114379883e-01 -1.747638702392578125e+00 6.438909051788956894e-01 4.866111651531166427e-01 -1.995370383508371370e-01 5.556968193235994891e-01
2.327017933130264282e-01 -5.088681578636169434e-01 -1.747645139694213867e+00 6.439080418754107304e-01 4.866221432623444865e-01 -1.995492231220817592e-01 5.556629845801379641e-01
2.327222079038619995e-01 -5.088738203048706055e-01 -1.747635960578918457e+00 6.438978319420848306e-01 4.865971942586507226e-01 -1.995378424415087115e-01 5.557007462147818266e-01
2.327220439910888672e-01 -5.088731050491333008e-01 -1.747628927230834961e+00 6.438950635599729466e-01 4.866086705196916995e-01 -1.995379829317869558e-01 5.556938553813456361e-01
2.327457815408706665e-01 -5.088987350463867188e-01 -1.747646689414978027e+00 6.438958185744565466e-01 4.866000464526774594e-01 -1.995540179206070353e-01 5.556947774591644018e-01
2.327232807874679565e-01 -5.088812708854675293e-01 -1.747594356536865234e+00 6.438667238415826111e-01 4.866029993825551347e-01 -1.995683003562049584e-01 5.557207442213136783e-01
2.327225059270858765e-01 -5.088797211647033691e-01 -1.747585415840148926e+00 6.438668554687384527e-01 4.866024138972941393e-01 -1.995790558765898615e-01 5.557172748451605360e-01
2.327198684215545654e-01 -5.088608860969543457e-01 -1.747593522071838379e+00 6.438783430889538639e-01 4.866208093830208803e-01 -1.995550021608526459e-01 5.556964598634691610e-01
2.327086329460144043e-01 -5.088752508163452148e-01 -1.747612714767456055e+00 6.438470532347789765e-01 4.866207126252264370e-01 -1.995570858310006523e-01 5.557320752989107771e-01
2.327033281326293945e-01 -5.088748931884765625e-01 -1.747606158256530762e+00 6.438468897806421953e-01 4.866218082101393394e-01 -1.995474391771026590e-01 5.557347622179057423e-01
2.327299267053604126e-01 -5.088680982589721680e-01 -1.747654318809509277e+00 6.438814702550378355e-01 4.865993069714160124e-01 -1.995543222575786035e-01 5.557119280154118046e-01
2.327297776937484741e-01 -5.088974833488464355e-01 -1.747700572013854980e+00 6.438767071787212526e-01 4.866051861622146535e-01 -1.995241390007061466e-01 5.557231206141937108e-01
2.327303439378738403e-01 -5.088994503021240234e-01 -1.747698664665222168e+00 6.438701996573427122e-01 4.866084263486162298e-01 -1.995289905994414026e-01 5.557260989283211439e-01
2.327529937028884888e-01 -5.089157223701477051e-01 -1.747709512710571289e+00 6.438672329926297122e-01 4.866200530078527708e-01 -1.995363553304995152e-01 5.557167175747458332e-01
2.327517420053482056e-01 -5.089250206947326660e-01 -1.747718691825866699e+00 6.438556251165805655e-01 4.866561240523237797e-01 -1.995081764960971726e-01 5.557087075277837851e-01
2.327523380517959595e-01 -5.089274048805236816e-01 -1.747718095779418945e+00 6.438488627994849445e-01 4.866524638500601130e-01 -1.995092073034435420e-01 5.557193580397558064e-01
2.327437698841094971e-01 -5.089306831359863281e-01 -1.747753024101257324e+00 6.438605112985085199e-01 4.866640026069943281e-01 -1.995045216817148415e-01 5.556974547071499293e-01
2.327361404895782471e-01 -5.089327692985534668e-01 -1.747737765312194824e+00 6.438299684367377873e-01 4.866885824448913267e-01 -1.994865828835983290e-01 5.557177296023729784e-01
2.327340841293334961e-01 -5.089343786239624023e-01 -1.747738957405090332e+00 6.438282832212731677e-01 4.866846256642238799e-01 -1.994974738280815563e-01 5.557192767676383260e-01
2.326993048191070557e-01 -5.088812708854675293e-01 -1.747789025306701660e+00 6.438635170486031178e-01 4.866348381347390673e-01 -1.995268494047248431e-01 5.557114774710137928e-01
2.327124774456024170e-01 -5.088568925857543945e-01 -1.747747302055358887e+00 6.438500069740646925e-01 4.866427117941328762e-01 -1.995273794026056480e-01 5.557200599808901353e-01
2.327073663473129272e-01 -5.088474154472351074e-01 -1.747748136520385742e+00 6.438558305163306628e-01 4.866347692364657029e-01 -1.995266856131442390e-01 5.557205186487029769e-01
2.327066510915756226e-01 -5.088283419609069824e-01 -1.747756361961364746e+00 6.438733630239161787e-01 4.866384821146640949e-01 -1.994968019729204123e-01 5.557076776775971005e-01
2.327135950326919556e-01 -5.088215470314025879e-01 -1.747756004333496094e+00 6.438603999205886330e-01 4.866408507526231442e-01 -1.995035957390866310e-01 5.557181716623345036e-01
2.327119410037994385e-01 -5.088125467300415039e-01 -1.747758030891418457e+00 6.438699566546036701e-01 4.866418550946121080e-01 -1.994957976652098341e-01 5.557090207523106562e-01
2.327203601598739624e-01 -5.088503360748291016e-01 -1.747722387313842773e+00 6.438758610166251950e-01 4.866486168848193627e-01 -1.995120776096178383e-01 5.556904094234816904e-01
2.327500879764556885e-01 -5.088422298431396484e-01 -1.747667908668518066e+00 6.438831350814804289e-01 4.866565881484450906e-01 -1.994902218619574452e-01 5.556828588422064730e-01
2.327539920806884766e-01 -5.088362693786621094e-01 -1.747661471366882324e+00 6.438755023014181011e-01 4.866636647623159284e-01 -1.994979674353606902e-01 5.556827115577374077e-01
2.327406108379364014e-01 -5.088475346565246582e-01 -1.747648715972900391e+00 6.438830049040683567e-01 4.866627730563536369e-01 -1.995054090606374897e-01 5.556721404259263863e-01
2.327400445938110352e-01 -5.088424086570739746e-01 -1.747636914253234863e+00 6.438864545965953257e-01 4.866270718899842196e-01 -1.995176240003219692e-01 5.556950366991422197e-01
2.327352762222290039e-01 -5.088374614715576172e-01 -1.747601628303527832e+00 6.438813053632184147e-01 4.866678183060446639e-01 -1.994835335125732245e-01 5.556775413979313516e-01
2.327093333005905151e-01 -5.088499784469604492e-01 -1.747536063194274902e+00 6.438727222517868221e-01 4.866791542690891426e-01 -1.994793308110088259e-01 5.556790473572923439e-01
2.326763719320297241e-01 -5.088076591491699219e-01 -1.747560739517211914e+00 6.438839407344338905e-01 4.866541741002101129e-01 -1.994970654648813568e-01 5.556815618418082803e-01
2.327106446027755737e-01 -5.088847875595092773e-01 -1.747619986534118652e+00 6.438762544459774029e-01 4.866650749833764666e-01 -1.994811177923228040e-01 5.556866678728396014e-01
2.327095866203308105e-01 -5.088890194892883301e-01 -1.747608184814453125e+00 6.438775678039859729e-01 4.866677504432179724e-01 -1.994936593219056586e-01 5.556783138345923190e-01
2.326936870813369751e-01 -5.089427828788757324e-01 -1.747683405876159668e+00 6.438646857869109175e-01 4.866936414000485045e-01 -1.994636415618463443e-01 5.556813081748481764e-01
2.326908111572265625e-01 -5.089527368545532227e-01 -1.747675418853759766e+00 6.438673949951511100e-01 4.866868723178723322e-01 -1.994589373595769821e-01 5.556857972764794873e-01
2.327445149421691895e-01 -5.089657902717590332e-01 -1.747715473175048828e+00 6.438637629466906764e-01 4.867051931995053926e-01 -1.994503770215824145e-01 5.556770593752777820e-01
2.327373325824737549e-01 -5.089221596717834473e-01 -1.747603654861450195e+00 6.438503555780520360e-01 4.867114400561362575e-01 -1.994731958196236110e-01 5.556789102393292490e-01
2.327471375465393066e-01 -5.089428424835205078e-01 -1.747600913047790527e+00 6.438617451331373198e-01 4.867086046849511960e-01 -1.994831945776095461e-01 5.556645907664001793e-01
2.327579110860824585e-01 -5.089454054832458496e-01 -1.747548699378967285e+00 6.438581116063337717e-01 4.867245547538198158e-01 -1.994560273466469691e-01 5.556646022059130718e-01
2.327633053064346313e-01 -5.089520812034606934e-01 -1.747533202171325684e+00 6.438588059124032981e-01 4.867252912157088995e-01 -1.994486724860545512e-01 5.556657850554741485e-01
2.327297627925872803e-01 -5.089035034179687500e-01 -1.747565150260925293e+00 6.438745867088745412e-01 4.866975900849609959e-01 -1.994396647293901481e-01 5.556750082762083043e-01
2.327299714088439941e-01 -5.089027881622314453e-01 -1.747552990913391113e+00 6.438714754202177204e-01 4.866946189789929655e-01 -1.994433361922775538e-01 5.556798688339776859e-01
2.327293604612350464e-01 -5.089021921157836914e-01 -1.747539758682250977e+00 6.438653902110791361e-01 4.866960249845216357e-01 -1.994441218367042079e-01 5.556854446026512351e-01
2.326943874359130859e-01 -5.089060664176940918e-01 -1.747588992118835449e+00 6.438654017827222242e-01 4.866815632553893045e-01 -1.994534565682006821e-01 5.556947382167974903e-01
2.326900362968444824e-01 -5.089073777198791504e-01 -1.747578501701354980e+00 6.438598502630394904e-01 4.866790942209472393e-01 -1.994516122086969212e-01 5.557039962476946204e-01
2.327091842889785767e-01 -5.088867545127868652e-01 -1.747636914253234863e+00 6.438811231143163338e-01 4.866434942000193442e-01 -1.994969548972577167e-01 5.556942225838344962e-01
2.326919287443161011e-01 -5.089065432548522949e-01 -1.747669696807861328e+00 6.438629023029736054e-01 4.866571038227189838e-01 -1.995103535343708545e-01 5.556986311803850942e-01
2.326851338148117065e-01 -5.089032649993896484e-01 -1.747668623924255371e+00 6.438722912128399534e-01 4.866516390001641712e-01 -1.995053961266116671e-01 5.556943003291829886e-01
2.327185720205307007e-01 -5.088984370231628418e-01 -1.747708916664123535e+00 6.438920348148120532e-01 4.866327479365284425e-01 -1.995334830730782494e-01 5.556779091114014690e-01
2.327306270599365234e-01 -5.088970065116882324e-01 -1.747707962989807129e+00 6.438867771455177857e-01 4.866354024216476004e-01 -1.995146196678940775e-01 5.556884404216724249e-01
2.327299267053604126e-01 -5.088921785354614258e-01 -1.747704267501831055e+00 6.438834171324495648e-01 4.866458682122568602e-01 -1.995187850624658144e-01 5.556816665790149656e-01
2.327040284872055054e-01 -5.088469982147216797e-01 -1.747736334800720215e+00 6.439322910837735892e-01 4.866057040229163078e-01 -1.995377861160262112e-01 5.556533984503645440e-01
2.326889485120773315e-01 -5.088680386543273926e-01 -1.747793316841125488e+00 6.439069614438868161e-01 4.866083225971177262e-01 -1.995386003132543495e-01 5.556801624825766783e-01
2.326841205358505249e-01 -5.088618993759155273e-01 -1.747796893119812012e+00 6.439126904583689637e-01 4.866089338784194140e-01 -1.995475279638604105e-01 5.556697570753851290e-01
2.327011972665786743e-01 -5.088820457458496094e-01 -1.747775435447692871e+00 6.439287071296929676e-01 4.866311946797424182e-01 -1.995483613693355696e-01 5.556314293703227269e-01
2.327090501785278320e-01 -5.088887214660644531e-01 -1.747779488563537598e+00 6.439353341025725319e-01 4.866339965917945709e-01 -1.995167454074122104e-01 5.556326302560988806e-01
2.327086478471755981e-01 -5.088873505592346191e-01 -1.747780799865722656e+00 6.439420564619500187e-01 4.866312420552759144e-01 -1.995063319839885663e-01 5.556310182289980748e-01
2.327241450548171997e-01 -5.089369416236877441e-01 -1.747754931449890137e+00 6.439315361120542258e-01 4.866317642508426466e-01 -1.995321885531903261e-01 5.556334545120097390e-01
2.327394187450408936e-01 -5.089243054389953613e-01 -1.747716665267944336e+00 6.439269223767583039e-01 4.866529191773489860e-01 -1.995240725075493604e-01 5.556231807225705532e-01
