repeatability steamvr; 20211020-215222; x y z w i j k;  frequency = 150 duration = 2 sys.args = ['.\\repeatability.py']
2.327090054750442505e-01 -5.087856650352478027e-01 -1.747474551200866699e+00 6.440247785473640629e-01 4.866444772603201185e-01 -1.995150655680449359e-01 5.555203854871100244e-01
2.327103465795516968e-01 -5.088285803794860840e-01 -1.747403979301452637e+00 6.440447011234563535e-01 4.866492866085709856e-01 -1.995279933267481154e-01 5.554884168378568798e-01
2.327113002538681030e-01 -5.088261961936950684e-01 -1.747396469116210938e+00 6.440437814332868882e-01 4.866498080138940141e-01 -1.995276535557192754e-01 5.554891406609354654e-01
2.327181696891784668e-01 -5.088304281234741211e-01 -1.747396826744079590e+00 6.440182276927068905e-01 4.866681111021118888e-01 -1.995147002430013583e-01 5.555074102309800477e-01
2.326686680316925049e-01 -5.088487267494201660e-01 -1.747469544410705566e+00 6.440231647006144922e-01 4.866706969294303797e-01 -1.994652990569777962e-01 5.555171500328832668e-01
2.326630502939224243e-01 -5.088484883308410645e-01 -1.747467041015625000e+00 6.440239195649201109e-01 4.866548325530051233e-01 -1.994626242467912591e-01 5.555311218645706539e-01
2.326708287000656128e-01 -5.088653564453125000e-01 -1.747489452362060547e+00 6.440203303363196685e-01 4.866792016630808737e-01 -1.994597330586669881e-01 5.555149904844391973e-01
2.326756566762924194e-01 -5.088273286819458008e-01 -1.747540354728698730e+00 6.440221220609134711e-01 4.866363965723404239e-01 -1.994595714847623991e-01 5.555504652410614419e-01
2.326704561710357666e-01 -5.088258981704711914e-01 -1.747542500495910645e+00 6.440359885970489140e-01 4.866309397201442066e-01 -1.994597540232191657e-01 5.555391285620895347e-01
2.326766401529312134e-01 -5.088320374488830566e-01 -1.747561812400817871e+00 6.440363168553672191e-01 4.866277764094565361e-01 -1.994779307047405692e-01 5.555349583695857740e-01
2.327008098363876343e-01 -5.088611841201782227e-01 -1.747470855712890625e+00 6.440351397520756027e-01 4.865936361187597758e-01 -1.995398286383521236e-01 5.555440023248032766e-01
2.327031195163726807e-01 -5.088632702827453613e-01 -1.747464418411254883e+00 6.440375951813208655e-01 4.865964662158079879e-01 -1.995395190550466602e-01 5.555387839111338710e-01
2.327125221490859985e-01 -5.088759660720825195e-01 -1.747460842132568359e+00 6.440300524430832008e-01 4.866165565702650908e-01 -1.995528115623654009e-01 5.555251607477775799e-01
2.327269762754440308e-01 -5.088502764701843262e-01 -1.747457742691040039e+00 6.440202753842355632e-01 4.866101655249231439e-01 -1.995348088435279776e-01 5.555485875795378448e-01
2.327314317226409912e-01 -5.088523030281066895e-01 -1.747453451156616211e+00 6.440157678512665740e-01 4.866150868911078842e-01 -1.995383340934868965e-01 5.555482185511737558e-01
2.327220886945724487e-01 -5.088393092155456543e-01 -1.747435808181762695e+00 6.440069985340776126e-01 4.866223493338909245e-01 -1.995292275489300993e-01 5.555552974403279443e-01
2.327339351177215576e-01 -5.088666081428527832e-01 -1.747380733489990234e+00 6.440177967511463430e-01 4.866246253112741504e-01 -1.995258820514586029e-01 5.555419796288866285e-01
2.327370345592498779e-01 -5.088693499565124512e-01 -1.747369408607482910e+00 6.440231748233217202e-01 4.866301521759845428e-01 -1.995243084125130351e-01 5.555314634858797840e-01
2.327316552400588989e-01 -5.088590979576110840e-01 -1.747347235679626465e+00 6.440128842861987390e-01 4.866380783267160726e-01 -1.995178711643536551e-01 5.555387436772237786e-01
2.327095568180084229e-01 -5.088252425193786621e-01 -1.747301220893859863e+00 6.440072357005595105e-01 4.866482237279503575e-01 -1.995107129322372386e-01 5.555389886681525446e-01
2.327086776494979858e-01 -5.088258981704711914e-01 -1.747288227081298828e+00 6.440131836338249816e-01 4.866433936746613065e-01 -1.995104668250333446e-01 5.555364261741223553e-01
2.327030003070831299e-01 -5.088154673576354980e-01 -1.747277140617370605e+00 6.439929477103003563e-01 4.866639030457566850e-01 -1.994888422539574380e-01 5.555496713211821591e-01
2.326657027006149292e-01 -5.087820887565612793e-01 -1.747409224510192871e+00 6.439957503795353810e-01 4.866222874914755137e-01 -1.995081278007201364e-01 5.555759685740122578e-01
2.326598912477493286e-01 -5.087738037109375000e-01 -1.747408270835876465e+00 6.439980295277741851e-01 4.866118305143243283e-01 -1.995000174029538942e-01 5.555853633700806871e-01
2.326844781637191772e-01 -5.087988972663879395e-01 -1.747462868690490723e+00 6.440013397737636147e-01 4.866209910238092906e-01 -1.995058062074312466e-01 5.555714474374295886e-01
2.326904684305191040e-01 -5.087977051734924316e-01 -1.747447013854980469e+00 6.440037750858560450e-01 4.866212333058107520e-01 -1.994950444520086352e-01 5.555722850996115403e-01
2.326906174421310425e-01 -5.087910890579223633e-01 -1.747448086738586426e+00 6.440000845142902497e-01 4.866161549146775789e-01 -1.994879619807861659e-01 5.555835442356104048e-01
2.326902598142623901e-01 -5.087832212448120117e-01 -1.747453570365905762e+00 6.440047642479952428e-01 4.866142385426155959e-01 -1.994984980068152669e-01 5.555760131447746719e-01
2.326656281948089600e-01 -5.087891817092895508e-01 -1.747522234916687012e+00 6.440101626748276908e-01 4.865892310930509113e-01 -1.995332103440240479e-01 5.555791766911669649e-01
2.326619029045104980e-01 -5.087845325469970703e-01 -1.747529268264770508e+00 6.440059876832763264e-01 4.865903262732139134e-01 -1.995319702504556869e-01 5.555835188488184029e-01
2.326482236385345459e-01 -5.087699294090270996e-01 -1.747532010078430176e+00 6.440043231744220220e-01 4.865916533409979650e-01 -1.995392307781430619e-01 5.555816691854539302e-01
2.326364368200302124e-01 -5.087620615959167480e-01 -1.747522711753845215e+00 6.440060946975992850e-01 4.865636364520324331e-01 -1.995493833197632405e-01 5.556005025414526566e-01
2.326277643442153931e-01 -5.087557435035705566e-01 -1.747527241706848145e+00 6.440090824146282866e-01 4.865593083012884623e-01 -1.995352919691009974e-01 5.556059076259834972e-01
2.326196283102035522e-01 -5.087517499923706055e-01 -1.747529625892639160e+00 6.440130173296053639e-01 4.865614026452779739e-01 -1.995458963183570911e-01 5.555956871733181979e-01
2.326435446739196777e-01 -5.087565779685974121e-01 -1.747478485107421875e+00 6.440133354767705320e-01 4.865705794342501389e-01 -1.995466075702137243e-01 5.555870367599834436e-01
2.326392382383346558e-01 -5.087549090385437012e-01 -1.747478961944580078e+00 6.440120585487888460e-01 4.865734183712240313e-01 -1.995493170268816119e-01 5.555850841433710441e-01
2.326361984014511108e-01 -5.087534785270690918e-01 -1.747479438781738281e+00 6.440104895001802499e-01 4.865801801200834165e-01 -1.995453606932309498e-01 5.555823654541641732e-01
2.326909005641937256e-01 -5.087261199951171875e-01 -1.747487545013427734e+00 6.440153050934493972e-01 4.865618491743667340e-01 -1.995363256473259572e-01 5.555960967099796699e-01
2.326940298080444336e-01 -5.087229013442993164e-01 -1.747488141059875488e+00 6.440134844274347792e-01 4.865655269423310170e-01 -1.995334306231738575e-01 5.555960246190766449e-01
2.326961457729339600e-01 -5.087204575538635254e-01 -1.747487068176269531e+00 6.440202117555007266e-01 4.865593684556120402e-01 -1.995332551922675279e-01 5.555936916138025650e-01
2.327158451080322266e-01 -5.087964534759521484e-01 -1.747462153434753418e+00 6.439919758840643160e-01 4.865660664324197304e-01 -1.995511319731328170e-01 5.556141180711761107e-01
2.327207922935485840e-01 -5.088011026382446289e-01 -1.747457146644592285e+00 6.439918703135664169e-01 4.865620622080689128e-01 -1.995504589542267670e-01 5.556180039073337351e-01
2.327246665954589844e-01 -5.088053941726684570e-01 -1.747452259063720703e+00 6.439945399402939863e-01 4.865573495526397951e-01 -1.995452932381278910e-01 5.556208836948456353e-01
2.326975315809249878e-01 -5.088702440261840820e-01 -1.747465848922729492e+00 6.440187468467543086e-01 4.865461644873028679e-01 -1.995317423470351348e-01 5.556074960619943326e-01
2.326969206333160400e-01 -5.088804364204406738e-01 -1.747462391853332520e+00 6.440235869619825859e-01 4.865444398726104791e-01 -1.995161635492795349e-01 5.556089660066482194e-01
2.326955199241638184e-01 -5.088918805122375488e-01 -1.747458577156066895e+00 6.440184113489219042e-01 4.865475979780046201e-01 -1.995212376163921775e-01 5.556104000726445058e-01
2.326968014240264893e-01 -5.088397264480590820e-01 -1.747456908226013184e+00 6.440391901930646590e-01 4.865215233729843769e-01 -1.994932019705044635e-01 5.556192206545584877e-01
2.326934188604354858e-01 -5.088430047035217285e-01 -1.747456073760986328e+00 6.440379914040085252e-01 4.865197103591900607e-01 -1.994991840428483876e-01 5.556200466303509167e-01
2.326886057853698730e-01 -5.088442564010620117e-01 -1.747455358505249023e+00 6.440266570251810263e-01 4.865270348798895195e-01 -1.995055294192848716e-01 5.556244803596472881e-01
2.326844632625579834e-01 -5.088511109352111816e-01 -1.747503280639648438e+00 6.440399869744236616e-01 4.864923703940179367e-01 -1.995308998656419863e-01 5.556302868662733596e-01
2.326782196760177612e-01 -5.088527798652648926e-01 -1.747506976127624512e+00 6.440307754854694977e-01 4.864968182297669252e-01 -1.995346098120222844e-01 5.556357351413787615e-01
2.326722592115402222e-01 -5.088558793067932129e-01 -1.747509002685546875e+00 6.440336170341836031e-01 4.864916060666473752e-01 -1.995393633611473594e-01 5.556352965540481970e-01
2.326876670122146606e-01 -5.088597536087036133e-01 -1.747503161430358887e+00 6.440029854904264495e-01 4.865023782500330629e-01 -1.995474197317899379e-01 5.556584624453674293e-01
2.326830923557281494e-01 -5.088593363761901855e-01 -1.747504472732543945e+00 6.440028191835732718e-01 4.865027931134258132e-01 -1.995456664716549755e-01 5.556589298751023476e-01
2.326714247465133667e-01 -5.088527798652648926e-01 -1.747504115104675293e+00 6.440046630180215059e-01 4.865243186866855529e-01 -1.995447712212574942e-01 5.556382730372499967e-01
2.326884269714355469e-01 -5.088334083557128906e-01 -1.747447848320007324e+00 6.440168596691736580e-01 4.865273677497825577e-01 -1.995634821455689878e-01 5.556147466674873359e-01
2.326876968145370483e-01 -5.088316202163696289e-01 -1.747445702552795410e+00 6.440116926788098661e-01 4.865254404394339094e-01 -1.995607448891578428e-01 5.556233692827596826e-01
2.326825112104415894e-01 -5.088226199150085449e-01 -1.747450947761535645e+00 6.440138271584440188e-01 4.865307114703774638e-01 -1.995730870065317297e-01 5.556118792329008960e-01
2.326939702033996582e-01 -5.088369846343994141e-01 -1.747434020042419434e+00 6.440053427046825707e-01 4.865188767575716056e-01 -1.996081445511587726e-01 5.556194536670683304e-01
2.326933294534683228e-01 -5.088338851928710938e-01 -1.747430324554443359e+00 6.440051474756086636e-01 4.865274812804823434e-01 -1.996069903031649773e-01 5.556125649316131510e-01
2.326909899711608887e-01 -5.088297128677368164e-01 -1.747429251670837402e+00 6.440024909081807358e-01 4.865308996894535665e-01 -1.996043776533193426e-01 5.556136074113356971e-01
2.327028214931488037e-01 -5.088414549827575684e-01 -1.747440695762634277e+00 6.440114453910779080e-01 4.864909086298553342e-01 -1.996427533085568806e-01 5.556244387386085615e-01
2.327044010162353516e-01 -5.088409185409545898e-01 -1.747435808181762695e+00 6.440084041780483881e-01 4.864959131582571872e-01 -1.996452463411511336e-01 5.556227126027155627e-01
2.327098846435546875e-01 -5.088471770286560059e-01 -1.747442960739135742e+00 6.440068293359854090e-01 4.865135656580430457e-01 -1.996384460156810370e-01 5.556115072673362132e-01
2.327108085155487061e-01 -5.088462829589843750e-01 -1.747430562973022461e+00 6.440059500836450290e-01 4.865204309352824663e-01 -1.996222557248659157e-01 5.556123352506826540e-01
2.327127605676651001e-01 -5.088435411453247070e-01 -1.747427225112915039e+00 6.440007251596958637e-01 4.865239385558493557e-01 -1.996193748822286396e-01 5.556163571526939737e-01
2.326962798833847046e-01 -5.088219642639160156e-01 -1.747398734092712402e+00 6.439931140197026060e-01 4.865374979301955172e-01 -1.996286178792936183e-01 5.556099892659243089e-01
2.327226400375366211e-01 -5.088263750076293945e-01 -1.747411608695983887e+00 6.440312873989880726e-01 4.865192333675730785e-01 -1.996344622975372851e-01 5.555796250858835439e-01
2.327272891998291016e-01 -5.088234543800354004e-01 -1.747407913208007812e+00 6.440293019242276928e-01 4.865221330677962919e-01 -1.996372179587957429e-01 5.555783994302397888e-01
2.327456921339035034e-01 -5.088341236114501953e-01 -1.747428894042968750e+00 6.440263229775633480e-01 4.865090895884166544e-01 -1.996250918297693688e-01 5.555976514005368516e-01
2.327195107936859131e-01 -5.088128447532653809e-01 -1.747466444969177246e+00 6.440201828333464995e-01 4.864976935655432877e-01 -1.996405075034624887e-01 5.556091957021389582e-01
2.327205091714859009e-01 -5.088109970092773438e-01 -1.747466206550598145e+00 6.440296301859542716e-01 4.864954043510184567e-01 -1.996362716892254308e-01 5.556017626590575853e-01
2.327158749103546143e-01 -5.087977647781372070e-01 -1.747469544410705566e+00 6.440283793198889883e-01 4.865024343921339756e-01 -1.996401531852249611e-01 5.555956691751282595e-01
2.326692938804626465e-01 -5.088551044464111328e-01 -1.747486472129821777e+00 6.440364759232146685e-01 4.864874798652331633e-01 -1.996317087023769254e-01 5.556024278792841553e-01
2.326619774103164673e-01 -5.088544487953186035e-01 -1.747487187385559082e+00 6.440406969911016688e-01 4.864795367564701545e-01 -1.996321818563538686e-01 5.556043161791458518e-01
2.326643168926239014e-01 -5.088663697242736816e-01 -1.747507095336914062e+00 6.440364600164316666e-01 4.864937620454907741e-01 -1.996250732740593170e-01 5.555992949509480638e-01
2.326813787221908569e-01 -5.088533759117126465e-01 -1.747460603713989258e+00 6.440291659920100997e-01 4.864784944987863846e-01 -1.996896200341884697e-01 5.555979521105711694e-01
2.326778918504714966e-01 -5.088518261909484863e-01 -1.747460484504699707e+00 6.440309735989415696e-01 4.864766779176126765e-01 -1.996814242427565889e-01 5.556003723311504494e-01
2.327040582895278931e-01 -5.088884234428405762e-01 -1.747518420219421387e+00 6.440262897174013901e-01 4.864852483778240311e-01 -1.996937626839126456e-01 5.555938855431384882e-01
2.327586263418197632e-01 -5.088579058647155762e-01 -1.747522830963134766e+00 6.440467010112260748e-01 4.864849273053509782e-01 -1.996867166978762709e-01 5.555730383707345732e-01
2.327622175216674805e-01 -5.088581442832946777e-01 -1.747524499893188477e+00 6.440384194399229045e-01 4.864908127322445930e-01 -1.996862766136141831e-01 5.555776373044482019e-01
2.327704578638076782e-01 -5.088665485382080078e-01 -1.747542738914489746e+00 6.440379205466845169e-01 4.865056271263316634e-01 -1.996702237680390013e-01 5.555710108619650311e-01
2.327405661344528198e-01 -5.088880062103271484e-01 -1.747534751892089844e+00 6.440153889683284394e-01 4.865174304588905652e-01 -1.996625053148286810e-01 5.555895688775699393e-01
2.327412813901901245e-01 -5.088895559310913086e-01 -1.747536659240722656e+00 6.440121178399517143e-01 4.865192074846716452e-01 -1.996672446800588641e-01 5.555900770802513211e-01
2.327350378036499023e-01 -5.088849663734436035e-01 -1.747530102729797363e+00 6.439940019665675308e-01 4.865468924053845678e-01 -1.996554495744343183e-01 5.555911056096701772e-01
2.327066510915756226e-01 -5.088996887207031250e-01 -1.747536301612854004e+00 6.439970201090543522e-01 4.865580788049206906e-01 -1.996213331840458183e-01 5.555900520716878788e-01
2.327034175395965576e-01 -5.089014172554016113e-01 -1.747537493705749512e+00 6.439988798678175641e-01 4.865619955608384006e-01 -1.996252108709241357e-01 5.555830794929995653e-01
2.326902151107788086e-01 -5.088893175125122070e-01 -1.747528553009033203e+00 6.439848809296373489e-01 4.865780910912590462e-01 -1.996287635964202611e-01 5.555839343422687149e-01
2.326987385749816895e-01 -5.088420510292053223e-01 -1.747523665428161621e+00 6.440106731586020539e-01 4.865549481254287656e-01 -1.996196001156506639e-01 5.555775794005355372e-01
2.326950728893280029e-01 -5.088378787040710449e-01 -1.747525215148925781e+00 6.440153788454987538e-01 4.865558007385518691e-01 -1.996259621456293043e-01 5.555691005720744258e-01
2.326967865228652954e-01 -5.088377594947814941e-01 -1.747537136077880859e+00 6.440193296292114900e-01 4.865569575844515549e-01 -1.996300476402302626e-01 5.555620597652963788e-01
2.327164560556411743e-01 -5.088286399841308594e-01 -1.747477412223815918e+00 6.440235189952742134e-01 4.865648985866301013e-01 -1.996213681532198470e-01 5.555533555671789969e-01
2.327181398868560791e-01 -5.088257193565368652e-01 -1.747474312782287598e+00 6.440203144291378745e-01 4.865696103081198487e-01 -1.996253924858919504e-01 5.555514923887331369e-01
2.327428013086318970e-01 -5.088477730751037598e-01 -1.747522234916687012e+00 6.440234278909517940e-01 4.865629544448423216e-01 -1.996297027929326562e-01 5.555521847256229551e-01
2.327177673578262329e-01 -5.088363289833068848e-01 -1.747523307800292969e+00 6.440496798636352604e-01 4.865314030348053542e-01 -1.996219474838299701e-01 5.555521445015656479e-01
2.326985597610473633e-01 -5.088127255439758301e-01 -1.747503757476806641e+00 6.440448110234516799e-01 4.865443127063370787e-01 -1.996277716032978655e-01 5.555444057472344044e-01
2.326956838369369507e-01 -5.088070034980773926e-01 -1.747502207756042480e+00 6.440406217958897228e-01 4.865400736464940423e-01 -1.996362888431578442e-01 5.555499165753315927e-01
2.326914370059967041e-01 -5.088464617729187012e-01 -1.747558474540710449e+00 6.440551574455998241e-01 4.865170966887158444e-01 -1.996240556812745870e-01 5.555575765322179338e-01
2.326884269714355469e-01 -5.088422894477844238e-01 -1.747561335563659668e+00 6.440607983808698256e-01 4.865185271036794878e-01 -1.996219602520888092e-01 5.555505590699995055e-01
2.326788902282714844e-01 -5.088323354721069336e-01 -1.747567296028137207e+00 6.440647055057409087e-01 4.865112029822631357e-01 -1.996206682980618541e-01 5.555528803899451029e-01
2.326869070529937744e-01 -5.088354945182800293e-01 -1.747531056404113770e+00 6.440537331052467174e-01 4.865417834502612782e-01 -1.996216860676714722e-01 5.555384450247946582e-01
2.326865345239639282e-01 -5.088325738906860352e-01 -1.747530937194824219e+00 6.440597182056001513e-01 4.865419935023111431e-01 -1.996209762758124062e-01 5.555315935823179618e-01
2.326910346746444702e-01 -5.088355541229248047e-01 -1.747554540634155273e+00 6.440531011887716817e-01 4.865450487768139265e-01 -1.996270992177284764e-01 5.555343859228715209e-01
2.326866537332534790e-01 -5.088220834732055664e-01 -1.747584223747253418e+00 6.440461862178601393e-01 4.865338455747104107e-01 -1.996296243235030909e-01 5.555513174019459655e-01
2.326862066984176636e-01 -5.088194608688354492e-01 -1.747584700584411621e+00 6.440386377959722575e-01 4.865369334818599456e-01 -1.996316979960960358e-01 5.555566024484960286e-01
2.326892763376235962e-01 -5.088231563568115234e-01 -1.747597813606262207e+00 6.440314103160152959e-01 4.865530482559199954e-01 -1.996234686748870335e-01 5.555538366245521553e-01
2.327025532722473145e-01 -5.088421702384948730e-01 -1.747574567794799805e+00 6.440113253624955014e-01 4.865460562716376614e-01 -1.996259228845460032e-01 5.555823385050628893e-01
2.327037751674652100e-01 -5.088431239128112793e-01 -1.747573256492614746e+00 6.440132892008290089e-01 4.865430686418694695e-01 -1.996200386926272052e-01 5.555848091607896722e-01
2.326986193656921387e-01 -5.088376402854919434e-01 -1.747576236724853516e+00 6.440163173757424975e-01 4.865485552305645611e-01 -1.996133618860720660e-01 5.555788880778461669e-01
2.327296733856201172e-01 -5.088791251182556152e-01 -1.747594118118286133e+00 6.440161828869009897e-01 4.865716558761283284e-01 -1.996260137088630982e-01 5.555542697179718381e-01
2.327310293912887573e-01 -5.088822245597839355e-01 -1.747594118118286133e+00 6.440224257425539722e-01 4.865714973911855479e-01 -1.996202262089594170e-01 5.555492546340166093e-01
2.327353507280349731e-01 -5.088831186294555664e-01 -1.747605204582214355e+00 6.439958197953368213e-01 4.865843918597672624e-01 -1.996247364054233031e-01 5.555671854369990115e-01
2.327374517917633057e-01 -5.088883042335510254e-01 -1.747604846954345703e+00 6.439969029701033687e-01 4.865822892558959167e-01 -1.996218669729470652e-01 5.555687962388059509e-01
2.327389568090438843e-01 -5.088941454887390137e-01 -1.747602820396423340e+00 6.440025415233402439e-01 4.865782950840991661e-01 -1.996148552107184504e-01 5.555682819769691694e-01
2.327305227518081665e-01 -5.088721513748168945e-01 -1.747576236724853516e+00 6.440467574071034873e-01 4.865705601627828836e-01 -1.996025970562133600e-01 5.555281738000661385e-01
2.327334135770797729e-01 -5.088734626770019531e-01 -1.747575283050537109e+00 6.440394822981418965e-01 4.865722388832269263e-01 -1.996029892482659440e-01 5.555350043686650974e-01
2.327369898557662964e-01 -5.088760256767272949e-01 -1.747573494911193848e+00 6.440397715109591470e-01 4.865589711034727372e-01 -1.995982143678615983e-01 5.555480355494287759e-01
2.327387630939483643e-01 -5.088443160057067871e-01 -1.747596025466918945e+00 6.440583199037317463e-01 4.865459997088161237e-01 -1.995916331814242828e-01 5.555402495915603422e-01
2.327399402856826782e-01 -5.088396072387695312e-01 -1.747595548629760742e+00 6.440581232446940252e-01 4.865571149076089452e-01 -1.995953959432031910e-01 5.555293831780706570e-01
2.327424436807632446e-01 -5.088348984718322754e-01 -1.747594475746154785e+00 6.440541206418171072e-01 4.865547941813221922e-01 -1.995949936767935085e-01 5.555362135559855918e-01
2.327205538749694824e-01 -5.088539719581604004e-01 -1.747588038444519043e+00 6.440801269940823470e-01 4.865142221863507088e-01 -1.996180750056964492e-01 5.555333088080515180e-01
2.327199280261993408e-01 -5.088537335395812988e-01 -1.747586727142333984e+00 6.440882388524109547e-01 4.865105819093273332e-01 -1.996142885098984576e-01 5.555284406852092349e-01
2.327195256948471069e-01 -5.088521838188171387e-01 -1.747584700584411621e+00 6.440800648172335663e-01 4.865136444919748726e-01 -1.996164863537011336e-01 5.555344498088785610e-01
2.327014803886413574e-01 -5.088142752647399902e-01 -1.747512817382812500e+00 6.440918942161418803e-01 4.864943561982999487e-01 -1.996192864689084745e-01 5.555366241610745215e-01
2.327021807432174683e-01 -5.088114738464355469e-01 -1.747507929801940918e+00 6.440884947863856347e-01 4.864976526241567845e-01 -1.996207796081475860e-01 5.555371270202439371e-01
2.327017933130264282e-01 -5.088096857070922852e-01 -1.747503042221069336e+00 6.440916267159394470e-01 4.865049574994381176e-01 -1.996196122927250960e-01 5.555275314147031240e-01
2.327219247817993164e-01 -5.088512301445007324e-01 -1.747502923011779785e+00 6.441184412512015456e-01 4.864775212179144881e-01 -1.996146681893193053e-01 5.555222413669704817e-01
2.327242940664291382e-01 -5.088500976562500000e-01 -1.747499942779541016e+00 6.441051042500913759e-01 4.864905208791131530e-01 -1.996116297117386529e-01 5.555274052487045866e-01
2.327259480953216553e-01 -5.088481903076171875e-01 -1.747496724128723145e+00 6.440964836347434774e-01 4.865028621051153412e-01 -1.996163140659918400e-01 5.555249155439522246e-01
2.327204197645187378e-01 -5.088654756546020508e-01 -1.747536778450012207e+00 6.440946964548278642e-01 4.865001286766049704e-01 -1.996313736191744070e-01 5.555239815178232288e-01
2.327216267585754395e-01 -5.088636875152587891e-01 -1.747535347938537598e+00 6.440989894377144864e-01 4.865007380652524582e-01 -1.996229753466976509e-01 5.555214819104801194e-01
2.327229529619216919e-01 -5.088617205619812012e-01 -1.747532963752746582e+00 6.440946950088874967e-01 4.865054276945754985e-01 -1.996282161333828853e-01 5.555204431027023215e-01
2.327168881893157959e-01 -5.088629126548767090e-01 -1.747545242309570312e+00 6.440820226621015721e-01 4.865215586287203187e-01 -1.996137973753414063e-01 5.555262137788345989e-01
2.327151894569396973e-01 -5.088583230972290039e-01 -1.747544407844543457e+00 6.440835105623823331e-01 4.865219269494883703e-01 -1.996226598325264723e-01 5.555209511579489723e-01
2.327133715152740479e-01 -5.088530182838439941e-01 -1.747543811798095703e+00 6.440780549112152809e-01 4.865195353403569123e-01 -1.996296025239502614e-01 5.555269060126450942e-01
2.327040433883666992e-01 -5.088387131690979004e-01 -1.747529149055480957e+00 6.440730908502676488e-01 4.865424415513192047e-01 -1.995767141038647940e-01 5.555315809310705788e-01
2.327025085687637329e-01 -5.088295340538024902e-01 -1.747528433799743652e+00 6.440694556237797075e-01 4.865413123989854038e-01 -1.995913519423966054e-01 5.555315468105802568e-01
2.326774746179580688e-01 -5.088022351264953613e-01 -1.747504353523254395e+00 6.440707280999837803e-01 4.865376442488911213e-01 -1.996118840431069519e-01 5.555258914853647978e-01
2.326782196760177612e-01 -5.088164210319519043e-01 -1.747501969337463379e+00 6.440785450975059501e-01 4.865044739435159804e-01 -1.996063496687505157e-01 5.555478605396548808e-01
2.326731979846954346e-01 -5.088078379631042480e-01 -1.747499465942382812e+00 6.440796440388668609e-01 4.865073918252439400e-01 -1.996007341824372339e-01 5.555460566362140362e-01
2.326556146144866943e-01 -5.087845921516418457e-01 -1.747483730316162109e+00 6.440807979252777260e-01 4.865154736918833045e-01 -1.996171035929247828e-01 5.555317815583041829e-01
2.326863557100296021e-01 -5.088093280792236328e-01 -1.747440576553344727e+00 6.440917250403510597e-01 4.865157451863415528e-01 -1.996115770563561542e-01 5.555208299561199548e-01
2.326860576868057251e-01 -5.088054537773132324e-01 -1.747432947158813477e+00 6.440890413569060335e-01 4.865174946964937464e-01 -1.996185743089929077e-01 5.555199056731805474e-01
2.327357828617095947e-01 -5.088493227958679199e-01 -1.747519969940185547e+00 6.440863128375432511e-01 4.865068659742654567e-01 -1.995985865647212087e-01 5.555395411070948031e-01
2.327513992786407471e-01 -5.088461041450500488e-01 -1.747497797012329102e+00 6.440849854455658052e-01 4.865295349125248747e-01 -1.995866436151278733e-01 5.555255554671648666e-01
2.327563613653182983e-01 -5.088438391685485840e-01 -1.747494578361511230e+00 6.440949379268376962e-01 4.865221559240599514e-01 -1.995854219957512166e-01 5.555209276414404540e-01
2.327648550271987915e-01 -5.088440775871276855e-01 -1.747494220733642578e+00 6.440904815246277781e-01 4.865235556337828005e-01 -1.996030553857486012e-01 5.555185016003192366e-01
2.327688336372375488e-01 -5.088581442832946777e-01 -1.747506022453308105e+00 6.440812071351249557e-01 4.865322964509102288e-01 -1.995843903719945744e-01 5.555283284461022264e-01
2.327740639448165894e-01 -5.088572502136230469e-01 -1.747503399848937988e+00 6.440860699163400982e-01 4.865264600280174712e-01 -1.995746357763226730e-01 5.555312830917276123e-01
2.327782660722732544e-01 -5.088469982147216797e-01 -1.747494578361511230e+00 6.440672880704572112e-01 4.865635408803349882e-01 -1.995633812427606846e-01 5.555246478484302530e-01
2.326951026916503906e-01 -5.088416934013366699e-01 -1.747569561004638672e+00 6.440995128644555479e-01 4.865264157141860335e-01 -1.995662020861774799e-01 5.555187632489054783e-01
2.326873540878295898e-01 -5.088352560997009277e-01 -1.747573137283325195e+00 6.441026389567439114e-01 4.865214864448790255e-01 -1.995700108384986238e-01 5.555181029492713973e-01
2.326956689357757568e-01 -5.088423490524291992e-01 -1.747596383094787598e+00 6.440960672049149682e-01 4.865290994108242284e-01 -1.995503348680308930e-01 5.555261075694704065e-01
2.326918542385101318e-01 -5.088253617286682129e-01 -1.747563600540161133e+00 6.440901518479636989e-01 4.865387153033169931e-01 -1.995364818758630365e-01 5.555295438145515519e-01
2.326866537332534790e-01 -5.088198184967041016e-01 -1.747564911842346191e+00 6.440933531747500274e-01 4.865298192410801859e-01 -1.995457621052837138e-01 5.555302760744463830e-01
2.327121496200561523e-01 -5.088391900062561035e-01 -1.747606635093688965e+00 6.440981276623741758e-01 4.865264325372912202e-01 -1.995546936539384086e-01 5.555245155315827743e-01
2.327114045619964600e-01 -5.088623762130737305e-01 -1.747596502304077148e+00 6.440725529421522655e-01 4.865392387040483047e-01 -1.995532706563910574e-01 5.555434508630827661e-01
2.327113598585128784e-01 -5.088611841201782227e-01 -1.747595667839050293e+00 6.440713556611860069e-01 4.865429078827995801e-01 -1.995504025871651932e-01 5.555426327063812675e-01
2.327287644147872925e-01 -5.088753104209899902e-01 -1.747633695602416992e+00 6.440608489914472212e-01 4.865604349176743115e-01 -1.995388622452567151e-01 5.555436208082229488e-01
2.327378094196319580e-01 -5.088542103767395020e-01 -1.747636675834655762e+00 6.440606190747925064e-01 4.865394504898674088e-01 -1.995467766725659287e-01 5.555594129729264363e-01
2.327410876750946045e-01 -5.088527798652648926e-01 -1.747636318206787109e+00 6.440610225133963640e-01 4.865347614018193934e-01 -1.995589833017028247e-01 5.555586947914546991e-01
2.327463179826736450e-01 -5.088575482368469238e-01 -1.747636556625366211e+00 6.440522003090636272e-01 4.865489453242773377e-01 -1.995386149847890034e-01 5.555637829283364137e-01
2.327320426702499390e-01 -5.088353753089904785e-01 -1.747554898262023926e+00 6.440659852213542758e-01 4.865140769063922010e-01 -1.995719519653268714e-01 5.555663985455056020e-01
2.327343523502349854e-01 -5.088314414024353027e-01 -1.747550129890441895e+00 6.440555637796814281e-01 4.865290636337576968e-01 -1.995573314590636527e-01 5.555705989011936463e-01
2.327014803886413574e-01 -5.087934732437133789e-01 -1.747497081756591797e+00 6.440548624555720858e-01 4.865651773281558512e-01 -1.995713496701605194e-01 5.555347407836134233e-01
2.326830327510833740e-01 -5.088154673576354980e-01 -1.747446417808532715e+00 6.440768966819488961e-01 4.865667278821654840e-01 -1.995773278265633999e-01 5.555056947453326233e-01
2.326785475015640259e-01 -5.088096857070922852e-01 -1.747437715530395508e+00 6.440763660069200869e-01 4.865655208484476191e-01 -1.995907490239935411e-01 5.555025432740897662e-01
2.327199578285217285e-01 -5.088646411895751953e-01 -1.747527837753295898e+00 6.440851372715841183e-01 4.865681373021424339e-01 -1.995869783018048849e-01 5.554914386280153105e-01
2.327388077974319458e-01 -5.088322758674621582e-01 -1.747485160827636719e+00 6.440914141616453925e-01 4.865594394168017423e-01 -1.995421175275424730e-01 5.555078879058740204e-01
2.327430844306945801e-01 -5.088296532630920410e-01 -1.747478842735290527e+00 6.440829437436330629e-01 4.865593371559727154e-01 -1.995405889149665102e-01 5.555183630211814050e-01
2.327686697244644165e-01 -5.088481307029724121e-01 -1.747520089149475098e+00 6.440792247062003817e-01 4.865693418157602257e-01 -1.995420997025850185e-01 5.555133575521125078e-01
2.327386438846588135e-01 -5.088385343551635742e-01 -1.747474789619445801e+00 6.441077271383427449e-01 4.865325417976314459e-01 -1.995802907907116286e-01 5.554988390542519028e-01
2.327431291341781616e-01 -5.088370442390441895e-01 -1.747469186782836914e+00 6.441094709048856837e-01 4.865349261541608294e-01 -1.995807336935564447e-01 5.554945590370219399e-01
2.327487170696258545e-01 -5.088357925415039062e-01 -1.747451543807983398e+00 6.441250200041188645e-01 4.865284326690045291e-01 -1.995634929035708938e-01 5.554884135291093816e-01
2.327381670475006104e-01 -5.088481903076171875e-01 -1.747428774833679199e+00 6.441172093541752686e-01 4.865428573436447746e-01 -1.995868493226302387e-01 5.554764569898538173e-01
2.327415943145751953e-01 -5.088463425636291504e-01 -1.747419118881225586e+00 6.441198191801776884e-01 4.865437430502944638e-01 -1.996035531900695881e-01 5.554666414610914815e-01
2.326871454715728760e-01 -5.088840126991271973e-01 -1.747484683990478516e+00 6.441172599603202098e-01 4.865359135479219166e-01 -1.995652956673325262e-01 5.554902013530307325e-01
2.327072620391845703e-01 -5.088970065116882324e-01 -1.747502684593200684e+00 6.441189892421966823e-01 4.865481408253231610e-01 -1.995786519614204668e-01 5.554726780319773072e-01
2.327049374580383301e-01 -5.088995099067687988e-01 -1.747498512268066406e+00 6.441209354016992350e-01 4.865535184543292591e-01 -1.995697438069990448e-01 5.554689176466132139e-01
2.327020168304443359e-01 -5.089273452758789062e-01 -1.747531294822692871e+00 6.440834353721687222e-01 4.865280220988799087e-01 -1.995823002055498729e-01 5.555302239191568514e-01
2.327522635459899902e-01 -5.089407563209533691e-01 -1.747574567794799805e+00 6.441001259383297706e-01 4.865261839722306303e-01 -1.996320158662937549e-01 5.554946369402271600e-01
2.327557057142257690e-01 -5.089462995529174805e-01 -1.747572660446166992e+00 6.441111481551494711e-01 4.865246136562649815e-01 -1.996303347895470037e-01 5.554838356253030129e-01
2.327470332384109497e-01 -5.089458227157592773e-01 -1.747559666633605957e+00 6.440808297366532598e-01 4.865584008025089502e-01 -1.995993487705448044e-01 5.555005211342824989e-01
2.327500432729721069e-01 -5.089543461799621582e-01 -1.747592806816101074e+00 6.440841120837748068e-01 4.865477428559464301e-01 -1.996285927219795253e-01 5.554955386273903173e-01
2.327516973018646240e-01 -5.089608430862426758e-01 -1.747593164443969727e+00 6.440835886445178682e-01 4.865450265501400917e-01 -1.996391427731500079e-01 5.554947407580740348e-01
2.327435463666915894e-01 -5.089504122734069824e-01 -1.747566461563110352e+00 6.440970056175857605e-01 4.865501374320111427e-01 -1.996019821292778218e-01 5.554880509071251637e-01
2.327283024787902832e-01 -5.089325904846191406e-01 -1.747611522674560547e+00 6.441176561340028472e-01 4.865202647404707759e-01 -1.996334882810096023e-01 5.554789634721062352e-01
2.327276021242141724e-01 -5.089334249496459961e-01 -1.747614145278930664e+00 6.441129193845227530e-01 4.865172839671784155e-01 -1.996258876861156939e-01 5.554897573891794949e-01
2.326954454183578491e-01 -5.088930130004882812e-01 -1.747528553009033203e+00 6.440979324614238832e-01 4.865337865154599761e-01 -1.996259981510461190e-01 5.554926651449489938e-01
2.327189445495605469e-01 -5.088920593261718750e-01 -1.747546076774597168e+00 6.441176431210025033e-01 4.865473994460247087e-01 -1.996420057082351485e-01 5.554521389956748045e-01
2.327207475900650024e-01 -5.088922381401062012e-01 -1.747546315193176270e+00 6.441118841196192824e-01 4.865493089817292671e-01 -1.996392447910227685e-01 5.554581232055991746e-01
2.327395677566528320e-01 -5.088745951652526855e-01 -1.747509121894836426e+00 6.441114489030108636e-01 4.865467343630160424e-01 -1.996140243320772001e-01 5.554699732054177996e-01
2.327334880828857422e-01 -5.088590383529663086e-01 -1.747562408447265625e+00 6.441170893453014301e-01 4.865213406111687511e-01 -1.995978984083306984e-01 5.554914358017986054e-01
2.327359169721603394e-01 -5.088534951210021973e-01 -1.747563004493713379e+00 6.441194287913651895e-01 4.865116038446838931e-01 -1.995923152940699830e-01 5.554992734048733727e-01
2.327264994382858276e-01 -5.088519454002380371e-01 -1.747577190399169922e+00 6.440898641037197114e-01 4.865201121602089063e-01 -1.996120034051675762e-01 5.555190572524399961e-01
2.327364981174468994e-01 -5.088496804237365723e-01 -1.747617125511169434e+00 6.441126533389521791e-01 4.864956691779560027e-01 -1.996276473841496757e-01 5.555083786795335099e-01
2.327390164136886597e-01 -5.088432431221008301e-01 -1.747620701789855957e+00 6.441135425669235470e-01 4.864914232884028356e-01 -1.996220046152204775e-01 5.555130946207668119e-01
2.327595949172973633e-01 -5.088433027267456055e-01 -1.747619867324829102e+00 6.441073121616955888e-01 4.865026993108123587e-01 -1.996272784938266376e-01 5.555085664540359014e-01
2.327674180269241333e-01 -5.088446736335754395e-01 -1.747622489929199219e+00 6.441370770210375074e-01 4.864830408511451321e-01 -1.996770328609354939e-01 5.554733660074780977e-01
2.327745556831359863e-01 -5.088405609130859375e-01 -1.747624278068542480e+00 6.441369136404963003e-01 4.864747783390028224e-01 -1.996678532287028962e-01 5.554841020563203724e-01
2.327379733324050903e-01 -5.088682174682617188e-01 -1.747681856155395508e+00 6.441257226977115113e-01 4.864841325015286655e-01 -1.996341112968206821e-01 5.555009938739798869e-01
2.327225506305694580e-01 -5.088624358177185059e-01 -1.747681021690368652e+00 6.441734404501278100e-01 4.864574989797369464e-01 -1.996798370978810355e-01 5.554525810994859203e-01
2.327243983745574951e-01 -5.088589787483215332e-01 -1.747687935829162598e+00 6.441743295941876335e-01 4.864512873709880836e-01 -1.996823720435766669e-01 5.554560938713457574e-01
2.327310889959335327e-01 -5.088583827018737793e-01 -1.747685909271240234e+00 6.441544009066336729e-01 4.864714031848356157e-01 -1.996546831969892577e-01 5.554715203322687644e-01
2.327143847942352295e-01 -5.088416337966918945e-01 -1.747695088386535645e+00 6.441528914829524055e-01 4.864714096034324364e-01 -1.996249393997237276e-01 5.554839489039745670e-01
2.327130883932113647e-01 -5.088358521461486816e-01 -1.747704386711120605e+00 6.441459414376651260e-01 4.864799086269041006e-01 -1.996265727659762568e-01 5.554839970920829595e-01
2.327052801847457886e-01 -5.088289976119995117e-01 -1.747716188430786133e+00 6.441263169503366193e-01 4.864902421490032158e-01 -1.996305958368138067e-01 5.554962247448468338e-01
2.326971441507339478e-01 -5.088513493537902832e-01 -1.747703433036804199e+00 6.441236811249050342e-01 4.864758424775966761e-01 -1.996352414253346197e-01 5.555102499720315778e-01
2.326953709125518799e-01 -5.088490247726440430e-01 -1.747711777687072754e+00 6.441180595368819484e-01 4.864792901013288984e-01 -1.996334326557405447e-01 5.555143810683912386e-01
2.326669692993164062e-01 -5.088216662406921387e-01 -1.747673392295837402e+00 6.440877963900455416e-01 4.865166883786049556e-01 -1.996490013352924253e-01 5.555111238101684279e-01
2.326553165912628174e-01 -5.088047385215759277e-01 -1.747695088386535645e+00 6.441203368064606360e-01 4.864789929160613924e-01 -1.996392159796925025e-01 5.555099417112013827e-01
2.326509058475494385e-01 -5.087993144989013672e-01 -1.747705101966857910e+00 6.441171587480263305e-01 4.864860431739295721e-01 -1.996277316391671108e-01 5.555115490059971961e-01
2.326904088258743286e-01 -5.087888240814208984e-01 -1.747693657875061035e+00 6.440973989118577991e-01 4.864813377508573899e-01 -1.996570024033064716e-01 5.555280590718794098e-01
2.327355146408081055e-01 -5.088452100753784180e-01 -1.747664093971252441e+00 6.441138924741789396e-01 4.864704190560038000e-01 -1.996784365431678587e-01 5.555108032900841764e-01
2.327430546283721924e-01 -5.088446736335754395e-01 -1.747668147087097168e+00 6.441144448067324113e-01 4.864593254073559248e-01 -1.996795724076289302e-01 5.555194649992200029e-01
2.327648103237152100e-01 -5.088467597961425781e-01 -1.747660398483276367e+00 6.440906839575836207e-01 4.864712212990163209e-01 -1.996768748854250985e-01 5.555375754841169744e-01
2.327761352062225342e-01 -5.088900327682495117e-01 -1.747634649276733398e+00 6.441040053521696063e-01 4.864619235198929803e-01 -1.996992691055337332e-01 5.555222454629922257e-01
2.327846139669418335e-01 -5.088933110237121582e-01 -1.747634053230285645e+00 6.441074697660983395e-01 4.864614932411835402e-01 -1.996997797169266509e-01 5.555184015361861460e-01
2.327871173620223999e-01 -5.089203715324401855e-01 -1.747646570205688477e+00 6.441019564809061793e-01 4.864729330700313659e-01 -1.996767348550229360e-01 5.555230640382980978e-01
2.328087985515594482e-01 -5.089482665061950684e-01 -1.747654318809509277e+00 6.441139821198087478e-01 4.864777890456462028e-01 -1.997009763153951567e-01 5.554961513326202027e-01
2.328187972307205200e-01 -5.089552402496337891e-01 -1.747655749320983887e+00 6.441175997443330248e-01 4.864785500578593380e-01 -1.997000282207603561e-01 5.554916433884606874e-01
2.328220456838607788e-01 -5.089204907417297363e-01 -1.747578859329223633e+00 6.441157952722899038e-01 4.865022375028920654e-01 -1.996768634609518422e-01 5.554813085577332554e-01
2.327802777290344238e-01 -5.088935494422912598e-01 -1.747627496719360352e+00 6.441358509430440415e-01 4.864656450587846459e-01 -1.996767767622929513e-01 5.554901541481568339e-01
2.327825725078582764e-01 -5.088934898376464844e-01 -1.747627139091491699e+00 6.441407552410153281e-01 4.864688350037506548e-01 -1.996785067238385780e-01 5.554810205304477888e-01
2.327515333890914917e-01 -5.089048743247985840e-01 -1.747643232345581055e+00 6.441072037182767884e-01 4.864852914635132697e-01 -1.996452067150626952e-01 5.555174742625961226e-01
2.327649295330047607e-01 -5.089163780212402344e-01 -1.747640848159790039e+00 6.441071444358668074e-01 4.864837515185990724e-01 -1.996672954985063142e-01 5.555109782995574230e-01
2.327633500099182129e-01 -5.089183449745178223e-01 -1.747641563415527344e+00 6.441161133686901241e-01 4.864816043780144095e-01 -1.996682977049120400e-01 5.555020864265118874e-01
2.327186018228530884e-01 -5.088815093040466309e-01 -1.747598290443420410e+00 6.441054845261724449e-01 4.864876425760913392e-01 -1.996549356184615098e-01 5.555139367818912044e-01
2.326827347278594971e-01 -5.088341236114501953e-01 -1.747637033462524414e+00 6.441137753564823987e-01 4.864830231995750376e-01 -1.996287455392921351e-01 5.555177520684371206e-01
2.326722443103790283e-01 -5.088267326354980469e-01 -1.747642517089843750e+00 6.441228381790048418e-01 4.864701403892177645e-01 -1.996260292945904735e-01 5.555195134125037182e-01
2.326395958662033081e-01 -5.088067650794982910e-01 -1.747608661651611328e+00 6.441125434505322600e-01 4.864991876355621025e-01 -1.996260157642567035e-01 5.555060212046418755e-01
2.326573282480239868e-01 -5.088290572166442871e-01 -1.747612595558166504e+00 6.441325052419293318e-01 4.864950762999735168e-01 -1.996441081221085323e-01 5.554799688959094484e-01
2.326492220163345337e-01 -5.088226795196533203e-01 -1.747613072395324707e+00 6.441338267525705819e-01 4.864929793543997238e-01 -1.996424261801983124e-01 5.554808881624218042e-01
2.326617687940597534e-01 -5.088226199150085449e-01 -1.747614145278930664e+00 6.441176633634473347e-01 4.864950314104791174e-01 -1.996463833692811718e-01 5.554964004411176992e-01
2.326593697071075439e-01 -5.087916254997253418e-01 -1.747637391090393066e+00 6.441439823412454801e-01 4.864798498416430528e-01 -1.996536212449284420e-01 5.554765951605737939e-01
2.326546907424926758e-01 -5.087806582450866699e-01 -1.747638463973999023e+00 6.441481058346786304e-01 4.864732425540209682e-01 -1.996499026235735719e-01 5.554789151097241362e-01
2.326820641756057739e-01 -5.087606906890869141e-01 -1.747605085372924805e+00 6.441548360942219720e-01 4.864794601989651524e-01 -1.996532413032154618e-01 5.554644827871303425e-01
2.326865643262863159e-01 -5.087822079658508301e-01 -1.747567057609558105e+00 6.441632433980666317e-01 4.864599253331597373e-01 -1.996608485631050922e-01 5.554690770198499328e-01
2.326886951923370361e-01 -5.087732672691345215e-01 -1.747564554214477539e+00 6.441576626376812609e-01 4.864621504350266079e-01 -1.996737630579157874e-01 5.554690083950486468e-01
2.327194362878799438e-01 -5.088052749633789062e-01 -1.747619390487670898e+00 6.441346841425976688e-01 4.864595861706010882e-01 -1.996774854655834208e-01 5.554965273735984477e-01
2.327144145965576172e-01 -5.088350772857666016e-01 -1.747573971748352051e+00 6.441505868579803229e-01 4.864708020844603631e-01 -1.997171794847225901e-01 5.554539895717591769e-01
2.327200770378112793e-01 -5.088327527046203613e-01 -1.747570157051086426e+00 6.441497757552600012e-01 4.864715765719135332e-01 -1.997015848130355153e-01 5.554598707976664551e-01
2.327363640069961548e-01 -5.088653564453125000e-01 -1.747599005699157715e+00 6.441323866817612043e-01 4.864744264889296343e-01 -1.996781166978378597e-01 5.554859702303911462e-01
2.327423244714736938e-01 -5.088663697242736816e-01 -1.747624754905700684e+00 6.441337949438122878e-01 4.864614028222989939e-01 -1.997039483954634875e-01 5.554864445339562362e-01
2.327487468719482422e-01 -5.088661313056945801e-01 -1.747626304626464844e+00 6.441273015866910701e-01 4.864692563407789216e-01 -1.997037060300792533e-01 5.554872093349042528e-01
2.327416539192199707e-01 -5.088810920715332031e-01 -1.747638344764709473e+00 6.441053992171090758e-01 4.864810557937988000e-01 -1.996863673666207650e-01 5.555085043076489759e-01
2.327440977096557617e-01 -5.089029669761657715e-01 -1.747634291648864746e+00 6.441313008431082121e-01 4.864708164491293174e-01 -1.997046985229553318e-01 5.554808455980517756e-01
2.327489107847213745e-01 -5.089060068130493164e-01 -1.747636318206787109e+00 6.441197411024340846e-01 4.864858856886378202e-01 -1.997086642509450505e-01 5.554796176470314650e-01
2.327431142330169678e-01 -5.089064836502075195e-01 -1.747626066207885742e+00 6.440990241400530447e-01 4.864780049576458709e-01 -1.997006862603471489e-01 5.555134241730292910e-01
2.327236086130142212e-01 -5.088679194450378418e-01 -1.747665643692016602e+00 6.441074827793040747e-01 4.864774809805241795e-01 -1.997166639314839343e-01 5.554983094904678564e-01
2.327251583337783813e-01 -5.088695883750915527e-01 -1.747664809226989746e+00 6.441111524928599952e-01 4.864692380590837084e-01 -1.997203149122332155e-01 5.554999797348173507e-01
2.327143847942352295e-01 -5.088633298873901367e-01 -1.747645497322082520e+00 6.440805362043557913e-01 4.864733333193976272e-01 -1.997180788658650674e-01 5.555326782287237641e-01
2.326826304197311401e-01 -5.088371634483337402e-01 -1.747662067413330078e+00 6.440998367526127311e-01 4.864546727697276474e-01 -1.997385605664246111e-01 5.555192704894191813e-01
2.326782941818237305e-01 -5.088302493095397949e-01 -1.747663974761962891e+00 6.440943769019094045e-01 4.864540420877148108e-01 -1.997434579132403298e-01 5.555243959388868058e-01
2.326926887035369873e-01 -5.088257193565368652e-01 -1.747668147087097168e+00 6.440676553548556615e-01 4.864568724327330562e-01 -1.997534223763561267e-01 5.555493179563314454e-01
2.327107340097427368e-01 -5.088569521903991699e-01 -1.747642517089843750e+00 6.440902429428482234e-01 4.864559034228665424e-01 -1.997559142300721624e-01 5.555230799277984799e-01
2.327104508876800537e-01 -5.088554620742797852e-01 -1.747639179229736328e+00 6.440842234230093055e-01 4.864600101977300528e-01 -1.997555138490366144e-01 5.555266060172632248e-01
2.326823472976684570e-01 -5.088416337966918945e-01 -1.747616648674011230e+00 6.440585830797030953e-01 4.864816900854800341e-01 -1.997698287258551364e-01 5.555322025016456999e-01
2.327438741922378540e-01 -5.088543295860290527e-01 -1.747663497924804688e+00 6.440892611417465830e-01 4.864507454527481345e-01 -1.997800364549919827e-01 5.555200631398083955e-01
2.327481806278228760e-01 -5.088514089584350586e-01 -1.747662305831909180e+00 6.440849507424708520e-01 4.864523583059826572e-01 -1.997874002106735658e-01 5.555210045900532689e-01
2.327393740415573120e-01 -5.088546872138977051e-01 -1.747655630111694336e+00 6.440455557400310838e-01 4.864748139775679214e-01 -1.997924136967197950e-01 5.555452209846364342e-01
2.327091246843338013e-01 -5.088164806365966797e-01 -1.747682094573974609e+00 6.440663901026008054e-01 4.864718832239008361e-01 -1.997620859298043783e-01 5.555345379791457594e-01
2.327044606208801270e-01 -5.088094472885131836e-01 -1.747682929039001465e+00 6.440654545373351025e-01 4.864739548995321017e-01 -1.997743258972954072e-01 5.555293989679073174e-01
2.327018678188323975e-01 -5.088019967079162598e-01 -1.747650861740112305e+00 6.440574016790335810e-01 4.864788690534221915e-01 -1.997738854192694646e-01 5.555345865665169969e-01
2.326898127794265747e-01 -5.088348984718322754e-01 -1.747583270072937012e+00 6.440608634516113984e-01 4.864943121235847379e-01 -1.997642280981773155e-01 5.555205183454468010e-01
2.326865792274475098e-01 -5.088300704956054688e-01 -1.747578382492065430e+00 6.440608808038079669e-01 4.864963118713062640e-01 -1.997699952134927015e-01 5.555166627592228457e-01
2.326840162277221680e-01 -5.088244676589965820e-01 -1.747573852539062500e+00 6.440604585668906479e-01 4.864978917384981671e-01 -1.997671184638590003e-01 5.555168187215880904e-01
2.326941341161727905e-01 -5.088535547256469727e-01 -1.747566342353820801e+00 6.440418538394095949e-01 4.865189674854194513e-01 -1.997592615658727866e-01 5.555227322043809757e-01
2.326929122209548950e-01 -5.088503956794738770e-01 -1.747562170028686523e+00 6.440393275692313235e-01 4.865259313180420597e-01 -1.997639552887211789e-01 5.555179007427033522e-01
2.326914221048355103e-01 -5.088502764701843262e-01 -1.747555971145629883e+00 6.440427099058196880e-01 4.865264302893275716e-01 -1.997541835661191256e-01 5.555170656365753246e-01
2.326941788196563721e-01 -5.088135004043579102e-01 -1.747568488121032715e+00 6.440595417912607923e-01 4.865314262276630997e-01 -1.997560197544731853e-01 5.554925065662702499e-01
2.326925694942474365e-01 -5.088087916374206543e-01 -1.747566699981689453e+00 6.440652506504429553e-01 4.865316483917898061e-01 -1.997565974736922045e-01 5.554854774117540250e-01
2.327667474746704102e-01 -5.088257789611816406e-01 -1.747599482536315918e+00 6.440764744555310672e-01 4.865293009552130732e-01 -1.997442786373337387e-01 5.554789670021823556e-01
2.327304780483245850e-01 -5.088298916816711426e-01 -1.747597575187683105e+00 6.440831288273610733e-01 4.865202719223118422e-01 -1.997434411504728780e-01 5.554794514874250577e-01
2.327326536178588867e-01 -5.088254809379577637e-01 -1.747596502304077148e+00 6.440794517242640627e-01 4.865297819650397648e-01 -1.997456920109210443e-01 5.554745715787807736e-01
2.327187210321426392e-01 -5.088469982147216797e-01 -1.747637629508972168e+00 6.440634778439661146e-01 4.865363191948595123e-01 -1.997445033943497095e-01 5.554877930340242909e-01
2.327228039503097534e-01 -5.088861584663391113e-01 -1.747601270675659180e+00 6.440502857547448778e-01 4.865500330598184209e-01 -1.997639112205661094e-01 5.554841091424669308e-01
2.327233105897903442e-01 -5.088896751403808594e-01 -1.747599959373474121e+00 6.440540541243626738e-01 4.865502981087181933e-01 -1.997627076942617708e-01 5.554799335365987467e-01
2.326934486627578735e-01 -5.088855028152465820e-01 -1.747573852539062500e+00 6.440371237627690038e-01 4.865547012734475207e-01 -1.997772370127865460e-01 5.554904869234659204e-01
2.326911091804504395e-01 -5.088668465614318848e-01 -1.747591018676757812e+00 6.440567726582090424e-01 4.865635607054636935e-01 -1.997691177694716214e-01 5.554628741250903223e-01
2.326880842447280884e-01 -5.088705420494079590e-01 -1.747589707374572754e+00 6.440592482492611959e-01 4.865559295417969388e-01 -1.997680375702221844e-01 5.554670552902428726e-01
2.327022254467010498e-01 -5.089090466499328613e-01 -1.747640132904052734e+00 6.440599799349816523e-01 4.865609294995043022e-01 -1.997559069999365888e-01 5.554661928877620003e-01
2.327055931091308594e-01 -5.089175701141357422e-01 -1.747665882110595703e+00 6.440815194647273589e-01 4.865396605389489815e-01 -1.997618240055549499e-01 5.554577270756281271e-01
2.327046692371368408e-01 -5.089219212532043457e-01 -1.747667431831359863e+00 6.440789138214610965e-01 4.865479680100406878e-01 -1.997583867636580357e-01 5.554547224144550377e-01
2.327089309692382812e-01 -5.089288949966430664e-01 -1.747650384902954102e+00 6.440742447484189004e-01 4.865498987624173877e-01 -1.997520496770932297e-01 5.554607156014261804e-01
2.327217757701873779e-01 -5.089153051376342773e-01 -1.747706174850463867e+00 6.440823407751812280e-01 4.865293232149930924e-01 -1.997825184636123352e-01 5.554583606345466773e-01
2.327234596014022827e-01 -5.089165568351745605e-01 -1.747708678245544434e+00 6.440766306214986692e-01 4.865374192967540368e-01 -1.997753361497717761e-01 5.554604857110266858e-01
2.327316254377365112e-01 -5.088852643966674805e-01 -1.747635841369628906e+00 6.440837505926206852e-01 4.865315087935327965e-01 -1.997577889527102080e-01 5.554637152718778781e-01
2.327542454004287720e-01 -5.088992118835449219e-01 -1.747640609741210938e+00 6.441000608715548026e-01 4.865235494778223369e-01 -1.997858712480738153e-01 5.554416679695899361e-01
2.327576577663421631e-01 -5.088930726051330566e-01 -1.747637033462524414e+00 6.440988072504063577e-01 4.865328134037803509e-01 -1.997915348520185597e-01 5.554329861081438446e-01
2.327324897050857544e-01 -5.088798403739929199e-01 -1.747603297233581543e+00 6.440772162435400849e-01 4.865408405742454589e-01 -1.998012168436145153e-01 5.554475105341747376e-01
2.327090203762054443e-01 -5.088582634925842285e-01 -1.747600436210632324e+00 6.440735362147113063e-01 4.865615738984006566e-01 -1.997839423408649118e-01 5.554398103530143738e-01
2.327049374580383301e-01 -5.088472962379455566e-01 -1.747596383094787598e+00 6.440803164165380679e-01 4.865561511263042371e-01 -1.997774203324572950e-01 5.554390530894530720e-01
2.327275872230529785e-01 -5.088423490524291992e-01 -1.747596144676208496e+00 6.440899103741596354e-01 4.865733229160925100e-01 -1.997513671927868828e-01 5.554222658585371564e-01
2.326918691396713257e-01 -5.088076591491699219e-01 -1.747617483139038086e+00 6.441020302230336947e-01 4.865534095568835871e-01 -1.997768856080950339e-01 5.554164647581707470e-01
2.326874285936355591e-01 -5.087938308715820312e-01 -1.747614860534667969e+00 6.441004613935987777e-01 4.865589092981282282e-01 -1.997683727499704187e-01 5.554165451646229101e-01
2.327132970094680786e-01 -5.087726712226867676e-01 -1.747609496116638184e+00 6.441124046440803719e-01 4.865423803170708106e-01 -1.997603887420583979e-01 5.554200346380979703e-01
2.326924055814743042e-01 -5.087642073631286621e-01 -1.747593045234680176e+00 6.441265945572144380e-01 4.865500880888350976e-01 -1.997375850627541860e-01 5.554050228353415442e-01
2.326877415180206299e-01 -5.087448954582214355e-01 -1.747592449188232422e+00 6.441195863928030896e-01 4.865495867566691501e-01 -1.997492316878570484e-01 5.554094001065323916e-01
2.326664775609970093e-01 -5.087881684303283691e-01 -1.747663974761962891e+00 6.440797091077044012e-01 4.865615840555765903e-01 -1.997351086338653436e-01 5.554502423231021391e-01
