repeatability steamvr; 20211020-214252; x y z w i j k;  frequency = 150 duration = 2 sys.args = ['.\\repeatability.py']
6.446818709373474121e-01 -6.919081807136535645e-01 -1.879078269004821777e+00 4.771648293106513505e-01 5.133781375053227958e-01 -4.179241250219436488e-01 5.780102387614297621e-01
6.446787118911743164e-01 -6.919021010398864746e-01 -1.879077076911926270e+00 4.771630180518651176e-01 5.133743823669759676e-01 -4.179160383392159228e-01 5.780208957918673285e-01
6.446752548217773438e-01 -6.918963789939880371e-01 -1.879074692726135254e+00 4.771676940326962657e-01 5.133660952928067456e-01 -4.179162603118097841e-01 5.780242408849983748e-01
6.446714997291564941e-01 -6.918896436691284180e-01 -1.879072070121765137e+00 4.771655168259928415e-01 5.133695506782947060e-01 -4.179085487999034676e-01 5.780285412064030126e-01
6.446364521980285645e-01 -6.918165087699890137e-01 -1.878923535346984863e+00 4.771540782765246180e-01 5.134319925368883153e-01 -4.178680225576182905e-01 5.780118362442669966e-01
6.446342468261718750e-01 -6.918096542358398438e-01 -1.878919243812561035e+00 4.771620201975760867e-01 5.134243857491768148e-01 -4.178655332379656584e-01 5.780138289530502016e-01
6.446333527565002441e-01 -6.918054223060607910e-01 -1.878915667533874512e+00 4.771655617169530128e-01 5.134199578663947161e-01 -4.178612451602575772e-01 5.780179511137404358e-01
6.445833444595336914e-01 -6.917880773544311523e-01 -1.878728389739990234e+00 4.771667513258585624e-01 5.134214847735428799e-01 -4.178557923904031579e-01 5.780195665570786456e-01
6.445827484130859375e-01 -6.917873620986938477e-01 -1.878720521926879883e+00 4.771682981057673856e-01 5.134161982355842646e-01 -4.178680612285669560e-01 5.780141016035179602e-01
6.445820331573486328e-01 -6.917861700057983398e-01 -1.878711462020874023e+00 4.771699746729017311e-01 5.134142762333866461e-01 -4.178593324651145302e-01 5.780207443477053397e-01
6.445064544677734375e-01 -6.917292475700378418e-01 -1.878562927246093750e+00 4.771490152084594816e-01 5.134697749283876345e-01 -4.178490109863131075e-01 5.779962181768192320e-01
6.445022225379943848e-01 -6.917296648025512695e-01 -1.878551721572875977e+00 4.771463597112285959e-01 5.134610970903066285e-01 -4.178546546325730970e-01 5.780020192028341164e-01
6.444985866546630859e-01 -6.917288899421691895e-01 -1.878541946411132812e+00 4.771407802887089877e-01 5.134594615559292530e-01 -4.178605167367420159e-01 5.780038202606734288e-01
6.446204781532287598e-01 -6.917762756347656250e-01 -1.878787279129028320e+00 4.771783286322186513e-01 5.134148689269886212e-01 -4.178439524608235645e-01 5.780244470822697433e-01
6.446219682693481445e-01 -6.917725205421447754e-01 -1.878782749176025391e+00 4.771743509928247917e-01 5.134214839235030636e-01 -4.178430245893822170e-01 5.780225084492731646e-01
6.446240544319152832e-01 -6.917673349380493164e-01 -1.878781199455261230e+00 4.771768711766869453e-01 5.134316288789352312e-01 -4.178291151738053322e-01 5.780214659411887501e-01
6.446006894111633301e-01 -6.917927861213684082e-01 -1.878670573234558105e+00 4.771553333001222197e-01 5.133895147552263172e-01 -4.178440403042614215e-01 5.780658531067961459e-01
6.446017026901245117e-01 -6.917904615402221680e-01 -1.878666520118713379e+00 4.771667649882898044e-01 5.133791087297173705e-01 -4.178438745934222043e-01 5.780657992878431850e-01
6.446036696434020996e-01 -6.917887330055236816e-01 -1.878661274909973145e+00 4.771712857677174457e-01 5.133719540377083002e-01 -4.178380265880461408e-01 5.780726577279797773e-01
6.445750594139099121e-01 -6.918160915374755859e-01 -1.878675699234008789e+00 4.771370760899703023e-01 5.133838425354422252e-01 -4.178427661412885685e-01 5.780868948161994592e-01
6.445736289024353027e-01 -6.918172240257263184e-01 -1.878672242164611816e+00 4.771392426910636697e-01 5.133855156534670172e-01 -4.178421336182457368e-01 5.780840746416352482e-01
6.445716023445129395e-01 -6.918179988861083984e-01 -1.878669738769531250e+00 4.771362650759493618e-01 5.133837013930209192e-01 -4.178482390085072051e-01 5.780837471996781440e-01
6.445522904396057129e-01 -6.917935609817504883e-01 -1.878615260124206543e+00 4.771793484093042603e-01 5.133807155990962601e-01 -4.178615852570001232e-01 5.780411676541616917e-01
6.445508003234863281e-01 -6.917929053306579590e-01 -1.878614187240600586e+00 4.771732409366591376e-01 5.133848690156818106e-01 -4.178536773015624206e-01 5.780482382694795973e-01
6.445490121841430664e-01 -6.917897462844848633e-01 -1.878613829612731934e+00 4.771693003384004927e-01 5.133789992789495882e-01 -4.178491102020825965e-01 5.780599992748383098e-01
6.445035338401794434e-01 -6.917424798011779785e-01 -1.878468513488769531e+00 4.771765432851738931e-01 5.133874862527656457e-01 -4.178544703802574700e-01 5.780426022735437597e-01
6.445004940032958984e-01 -6.917387843132019043e-01 -1.878466844558715820e+00 4.771807273005963523e-01 5.133872273179291845e-01 -4.178641641123962969e-01 5.780323657299013540e-01
6.444987654685974121e-01 -6.917343735694885254e-01 -1.878465533256530762e+00 4.771890615548250447e-01 5.133887567677416497e-01 -4.178531187512498080e-01 5.780321535473961214e-01
6.444965004920959473e-01 -6.917315125465393066e-01 -1.878463983535766602e+00 4.771861896421956684e-01 5.133905860111385167e-01 -4.178568202032462708e-01 5.780302261955370113e-01
6.444211006164550781e-01 -6.916090846061706543e-01 -1.878265261650085449e+00 4.771899398121168812e-01 5.133820383268064003e-01 -4.178556129127921626e-01 5.780355707520383746e-01
6.444160938262939453e-01 -6.915999650955200195e-01 -1.878262758255004883e+00 4.771882633151286468e-01 5.133848593000712723e-01 -4.178487667668526195e-01 5.780394010103404590e-01
6.443749070167541504e-01 -6.915213465690612793e-01 -1.878080010414123535e+00 4.771897631849469357e-01 5.133850314531777093e-01 -4.178270622421278446e-01 5.780537128552963866e-01
6.443718075752258301e-01 -6.915146708488464355e-01 -1.878074049949645996e+00 4.771828873604385679e-01 5.133934101438470954e-01 -4.178273525762521978e-01 5.780517019887299046e-01
6.443692445755004883e-01 -6.915080547332763672e-01 -1.878069519996643066e+00 4.771894567708064305e-01 5.133993136914426492e-01 -4.178174550220974393e-01 5.780482367942374466e-01
6.443660855293273926e-01 -6.915017366409301758e-01 -1.878064513206481934e+00 4.771909790811575403e-01 5.133947139575666396e-01 -4.178119845672705890e-01 5.780549723055203870e-01
6.443508267402648926e-01 -6.915063858032226562e-01 -1.878041267395019531e+00 4.771922501089965740e-01 5.133805637851989179e-01 -4.178183817344554019e-01 5.780618911690923456e-01
6.443458199501037598e-01 -6.914993524551391602e-01 -1.878036856651306152e+00 4.771986647225989198e-01 5.133765400194510997e-01 -4.178202830622455011e-01 5.780588085811586563e-01
6.443617343902587891e-01 -6.915355920791625977e-01 -1.878100156784057617e+00 4.772188945620102207e-01 5.134114159126802468e-01 -4.177869899197360626e-01 5.780351939382719628e-01
6.443558335304260254e-01 -6.915275454521179199e-01 -1.878098964691162109e+00 4.772187481947883780e-01 5.134166203670427198e-01 -4.177844483201747505e-01 5.780324829131709974e-01
6.443495154380798340e-01 -6.915198564529418945e-01 -1.878098368644714355e+00 4.772202655328086074e-01 5.134143919847498072e-01 -4.177793183272137112e-01 5.780369485685646902e-01
6.443424224853515625e-01 -6.915092468261718750e-01 -1.878097176551818848e+00 4.772160189257687035e-01 5.134123490204371976e-01 -4.177798198296400756e-01 5.780419206132875187e-01
6.443492174148559570e-01 -6.915226578712463379e-01 -1.878051042556762695e+00 4.772316380960209270e-01 5.134006498784495776e-01 -4.177674656611340964e-01 5.780483443696738943e-01
6.444361805915832520e-01 -6.916671395301818848e-01 -1.878400087356567383e+00 4.772242715747329056e-01 5.133740108441947614e-01 -4.177620256105122887e-01 5.780820127655151852e-01
6.444297432899475098e-01 -6.916633248329162598e-01 -1.878403782844543457e+00 4.772207787920373367e-01 5.133797153966392912e-01 -4.177505558390463558e-01 5.780881133420336937e-01
6.444223523139953613e-01 -6.916612386703491211e-01 -1.878412723541259766e+00 4.772169527532142963e-01 5.133837655012595258e-01 -4.177451386568920566e-01 5.780915966785669102e-01
6.444897651672363281e-01 -6.917569637298583984e-01 -1.878582715988159180e+00 4.772109887161940511e-01 5.133675699471338394e-01 -4.177493993231661817e-01 5.781078144402918007e-01
6.444860696792602539e-01 -6.917550563812255859e-01 -1.878591179847717285e+00 4.772173025721160311e-01 5.133669669603183605e-01 -4.177421392679536161e-01 5.781083623361125134e-01
6.444806456565856934e-01 -6.917540431022644043e-01 -1.878599643707275391e+00 4.772108628383006090e-01 5.133629883560494322e-01 -4.177550442412637510e-01 5.781078732560323008e-01
6.444749832153320312e-01 -6.917536854743957520e-01 -1.878609180450439453e+00 4.772155285924441492e-01 5.133559132010719894e-01 -4.177657059459659039e-01 5.781026230983895564e-01
6.444833278656005859e-01 -6.916804909706115723e-01 -1.878456115722656250e+00 4.772031564133271120e-01 5.133995853738116955e-01 -4.177771069986655483e-01 5.780658306733756913e-01
6.444814205169677734e-01 -6.916738748550415039e-01 -1.878460764884948730e+00 4.772021410782892326e-01 5.134060871592535102e-01 -4.177668013396378943e-01 5.780683213681421240e-01
6.445682644844055176e-01 -6.918089985847473145e-01 -1.878661155700683594e+00 4.771866985467639322e-01 5.133832502594191105e-01 -4.177745048983052545e-01 5.780958112162501994e-01
6.445713043212890625e-01 -6.918144226074218750e-01 -1.878679037094116211e+00 4.771789780694567495e-01 5.134039282472856458e-01 -4.177863387332773071e-01 5.780752640280842902e-01
6.446163654327392578e-01 -6.919188499450683594e-01 -1.878831624984741211e+00 4.771742026601943354e-01 5.133978375967505059e-01 -4.177698469197744791e-01 5.780964992403283542e-01
6.446229815483093262e-01 -6.919357180595397949e-01 -1.878849267959594727e+00 4.771785369791974873e-01 5.133932626054463766e-01 -4.177636711153341897e-01 5.781014714107418628e-01
6.446239948272705078e-01 -6.918971538543701172e-01 -1.878789424896240234e+00 4.772102910204751858e-01 5.133728228420998407e-01 -4.177748578290200743e-01 5.780853341537881551e-01
6.446290016174316406e-01 -6.919022202491760254e-01 -1.878803133964538574e+00 4.772067259257986027e-01 5.133793496423193492e-01 -4.177731155045952272e-01 5.780837395022203618e-01
6.446343064308166504e-01 -6.919069290161132812e-01 -1.878815174102783203e+00 4.772023152613396602e-01 5.133790848468781087e-01 -4.177752360251030805e-01 5.780860497553098609e-01
6.446400880813598633e-01 -6.919129490852355957e-01 -1.878827929496765137e+00 4.772081764595274000e-01 5.133624583170134370e-01 -4.177761703911253011e-01 5.780953274298288314e-01
6.446518301963806152e-01 -6.919237971305847168e-01 -1.878855466842651367e+00 4.771877148905047106e-01 5.133611468794710975e-01 -4.178045142553179492e-01 5.780929054020704783e-01
6.446104645729064941e-01 -6.918508410453796387e-01 -1.878756046295166016e+00 4.771812596315896382e-01 5.133708810670906120e-01 -4.177809061368182308e-01 5.781066316776941605e-01
6.446143984794616699e-01 -6.918514370918273926e-01 -1.878766417503356934e+00 4.771805882406148225e-01 5.133725928993440046e-01 -4.177742491705764283e-01 5.781104780429930923e-01
6.446197032928466797e-01 -6.918539404869079590e-01 -1.878777503967285156e+00 4.771839851960053558e-01 5.133736011943920152e-01 -4.177710331270070854e-01 5.781091106179748751e-01
6.446240544319152832e-01 -6.918538212776184082e-01 -1.878790497779846191e+00 4.771884272568867602e-01 5.133723385008238660e-01 -4.177747245252379504e-01 5.781038930464098557e-01
6.446264982223510742e-01 -6.918525695800781250e-01 -1.878798604011535645e+00 4.771875060596103557e-01 5.133709872787221018e-01 -4.177735246894059840e-01 5.781067577751407560e-01
6.445889472961425781e-01 -6.917872428894042969e-01 -1.878730535507202148e+00 4.771834640903712121e-01 5.133506315469942294e-01 -4.177547280870860247e-01 5.781417304258349432e-01
6.446272134780883789e-01 -6.918725967407226562e-01 -1.878860235214233398e+00 4.771186249359290477e-01 5.133365219240038080e-01 -4.177481310008177018e-01 5.782125138846142542e-01
6.446253061294555664e-01 -6.918736100196838379e-01 -1.878872275352478027e+00 4.771192271191554979e-01 5.133404128490978158e-01 -4.177396319044040518e-01 5.782147159686430449e-01
6.446226835250854492e-01 -6.918736696243286133e-01 -1.878884315490722656e+00 4.771205144418506072e-01 5.133332521805804571e-01 -4.177403786842050493e-01 5.782194568260907719e-01
6.445977091789245605e-01 -6.918187141418457031e-01 -1.878747344017028809e+00 4.771399668411273609e-01 5.133435407308875043e-01 -4.177858941502108903e-01 5.781614132448857912e-01
6.445959210395812988e-01 -6.918118000030517578e-01 -1.878758668899536133e+00 4.771326906445387261e-01 5.133480657645311807e-01 -4.177977697187252870e-01 5.781548177903966801e-01
6.445938348770141602e-01 -6.918106675148010254e-01 -1.878763794898986816e+00 4.771377382706727399e-01 5.133484673314687718e-01 -4.177943257956773793e-01 5.781527536407310430e-01
6.445425748825073242e-01 -6.917614936828613281e-01 -1.878570795059204102e+00 4.771442111972324374e-01 5.133372852718585122e-01 -4.177765876557382740e-01 5.781701676082611208e-01
6.445417404174804688e-01 -6.917564868927001953e-01 -1.878578066825866699e+00 4.771508592137369553e-01 5.133286435808607218e-01 -4.177791363791168999e-01 5.781705050324762452e-01
6.445406675338745117e-01 -6.917496919631958008e-01 -1.878584384918212891e+00 4.771418289362445719e-01 5.133320241461306610e-01 -4.177806410124224601e-01 5.781738740695452350e-01
6.445296406745910645e-01 -6.917291283607482910e-01 -1.878560781478881836e+00 4.771383955707264035e-01 5.133190553824346081e-01 -4.177622467118535798e-01 5.782015118163553735e-01
6.445277929306030273e-01 -6.917222142219543457e-01 -1.878571391105651855e+00 4.771382643059773887e-01 5.133180889018594817e-01 -4.177628769413670451e-01 5.782020261288791652e-01
6.445257067680358887e-01 -6.917154788970947266e-01 -1.878580808639526367e+00 4.771375996861360047e-01 5.133123148431512073e-01 -4.177652702150201902e-01 5.782059623643588386e-01
6.445231437683105469e-01 -6.917085051536560059e-01 -1.878591299057006836e+00 4.771412702108784321e-01 5.133214907500118773e-01 -4.177617051161061079e-01 5.781973920041239001e-01
6.444904208183288574e-01 -6.916800737380981445e-01 -1.878473997116088867e+00 4.771412453244058827e-01 5.133227791701524545e-01 -4.177569799327178757e-01 5.781996863425211686e-01
6.444870829582214355e-01 -6.916730403900146484e-01 -1.878481864929199219e+00 4.771406973337101731e-01 5.133147240719764248e-01 -4.177690382888439302e-01 5.781985585701929775e-01
6.445440053939819336e-01 -6.916988492012023926e-01 -1.878587365150451660e+00 4.771777035907363573e-01 5.133155381473620826e-01 -4.178157546867568573e-01 5.781335487180493393e-01
6.445431709289550781e-01 -6.916889548301696777e-01 -1.878596425056457520e+00 4.771810161548845630e-01 5.133171697236156295e-01 -4.178144234138896906e-01 5.781303160340482972e-01
6.445420980453491211e-01 -6.916781663894653320e-01 -1.878604650497436523e+00 4.771831147345900193e-01 5.133152454860705483e-01 -4.178085497945863702e-01 5.781345615475704802e-01
6.445940136909484863e-01 -6.918107271194458008e-01 -1.878793478012084961e+00 4.771643477077603945e-01 5.133627800775378835e-01 -4.177905059953466727e-01 5.781208482146125149e-01
6.445939540863037109e-01 -6.918106675148010254e-01 -1.878804326057434082e+00 4.771603558012557644e-01 5.133603957855163991e-01 -4.177879037861112477e-01 5.781281518308211131e-01
6.446090936660766602e-01 -6.918435096740722656e-01 -1.878873467445373535e+00 4.771797114299034526e-01 5.133605026083556400e-01 -4.177678891325589117e-01 5.781265412547860194e-01
6.446507573127746582e-01 -6.919005513191223145e-01 -1.878930687904357910e+00 4.771805184666439437e-01 5.133603440758661707e-01 -4.177709298797218640e-01 5.781237952340216868e-01
6.446512937545776367e-01 -6.919071078300476074e-01 -1.878939628601074219e+00 4.771898241749992220e-01 5.133535086337974729e-01 -4.177789662463031739e-01 5.781163972455909406e-01
6.446537971496582031e-01 -6.919124126434326172e-01 -1.878949880599975586e+00 4.771891654820222262e-01 5.133573989798330128e-01 -4.177723919607381764e-01 5.781182452606333788e-01
6.446887254714965820e-01 -6.919411420822143555e-01 -1.878897547721862793e+00 4.772104886197158780e-01 5.133585465729360031e-01 -4.177655513662540399e-01 5.781045483043975031e-01
6.446942687034606934e-01 -6.919514536857604980e-01 -1.878904342651367188e+00 4.772098919185494004e-01 5.133669895052247467e-01 -4.177576584415395589e-01 5.781032415003478642e-01
6.446409225463867188e-01 -6.919472217559814453e-01 -1.878795146942138672e+00 4.771769370477226824e-01 5.133723170132873381e-01 -4.177616055594165489e-01 5.781228802340753203e-01
6.446412801742553711e-01 -6.919444203376770020e-01 -1.878917098045349121e+00 4.771812571919438750e-01 5.133547064009005290e-01 -4.177599624503621212e-01 5.781361641052925604e-01
6.446416974067687988e-01 -6.919519901275634766e-01 -1.878926157951354980e+00 4.771785374671294599e-01 5.133489312691563722e-01 -4.177718211030767015e-01 5.781349507567651314e-01
6.446295380592346191e-01 -6.919526457786560059e-01 -1.878903150558471680e+00 4.771721694250493639e-01 5.133542587599227991e-01 -4.177535147661902704e-01 5.781487010077552835e-01
6.446466445922851562e-01 -6.919832825660705566e-01 -1.878932118415832520e+00 4.771763612857695680e-01 5.133707658742736601e-01 -4.177584013318439982e-01 5.781270362755766001e-01
6.446464061737060547e-01 -6.919912695884704590e-01 -1.878940582275390625e+00 4.771765667060037241e-01 5.133752173281984632e-01 -4.177573549199147807e-01 5.781236958476080323e-01
6.446471214294433594e-01 -6.919981837272644043e-01 -1.878949165344238281e+00 4.771667410790348951e-01 5.133743740718860193e-01 -4.177609294376543048e-01 5.781299909357590083e-01
6.446286439895629883e-01 -6.919046640396118164e-01 -1.878853678703308105e+00 4.771824438341532582e-01 5.133688683343919923e-01 -4.177515695282885133e-01 5.781286565910734865e-01
6.446289420127868652e-01 -6.919035315513610840e-01 -1.878863215446472168e+00 4.771779822002726323e-01 5.133692596404925146e-01 -4.177549602660361461e-01 5.781295262974591731e-01
6.446282267570495605e-01 -6.919017434120178223e-01 -1.878874421119689941e+00 4.771773010460227393e-01 5.133773814738166186e-01 -4.177573365772147551e-01 5.781211706066112788e-01
6.446824669837951660e-01 -6.920197010040283203e-01 -1.879131078720092773e+00 4.771524084849563252e-01 5.133866051513229500e-01 -4.177398049938613189e-01 5.781462050887803406e-01
6.446796655654907227e-01 -6.920199990272521973e-01 -1.879148006439208984e+00 4.771500726211956311e-01 5.133803578007184454e-01 -4.177447231322759524e-01 5.781501166955940185e-01
6.446309089660644531e-01 -6.918806433677673340e-01 -1.878901243209838867e+00 4.771406831825618644e-01 5.133945061483018435e-01 -4.177410606833307782e-01 5.781479595001863814e-01
6.446552872657775879e-01 -6.918972134590148926e-01 -1.878990173339843750e+00 4.771564502293114685e-01 5.133714061196059664e-01 -4.177605159245497690e-01 5.781413703708647711e-01
6.447505354881286621e-01 -6.918802261352539062e-01 -1.879014015197753906e+00 4.771785608878613694e-01 5.133730984688084087e-01 -4.178245362782880279e-01 5.780753790748413001e-01
6.447634696960449219e-01 -6.918734908103942871e-01 -1.879024267196655273e+00 4.771783379029292949e-01 5.133732449285105526e-01 -4.178263475584719222e-01 5.780740839225751992e-01
6.447777152061462402e-01 -6.918691992759704590e-01 -1.879033446311950684e+00 4.771784120686075603e-01 5.133625721322988555e-01 -4.178363769559894636e-01 5.780763049213567539e-01
6.448158025741577148e-01 -6.918746232986450195e-01 -1.879103899002075195e+00 4.771925023624875584e-01 5.133525415977971962e-01 -4.178434389048464315e-01 5.780684515711773663e-01
6.448310017585754395e-01 -6.918638944625854492e-01 -1.879152655601501465e+00 4.771996190762408663e-01 5.133610936122903201e-01 -4.178597137287809460e-01 5.780432064684810634e-01
6.448444724082946777e-01 -6.918598413467407227e-01 -1.879163861274719238e+00 4.772040873385081650e-01 5.133537801807240841e-01 -4.178570267521832249e-01 5.780479697706321085e-01
6.447252035140991211e-01 -6.917986273765563965e-01 -1.878948092460632324e+00 4.771923018282918649e-01 5.133654400206160151e-01 -4.178106312515103005e-01 5.780808612169311411e-01
6.447331309318542480e-01 -6.917953491210937500e-01 -1.878957271575927734e+00 4.771902393950678278e-01 5.133676827124247222e-01 -4.178156690257822103e-01 5.780769738065513197e-01
6.447412967681884766e-01 -6.917927265167236328e-01 -1.878968834877014160e+00 4.771980314132492906e-01 5.133594374384875536e-01 -4.178071916462321456e-01 5.780839713468037822e-01
6.446601748466491699e-01 -6.918878555297851562e-01 -1.878881812095642090e+00 4.771729120667761448e-01 5.133879950609496756e-01 -4.178292639312310985e-01 5.780633723810609803e-01
6.446620225906372070e-01 -6.918935775756835938e-01 -1.878890514373779297e+00 4.771675442341669071e-01 5.133899568308498695e-01 -4.178266099663325295e-01 5.780680015260553084e-01
6.446062326431274414e-01 -6.918502449989318848e-01 -1.878717064857482910e+00 4.771669084437941688e-01 5.134014503052375389e-01 -4.178207804813476867e-01 5.780625455967006721e-01
6.446000337600708008e-01 -6.918463110923767090e-01 -1.878767371177673340e+00 4.771827502527970499e-01 5.133794980214291259e-01 -4.178269495710575931e-01 5.780644878387417585e-01
6.446007490158081055e-01 -6.918547153472900391e-01 -1.878772854804992676e+00 4.771822564697900670e-01 5.133808028709898608e-01 -4.178282875284387021e-01 5.780627517654344238e-01
6.445712447166442871e-01 -6.918456554412841797e-01 -1.878670096397399902e+00 4.772034501331033907e-01 5.133868680129151096e-01 -4.178158433398158067e-01 5.780488899563643868e-01
6.445716619491577148e-01 -6.918533444404602051e-01 -1.878674149513244629e+00 4.772106359652693031e-01 5.133767689332506823e-01 -4.178151568586950249e-01 5.780524144061961467e-01
6.445726156234741211e-01 -6.918640732765197754e-01 -1.878679871559143066e+00 4.772109926193840446e-01 5.133771122189765279e-01 -4.178183496599353619e-01 5.780495116667935251e-01
6.446152925491333008e-01 -6.919375658035278320e-01 -1.878876566886901855e+00 4.772123470243738175e-01 5.133925039760339759e-01 -4.178189827059657357e-01 5.780342684914370199e-01
6.446154713630676270e-01 -6.919503211975097656e-01 -1.878887534141540527e+00 4.772238485781052919e-01 5.133891375789813027e-01 -4.178017702214530948e-01 5.780402001081723640e-01
6.446155905723571777e-01 -6.919637918472290039e-01 -1.878897786140441895e+00 4.772154232073056446e-01 5.133875572186926695e-01 -4.178110513667226966e-01 5.780418342428574885e-01
6.446136832237243652e-01 -6.919144392013549805e-01 -1.878886818885803223e+00 4.771979694484218548e-01 5.134263346333849398e-01 -4.178021091609301907e-01 5.780282683052764270e-01
6.446127891540527344e-01 -6.919211745262145996e-01 -1.878897309303283691e+00 4.771982841515959306e-01 5.134262446295320137e-01 -4.177976336841705551e-01 5.780313571349220414e-01
6.446121931076049805e-01 -6.919263005256652832e-01 -1.878908514976501465e+00 4.772033364508858622e-01 5.134251399737443933e-01 -4.177932727834671178e-01 5.780312912829332905e-01
6.446339488029479980e-01 -6.919202208518981934e-01 -1.878891348838806152e+00 4.771979723758942304e-01 5.134240629365592889e-01 -4.178166815067607121e-01 5.780197867993601690e-01
6.446333527565002441e-01 -6.919260025024414062e-01 -1.878902435302734375e+00 4.772035950412985006e-01 5.134226369025892689e-01 -4.178172621525539365e-01 5.780159700573077597e-01
6.446436643600463867e-01 -6.919034719467163086e-01 -1.878942131996154785e+00 4.771810908080758584e-01 5.134093646577566616e-01 -4.177941382575002804e-01 5.780630435759503971e-01
6.446428894996643066e-01 -6.919078826904296875e-01 -1.878951907157897949e+00 4.771891869505484052e-01 5.134045058849467935e-01 -4.177861598622104045e-01 5.780664644909595529e-01
6.446424722671508789e-01 -6.919186711311340332e-01 -1.878967761993408203e+00 4.771772449337023381e-01 5.134068246953353842e-01 -4.177978256099267873e-01 5.780658288893492092e-01
6.445665955543518066e-01 -6.918278932571411133e-01 -1.878720998764038086e+00 4.771768838629611986e-01 5.133992749885479823e-01 -4.177913731344981563e-01 5.780774536428580079e-01
6.445688605308532715e-01 -6.918330192565917969e-01 -1.878768205642700195e+00 4.771880481414856878e-01 5.134140362923466094e-01 -4.178082429546146059e-01 5.780429873376122796e-01
6.445661187171936035e-01 -6.918392777442932129e-01 -1.878777146339416504e+00 4.771862213572612976e-01 5.134279066248087497e-01 -4.178024494000611155e-01 5.780363161044398401e-01
6.444997191429138184e-01 -6.917428970336914062e-01 -1.878564119338989258e+00 4.771839412826311411e-01 5.134224315638136193e-01 -4.177970995188419745e-01 5.780469317340569679e-01
6.445421576499938965e-01 -6.918045282363891602e-01 -1.878634691238403320e+00 4.771719191125642912e-01 5.134316392005058294e-01 -4.178044717265565478e-01 5.780433636108501805e-01
6.445422768592834473e-01 -6.918116211891174316e-01 -1.878639340400695801e+00 4.771826809670699499e-01 5.134325205241471179e-01 -4.177963918000232035e-01 5.780395430334224205e-01
6.444857716560363770e-01 -6.917195916175842285e-01 -1.878485679626464844e+00 4.771885053243707930e-01 5.134490436364316235e-01 -4.178060627240466340e-01 5.780130567366141836e-01
6.444858908653259277e-01 -6.917225718498229980e-01 -1.878487348556518555e+00 4.772018180832207079e-01 5.134492890934816423e-01 -4.178080137426636309e-01 5.780004133041403147e-01
6.444848775863647461e-01 -6.917225718498229980e-01 -1.878488183021545410e+00 4.771947257980320156e-01 5.134529705355278528e-01 -4.178002963390424762e-01 5.780086017670648113e-01
6.444855332374572754e-01 -6.916905641555786133e-01 -1.878373265266418457e+00 4.771903589354436481e-01 5.134361929647047740e-01 -4.178190383485495540e-01 5.780135711617564453e-01
6.444861292839050293e-01 -6.916902065277099609e-01 -1.878369450569152832e+00 4.771942422736502598e-01 5.134319505337717748e-01 -4.178148887584491322e-01 5.780171033902091748e-01
6.444869041442871094e-01 -6.916903257369995117e-01 -1.878364920616149902e+00 4.772005280523981541e-01 5.134254207283497351e-01 -4.178288859835664337e-01 5.780076043537140107e-01
6.444377303123474121e-01 -6.916413903236389160e-01 -1.878172278404235840e+00 4.772045981756110056e-01 5.134379500318302370e-01 -4.178504123226056688e-01 5.779775766244505952e-01
6.444373130798339844e-01 -6.916402578353881836e-01 -1.878163218498229980e+00 4.772020322748388721e-01 5.134432964399675559e-01 -4.178542672359812915e-01 5.779721440522882503e-01
6.444371342658996582e-01 -6.916397213935852051e-01 -1.878153562545776367e+00 4.771964281317394585e-01 5.134374816709644795e-01 -4.178484403712183215e-01 5.779861528162577589e-01
6.444547772407531738e-01 -6.917194724082946777e-01 -1.878420591354370117e+00 4.771901135117009307e-01 5.134494076491936676e-01 -4.178143896496747112e-01 5.780053747270860187e-01
6.444490551948547363e-01 -6.917189359664916992e-01 -1.878417968750000000e+00 4.771869815423581129e-01 5.134520633036657733e-01 -4.178157813612330962e-01 5.780045936391358108e-01
6.444028615951538086e-01 -6.916462182998657227e-01 -1.878252029418945312e+00 4.771792391127256394e-01 5.134450212701298089e-01 -4.178238643465145841e-01 5.780114074352190601e-01
6.443849205970764160e-01 -6.916281580924987793e-01 -1.878245711326599121e+00 4.771657690936163543e-01 5.134894869570632014e-01 -4.178202088997566843e-01 5.779856790049878734e-01
6.443746089935302734e-01 -6.916251182556152344e-01 -1.878237247467041016e+00 4.771629687691349986e-01 5.134910639523784237e-01 -4.178234572904988009e-01 5.779842305846712991e-01
6.444312930107116699e-01 -6.916290521621704102e-01 -1.878289461135864258e+00 4.772152509806171228e-01 5.134671092561124972e-01 -4.178278764331362916e-01 5.779591593588676579e-01
6.444275379180908203e-01 -6.916276812553405762e-01 -1.878283262252807617e+00 4.772236036594712516e-01 5.134589323542324557e-01 -4.178338572506990478e-01 5.779552026115715169e-01
6.444256901741027832e-01 -6.916267275810241699e-01 -1.878279328346252441e+00 4.772127939381450856e-01 5.134668582701480410e-01 -4.178329316807324889e-01 5.779577440456157289e-01
6.444809436798095703e-01 -6.917684674263000488e-01 -1.878481626510620117e+00 4.771463031073046035e-01 5.134758415977681567e-01 -4.178569527449380594e-01 5.779873082906737958e-01
6.444775462150573730e-01 -6.917755007743835449e-01 -1.878479361534118652e+00 4.771590539474929171e-01 5.134713842953360086e-01 -4.178406182138438285e-01 5.779925405241103098e-01
6.445607542991638184e-01 -6.917684674263000488e-01 -1.878668904304504395e+00 4.772028348826670707e-01 5.134988612851735246e-01 -4.178350786229569347e-01 5.779359958113491347e-01
6.445607542991638184e-01 -6.917700171470642090e-01 -1.878673672676086426e+00 4.772004558417951570e-01 5.134961140527858348e-01 -4.178411196249631199e-01 5.779360432819178328e-01
6.445328593254089355e-01 -6.917693018913269043e-01 -1.878639221191406250e+00 4.772167658902927712e-01 5.134943308140063056e-01 -4.178270496538991075e-01 5.779343156192408015e-01
6.445229053497314453e-01 -6.917685866355895996e-01 -1.878577589988708496e+00 4.772143327624922549e-01 5.135263507114524728e-01 -4.178449643790171364e-01 5.778949441893237449e-01
6.445217728614807129e-01 -6.917735338211059570e-01 -1.878579616546630859e+00 4.772182837225071306e-01 5.135277277094943971e-01 -4.178417001359184257e-01 5.778927982285939624e-01
6.445315480232238770e-01 -6.918141841888427734e-01 -1.878581523895263672e+00 4.772053754080909371e-01 5.135095205202077073e-01 -4.178410587724072922e-01 5.779200890842093319e-01
6.445325016975402832e-01 -6.918246746063232422e-01 -1.878579497337341309e+00 4.771961519725423928e-01 5.135116243308290862e-01 -4.178452550778228303e-01 5.779228086827233879e-01
6.445330977439880371e-01 -6.918327808380126953e-01 -1.878579497337341309e+00 4.772002967832663090e-01 5.135170413749511331e-01 -4.178425625927866260e-01 5.779164931400363470e-01
6.445648670196533203e-01 -6.919136047363281250e-01 -1.878771305084228516e+00 4.771347455188921227e-01 5.135075933472261767e-01 -4.178404504438237854e-01 5.779805756663976002e-01
6.445626020431518555e-01 -6.919208765029907227e-01 -1.878775358200073242e+00 4.771310359055170869e-01 5.135149589474413689e-01 -4.178418096223776024e-01 5.779760788151278028e-01
6.445598006248474121e-01 -6.919276118278503418e-01 -1.878779172897338867e+00 4.771374288952783815e-01 5.135134411383731612e-01 -4.178234847518733641e-01 5.779854138140275710e-01
6.446228027343750000e-01 -6.918802857398986816e-01 -1.878816962242126465e+00 4.772016736623942434e-01 5.134615331436089836e-01 -4.178628561737047775e-01 5.779500370306335233e-01
6.446242332458496094e-01 -6.918846368789672852e-01 -1.878818869590759277e+00 4.772029568594224891e-01 5.134520624621077278e-01 -4.178641681735339453e-01 5.779564182438565734e-01
6.446967124938964844e-01 -6.919119358062744141e-01 -1.878981590270996094e+00 4.772421224712627419e-01 5.134116029999515884e-01 -4.179017909919350293e-01 5.779328733221174019e-01
6.447033286094665527e-01 -6.919166445732116699e-01 -1.878986954689025879e+00 4.772322152549158814e-01 5.134220214993856501e-01 -4.179007636254450930e-01 5.779325219140672987e-01
6.447255611419677734e-01 -6.919920444488525391e-01 -1.879058241844177246e+00 4.772283790622811606e-01 5.134221192251150478e-01 -4.179165814424044001e-01 5.779241314358598558e-01
6.447310447692871094e-01 -6.920037269592285156e-01 -1.879061102867126465e+00 4.772366066160070308e-01 5.134196038344592816e-01 -4.179283684681510125e-01 5.779110690638562531e-01
6.447353959083557129e-01 -6.920121312141418457e-01 -1.879065632820129395e+00 4.772400382992361134e-01 5.134162671640050135e-01 -4.179243094793657631e-01 5.779141222399314382e-01
6.446772217750549316e-01 -6.919609308242797852e-01 -1.878909587860107422e+00 4.772597160916474679e-01 5.133987406448506929e-01 -4.179054779878031423e-01 5.779270781970213822e-01
6.446814537048339844e-01 -6.919692754745483398e-01 -1.878913402557373047e+00 4.772555156938431686e-01 5.133942982565493640e-01 -4.179081100796508963e-01 5.779326056397546818e-01
6.446857452392578125e-01 -6.919789910316467285e-01 -1.878916859626770020e+00 4.772570114494946725e-01 5.133976621604930957e-01 -4.179037873553677618e-01 5.779315241861442409e-01
6.446156501770019531e-01 -6.918792128562927246e-01 -1.878763079643249512e+00 4.772596453535468131e-01 5.134090401031603523e-01 -4.178375610966829079e-01 5.779670933212237571e-01
6.446195840835571289e-01 -6.918863058090209961e-01 -1.878765940666198730e+00 4.772601844263941184e-01 5.134103352451521163e-01 -4.178430994355854522e-01 5.779614878608306805e-01
6.446240544319152832e-01 -6.918915510177612305e-01 -1.878768205642700195e+00 4.772535028071818730e-01 5.134118958985492975e-01 -4.178477550306772814e-01 5.779622537716808672e-01
6.445885300636291504e-01 -6.919002532958984375e-01 -1.878718495368957520e+00 4.772355015833856795e-01 5.134054582930492883e-01 -4.178670210455998069e-01 5.779689146913558062e-01
6.445908546447753906e-01 -6.919071674346923828e-01 -1.878717422485351562e+00 4.772312624300930062e-01 5.134064192107137270e-01 -4.178705923689119417e-01 5.779689825524256808e-01
6.445933580398559570e-01 -6.919162273406982422e-01 -1.878715872764587402e+00 4.772407091187071404e-01 5.133974990007246220e-01 -4.178624769934061733e-01 5.779749608611485234e-01
6.446083784103393555e-01 -6.919093728065490723e-01 -1.878715991973876953e+00 4.772177338687074721e-01 5.134175972232015717e-01 -4.178959199362836108e-01 5.779518901059245151e-01
6.446121335029602051e-01 -6.919152736663818359e-01 -1.878713726997375488e+00 4.772154256467767142e-01 5.134150552394205480e-01 -4.179033119778290395e-01 5.779507238745562603e-01
6.445732712745666504e-01 -6.918584108352661133e-01 -1.878667593002319336e+00 4.772044918122478330e-01 5.134045970888955202e-01 -4.178487333842546003e-01 5.780084903274521624e-01
6.445728540420532227e-01 -6.918632388114929199e-01 -1.878668904304504395e+00 4.772057066951223003e-01 5.134103836883360250e-01 -4.178374977882548524e-01 5.780104770827920735e-01
6.445727348327636719e-01 -6.918722391128540039e-01 -1.878672122955322266e+00 4.771974371360689915e-01 5.134206852534990428e-01 -4.178431617399277487e-01 5.780040490678839404e-01
6.446561217308044434e-01 -6.919242143630981445e-01 -1.878877043724060059e+00 4.772261757867424792e-01 5.133949899964310726e-01 -4.178083507670319885e-01 5.780283183580284811e-01
6.446567177772521973e-01 -6.919333338737487793e-01 -1.878882527351379395e+00 4.772244920987776529e-01 5.133996922591648193e-01 -4.178035252595042048e-01 5.780290150309719266e-01
6.446569561958312988e-01 -6.919438242912292480e-01 -1.878889083862304688e+00 4.772272252223963562e-01 5.134050715828715195e-01 -4.178007421550885558e-01 5.780239833581394260e-01
6.446756720542907715e-01 -6.919870376586914062e-01 -1.879014968872070312e+00 4.772033715801576870e-01 5.133898397089865506e-01 -4.177879492175681775e-01 5.780664521635594522e-01
6.446744799613952637e-01 -6.919957995414733887e-01 -1.879025340080261230e+00 4.772035418595081402e-01 5.133869898651526320e-01 -4.177872771037163258e-01 5.780693294617508249e-01
6.446673870086669922e-01 -6.919659972190856934e-01 -1.879026412963867188e+00 4.772080915646375043e-01 5.133936989965220965e-01 -4.177647224263587589e-01 5.780759337201561987e-01
6.446648836135864258e-01 -6.919770240783691406e-01 -1.879039645195007324e+00 4.772157017948203128e-01 5.133917180851278461e-01 -4.177510736287761706e-01 5.780812660053010754e-01
6.446620821952819824e-01 -6.919855475425720215e-01 -1.879051446914672852e+00 4.772169800752018576e-01 5.133958743891655629e-01 -4.177553721943155218e-01 5.780734061694104975e-01
6.446875333786010742e-01 -6.920135021209716797e-01 -1.879191279411315918e+00 4.771961519725423928e-01 5.134213858716772938e-01 -4.177492804587066288e-01 5.780723601532300471e-01
6.446838378906250000e-01 -6.920177936553955078e-01 -1.879206895828247070e+00 4.771890903421729946e-01 5.134321480942304339e-01 -4.177457274730436709e-01 5.780711835944314370e-01
6.446806788444519043e-01 -6.920247673988342285e-01 -1.879222393035888672e+00 4.771964964396434028e-01 5.134244472394408065e-01 -4.177415079714253965e-01 5.780749367059259125e-01
6.446776986122131348e-01 -6.920306086540222168e-01 -1.879238367080688477e+00 4.771948443614534296e-01 5.134351333474297396e-01 -4.177347806621385384e-01 5.780717036824173372e-01
6.446642875671386719e-01 -6.919603943824768066e-01 -1.879075050354003906e+00 4.772388991236469757e-01 5.133979666658932128e-01 -4.177703907140960515e-01 5.780425977737003729e-01
6.446643471717834473e-01 -6.919654607772827148e-01 -1.879085659980773926e+00 4.772325855534504946e-01 5.133988063483572173e-01 -4.177773149052582680e-01 5.780420603955579439e-01
6.446630358695983887e-01 -6.919698119163513184e-01 -1.879097223281860352e+00 4.772380594982708057e-01 5.134011741240168680e-01 -4.177857306238625945e-01 5.780293689135216351e-01
6.446712613105773926e-01 -6.919562220573425293e-01 -1.879012823104858398e+00 4.772106740213982179e-01 5.133871175597120029e-01 -4.178282851044715640e-01 5.780336954350636658e-01
6.446729302406311035e-01 -6.919612884521484375e-01 -1.879022240638732910e+00 4.772085643411598244e-01 5.133909787146740955e-01 -4.178334656129919500e-01 5.780282570770893802e-01
6.446748375892639160e-01 -6.919660568237304688e-01 -1.879031300544738770e+00 4.772089668595015932e-01 5.133900341133639245e-01 -4.178284683612072947e-01 5.780323753029339429e-01
6.446884870529174805e-01 -6.920058131217956543e-01 -1.879064083099365234e+00 4.772251561097217709e-01 5.134080496349708866e-01 -4.178295394747538749e-01 5.780022475126189718e-01
6.446895599365234375e-01 -6.920133233070373535e-01 -1.879073977470397949e+00 4.772242730383884357e-01 5.134104816131341842e-01 -4.178344811309963047e-01 5.779972438722517092e-01
6.446765065193176270e-01 -6.919915080070495605e-01 -1.879003405570983887e+00 4.772390767083716789e-01 5.134233256236515608e-01 -4.178316678526127759e-01 5.779756420587411903e-01
6.446787118911743164e-01 -6.920008659362792969e-01 -1.879012942314147949e+00 4.772445027680219387e-01 5.134263785812449576e-01 -4.178276588447267237e-01 5.779713812566364961e-01
6.446811556816101074e-01 -6.920087933540344238e-01 -1.879022359848022461e+00 4.772501512296051240e-01 5.134277742463413396e-01 -4.178169920670315451e-01 5.779731465434754245e-01
6.447458267211914062e-01 -6.920624971389770508e-01 -1.879206776618957520e+00 4.772437148662279638e-01 5.134402490506612127e-01 -4.178163120415954168e-01 5.779678861225362452e-01
6.447504758834838867e-01 -6.920697689056396484e-01 -1.879219651222229004e+00 4.772461849218023189e-01 5.134312748204659105e-01 -4.178146881742822449e-01 5.779749993810592290e-01
6.446855068206787109e-01 -6.919407844543457031e-01 -1.878946185111999512e+00 4.772475641078479103e-01 5.134310975607117022e-01 -4.178054329809245959e-01 5.779806743458378859e-01
6.446852684020996094e-01 -6.919359564781188965e-01 -1.878979563713073730e+00 4.772621958213360549e-01 5.134242265308840425e-01 -4.178360072736664876e-01 5.779525851824647287e-01
6.446922421455383301e-01 -6.919427514076232910e-01 -1.878988623619079590e+00 4.772610762125368833e-01 5.134148751737489524e-01 -4.178395164786080640e-01 5.779593112296645963e-01
6.446276903152465820e-01 -6.918644309043884277e-01 -1.878770947456359863e+00 4.772475558142047491e-01 5.134297492528399065e-01 -4.178061974024154246e-01 5.779813400757021213e-01
6.446045041084289551e-01 -6.918293833732604980e-01 -1.878788471221923828e+00 4.772513050140622104e-01 5.134442005196201420e-01 -4.177959134612676539e-01 5.779728693786486682e-01
6.446068882942199707e-01 -6.918298602104187012e-01 -1.878797531127929688e+00 4.772545360835571127e-01 5.134369713792465983e-01 -4.177905324803350418e-01 5.779805010166298995e-01
6.445913314819335938e-01 -6.918559670448303223e-01 -1.878812670707702637e+00 4.772283614985659561e-01 5.134449216750651690e-01 -4.178067728617142484e-01 5.779833033963083233e-01
6.446111798286437988e-01 -6.918925642967224121e-01 -1.878843069076538086e+00 4.772390396302478299e-01 5.134391364009220915e-01 -4.178226922822290135e-01 5.779680878991823034e-01
6.446130275726318359e-01 -6.918964385986328125e-01 -1.878852486610412598e+00 4.772388342369041636e-01 5.134392578485611480e-01 -4.178260569213287368e-01 5.779657606891551724e-01
6.445794701576232910e-01 -6.918444037437438965e-01 -1.878734707832336426e+00 4.772419336667279577e-01 5.134337528157952857e-01 -4.178174343192319617e-01 5.779742974604900052e-01
6.445877552032470703e-01 -6.918578147888183594e-01 -1.878725290298461914e+00 4.772562372282211918e-01 5.134172626968999120e-01 -4.178614640232116706e-01 5.779453176151005955e-01
6.445895433425903320e-01 -6.918591260910034180e-01 -1.878734588623046875e+00 4.772483993257580770e-01 5.134124767560372948e-01 -4.178594748666179526e-01 5.779574710409234317e-01
6.445672512054443359e-01 -6.917821168899536133e-01 -1.878599286079406738e+00 4.772613362352067790e-01 5.133768963236624572e-01 -4.178417709972261362e-01 5.779911786536996443e-01
6.445724368095397949e-01 -6.917830109596252441e-01 -1.878607749938964844e+00 4.772563577277709745e-01 5.133784983308989913e-01 -4.178463248613835668e-01 5.779906005055986951e-01
6.445790529251098633e-01 -6.917851567268371582e-01 -1.878616571426391602e+00 4.772684260670336243e-01 5.133807662940469418e-01 -4.178356107821684651e-01 5.779863548057254663e-01
6.445060372352600098e-01 -6.917511224746704102e-01 -1.878509879112243652e+00 4.772557366913040555e-01 5.134257617007040864e-01 -4.178186745897614629e-01 5.779691221393026268e-01
6.445060968399047852e-01 -6.917546391487121582e-01 -1.878515601158142090e+00 4.772606586148569474e-01 5.134263861147642105e-01 -4.178134212095463429e-01 5.779683015894280240e-01
6.445074677467346191e-01 -6.917589306831359863e-01 -1.878520607948303223e+00 4.772525514884278786e-01 5.134255869701587205e-01 -4.178243356261779895e-01 5.779678277665750707e-01
6.444888710975646973e-01 -6.917430162429809570e-01 -1.878448724746704102e+00 4.772470894185126822e-01 5.134307552137018504e-01 -4.178179943555679343e-01 5.779723037941707497e-01
6.444920301437377930e-01 -6.917492747306823730e-01 -1.878451824188232422e+00 4.772442110249706659e-01 5.134220730950311840e-01 -4.178255647091863589e-01 5.779769215533578919e-01
6.444948911666870117e-01 -6.917573809623718262e-01 -1.878456592559814453e+00 4.772420087982571779e-01 5.134215438561029465e-01 -4.178353376614498682e-01 5.779721496234019318e-01
6.444829106330871582e-01 -6.917707324028015137e-01 -1.878417134284973145e+00 4.772158486508703001e-01 5.134391114439009751e-01 -4.178492185886034660e-01 5.779681075228793041e-01
6.444870233535766602e-01 -6.917780041694641113e-01 -1.878418684005737305e+00 4.772043683721682306e-01 5.134435237485052150e-01 -4.178589508729043112e-01 5.779666175165834030e-01
6.444900631904602051e-01 -6.917878389358520508e-01 -1.878422260284423828e+00 4.772119020617752172e-01 5.134322755246213399e-01 -4.178488803491025583e-01 5.779776765805847427e-01
6.445237994194030762e-01 -6.918642520904541016e-01 -1.878582119941711426e+00 4.772085253090601054e-01 5.134028791464994024e-01 -4.178315091514890889e-01 5.780191435213207773e-01
6.445253491401672363e-01 -6.918745040893554688e-01 -1.878589868545532227e+00 4.772029378310506664e-01 5.134104810594549706e-01 -4.178276581677261015e-01 5.780197599058292113e-01
6.445264220237731934e-01 -6.918831467628479004e-01 -1.878595948219299316e+00 4.772086438690530397e-01 5.134105555730490433e-01 -4.178218971259249348e-01 5.780191716566891458e-01
6.445718407630920410e-01 -6.919058561325073242e-01 -1.878772854804992676e+00 4.771921866796645095e-01 5.134601036160122423e-01 -4.178138313260542636e-01 5.779945884860583361e-01
6.445735692977905273e-01 -6.919116377830505371e-01 -1.878781318664550781e+00 4.771937514300330641e-01 5.134591845107925323e-01 -4.178074181828180245e-01 5.779987043326690888e-01
6.445758938789367676e-01 -6.919178366661071777e-01 -1.878790974617004395e+00 4.771933869563644293e-01 5.134598011254749572e-01 -4.178045053377973939e-01 5.780005939369327050e-01
6.445977687835693359e-01 -6.918954253196716309e-01 -1.878802657127380371e+00 4.772271827766476071e-01 5.134965495402431523e-01 -4.178145024655801065e-01 5.779328203145264187e-01
6.446003913879394531e-01 -6.918986439704895020e-01 -1.878810524940490723e+00 4.772344833899150318e-01 5.134898568044713452e-01 -4.178208736471351048e-01 5.779281125180850687e-01
6.446013450622558594e-01 -6.919015049934387207e-01 -1.878819584846496582e+00 4.772409925701420197e-01 5.134928769565627604e-01 -4.178096483396198657e-01 5.779281686364640125e-01
6.445938944816589355e-01 -6.918689012527465820e-01 -1.878804206848144531e+00 4.772024045484249410e-01 5.135134285377868091e-01 -4.178278362567063309e-01 5.779286597229236211e-01
6.445926427841186523e-01 -6.918677091598510742e-01 -1.878811955451965332e+00 4.772082320803091582e-01 5.135109462127760427e-01 -4.178320157007999192e-01 5.779230190878271722e-01
6.445930600166320801e-01 -6.918650865554809570e-01 -1.878818750381469727e+00 4.772179456137239928e-01 5.135083268096755083e-01 -4.178326364635254753e-01 5.779168723613380410e-01
6.446643471717834473e-01 -6.919280886650085449e-01 -1.878962755203247070e+00 4.771943559580343330e-01 5.134803321653179653e-01 -4.178594744966802055e-01 5.779418422736177785e-01
6.446675658226013184e-01 -6.919287443161010742e-01 -1.878971576690673828e+00 4.771987618169472589e-01 5.134849309246994897e-01 -4.178550622356482780e-01 5.779372713234347536e-01
6.446684598922729492e-01 -6.919279694557189941e-01 -1.878977417945861816e+00 4.771975737515782301e-01 5.134757489783813300e-01 -4.178656656419157400e-01 5.779387609404897930e-01
6.446721553802490234e-01 -6.919027566909790039e-01 -1.878965497016906738e+00 4.772058603849041458e-01 5.134289650734935595e-01 -4.178698459148381672e-01 5.779704467361989062e-01
6.446760892868041992e-01 -6.919052600860595703e-01 -1.878974914550781250e+00 4.772033623099334321e-01 5.134250579942579717e-01 -4.178615882860629016e-01 5.779819696893694347e-01
6.446784734725952148e-01 -6.919113397598266602e-01 -1.878984332084655762e+00 4.772031071347422881e-01 5.134241315558391028e-01 -4.178613979845460236e-01 5.779831140505719000e-01
6.447131037712097168e-01 -6.919803023338317871e-01 -1.879119634628295898e+00 4.772080086213397188e-01 5.134158560273930361e-01 -4.178456696392679470e-01 5.779977981667429043e-01
6.447142958641052246e-01 -6.919884681701660156e-01 -1.879130840301513672e+00 4.772106491385450511e-01 5.134201575332266732e-01 -4.178442397238262829e-01 5.779928513405104828e-01
6.447149515151977539e-01 -6.919967532157897949e-01 -1.879140853881835938e+00 4.772163731363942007e-01 5.134157225260408408e-01 -4.178475571817094059e-01 5.779896812063759493e-01
6.447705030441284180e-01 -6.920633316040039062e-01 -1.879278063774108887e+00 4.771998220469124141e-01 5.134060696475656327e-01 -4.178415652904671762e-01 5.780162426447957857e-01
6.447718739509582520e-01 -6.920756101608276367e-01 -1.879289627075195312e+00 4.772030027226744631e-01 5.134016818576964125e-01 -4.178461886518910484e-01 5.780141503920541712e-01
6.447725892066955566e-01 -6.920883059501647949e-01 -1.879302382469177246e+00 4.772108979670184326e-01 5.133988211327652484e-01 -4.178481280071002502e-01 5.780087560099409494e-01
6.446967124938964844e-01 -6.920262575149536133e-01 -1.879060983657836914e+00 4.772203435950843065e-01 5.134319842270681500e-01 -4.178496153176841643e-01 5.779704269269363426e-01
6.446972489356994629e-01 -6.920360922813415527e-01 -1.879067540168762207e+00 4.772131847434034069e-01 5.134372871793210225e-01 -4.178447205625087091e-01 5.779751706842644055e-01
6.446978449821472168e-01 -6.920460462570190430e-01 -1.879075050354003906e+00 4.772120611164359372e-01 5.134438276025308223e-01 -4.178406614950743725e-01 5.779732255700715804e-01
6.447175741195678711e-01 -6.920146346092224121e-01 -1.879114389419555664e+00 4.772342150587393084e-01 5.134394633580792178e-01 -4.178125610023469272e-01 5.779791335329347302e-01
6.447188854217529297e-01 -6.920197010040283203e-01 -1.879122614860534668e+00 4.772297109754657929e-01 5.134406761926902929e-01 -4.178133194298240261e-01 5.779812006510028910e-01
6.447203755378723145e-01 -6.920244097709655762e-01 -1.879131674766540527e+00 4.772319493618515374e-01 5.134445669586443772e-01 -4.178083153833313523e-01 5.779795201119434234e-01
6.446990370750427246e-01 -6.919766664505004883e-01 -1.878992795944213867e+00 4.772512011003966492e-01 5.134249119229635783e-01 -4.178388812615937420e-01 5.779589917571765767e-01
6.447015404701232910e-01 -6.919781565666198730e-01 -1.878996968269348145e+00 4.772565977510750401e-01 5.134240331122127410e-01 -4.178410098322721256e-01 5.779537716483684751e-01
6.447052955627441406e-01 -6.919791102409362793e-01 -1.879000067710876465e+00 4.772556654647605034e-01 5.134143215778151914e-01 -4.178400853963494810e-01 5.779638342070468893e-01
6.446868777275085449e-01 -6.919366717338562012e-01 -1.878953695297241211e+00 4.772552244453775461e-01 5.134600888200284707e-01 -4.178440465023500194e-01 5.779207112524271661e-01
6.446892023086547852e-01 -6.919351816177368164e-01 -1.878957748413085938e+00 4.772502468499029149e-01 5.134607025768379573e-01 -4.178465077123759697e-01 5.779224807845851908e-01
6.446921825408935547e-01 -6.919342279434204102e-01 -1.878962397575378418e+00 4.772547502515154805e-01 5.134621142615798384e-01 -4.178416750444362004e-01 5.779210122683804407e-01
6.447457671165466309e-01 -6.919884085655212402e-01 -1.879128098487854004e+00 4.772521309561486569e-01 5.134624303146074764e-01 -4.178514383399290488e-01 5.779158241509908533e-01
6.447514295578002930e-01 -6.919900178909301758e-01 -1.879135251045227051e+00 4.772453726296063126e-01 5.134569211963718738e-01 -4.178539912747876173e-01 5.779244647236868593e-01
6.447563767433166504e-01 -6.919913887977600098e-01 -1.879143476486206055e+00 4.772411940596138491e-01 5.134575061107659044e-01 -4.178656274849540941e-01 5.779189712862176087e-01
6.447229385375976562e-01 -6.919495463371276855e-01 -1.879043579101562500e+00 4.772652653410082713e-01 5.134579641993055610e-01 -4.178742207508338025e-01 5.778924460945473740e-01
6.447269320487976074e-01 -6.919485926628112793e-01 -1.879050970077514648e+00 4.772607791132904009e-01 5.134494782867179419e-01 -4.178809197236125761e-01 5.778988656590002826e-01
6.446015238761901855e-01 -6.918194890022277832e-01 -1.878675699234008789e+00 4.772572724500819819e-01 5.134556657379133471e-01 -4.178474441907020220e-01 5.779204597864733284e-01
6.446262598037719727e-01 -6.918365359306335449e-01 -1.878787279129028320e+00 4.772652902210139936e-01 5.134273567353874190e-01 -4.178655738984911605e-01 5.779259093340298747e-01
6.446280479431152344e-01 -6.918337941169738770e-01 -1.878789424896240234e+00 4.772618821359983499e-01 5.134248086394287425e-01 -4.178732333626691275e-01 5.779254582983692767e-01
6.445947885513305664e-01 -6.918693780899047852e-01 -1.878784775733947754e+00 4.772417102235385622e-01 5.134351362771717442e-01 -4.178615536124926089e-01 5.779413852813952701e-01
6.446434855461120605e-01 -6.919150948524475098e-01 -1.878957509994506836e+00 4.772339706333006970e-01 5.134157575036719656e-01 -4.178268648311337374e-01 5.779900574316203521e-01
6.446409225463867188e-01 -6.919126510620117188e-01 -1.878968477249145508e+00 4.772424864198451244e-01 5.134152919843326668e-01 -4.178122356512589675e-01 5.779940013444735403e-01
6.447062492370605469e-01 -6.919875741004943848e-01 -1.879134178161621094e+00 4.772528607891949326e-01 5.133935889607801339e-01 -4.178356797144410772e-01 5.779877597095773867e-01
6.447067856788635254e-01 -6.919884085655212402e-01 -1.879143238067626953e+00 4.772436363199097364e-01 5.134022668830392488e-01 -4.178447238337594238e-01 5.779811497084728078e-01
6.447075009346008301e-01 -6.919909119606018066e-01 -1.879152178764343262e+00 4.772413872552502823e-01 5.134016096232791870e-01 -4.178475750483471862e-01 5.779815122433806795e-01
6.447446942329406738e-01 -6.920116543769836426e-01 -1.879092216491699219e+00 4.772552571315625825e-01 5.133924030105496694e-01 -4.178688710933952666e-01 5.779628456305377915e-01
6.447512507438659668e-01 -6.920184493064880371e-01 -1.879097580909729004e+00 4.772491150165778517e-01 5.133898204690129363e-01 -4.178758179517559346e-01 5.779652062696257753e-01
6.447551846504211426e-01 -6.920241713523864746e-01 -1.879104852676391602e+00 4.772532105817766657e-01 5.133916139771292908e-01 -4.178753932399215110e-01 5.779605352514022298e-01
6.446795463562011719e-01 -6.919136047363281250e-01 -1.878977656364440918e+00 4.772253595574161844e-01 5.134484378398974647e-01 -4.178243888340191226e-01 5.779699295561084860e-01
6.446813941001892090e-01 -6.919152736663818359e-01 -1.878983378410339355e+00 4.772225747071037194e-01 5.134475302605506775e-01 -4.178297856101554908e-01 5.779691260095223271e-01
6.446815729141235352e-01 -6.919153928756713867e-01 -1.878988742828369141e+00 4.772195766326720046e-01 5.134507212925437658e-01 -4.178257206281562053e-01 5.779717148978761321e-01
6.447082757949829102e-01 -6.919268369674682617e-01 -1.879075169563293457e+00 4.772548073304312410e-01 5.134287673089942272e-01 -4.178783663280358773e-01 5.779240693180682786e-01
6.447101831436157227e-01 -6.919260025024414062e-01 -1.879082560539245605e+00 4.772567011757135602e-01 5.134311388886712013e-01 -4.178727194291897984e-01 5.779244689486658926e-01
6.447129249572753906e-01 -6.919229030609130859e-01 -1.879090666770935059e+00 4.772487544880713584e-01 5.134353314595682116e-01 -4.178817693884298579e-01 5.779207636525651726e-01
6.447184085845947266e-01 -6.919748783111572266e-01 -1.879163861274719238e+00 4.772436572981202385e-01 5.134156125577776786e-01 -4.178755151390994294e-01 5.779470127569065196e-01
