repeatability steamvr; 20211020-215018; x y z w i j k;  frequency = 150 duration = 2 sys.args = ['.\\repeatability.py']
6.446954607963562012e-01 -6.918991208076477051e-01 -1.879000902175903320e+00 4.773191041015636404e-01 5.133302315719653341e-01 -4.178285855055884346e-01 5.779944692608186552e-01
6.447010040283203125e-01 -6.919085383415222168e-01 -1.879002332687377930e+00 4.773167110064802654e-01 5.133265566273186309e-01 -4.178377591668774871e-01 5.779931018764165040e-01
6.447066068649291992e-01 -6.919168233871459961e-01 -1.879004359245300293e+00 4.773206742893116861e-01 5.133250450097246453e-01 -4.178392378894009718e-01 5.779900977463925393e-01
6.446316242218017578e-01 -6.918446421623229980e-01 -1.878835320472717285e+00 4.772890539369589735e-01 5.133769922846737055e-01 -4.178136888938686622e-01 5.779885327736452583e-01
6.446337103843688965e-01 -6.918503642082214355e-01 -1.878834366798400879e+00 4.772899817676941048e-01 5.133746823158699124e-01 -4.178044784077675766e-01 5.779964669939532396e-01
6.446352601051330566e-01 -6.918560862541198730e-01 -1.878833174705505371e+00 4.772847918437901904e-01 5.133736641826780467e-01 -4.178029491271053053e-01 5.780027637494066228e-01
6.445329189300537109e-01 -6.917635202407836914e-01 -1.878547787666320801e+00 4.772694954111830756e-01 5.133770968406677904e-01 -4.177788268007661676e-01 5.780297692638081131e-01
6.445292830467224121e-01 -6.917653083801269531e-01 -1.878544092178344727e+00 4.772663849399802483e-01 5.133840582967773569e-01 -4.177787083833361947e-01 5.780262617349744003e-01
6.445251703262329102e-01 -6.917657256126403809e-01 -1.878540515899658203e+00 4.772606673961203305e-01 5.133855447694021246e-01 -4.177776718290255320e-01 5.780303920493109482e-01
6.445808410644531250e-01 -6.918545365333557129e-01 -1.878805160522460938e+00 4.772358357767441661e-01 5.134296890514516987e-01 -4.177846095849034880e-01 5.780066928772560342e-01
6.445744633674621582e-01 -6.918620467185974121e-01 -1.878803133964538574e+00 4.772337627983981312e-01 5.134305900387089450e-01 -4.177855578648893564e-01 5.780069047176017438e-01
6.445678472518920898e-01 -6.918687820434570312e-01 -1.878802061080932617e+00 4.772341223624799178e-01 5.134320005348596005e-01 -4.177867886796426955e-01 5.780044474735482884e-01
6.446409225463867188e-01 -6.919442415237426758e-01 -1.878976821899414062e+00 4.772185710903898981e-01 5.134141187226761716e-01 -4.177998645978357461e-01 5.780237358496234101e-01
6.446372270584106445e-01 -6.919533610343933105e-01 -1.878976941108703613e+00 4.772198869305903091e-01 5.134086801898736230e-01 -4.177929750144026566e-01 5.780324462919989026e-01
6.446340084075927734e-01 -6.919635534286499023e-01 -1.878977775573730469e+00 4.772140439283703572e-01 5.134119148155452672e-01 -4.177877158533236934e-01 5.780382395720751187e-01
6.446851491928100586e-01 -6.919834017753601074e-01 -1.879072427749633789e+00 4.772241149635684798e-01 5.134011352270013706e-01 -4.177965800904853699e-01 5.780330743743821165e-01
6.446849107742309570e-01 -6.919944882392883301e-01 -1.879073977470397949e+00 4.772252107527561460e-01 5.134054562904878383e-01 -4.177950587168022256e-01 5.780294286876654919e-01
6.446834802627563477e-01 -6.920043230056762695e-01 -1.879074215888977051e+00 4.772202357715626397e-01 5.133975396184206064e-01 -4.178027396489007450e-01 5.780350213506025847e-01
6.447119712829589844e-01 -6.919882893562316895e-01 -1.879167914390563965e+00 4.772444793505261074e-01 5.133633914380519858e-01 -4.177874168645405173e-01 5.780564073228522393e-01
6.447110176086425781e-01 -6.919950842857360840e-01 -1.879173159599304199e+00 4.772415487394217615e-01 5.133747915077151447e-01 -4.177800923338614858e-01 5.780539972212597188e-01
6.447108387947082520e-01 -6.920017004013061523e-01 -1.879175543785095215e+00 4.772366197885659078e-01 5.133723801886214133e-01 -4.177827523476738691e-01 5.780582540163998750e-01
6.447334885597229004e-01 -6.920124292373657227e-01 -1.879287600517272949e+00 4.772337662135263670e-01 5.133906393657512446e-01 -4.177875376010510844e-01 5.780409699005181201e-01
6.447301506996154785e-01 -6.920167803764343262e-01 -1.879292011260986328e+00 4.772261928626548855e-01 5.133926451552868198e-01 -4.177882350292101421e-01 5.780449364440196636e-01
6.447260379791259766e-01 -6.920227408409118652e-01 -1.879296422004699707e+00 4.772282185494156059e-01 5.133852236789098189e-01 -4.177968047268726393e-01 5.780436420269220443e-01
6.447498202323913574e-01 -6.920673251152038574e-01 -1.879391670227050781e+00 4.771785735740907142e-01 5.134238443749145064e-01 -4.177908930006709598e-01 5.780545856145401507e-01
6.447438001632690430e-01 -6.920736432075500488e-01 -1.879396796226501465e+00 4.771759865521929544e-01 5.134250157797993763e-01 -4.177882943332987264e-01 5.780575673167849260e-01
6.447367072105407715e-01 -6.920791864395141602e-01 -1.879402160644531250e+00 4.771668064635251061e-01 5.134301630584050535e-01 -4.177869791450192771e-01 5.780615214963371606e-01
6.447865366935729980e-01 -6.921067237854003906e-01 -1.879520773887634277e+00 4.771270207850314971e-01 5.134262511375380367e-01 -4.178233548266802044e-01 5.780715789105719260e-01
6.448071002960205078e-01 -6.921451091766357422e-01 -1.879562377929687500e+00 4.771324095686600986e-01 5.134340834116257746e-01 -4.178291762343084859e-01 5.780559346597636816e-01
6.448029279708862305e-01 -6.921519637107849121e-01 -1.879567146301269531e+00 4.771300438401198662e-01 5.134375280065145430e-01 -4.178330515142033019e-01 5.780520393318546724e-01
6.448428630828857422e-01 -6.921398639678955078e-01 -1.879610776901245117e+00 4.771475552235713291e-01 5.134374879656330437e-01 -4.178211522453287863e-01 5.780462365820843162e-01
6.448426842689514160e-01 -6.921467781066894531e-01 -1.879615306854248047e+00 4.771539533595317573e-01 5.134284897193480690e-01 -4.178179309307250566e-01 5.780512466392428994e-01
6.448438167572021484e-01 -6.921513676643371582e-01 -1.879620552062988281e+00 4.771456936387668546e-01 5.134399544661956138e-01 -4.178136710832479062e-01 5.780510058288715891e-01
6.448833346366882324e-01 -6.921769976615905762e-01 -1.879692077636718750e+00 4.771261385080389772e-01 5.134893686732652229e-01 -4.177810597945603166e-01 5.780467963300973677e-01
6.448865532875061035e-01 -6.921806335449218750e-01 -1.879696369171142578e+00 4.771311471650591662e-01 5.134781379545799718e-01 -4.177769083922868720e-01 5.780556370937018906e-01
6.448898911476135254e-01 -6.921856999397277832e-01 -1.879701495170593262e+00 4.771273189435356610e-01 5.134899843356850457e-01 -4.177735379451747444e-01 5.780506910998005621e-01
6.449081301689147949e-01 -6.921460628509521484e-01 -1.879697799682617188e+00 4.771263175986887872e-01 5.135269377024551662e-01 -4.177742976098831051e-01 5.780181317658626972e-01
6.449135541915893555e-01 -6.921499371528625488e-01 -1.879704475402832031e+00 4.771321128772752496e-01 5.135274457091791867e-01 -4.177709097521120074e-01 5.780153623954966680e-01
6.449180245399475098e-01 -6.921532154083251953e-01 -1.879711270332336426e+00 4.771267763046787014e-01 5.135309049152394500e-01 -4.177679542612382502e-01 5.780188331127067425e-01
6.448515057563781738e-01 -6.920750141143798828e-01 -1.879586577415466309e+00 4.771125308379521313e-01 5.135728856905641404e-01 -4.177575426160772820e-01 5.780008227112430896e-01
6.448515653610229492e-01 -6.920756101608276367e-01 -1.879593253135681152e+00 4.771206281438019614e-01 5.135686709768084723e-01 -4.177551218718733583e-01 5.779996293199600732e-01
6.448501944541931152e-01 -6.920751333236694336e-01 -1.879599213600158691e+00 4.771207047584062333e-01 5.135719751675316136e-01 -4.177603797485808790e-01 5.779928295572440700e-01
6.448463201522827148e-01 -6.920984387397766113e-01 -1.879615902900695801e+00 4.770943710575220598e-01 5.135430228721170609e-01 -4.177673455687163084e-01 5.780352697342254764e-01
6.448409557342529297e-01 -6.921002864837646484e-01 -1.879620671272277832e+00 4.770979038067882372e-01 5.135402223965757074e-01 -4.177676487224195601e-01 5.780346165007300696e-01
6.448362469673156738e-01 -6.920991539955139160e-01 -1.879625439643859863e+00 4.770897070466409984e-01 5.135421569625077121e-01 -4.177687826108997249e-01 5.780388474643425312e-01
6.448376178741455078e-01 -6.920868754386901855e-01 -1.879548311233520508e+00 4.771042459996779339e-01 5.135336066761425622e-01 -4.177579101408617213e-01 5.780423107357716139e-01
6.448373198509216309e-01 -6.920846104621887207e-01 -1.879552602767944336e+00 4.771014575143587844e-01 5.135402915993829698e-01 -4.177591102852605820e-01 5.780377873136551825e-01
6.448372602462768555e-01 -6.920837163925170898e-01 -1.879554867744445801e+00 4.770937649387735346e-01 5.135418498637707163e-01 -4.177613720045924572e-01 5.780411302406933682e-01
6.448767781257629395e-01 -6.921889185905456543e-01 -1.879682183265686035e+00 4.770812812589950713e-01 5.135448759373383298e-01 -4.177979153611560692e-01 5.780223160589885723e-01
6.448782086372375488e-01 -6.921985745429992676e-01 -1.879684686660766602e+00 4.770713809513729697e-01 5.135526866500937926e-01 -4.178007759643244667e-01 5.780214894993910280e-01
6.448800563812255859e-01 -6.922097206115722656e-01 -1.879686474800109863e+00 4.770766717801927514e-01 5.135516007996291377e-01 -4.177949087559298391e-01 5.780223177338761342e-01
6.449749469757080078e-01 -6.922715306282043457e-01 -1.879881381988525391e+00 4.770864553397973218e-01 5.135343054114974715e-01 -4.177905107765920167e-01 5.780328002723016390e-01
6.449801921844482422e-01 -6.922793388366699219e-01 -1.879886507987976074e+00 4.770933047369872448e-01 5.135300447023050108e-01 -4.177889791116273233e-01 5.780320445588889022e-01
6.449849605560302734e-01 -6.922852396965026855e-01 -1.879892826080322266e+00 4.770876812597932837e-01 5.135359588859812474e-01 -4.177947078944150849e-01 5.780272858315279594e-01
6.449877619743347168e-01 -6.922397613525390625e-01 -1.879894375801086426e+00 4.770960610608837027e-01 5.135130166755983439e-01 -4.178038529107490628e-01 5.780341396474716342e-01
6.449921131134033203e-01 -6.922407150268554688e-01 -1.879899382591247559e+00 4.770965329723905191e-01 5.135029843831218077e-01 -4.178074530894318461e-01 5.780400409368354753e-01
6.449954509735107422e-01 -6.922395825386047363e-01 -1.879905819892883301e+00 4.770933310900177249e-01 5.135045127040539503e-01 -4.178138020612521819e-01 5.780367600798546057e-01
6.449502110481262207e-01 -6.922081708908081055e-01 -1.879766821861267090e+00 4.771309856435224650e-01 5.135119936625111015e-01 -4.177891517386773113e-01 5.780168411825733488e-01
6.449512839317321777e-01 -6.922067403793334961e-01 -1.879769086837768555e+00 4.771172897846709393e-01 5.135017447775168664e-01 -4.178019643884473555e-01 5.780279756756335763e-01
6.449506878852844238e-01 -6.922057271003723145e-01 -1.879773736000061035e+00 4.771317371329868440e-01 5.135077290007561412e-01 -4.178009001127680477e-01 5.780115155564781171e-01
6.448973417282104492e-01 -6.921246051788330078e-01 -1.879601240158081055e+00 4.771569903946524249e-01 5.134874620569990222e-01 -4.178005470813837552e-01 5.780089370875842736e-01
6.448970437049865723e-01 -6.921175718307495117e-01 -1.879604935646057129e+00 4.771606778484901445e-01 5.134904422838262317e-01 -4.177905729337442753e-01 5.780104388944035110e-01
6.448964476585388184e-01 -6.921113729476928711e-01 -1.879608273506164551e+00 4.771590178390545667e-01 5.134883106785628204e-01 -4.177992402844058484e-01 5.780074687473980566e-01
6.448164582252502441e-01 -6.920450925827026367e-01 -1.879377841949462891e+00 4.771930707862095389e-01 5.134622213150573655e-01 -4.178159378951534775e-01 5.779904535030471191e-01
6.448140740394592285e-01 -6.920399665832519531e-01 -1.879375934600830078e+00 4.771916016656583270e-01 5.134593981482553637e-01 -4.178178253326750302e-01 5.779928145500079495e-01
6.448116898536682129e-01 -6.920345425605773926e-01 -1.879374623298645020e+00 4.772020556944177594e-01 5.134623801539295318e-01 -4.178148471918242124e-01 5.779836693458444419e-01
6.447275280952453613e-01 -6.919708251953125000e-01 -1.879181623458862305e+00 4.772170698474358930e-01 5.134759170865519362e-01 -4.178094926131794562e-01 5.779631117754553404e-01
6.447249650955200195e-01 -6.919682025909423828e-01 -1.879176020622253418e+00 4.772163580117034232e-01 5.134703725971500043e-01 -4.178054632850573546e-01 5.779715303800074810e-01
6.447230577468872070e-01 -6.919636726379394531e-01 -1.879170656204223633e+00 4.772165082828032090e-01 5.134680685714199111e-01 -4.178111864392022312e-01 5.779693031341823772e-01
6.447821259498596191e-01 -6.920181512832641602e-01 -1.879251956939697266e+00 4.772154841940784431e-01 5.134740918453020164e-01 -4.178439483910694197e-01 5.779411565967651487e-01
6.447811126708984375e-01 -6.920136213302612305e-01 -1.879245042800903320e+00 4.772091649471911778e-01 5.134712813812232213e-01 -4.178464057929358599e-01 5.779470572067905154e-01
6.447788476943969727e-01 -6.920071244239807129e-01 -1.879239678382873535e+00 4.772161955432208669e-01 5.134761837971657528e-01 -4.178327089826202601e-01 5.779468211671813238e-01
6.447222828865051270e-01 -6.918848156929016113e-01 -1.879115462303161621e+00 4.772212764382908756e-01 5.134443833789196221e-01 -4.178100094647994589e-01 5.779872748508826374e-01
6.447160243988037109e-01 -6.918704509735107422e-01 -1.879111289978027344e+00 4.772211383659019646e-01 5.134357884841368458e-01 -4.178160006208919142e-01 5.779907284935797973e-01
6.447094082832336426e-01 -6.918542385101318359e-01 -1.879109025001525879e+00 4.772215999080774429e-01 5.134413539247563163e-01 -4.178089144198439686e-01 5.779904973537787205e-01
6.447059512138366699e-01 -6.918616890907287598e-01 -1.879073977470397949e+00 4.772358894428090914e-01 5.134328837226167508e-01 -4.178153259424418620e-01 5.779815668041479171e-01
6.447008252143859863e-01 -6.918482184410095215e-01 -1.879071354866027832e+00 4.772326777621318517e-01 5.134318566574350706e-01 -4.178205107878537605e-01 5.779813973716487752e-01
6.446965932846069336e-01 -6.918364167213439941e-01 -1.879069566726684570e+00 4.772251917252716691e-01 5.134381857387909642e-01 -4.178300234976740635e-01 5.779751053345369982e-01
6.446319222450256348e-01 -6.918092966079711914e-01 -1.879013299942016602e+00 4.772038160628043202e-01 5.134420265918103743e-01 -4.177570835112959236e-01 5.780420570785520518e-01
6.446226239204406738e-01 -6.917963624000549316e-01 -1.879011392593383789e+00 4.772066215145225887e-01 5.134496178149462464e-01 -4.177574691059892653e-01 5.780327103090635577e-01
6.446139216423034668e-01 -6.917834281921386719e-01 -1.879009366035461426e+00 4.771960539018350045e-01 5.134612124673562095e-01 -4.177449633761489145e-01 5.780401985641024920e-01
6.445755362510681152e-01 -6.917611956596374512e-01 -1.878790974617004395e+00 4.772346224341921794e-01 5.134310271055497754e-01 -4.178043671332161146e-01 5.779922225887458298e-01
6.445701122283935547e-01 -6.917535066604614258e-01 -1.878782987594604492e+00 4.772419746475635716e-01 5.134319763112025203e-01 -4.178011934486066670e-01 5.779875685522235518e-01
6.445653438568115234e-01 -6.917448639869689941e-01 -1.878774285316467285e+00 4.772321313400565423e-01 5.134351756637210995e-01 -4.178061889440247145e-01 5.779892485072145591e-01
6.445896029472351074e-01 -6.918148398399353027e-01 -1.878812670707702637e+00 4.772251775766289117e-01 5.134460317470809221e-01 -4.178438293486532173e-01 5.779581714201093012e-01
6.445865035057067871e-01 -6.918070316314697266e-01 -1.878802299499511719e+00 4.772321767126276870e-01 5.134473308505351774e-01 -4.178362727041341484e-01 5.779566892322550720e-01
6.445826888084411621e-01 -6.917988657951354980e-01 -1.878792047500610352e+00 4.772278360504545458e-01 5.134460629438640789e-01 -4.178377001100843091e-01 5.779603770544140540e-01
6.445215940475463867e-01 -6.917270421981811523e-01 -1.878646492958068848e+00 4.772213681612692548e-01 5.134451594772267979e-01 -4.178457674717125370e-01 5.779606577738400919e-01
6.445161104202270508e-01 -6.917192935943603516e-01 -1.878633499145507812e+00 4.772168176069311318e-01 5.134443295812100017e-01 -4.178482764989706610e-01 5.779633626230167298e-01
6.445112228393554688e-01 -6.917144656181335449e-01 -1.878620982170104980e+00 4.772227810832187500e-01 5.134376744083520849e-01 -4.178494014090655129e-01 5.779635132149030241e-01
6.445571780204772949e-01 -6.918181777000427246e-01 -1.878798007965087891e+00 4.772226371566231085e-01 5.134249353837531116e-01 -4.178142746777648298e-01 5.780003610020235660e-01
6.445498466491699219e-01 -6.918177604675292969e-01 -1.878791570663452148e+00 4.772268349165184609e-01 5.134249536002456482e-01 -4.178179763039032713e-01 5.779941800628850546e-01
6.445422768592834473e-01 -6.918182969093322754e-01 -1.878783822059631348e+00 4.772371823052772855e-01 5.134134349548375997e-01 -4.178229679466216040e-01 5.779923149079441158e-01
6.445779800415039062e-01 -6.918070912361145020e-01 -1.878742456436157227e+00 4.772471216173930775e-01 5.133832782081284574e-01 -4.178326644668022283e-01 5.780038587302610553e-01
6.445776820182800293e-01 -6.918058991432189941e-01 -1.878734588623046875e+00 4.772411067312575805e-01 5.133783076189889494e-01 -4.178369080301558847e-01 5.780101912568123002e-01
6.445141434669494629e-01 -6.917186975479125977e-01 -1.878522872924804688e+00 4.772501756225400737e-01 5.133862900170964583e-01 -4.178232621374279865e-01 5.780054405675572049e-01
6.445522904396057129e-01 -6.917571425437927246e-01 -1.878656983375549316e+00 4.772494662754832029e-01 5.133988487839363790e-01 -4.178067651469029031e-01 5.780068109472409343e-01
6.445503234863281250e-01 -6.917542815208435059e-01 -1.878649234771728516e+00 4.772419702567599065e-01 5.133896505164851076e-01 -4.178262541454574874e-01 5.780071002616968823e-01
6.445891857147216797e-01 -6.918202042579650879e-01 -1.878788471221923828e+00 4.772284585868723505e-01 5.133882615785132497e-01 -4.178339155188127152e-01 5.780139027908783866e-01
6.446220278739929199e-01 -6.918582916259765625e-01 -1.878893613815307617e+00 4.772331617354474975e-01 5.133824444486841942e-01 -4.178070822415392849e-01 5.780346181041763343e-01
6.446213722229003906e-01 -6.918576955795288086e-01 -1.878893017768859863e+00 4.772191155764301529e-01 5.133818737291607759e-01 -4.178014799807509005e-01 5.780507729143651297e-01
6.446221470832824707e-01 -6.918591260910034180e-01 -1.878892779350280762e+00 4.772181754106286644e-01 5.133878911506420950e-01 -4.177997270233442251e-01 5.780474543542728494e-01
6.446441411972045898e-01 -6.919197440147399902e-01 -1.878930211067199707e+00 4.772128241877520716e-01 5.133998665119624549e-01 -4.178307974806210745e-01 5.780187686791626867e-01
6.446468830108642578e-01 -6.919269561767578125e-01 -1.878927469253540039e+00 4.772082603785991473e-01 5.134047230164424658e-01 -4.178372992922226858e-01 5.780135432456442457e-01
6.446971297264099121e-01 -6.919821500778198242e-01 -1.879067063331604004e+00 4.772195776084519059e-01 5.134075905257123873e-01 -4.178253294618469726e-01 5.780102765390255914e-01
6.447444558143615723e-01 -6.920406818389892578e-01 -1.879207015037536621e+00 4.772123884956474549e-01 5.134016391485994868e-01 -4.178031072976913785e-01 5.780376257332785483e-01
6.447488665580749512e-01 -6.920516490936279297e-01 -1.879208326339721680e+00 4.772184417992586525e-01 5.133940869372901616e-01 -4.178133967484706779e-01 5.780318470285255028e-01
6.447854042053222656e-01 -6.920796632766723633e-01 -1.879285573959350586e+00 4.772241281364721366e-01 5.133982483867678415e-01 -4.178097687830294449e-01 5.780261031257930560e-01
6.447985172271728516e-01 -6.920869946479797363e-01 -1.879375696182250977e+00 4.772171357129229019e-01 5.133964087855606984e-01 -4.177910433528532752e-01 5.780470197651369491e-01
6.448014974594116211e-01 -6.920920014381408691e-01 -1.879383921623229980e+00 4.772120059839982109e-01 5.133950149393393669e-01 -4.177923025093884801e-01 5.780515979739251353e-01
6.448324918746948242e-01 -6.920969486236572266e-01 -1.879428863525390625e+00 4.771929893040523507e-01 5.133920813670926897e-01 -4.178185932477280207e-01 5.780508899831970915e-01
6.448636054992675781e-01 -6.921281218528747559e-01 -1.879506587982177734e+00 4.772045225502863919e-01 5.133877642178552581e-01 -4.178120784384100617e-01 5.780499133421005409e-01
6.448690295219421387e-01 -6.921336650848388672e-01 -1.879513502120971680e+00 4.772036472472704904e-01 5.133912774009069535e-01 -4.178164045674334637e-01 5.780443888379407369e-01
6.448436379432678223e-01 -6.921168565750122070e-01 -1.879425168037414551e+00 4.771930463903555908e-01 5.134123058353090574e-01 -4.178100105702433065e-01 5.780390834977615633e-01
6.448497176170349121e-01 -6.921255588531494141e-01 -1.879428982734680176e+00 4.771963739733229293e-01 5.134122677210494201e-01 -4.178078309221079922e-01 5.780379294581171612e-01
6.448561549186706543e-01 -6.921340823173522949e-01 -1.879433035850524902e+00 4.772028846491870313e-01 5.134128109474336288e-01 -4.178016153676431532e-01 5.780365770991168217e-01
6.448323130607604980e-01 -6.921079754829406738e-01 -1.879342436790466309e+00 4.772065449137120607e-01 5.134015917492347203e-01 -4.177848275225560792e-01 5.780556603877763377e-01
6.448233127593994141e-01 -6.921000480651855469e-01 -1.879364609718322754e+00 4.771954967037020379e-01 5.134081282329588936e-01 -4.177797925370513310e-01 5.780626110843994914e-01
6.448282599449157715e-01 -6.921070218086242676e-01 -1.879369616508483887e+00 4.771994200087675275e-01 5.134107928752345007e-01 -4.177759440035344607e-01 5.780597828497976431e-01
6.448572874069213867e-01 -6.921538710594177246e-01 -1.879457473754882812e+00 4.771980172638012330e-01 5.134304780114216094e-01 -4.177983435525794986e-01 5.780272774989140272e-01
6.448625922203063965e-01 -6.921631097793579102e-01 -1.879460811614990234e+00 4.771989194122545075e-01 5.134282834419483521e-01 -4.178027060424823191e-01 5.780253377199789933e-01
6.448674201965332031e-01 -6.921719312667846680e-01 -1.879464864730834961e+00 4.771951907811579630e-01 5.134329180087311428e-01 -4.177998267777087715e-01 5.780263568274730535e-01
6.447914838790893555e-01 -6.920746564865112305e-01 -1.879203796386718750e+00 4.771597014591600350e-01 5.134362676753682075e-01 -4.178027795352945994e-01 5.780505484438789310e-01
6.448032259941101074e-01 -6.920786499977111816e-01 -1.879302382469177246e+00 4.771675442341669071e-01 5.134096594880689368e-01 -4.178167027682301859e-01 5.780576727450549290e-01
6.448060870170593262e-01 -6.920808553695678711e-01 -1.879307389259338379e+00 4.771580555969611170e-01 5.134181592280898654e-01 -4.178094280962762475e-01 5.780631992054732216e-01
6.447514891624450684e-01 -6.919364333152770996e-01 -1.879070401191711426e+00 4.771659642715700977e-01 5.134293843828758863e-01 -4.177699865721155592e-01 5.780752088142960821e-01
6.447563767433166504e-01 -6.919329762458801270e-01 -1.879072427749633789e+00 4.771643033046324978e-01 5.134268961982836332e-01 -4.177685911852035416e-01 5.780797934970719476e-01
6.447582840919494629e-01 -6.919298768043518066e-01 -1.879074692726135254e+00 4.771625852419725256e-01 5.134258073851372117e-01 -4.177668554186483862e-01 5.780834285475363599e-01
6.447122693061828613e-01 -6.919415593147277832e-01 -1.879066348075866699e+00 4.771629629137608131e-01 5.134391513820317776e-01 -4.177801092267925398e-01 5.780616925677625195e-01
6.447111368179321289e-01 -6.919386386871337891e-01 -1.879067778587341309e+00 4.771592442486768948e-01 5.134360123482668570e-01 -4.177778141919368249e-01 5.780691760570261239e-01
6.447092294692993164e-01 -6.919322013854980469e-01 -1.879069447517395020e+00 4.771629546186472171e-01 5.134312050498071045e-01 -4.177750106031500321e-01 5.780724296627275383e-01
6.447075605392456055e-01 -6.919488906860351562e-01 -1.879104137420654297e+00 4.771466398029604039e-01 5.134480241854092464e-01 -4.177980474890970464e-01 5.780543020042709923e-01
6.447039842605590820e-01 -6.919451951980590820e-01 -1.879106402397155762e+00 4.771419397053006106e-01 5.134509970679287383e-01 -4.177963151936530672e-01 5.780568067737865690e-01
6.446999311447143555e-01 -6.919426918029785156e-01 -1.879107594490051270e+00 4.771475810856419808e-01 5.134455034843313781e-01 -4.177862382507401828e-01 5.780642989408507626e-01
6.446958184242248535e-01 -6.919517517089843750e-01 -1.879050135612487793e+00 4.771328965715530557e-01 5.134376442254918738e-01 -4.178112762241291134e-01 5.780652955057774545e-01
6.446953415870666504e-01 -6.919535994529724121e-01 -1.879049420356750488e+00 4.771406895261801617e-01 5.134338134085814076e-01 -4.178059669347392036e-01 5.780661015717990514e-01
6.446953415870666504e-01 -6.919553875923156738e-01 -1.879048824310302734e+00 4.771391387529926309e-01 5.134303284262848877e-01 -4.178137504844527395e-01 5.780648651579938235e-01
6.445885896682739258e-01 -6.917950510978698730e-01 -1.878768801689147949e+00 4.771431323009091563e-01 5.134734309257698026e-01 -4.177660553043867631e-01 5.780577822713925951e-01
6.445869207382202148e-01 -6.917901039123535156e-01 -1.878765106201171875e+00 4.771464612079030498e-01 5.134721115128921820e-01 -4.177697067299747657e-01 5.780535424394925847e-01
6.445845961570739746e-01 -6.917857527732849121e-01 -1.878760933876037598e+00 4.771475127707353603e-01 5.134683795376847604e-01 -4.177631022264428617e-01 5.780607902918818430e-01
6.446381807327270508e-01 -6.918775439262390137e-01 -1.878903031349182129e+00 4.771085921782859396e-01 5.134888352988348226e-01 -4.178006015816969621e-01 5.780476367374536295e-01
6.446369886398315430e-01 -6.918807029724121094e-01 -1.878898978233337402e+00 4.771099781060986200e-01 5.134910791079200232e-01 -4.178023471824754975e-01 5.780432325985602748e-01
6.446357965469360352e-01 -6.918841004371643066e-01 -1.878896474838256836e+00 4.771213547620698492e-01 5.134971602546769542e-01 -4.177946726496257757e-01 5.780339936911081944e-01
6.446610689163208008e-01 -6.919727325439453125e-01 -1.878966212272644043e+00 4.770795609452228581e-01 5.134794274821458115e-01 -4.177820557378660316e-01 5.780933418806124546e-01
6.446577310562133789e-01 -6.919817924499511719e-01 -1.878963470458984375e+00 4.770761354282049838e-01 5.134863532385155471e-01 -4.177853678531371351e-01 5.780876343840116727e-01
6.446545720100402832e-01 -6.919898986816406250e-01 -1.878961086273193359e+00 4.770764692451635591e-01 5.134907125242056392e-01 -4.177882067639955843e-01 5.780814437295622721e-01
6.446697711944580078e-01 -6.919323801994323730e-01 -1.878941774368286133e+00 4.770918294529767345e-01 5.134686714157099541e-01 -4.177583661816687277e-01 5.781098929141474940e-01
6.446718573570251465e-01 -6.919326186180114746e-01 -1.878941893577575684e+00 4.770889310897947211e-01 5.134602207266566465e-01 -4.177671898492985036e-01 5.781134049898205562e-01
6.446737647056579590e-01 -6.919327974319458008e-01 -1.878941535949707031e+00 4.770905205799164661e-01 5.134598328495533215e-01 -4.177551708368253403e-01 5.781211066255332875e-01
6.446542143821716309e-01 -6.919050812721252441e-01 -1.878882646560668945e+00 4.770933476826658137e-01 5.134718144051926281e-01 -4.177826558188458828e-01 5.780882943092763293e-01
6.446537375450134277e-01 -6.919038891792297363e-01 -1.878881335258483887e+00 4.770924463106237523e-01 5.134748624979256215e-01 -4.177845539181241352e-01 5.780849943132719826e-01
6.446562409400939941e-01 -6.919018030166625977e-01 -1.878877878189086914e+00 4.770916898790630301e-01 5.134651905133859051e-01 -4.177861533177241737e-01 5.780930242607174030e-01
6.446563005447387695e-01 -6.918998360633850098e-01 -1.878877639770507812e+00 4.770957989960707968e-01 5.134694202004599362e-01 -4.177916984991256188e-01 5.780818728444395704e-01
6.446239948272705078e-01 -6.918936371803283691e-01 -1.878886342048645020e+00 4.770956823601021912e-01 5.134613048353371401e-01 -4.177950332593882155e-01 5.780867654988317561e-01
6.446179747581481934e-01 -6.918889880180358887e-01 -1.878885388374328613e+00 4.770894971968007714e-01 5.134710380330373969e-01 -4.177942186299460903e-01 5.780838124315758053e-01
6.446108818054199219e-01 -6.918837428092956543e-01 -1.878882765769958496e+00 4.770901604195852963e-01 5.134681805976782920e-01 -4.177864151066710829e-01 5.780914223180123601e-01
6.445905566215515137e-01 -6.918666362762451172e-01 -1.878894567489624023e+00 4.770697650431514614e-01 5.134579714742929513e-01 -4.177701911044079397e-01 5.781290364639073420e-01
6.445802450180053711e-01 -6.918603181838989258e-01 -1.878895998001098633e+00 4.770799401468341361e-01 5.134600016879166118e-01 -4.177673950264468306e-01 5.781208603321504880e-01
6.446569561958312988e-01 -6.919215917587280273e-01 -1.879073977470397949e+00 4.770721618171717693e-01 5.134323090385876087e-01 -4.177807969350978423e-01 5.781421943842207645e-01
6.446486711502075195e-01 -6.919139623641967773e-01 -1.879077553749084473e+00 4.770710856861598015e-01 5.134321353236031005e-01 -4.177823796356615604e-01 5.781421085585867203e-01
6.446402668952941895e-01 -6.919053792953491211e-01 -1.879081368446350098e+00 4.770697489377263567e-01 5.134259165616653631e-01 -4.177938264984870642e-01 5.781404566699920311e-01
6.446291208267211914e-01 -6.918939352035522461e-01 -1.879085779190063477e+00 4.770784872710721047e-01 5.134279219851353160e-01 -4.177855649765903623e-01 5.781374181169004478e-01
6.446110606193542480e-01 -6.917526721954345703e-01 -1.878789305686950684e+00 4.771110995334735816e-01 5.134174264862135795e-01 -4.177972815660647710e-01 5.781113691663918308e-01
6.446095108985900879e-01 -6.917370557785034180e-01 -1.878787040710449219e+00 4.771109985172776180e-01 5.134169049360886028e-01 -4.177862904494110685e-01 5.781198968960611362e-01
6.446441411972045898e-01 -6.918231248855590820e-01 -1.878873467445373535e+00 4.770715859287688598e-01 5.134194615631465508e-01 -4.177838546838436029e-01 5.781518800470328845e-01
6.446410417556762695e-01 -6.918112039566040039e-01 -1.878870606422424316e+00 4.770675366328020472e-01 5.134201678540870617e-01 -4.177934369327443442e-01 5.781476901683089142e-01
6.446393132209777832e-01 -6.917981505393981934e-01 -1.878868818283081055e+00 4.770665951921876924e-01 5.134284219353464351e-01 -4.177858279619025561e-01 5.781466055901312018e-01
6.446418166160583496e-01 -6.917851567268371582e-01 -1.878781080245971680e+00 4.770755156212442838e-01 5.134353423246699188e-01 -4.178111167816825344e-01 5.781148643753157845e-01
6.446432471275329590e-01 -6.917737722396850586e-01 -1.878773450851440430e+00 4.770652306124471553e-01 5.134341650938065715e-01 -4.178238022644087946e-01 5.781151891793193665e-01
6.446444988250732422e-01 -6.917634606361389160e-01 -1.878765702247619629e+00 4.770503917758878165e-01 5.134389429129807558e-01 -4.178333160174997341e-01 5.781163276452766508e-01
6.445704698562622070e-01 -6.917387247085571289e-01 -1.878604292869567871e+00 4.770683179929378626e-01 5.134742973774515384e-01 -4.178242608182614615e-01 5.780766483308118486e-01
6.445685625076293945e-01 -6.917313933372497559e-01 -1.878593921661376953e+00 4.770632183870601173e-01 5.134725074266828226e-01 -4.178192473037547483e-01 5.780861269450717765e-01
6.445682644844055176e-01 -6.917239427566528320e-01 -1.878583908081054688e+00 4.770642271850831784e-01 5.134625542804513998e-01 -4.178253370267738243e-01 5.780896874052131595e-01
6.444965004920959473e-01 -6.916513442993164062e-01 -1.878379225730895996e+00 4.770730656677379944e-01 5.134478288757066133e-01 -4.178352983753691463e-01 5.780882580053907649e-01
6.444910764694213867e-01 -6.916405558586120605e-01 -1.878367900848388672e+00 4.770701071612957200e-01 5.134524744194929324e-01 -4.178384517679228916e-01 5.780843036810277003e-01
6.444860696792602539e-01 -6.916306614875793457e-01 -1.878356099128723145e+00 4.770744453542581365e-01 5.134531267558631873e-01 -4.178302325514505200e-01 5.780861176727762896e-01
6.445171833038330078e-01 -6.916357874870300293e-01 -1.878477811813354492e+00 4.770954344475721309e-01 5.134291941621763611e-01 -4.178500488014437186e-01 5.780757165679144549e-01
6.445129513740539551e-01 -6.916233301162719727e-01 -1.878468871116638184e+00 4.770996791998445286e-01 5.134348971431710318e-01 -4.178541081611069630e-01 5.780642136526980002e-01
6.445094943046569824e-01 -6.916114687919616699e-01 -1.878460049629211426e+00 4.770987207421817367e-01 5.134372757590716096e-01 -4.178608271878561098e-01 5.780580274108001460e-01
6.445057988166809082e-01 -6.916002035140991211e-01 -1.878449916839599609e+00 4.771046095654287722e-01 5.134320179604016099e-01 -4.178434030434538538e-01 5.780704479740974566e-01
6.444622278213500977e-01 -6.916375756263732910e-01 -1.878415465354919434e+00 4.771147053584620656e-01 5.134328278027276982e-01 -4.178034076951780418e-01 5.780902676044034072e-01
6.444550156593322754e-01 -6.916291117668151855e-01 -1.878405451774597168e+00 4.771137893868251934e-01 5.134266018637373419e-01 -4.178034524285577089e-01 5.780965463088402201e-01
6.444551348686218262e-01 -6.916318535804748535e-01 -1.878382682800292969e+00 4.771137196030855177e-01 5.134249984888203944e-01 -4.177952058558255799e-01 5.781039937796303985e-01
6.444483995437622070e-01 -6.916222572326660156e-01 -1.878371119499206543e+00 4.771094012873360879e-01 5.134276759183069583e-01 -4.177964184731157160e-01 5.781042954185360294e-01
6.444420218467712402e-01 -6.916139721870422363e-01 -1.878360390663146973e+00 4.771177885148543685e-01 5.134281982489186102e-01 -4.177897377246309607e-01 5.781017339501128838e-01
6.444690227508544922e-01 -6.917187571525573730e-01 -1.878428101539611816e+00 4.770941773143342890e-01 5.134453274007700907e-01 -4.177964293224326053e-01 5.781011956230170945e-01
6.444621682167053223e-01 -6.917189955711364746e-01 -1.878416895866394043e+00 4.771029640011885675e-01 5.134361585990544485e-01 -4.178022820051556785e-01 5.780978455906075064e-01
6.444543004035949707e-01 -6.917189955711364746e-01 -1.878407239913940430e+00 4.771138640505353523e-01 5.134343638903788865e-01 -4.177983977541114280e-01 5.780932311510855737e-01
6.445138454437255859e-01 -6.917588710784912109e-01 -1.878481626510620117e+00 4.771501389838919138e-01 5.134252800600215272e-01 -4.178050472737787069e-01 5.780665637306687810e-01
6.445109248161315918e-01 -6.917601227760314941e-01 -1.878470659255981445e+00 4.771495046342119628e-01 5.134283107080790387e-01 -4.178076560700457742e-01 5.780624955696807010e-01
6.445082426071166992e-01 -6.917604804039001465e-01 -1.878460407257080078e+00 4.771541451266206324e-01 5.134213758562221619e-01 -4.178036630089709269e-01 5.780677375797385054e-01
6.444987654685974121e-01 -6.917450428009033203e-01 -1.878402948379516602e+00 4.771768316540611621e-01 5.133948004525089592e-01 -4.178112016287097163e-01 5.780671570837793150e-01
6.444952487945556641e-01 -6.917451024055480957e-01 -1.878391385078430176e+00 4.771768092091117075e-01 5.133936911310695850e-01 -4.177995733281156254e-01 5.780765486977778034e-01
6.444910168647766113e-01 -6.917450428009033203e-01 -1.878380060195922852e+00 4.771813694156344376e-01 5.133883696321605017e-01 -4.178084228986817528e-01 5.780711452880605838e-01
6.445248126983642578e-01 -6.917400360107421875e-01 -1.878411769866943359e+00 4.772047001478038619e-01 5.134011761946567498e-01 -4.178077230568141842e-01 5.780409978886988931e-01
6.445246338844299316e-01 -6.917377114295959473e-01 -1.878402471542358398e+00 4.772093176600583631e-01 5.134010777338825493e-01 -4.178024312935658124e-01 5.780411190118726061e-01
6.445248126983642578e-01 -6.917356848716735840e-01 -1.878393530845642090e+00 4.772033979271098625e-01 5.134044046478036805e-01 -4.178076375739488979e-01 5.780392770329688679e-01
6.445345878601074219e-01 -6.917500495910644531e-01 -1.878415822982788086e+00 4.771919373535160602e-01 5.134058240978329746e-01 -4.178149552041963144e-01 5.780421795146777342e-01
6.445345878601074219e-01 -6.917478442192077637e-01 -1.878407478332519531e+00 4.771982983010361057e-01 5.133911927090641925e-01 -4.178127192363618181e-01 5.780515473475689170e-01
6.445340514183044434e-01 -6.917457580566406250e-01 -1.878400444984436035e+00 4.771951483325598264e-01 5.133952795702060312e-01 -4.178052973636395273e-01 5.780558900179716408e-01
6.444785594940185547e-01 -6.916396021842956543e-01 -1.878315091133117676e+00 4.771938841432676326e-01 5.133851416747327034e-01 -4.177651694428726747e-01 5.780949480259438555e-01
6.444750428199768066e-01 -6.916332840919494629e-01 -1.878309130668640137e+00 4.771956299043656480e-01 5.133787176198515434e-01 -4.177734930693411952e-01 5.780931922422254399e-01
6.444701552391052246e-01 -6.916257143020629883e-01 -1.878304004669189453e+00 4.771959319233151087e-01 5.133758301756190523e-01 -4.177724636096835087e-01 5.780962339574194919e-01
6.444651484489440918e-01 -6.916148662567138672e-01 -1.878299593925476074e+00 4.771882028127989450e-01 5.133848431527270328e-01 -4.177674968025353319e-01 5.780981888866957297e-01
6.444708704948425293e-01 -6.917030811309814453e-01 -1.878380060195922852e+00 4.771995229578878672e-01 5.133810093508799355e-01 -4.178145119965994136e-01 5.780582724757518109e-01
6.444661617279052734e-01 -6.916949748992919922e-01 -1.878373980522155762e+00 4.771945852783832653e-01 5.133777690352999690e-01 -4.178095219207542121e-01 5.780688558421001044e-01
6.444355249404907227e-01 -6.916047334671020508e-01 -1.878263831138610840e+00 4.772120050082027665e-01 5.133593130985153463e-01 -4.177760661279486532e-01 5.780950259551430603e-01
6.444319486618041992e-01 -6.915928125381469727e-01 -1.878258347511291504e+00 4.772077871138736826e-01 5.133712110150602248e-01 -4.177754964113384872e-01 5.780883556546687618e-01
6.444295644760131836e-01 -6.915822625160217285e-01 -1.878252029418945312e+00 4.772028924556995233e-01 5.133713880244574757e-01 -4.177748634213790391e-01 5.780927081770191878e-01
6.444272398948669434e-01 -6.915711760520935059e-01 -1.878245353698730469e+00 4.772057266991919233e-01 5.133736456733491993e-01 -4.177707662140943135e-01 5.780913122282889116e-01
6.444393396377563477e-01 -6.916090250015258789e-01 -1.878280997276306152e+00 4.771998269260140368e-01 5.133487339787176085e-01 -4.177605132858610015e-01 5.781257198714061518e-01
6.444373130798339844e-01 -6.916013360023498535e-01 -1.878275632858276367e+00 4.771973820019416723e-01 5.133556282371765089e-01 -4.177651908305554662e-01 5.781182522815077052e-01
6.444361209869384766e-01 -6.915995478630065918e-01 -1.878238797187805176e+00 4.772061165344304579e-01 5.133410885617235575e-01 -4.177564045307359808e-01 5.781302782129629225e-01
6.444354057312011719e-01 -6.915935873985290527e-01 -1.878232836723327637e+00 4.772042829886952719e-01 5.133378662237141343e-01 -4.177587044394953097e-01 5.781329991585441030e-01
6.444345712661743164e-01 -6.915875673294067383e-01 -1.878227353096008301e+00 4.772093342486735668e-01 5.133310610551534703e-01 -4.177543293027729532e-01 5.781380271709763985e-01
6.444650292396545410e-01 -6.916478872299194336e-01 -1.878357172012329102e+00 4.771917851230051966e-01 5.133610415716396425e-01 -4.177275442249563375e-01 5.781452210160543670e-01
6.444631814956665039e-01 -6.916451454162597656e-01 -1.878353595733642578e+00 4.771952742145985082e-01 5.133574805304949029e-01 -4.177296189019633066e-01 5.781440344974744239e-01
6.444612145423889160e-01 -6.916422843933105469e-01 -1.878349065780639648e+00 4.771877807600435895e-01 5.133554592970854813e-01 -4.177362020834969880e-01 5.781472660421144161e-01
6.444690823554992676e-01 -6.916612982749938965e-01 -1.878396630287170410e+00 4.771882779527878982e-01 5.133925249076299879e-01 -4.176809868599670739e-01 5.781538341592666885e-01
6.444662809371948242e-01 -6.916576027870178223e-01 -1.878394365310668945e+00 4.771799183124869614e-01 5.133901260173400205e-01 -4.176918640888436229e-01 5.781550160518579284e-01
6.444642543792724609e-01 -6.916543245315551758e-01 -1.878392457962036133e+00 4.771744193038890969e-01 5.133957337599739379e-01 -4.176864036308318706e-01 5.781584818139776649e-01
6.444215178489685059e-01 -6.915965080261230469e-01 -1.878227472305297852e+00 4.772028729394180990e-01 5.133803443056020877e-01 -4.177097195455302114e-01 5.781318346416398635e-01
6.444205045700073242e-01 -6.915919780731201172e-01 -1.878222942352294922e+00 4.772041195402901281e-01 5.133767427341013878e-01 -4.177212904925052261e-01 5.781256639112609674e-01
6.444187760353088379e-01 -6.915866732597351074e-01 -1.878219485282897949e+00 4.772082803825617447e-01 5.133734738465132175e-01 -4.177187958695527392e-01 5.781269268445335952e-01
6.445150971412658691e-01 -6.916769146919250488e-01 -1.878474712371826172e+00 4.772200923320887855e-01 5.133548777303736932e-01 -4.177275038746466329e-01 5.781273710684617928e-01
6.445154547691345215e-01 -6.916769742965698242e-01 -1.878477215766906738e+00 4.772235592618568334e-01 5.133507933771127574e-01 -4.177207144014767337e-01 5.781330459040445735e-01
6.445162296295166016e-01 -6.916779279708862305e-01 -1.878479957580566406e+00 4.772259191600993766e-01 5.133552020570079089e-01 -4.177153155385193717e-01 5.781310964314743117e-01
6.444525718688964844e-01 -6.916451454162597656e-01 -1.878328084945678711e+00 4.772203216400705550e-01 5.134118297262687536e-01 -4.177070694122772543e-01 5.780913875902502497e-01
6.444495320320129395e-01 -6.916446089744567871e-01 -1.878326535224914551e+00 4.772224351714292601e-01 5.134064724725406759e-01 -4.177090444980796624e-01 5.780929724169827644e-01
6.444460153579711914e-01 -6.916437149047851562e-01 -1.878327369689941406e+00 4.772187584404953831e-01 5.134068044466422176e-01 -4.177176178260087469e-01 5.780895342114462654e-01
6.444973945617675781e-01 -6.917139291763305664e-01 -1.878476619720458984e+00 4.772334954425687670e-01 5.133803398448996136e-01 -4.177154051083527553e-01 5.781024462607068370e-01
6.444953680038452148e-01 -6.917143464088439941e-01 -1.878480553627014160e+00 4.772397807043087248e-01 5.133770261394445811e-01 -4.177162577942885591e-01 5.780996137540003188e-01
6.444930434226989746e-01 -6.917139887809753418e-01 -1.878483772277832031e+00 4.772394972521540324e-01 5.133729014431104298e-01 -4.177156784662993672e-01 5.781039069034231703e-01
6.445605754852294922e-01 -6.917489171028137207e-01 -1.878631711006164551e+00 4.772567650843233533e-01 5.133671085985853644e-01 -4.177493891389679748e-01 5.780704466281190168e-01
6.445621848106384277e-01 -6.917477250099182129e-01 -1.878637909889221191e+00 4.772579530023440264e-01 5.133688166935680419e-01 -4.177523614250807649e-01 5.780657801624788927e-01
6.445637941360473633e-01 -6.917449235916137695e-01 -1.878643989562988281e+00 4.772581335070821829e-01 5.133670992179901749e-01 -4.177466458326547505e-01 5.780713064591770367e-01
6.444689631462097168e-01 -6.916561126708984375e-01 -1.878383636474609375e+00 4.772564323691772525e-01 5.133514195625843435e-01 -4.177611936833536821e-01 5.780761223324281106e-01
6.444653272628784180e-01 -6.916521787643432617e-01 -1.878386616706848145e+00 4.772601166154540331e-01 5.133594146058172436e-01 -4.177508578635091840e-01 5.780734590145781837e-01
6.444624662399291992e-01 -6.916502714157104492e-01 -1.878389835357666016e+00 4.772536642872539092e-01 5.133656115818659993e-01 -4.177517754881451273e-01 5.780726178952957373e-01
6.444892883300781250e-01 -6.916895508766174316e-01 -1.878496646881103516e+00 4.772408130346572075e-01 5.133626683113217126e-01 -4.177420581797643417e-01 5.780928679056615005e-01
6.444859504699707031e-01 -6.916876435279846191e-01 -1.878502249717712402e+00 4.772487110685170175e-01 5.133495686876331510e-01 -4.177464788948846985e-01 5.780947520465761214e-01
6.444814205169677734e-01 -6.916846632957458496e-01 -1.878508567810058594e+00 4.772472206533298622e-01 5.133532067195232251e-01 -4.177454729796880595e-01 5.780935170485548280e-01
6.444732546806335449e-01 -6.916679739952087402e-01 -1.878458857536315918e+00 4.772386786062595143e-01 5.133991513357736292e-01 -4.177557915212962714e-01 5.780522944293393639e-01
6.444694399833679199e-01 -6.916636824607849121e-01 -1.878462553024291992e+00 4.772323762543140835e-01 5.133961640125811465e-01 -4.177518943505110216e-01 5.780629881774027590e-01
6.444661021232604980e-01 -6.916608214378356934e-01 -1.878467559814453125e+00 4.772307286912400581e-01 5.133977385963013340e-01 -4.177586290790696877e-01 5.780580520691229740e-01
6.445261240005493164e-01 -6.917034387588500977e-01 -1.878587841987609863e+00 4.772529544575264682e-01 5.133776587406641001e-01 -4.177659396986201368e-01 5.780522578986592164e-01
6.445264816284179688e-01 -6.917005777359008789e-01 -1.878595232963562012e+00 4.772528100521743477e-01 5.133713492528425570e-01 -4.177687278469586762e-01 5.780559687837660832e-01
6.445277333259582520e-01 -6.916982531547546387e-01 -1.878603100776672363e+00 4.772538477207438068e-01 5.133764773550497651e-01 -4.177642445128900150e-01 5.780537830705220204e-01
6.445733904838562012e-01 -6.917971372604370117e-01 -1.878741025924682617e+00 4.772310599606714998e-01 5.133865559600006012e-01 -4.177589401583390316e-01 5.780674708237061310e-01
6.445748805999755859e-01 -6.918015480041503906e-01 -1.878749608993530273e+00 4.772209895599257012e-01 5.133903873567713383e-01 -4.177569597832907489e-01 5.780738146422549351e-01
6.445763707160949707e-01 -6.918049454689025879e-01 -1.878757834434509277e+00 4.772214350019391427e-01 5.133918633658206554e-01 -4.177561092795221698e-01 5.780727715633995345e-01
6.446896791458129883e-01 -6.918759346008300781e-01 -1.878996968269348145e+00 4.772676006409877769e-01 5.133530413342175525e-01 -4.177964007189968187e-01 5.780400217239195504e-01
6.446964740753173828e-01 -6.918799281120300293e-01 -1.879008769989013672e+00 4.772706647596843266e-01 5.133569680013391201e-01 -4.177816434703859882e-01 5.780446273151226277e-01
6.447027325630187988e-01 -6.918829679489135742e-01 -1.879023075103759766e+00 4.772671610961574662e-01 5.133615891062770498e-01 -4.177863886192359488e-01 5.780400467217297056e-01
6.447773575782775879e-01 -6.920126080513000488e-01 -1.879254102706909180e+00 4.772296841420867186e-01 5.133609618677540398e-01 -4.177971687367482700e-01 5.780637277409378383e-01
6.447833180427551270e-01 -6.920194625854492188e-01 -1.879269480705261230e+00 4.772306277003661723e-01 5.133562185054605376e-01 -4.178020879467605475e-01 5.780636152198760369e-01
6.447467207908630371e-01 -6.920065283775329590e-01 -1.879168987274169922e+00 4.772045937844634489e-01 5.133944550727411738e-01 -4.178133197529069753e-01 5.780430237030488305e-01
6.447526812553405762e-01 -6.920142769813537598e-01 -1.879180908203125000e+00 4.772066585951653117e-01 5.133954309116871562e-01 -4.178092012199675076e-01 5.780434343927496332e-01
6.447582244873046875e-01 -6.920235157012939453e-01 -1.879193067550659180e+00 4.772087121752084382e-01 5.133916332467968191e-01 -4.178041323660032225e-01 5.780487689190337841e-01
6.447747349739074707e-01 -6.920785903930664062e-01 -1.879328846931457520e+00 4.771872518517861206e-01 5.134095617433914738e-01 -4.178311269930840011e-01 5.780310317253340990e-01
6.447782516479492188e-01 -6.920899152755737305e-01 -1.879343867301940918e+00 4.771855870555476997e-01 5.134152865662495735e-01 -4.178318118418259397e-01 5.780268614638505165e-01
6.447818279266357422e-01 -6.921002268791198730e-01 -1.879359722137451172e+00 4.771888419902495238e-01 5.134121636436422831e-01 -4.178347934215776993e-01 5.780247728080472047e-01
6.447852849960327148e-01 -6.921103000640869141e-01 -1.879376173019409180e+00 4.771869732476620163e-01 5.134072642802243180e-01 -4.178315348847120858e-01 5.780329969190822759e-01
6.447877287864685059e-01 -6.920674443244934082e-01 -1.879400014877319336e+00 4.772044137473790415e-01 5.133809774081924404e-01 -4.178217522600095046e-01 5.780490537139308937e-01
6.447907090187072754e-01 -6.920733451843261719e-01 -1.879419326782226562e+00 4.771997737438036791e-01 5.133812943043161159e-01 -4.178286877227576079e-01 5.780475742458143218e-01
6.447930932044982910e-01 -6.920800805091857910e-01 -1.879438281059265137e+00 4.772008120156092659e-01 5.133803954080551346e-01 -4.178328372722082684e-01 5.780445171472602395e-01
6.447800993919372559e-01 -6.920005083084106445e-01 -1.879341363906860352e+00 4.772336637596685804e-01 5.133655022653050848e-01 -4.178043867942794476e-01 5.780512066806950955e-01
6.447825431823730469e-01 -6.920033097267150879e-01 -1.879359483718872070e+00 4.772424737353147539e-01 5.133676669243687485e-01 -4.178024191722329306e-01 5.780433966085329889e-01
6.447855234146118164e-01 -6.920061111450195312e-01 -1.879376888275146484e+00 4.772404129825187358e-01 5.133672479663511368e-01 -4.178124272676859707e-01 5.780382272421922263e-01
6.446834206581115723e-01 -6.918876767158508301e-01 -1.879048585891723633e+00 4.772355010955119936e-01 5.133728112864890392e-01 -4.177990001717964974e-01 5.780470765499112762e-01
6.446862816810607910e-01 -6.918908357620239258e-01 -1.879060626029968262e+00 4.772293728747786790e-01 5.133705237310678404e-01 -4.178077218464463227e-01 5.780478642284303525e-01
6.446884870529174805e-01 -6.918940544128417969e-01 -1.879071950912475586e+00 4.772311326545218835e-01 5.133705980567345728e-01 -4.177987888595005583e-01 5.780527737466214511e-01
6.447088122367858887e-01 -6.918851137161254883e-01 -1.879076361656188965e+00 4.772599800178476959e-01 5.133556733816680984e-01 -4.178281746014800291e-01 5.780210070607181283e-01
6.447151303291320801e-01 -6.918898224830627441e-01 -1.879087924957275391e+00 4.772670191343111323e-01 5.133489869452361187e-01 -4.178324948742109246e-01 5.780180316282498287e-01
6.447219252586364746e-01 -6.918929815292358398e-01 -1.879100918769836426e+00 4.772655868296093451e-01 5.133499613968172115e-01 -4.178285425566037881e-01 5.780211868961347976e-01
6.447712779045104980e-01 -6.919376254081726074e-01 -1.879236698150634766e+00 4.772847167189955830e-01 5.133451178045760344e-01 -4.178567847336662755e-01 5.779892659191911974e-01
6.447799205780029297e-01 -6.919390559196472168e-01 -1.879250407218933105e+00 4.772817741592976781e-01 5.133540439333054151e-01 -4.178499556309184793e-01 5.779887043054494633e-01
6.447879076004028320e-01 -6.919394135475158691e-01 -1.879263758659362793e+00 4.772786388888081155e-01 5.133599016769507806e-01 -4.178573992856416397e-01 5.779807151831379830e-01
6.448582410812377930e-01 -6.920598745346069336e-01 -1.879499316215515137e+00 4.772774363873491521e-01 5.133494129982638654e-01 -4.178529883730022765e-01 5.779941954607867860e-01
6.448668241500854492e-01 -6.920638680458068848e-01 -1.879515886306762695e+00 4.772816902531517025e-01 5.133439222654974099e-01 -4.178586460557840998e-01 5.779914831075784187e-01
6.448753476142883301e-01 -6.920648217201232910e-01 -1.879534363746643066e+00 4.772850547804781129e-01 5.133478023639446164e-01 -4.178511500299995074e-01 5.779906595227497501e-01
6.448169946670532227e-01 -6.920288801193237305e-01 -1.879444599151611328e+00 4.772522529203049313e-01 5.133888352162673252e-01 -4.178117722429858238e-01 5.780097820412846144e-01
6.448246240615844727e-01 -6.920272707939147949e-01 -1.879462003707885742e+00 4.772452999379249716e-01 5.133859654775103643e-01 -4.178098817921115926e-01 5.780194285740162252e-01
6.448295116424560547e-01 -6.920286417007446289e-01 -1.879478573799133301e+00 4.772436919365588004e-01 5.133811685926994439e-01 -4.178187285104370541e-01 5.780186050491969985e-01
6.448028683662414551e-01 -6.920625567436218262e-01 -1.879482984542846680e+00 4.771879539724912522e-01 5.134414993169457153e-01 -4.178197076569226120e-01 5.780103364512558795e-01
6.448031663894653320e-01 -6.920655369758605957e-01 -1.879498362541198730e+00 4.771903047763383365e-01 5.134405324906902157e-01 -4.178153775780582002e-01 5.780124111091035077e-01
6.448051333427429199e-01 -6.920681595802307129e-01 -1.879516601562500000e+00 4.771906058228189140e-01 5.134399907190280166e-01 -4.178140444700462752e-01 5.780135804760917484e-01
6.448087692260742188e-01 -6.920744180679321289e-01 -1.879536986351013184e+00 4.771846199877739503e-01 5.134616570655364809e-01 -4.177902051845043818e-01 5.780165256597544765e-01
6.448103189468383789e-01 -6.920766830444335938e-01 -1.879558324813842773e+00 4.771764144705892274e-01 5.134653651868126278e-01 -4.177890829073903078e-01 5.780207973792189646e-01
6.448094248771667480e-01 -6.920806169509887695e-01 -1.879576086997985840e+00 4.771707670879140051e-01 5.134643508909463305e-01 -4.177901317875906684e-01 5.780256163132533320e-01
6.448619961738586426e-01 -6.921210289001464844e-01 -1.879567384719848633e+00 4.771660145298802780e-01 5.134364869904674000e-01 -4.178019595514054774e-01 5.780457775581748781e-01
6.448665857315063477e-01 -6.921247243881225586e-01 -1.879582524299621582e+00 4.771651381803346803e-01 5.134391704571239501e-01 -4.178025316977718173e-01 5.780436890055937749e-01
6.448680758476257324e-01 -6.921300888061523438e-01 -1.879596710205078125e+00 4.771582346756315651e-01 5.134498039900741162e-01 -4.178030411114280751e-01 5.780395644314719750e-01
6.448603868484497070e-01 -6.921300292015075684e-01 -1.879600524902343750e+00 4.771733995162694697e-01 5.134360813586754668e-01 -4.177665685125135919e-01 5.780655845800650727e-01
6.448605656623840332e-01 -6.921379566192626953e-01 -1.879612803459167480e+00 4.771804194168635660e-01 5.134367916760199657e-01 -4.177547236390226071e-01 5.780677174108552752e-01
6.448597908020019531e-01 -6.921436190605163574e-01 -1.879624128341674805e+00 4.771760002143597412e-01 5.134417738289758226e-01 -4.177588423541494511e-01 5.780639797915123612e-01
6.448420286178588867e-01 -6.921199560165405273e-01 -1.879563331604003906e+00 4.771684718132294667e-01 5.134841507558566276e-01 -4.177317459044452841e-01 5.780521224332680896e-01
6.448413133621215820e-01 -6.921276450157165527e-01 -1.879575967788696289e+00 4.771729681796060274e-01 5.134782263266531865e-01 -4.177357103343930511e-01 5.780507897799488370e-01
6.448415517807006836e-01 -6.921308636665344238e-01 -1.879586815834045410e+00 4.771749828697965379e-01 5.134824481199589119e-01 -4.177330800304039360e-01 5.780472991426339746e-01
6.448721289634704590e-01 -6.921090483665466309e-01 -1.879494547843933105e+00 4.771867122086240753e-01 5.134870766749944915e-01 -4.177681460276329029e-01 5.780081674957752158e-01
