repeatability steamvr; 20211020-214630; x y z w i j k;  frequency = 150 duration = 2 sys.args = ['.\\repeatability.py']
4.091594517230987549e-01 -6.747815012931823730e-01 -2.051407337188720703e+00 6.787326973919154405e-01 6.847839360430511002e-01 -4.349725257843293363e-02 2.617266056515571981e-01
4.091353714466094971e-01 -6.747460961341857910e-01 -2.051338911056518555e+00 6.787525177987084879e-01 6.847935112089325038e-01 -4.352879228046328819e-02 2.616448909702762116e-01
4.090997874736785889e-01 -6.747586131095886230e-01 -2.051308870315551758e+00 6.787565058223842263e-01 6.847776986219374917e-01 -4.353858030803282875e-02 2.616742753509054831e-01
4.090920090675354004e-01 -6.747574210166931152e-01 -2.051304101943969727e+00 6.787583938309253995e-01 6.847736424217256701e-01 -4.351721913622512428e-02 2.616835473329747197e-01
4.091038703918457031e-01 -6.747848987579345703e-01 -2.051344871520996094e+00 6.787631309803997537e-01 6.847637701346326322e-01 -4.351338092757021242e-02 2.616977250512277919e-01
4.091168045997619629e-01 -6.748086810111999512e-01 -2.051343202590942383e+00 6.787226312302327980e-01 6.847957387037240107e-01 -4.350617461501849609e-02 2.617203222964613607e-01
4.091126322746276855e-01 -6.748105883598327637e-01 -2.051342964172363281e+00 6.787190546606962638e-01 6.848017623261359876e-01 -4.351280370744767256e-02 2.617127438841566622e-01
4.091123640537261963e-01 -6.747990846633911133e-01 -2.051314830780029297e+00 6.787445265876822509e-01 6.847996416852891732e-01 -4.353198315618403424e-02 2.616490581744391197e-01
4.091187417507171631e-01 -6.748124957084655762e-01 -2.051307201385498047e+00 6.787316346614745699e-01 6.848120780531045115e-01 -4.350756242284564007e-02 2.616539621109830183e-01
4.091166257858276367e-01 -6.748132705688476562e-01 -2.051304578781127930e+00 6.787310020993763127e-01 6.848144287291945131e-01 -4.349489134834091941e-02 2.616515275245544503e-01
4.090764224529266357e-01 -6.747750043869018555e-01 -2.051209449768066406e+00 6.787542130375088245e-01 6.848137106715328493e-01 -4.348456761925299091e-02 2.615949734071299493e-01
4.090835154056549072e-01 -6.747635006904602051e-01 -2.051236152648925781e+00 6.787224453012239422e-01 6.848284631913786891e-01 -4.350107108334333450e-02 2.616360220033681627e-01
4.090787470340728760e-01 -6.747574210166931152e-01 -2.051231622695922852e+00 6.787188488341374670e-01 6.848305991038688978e-01 -4.349873287556844936e-02 2.616401746973106013e-01
4.090798795223236084e-01 -6.747681498527526855e-01 -2.051244258880615234e+00 6.787670709189282947e-01 6.847933619477376554e-01 -4.345979286662136204e-02 2.616189963397772544e-01
4.091143012046813965e-01 -6.748040914535522461e-01 -2.051227092742919922e+00 6.787275579873701670e-01 6.848185623648466169e-01 -4.348159902901316959e-02 2.616518892397551310e-01
4.091151952743530273e-01 -6.748062372207641602e-01 -2.051221370697021484e+00 6.787207088178734971e-01 6.848252315670326773e-01 -4.348337705590830243e-02 2.616519609368143651e-01
4.091498553752899170e-01 -6.748101711273193359e-01 -2.051224231719970703e+00 6.787352763415670509e-01 6.848036616387398468e-01 -4.345318967191556109e-02 2.616756431867769961e-01
4.091504812240600586e-01 -6.747846603393554688e-01 -2.051268815994262695e+00 6.787271621191930393e-01 6.848021665418142501e-01 -4.343774818684025679e-02 2.617031630585126556e-01
4.091550111770629883e-01 -6.747839450836181641e-01 -2.051266908645629883e+00 6.787253193051943079e-01 6.848010180712290618e-01 -4.344940328157857745e-02 2.617089451302529457e-01
4.091535508632659912e-01 -6.747940778732299805e-01 -2.051249504089355469e+00 6.787601995085996709e-01 6.847851026134839092e-01 -4.341431708800367467e-02 2.616659689465197780e-01
4.091704189777374268e-01 -6.748106479644775391e-01 -2.051254749298095703e+00 6.787235450945842130e-01 6.848126219125022507e-01 -4.340547576325681084e-02 2.616904628085099382e-01
4.091741740703582764e-01 -6.748123168945312500e-01 -2.051249742507934570e+00 6.787287860691540997e-01 6.848074437326420183e-01 -4.342113446103593871e-02 2.616878493280602735e-01
4.091606140136718750e-01 -6.748009324073791504e-01 -2.051208734512329102e+00 6.787703899718058320e-01 6.847792124844909178e-01 -4.339129502415365464e-02 2.616588134073328797e-01
4.091510176658630371e-01 -6.747748255729675293e-01 -2.051256656646728516e+00 6.787065437229562459e-01 6.848367140933854236e-01 -4.338254402955559613e-02 2.616753592283207475e-01
4.091499149799346924e-01 -6.747720241546630859e-01 -2.051253318786621094e+00 6.787102514030226574e-01 6.848330607659401936e-01 -4.338782874927083616e-02 2.616743907972017835e-01
4.091443717479705811e-01 -6.747832298278808594e-01 -2.051248311996459961e+00 6.787417926224059705e-01 6.848105450204380329e-01 -4.336434140718285757e-02 2.616553810768635913e-01
4.091370701789855957e-01 -6.747843027114868164e-01 -2.051276445388793945e+00 6.787067605308603202e-01 6.848376369991319157e-01 -4.336349498925518714e-02 2.616755171455438789e-01
4.091321825981140137e-01 -6.747844219207763672e-01 -2.051274538040161133e+00 6.787060517883092281e-01 6.848411843719033332e-01 -4.336620783472674989e-02 2.616676340261936962e-01
4.090908467769622803e-01 -6.747396588325500488e-01 -2.051197767257690430e+00 6.786991351631445069e-01 6.848646301961878180e-01 -4.337719938513775325e-02 2.616223609045223997e-01
4.090927243232727051e-01 -6.747813224792480469e-01 -2.051143169403076172e+00 6.786745576233538246e-01 6.848794857135573899e-01 -4.335708843257335410e-02 2.616505310672713192e-01
4.090828001499176025e-01 -6.747761368751525879e-01 -2.051129817962646484e+00 6.786732210341585025e-01 6.848798904040340751e-01 -4.336500124600860956e-02 2.616516501643302295e-01
4.090600609779357910e-01 -6.747456192970275879e-01 -2.051067352294921875e+00 6.786643828747727092e-01 6.848970212749201369e-01 -4.337462307964246033e-02 2.616281498091357904e-01
4.090490937232971191e-01 -6.747384071350097656e-01 -2.051049232482910156e+00 6.786605528098598183e-01 6.849013476269131262e-01 -4.338232217431600007e-02 2.616255204175511051e-01
4.090633094310760498e-01 -6.747146844863891602e-01 -2.051082134246826172e+00 6.786361563946059494e-01 6.849125093161356759e-01 -4.337691022345249031e-02 2.616604402695528742e-01
4.091058671474456787e-01 -6.747570037841796875e-01 -2.051162481307983398e+00 6.786421068541290680e-01 6.848911776679359464e-01 -4.336346528190420518e-02 2.617030377210081138e-01
4.090920984745025635e-01 -6.747594475746154785e-01 -2.051147699356079102e+00 6.786844632590794957e-01 6.848796991754259045e-01 -4.336595156856341143e-02 2.616228570486336946e-01
4.091262221336364746e-01 -6.747623085975646973e-01 -2.051161527633666992e+00 6.786622613151518379e-01 6.848892598682030375e-01 -4.337190430594384943e-02 2.616544703509769976e-01
4.091588258743286133e-01 -6.748238205909729004e-01 -2.051255464553833008e+00 6.787107385319479658e-01 6.848523068765124400e-01 -4.337821420811650147e-02 2.616243429575146329e-01
4.091571569442749023e-01 -6.748278737068176270e-01 -2.051250219345092773e+00 6.787104064610002263e-01 6.848538275283976295e-01 -4.338564528107429624e-02 2.616200250521600879e-01
4.091245830059051514e-01 -6.748073101043701172e-01 -2.051294326782226562e+00 6.786456886323309901e-01 6.849105082042916681e-01 -4.337057012262566374e-02 2.616419877969105023e-01
4.091176390647888184e-01 -6.748422980308532715e-01 -2.051324367523193359e+00 6.786972435592044661e-01 6.848643214802622170e-01 -4.332503317518497654e-02 2.616367354399478096e-01
4.091098308563232422e-01 -6.748438477516174316e-01 -2.051322460174560547e+00 6.786945937953823282e-01 6.848690372047168129e-01 -4.332679410757338950e-02 2.616309506813098706e-01
4.091068804264068604e-01 -6.748536825180053711e-01 -2.051343202590942383e+00 6.786733157207486267e-01 6.848763257546599537e-01 -4.334600298835192961e-02 2.616638872362946344e-01
4.091216921806335449e-01 -6.748260855674743652e-01 -2.051297426223754883e+00 6.786991646658120381e-01 6.848605386630035596e-01 -4.336427670368729614e-02 2.616351385949769459e-01
4.091152548789978027e-01 -6.748269796371459961e-01 -2.051292657852172852e+00 6.786998089214174579e-01 6.848590103412401930e-01 -4.336538820139868022e-02 2.616373163153591919e-01
4.090880453586578369e-01 -6.748350858688354492e-01 -2.051291704177856445e+00 6.786717081053273981e-01 6.848735348387658961e-01 -4.335921361261768636e-02 2.616731798198759784e-01
4.091136753559112549e-01 -6.748173236846923828e-01 -2.051291465759277344e+00 6.787215149693295313e-01 6.848387107081499448e-01 -4.336813981255262934e-02 2.616336692194409785e-01
4.091100096702575684e-01 -6.748139858245849609e-01 -2.051290035247802734e+00 6.787301095134603557e-01 6.848290508614989225e-01 -4.336837003930801154e-02 2.616366242370194439e-01
4.090978205204010010e-01 -6.748059391975402832e-01 -2.051339626312255859e+00 6.786930671919011449e-01 6.848553843761590043e-01 -4.338328470282838689e-02 2.616613220419085617e-01
4.091174006462097168e-01 -6.748088598251342773e-01 -2.051342248916625977e+00 6.787403731515241345e-01 6.848202978051293188e-01 -4.338840601728963242e-02 2.616295394085993986e-01
4.091157019138336182e-01 -6.748080849647521973e-01 -2.051343202590942383e+00 6.787385022445752147e-01 6.848222952472302616e-01 -4.339813057788373396e-02 2.616275821641850241e-01
4.091382622718811035e-01 -6.748122572898864746e-01 -2.051367759704589844e+00 6.787159336372745599e-01 6.848365483897153050e-01 -4.337389735771831484e-02 2.616528687334142012e-01
4.091204404830932617e-01 -6.748203635215759277e-01 -2.051354169845581055e+00 6.787671532437101751e-01 6.847989428367152742e-01 -4.333814450517887301e-02 2.616243651144880555e-01
4.091169834136962891e-01 -6.748184561729431152e-01 -2.051353693008422852e+00 6.787614686940597331e-01 6.848065000865103391e-01 -4.332417184930076326e-02 2.616216495908194606e-01
4.091002345085144043e-01 -6.747968792915344238e-01 -2.051405906677246094e+00 6.787457491502726370e-01 6.848019428069246350e-01 -4.339293614034740038e-02 2.616629777147442826e-01
4.091005027294158936e-01 -6.747980713844299316e-01 -2.051402330398559570e+00 6.787859072548519945e-01 6.847704074245922756e-01 -4.337370686750281756e-02 2.616444788055100612e-01
4.090950787067413330e-01 -6.747952103614807129e-01 -2.051405906677246094e+00 6.787819893784520220e-01 6.847731744147946831e-01 -4.336455044490129807e-02 2.616488977421256856e-01
4.090907871723175049e-01 -6.748196482658386230e-01 -2.051377058029174805e+00 6.787917775099102657e-01 6.847531140824580920e-01 -4.336418856075037465e-02 2.616760338710008571e-01
4.091272652149200439e-01 -6.747919321060180664e-01 -2.051350355148315430e+00 6.788114500747138846e-01 6.847257837450332341e-01 -4.336354647921780714e-02 2.616966583807946445e-01
4.091268479824066162e-01 -6.747910976409912109e-01 -2.051352262496948242e+00 6.788077559813761042e-01 6.847289392934872154e-01 -4.336424345618816734e-02 2.616979069266240909e-01
4.091937839984893799e-01 -6.747524738311767578e-01 -2.051417112350463867e+00 6.787722731394857378e-01 6.847734708573739448e-01 -4.337935289170653103e-02 2.616709190598799362e-01
4.091854691505432129e-01 -6.747524142265319824e-01 -2.051407814025878906e+00 6.787889579827310893e-01 6.847603488970454011e-01 -4.333269112867957351e-02 2.616696569373967440e-01
4.091897010803222656e-01 -6.747489571571350098e-01 -2.051409721374511719e+00 6.787943775014797509e-01 6.847552329840602692e-01 -4.333936992479264089e-02 2.616679080195321028e-01
4.091996252536773682e-01 -6.747545003890991211e-01 -2.051424503326416016e+00 6.787939247332154258e-01 6.847394668991058087e-01 -4.336903458378455617e-02 2.617053906743503355e-01
4.091780781745910645e-01 -6.747838854789733887e-01 -2.051437377929687500e+00 6.788155063512615328e-01 6.847363558938309724e-01 -4.333996366745925671e-02 2.616623536312408516e-01
4.091793894767761230e-01 -6.747851371765136719e-01 -2.051440954208374023e+00 6.788220815425770605e-01 6.847288673074023446e-01 -4.334311098720527999e-02 2.616644399133972732e-01
4.091940522193908691e-01 -6.748332381248474121e-01 -2.051414012908935547e+00 6.787962146399140195e-01 6.847491868219631739e-01 -4.337495809947390646e-02 2.616730830499069960e-01
4.091646373271942139e-01 -6.748148798942565918e-01 -2.051340103149414062e+00 6.788113156196728948e-01 6.847349196282751516e-01 -4.335617924829716918e-02 2.616743193336487638e-01
4.091617763042449951e-01 -6.748188734054565430e-01 -2.051337957382202148e+00 6.788119844646390844e-01 6.847354742494830004e-01 -4.334547891817912280e-02 2.616729309825672756e-01
4.091551005840301514e-01 -6.748009324073791504e-01 -2.051396608352661133e+00 6.788142852862899534e-01 6.847194335146510324e-01 -4.341206531860213741e-02 2.616978922347506509e-01
4.091351628303527832e-01 -6.747531294822692871e-01 -2.051308631896972656e+00 6.787995973489462376e-01 6.847411864489962863e-01 -4.342074283261244949e-02 2.616775853997112544e-01
4.091310501098632812e-01 -6.747525334358215332e-01 -2.051303386688232422e+00 6.788071022242312402e-01 6.847344062379632224e-01 -4.342746302395531638e-02 2.616747581544549006e-01
4.091141521930694580e-01 -6.747987270355224609e-01 -2.051259517669677734e+00 6.788007368056461210e-01 6.847334074597778431e-01 -4.347245515597429610e-02 2.616864319147214624e-01
4.090920388698577881e-01 -6.747725009918212891e-01 -2.051198959350585938e+00 6.787909241068127431e-01 6.847509894407716180e-01 -4.348477330895596932e-02 2.616638279801888345e-01
4.090870618820190430e-01 -6.747709512710571289e-01 -2.051187515258789062e+00 6.787906942914865294e-01 6.847532848102240166e-01 -4.348052924399092162e-02 2.616591418991502938e-01
4.091055393218994141e-01 -6.748040318489074707e-01 -2.051157951354980469e+00 6.787402023208505275e-01 6.847977476254427653e-01 -4.348804485014064192e-02 2.616724817038433848e-01
4.091161191463470459e-01 -6.748692989349365234e-01 -2.051226377487182617e+00 6.787794215827201993e-01 6.847719889898020718e-01 -4.347863894679260266e-02 2.616397123910495504e-01
4.091154932975769043e-01 -6.748765110969543457e-01 -2.051217555999755859e+00 6.787719541333064877e-01 6.847781833078336877e-01 -4.348612031800545841e-02 2.616416797427045804e-01
4.091221988201141357e-01 -6.748558282852172852e-01 -2.051254749298095703e+00 6.787595868684985767e-01 6.847907260943754126e-01 -4.346244545565951939e-02 2.616448443494557297e-01
4.090929925441741943e-01 -6.748437881469726562e-01 -2.051194190979003906e+00 6.787892817830413206e-01 6.847769257181707259e-01 -4.344198322125808476e-02 2.616073734456400568e-01
4.091069400310516357e-01 -6.747781038284301758e-01 -2.051311731338500977e+00 6.787866941203146709e-01 6.847607228027163817e-01 -4.348929212866994853e-02 2.616485770057835891e-01
4.091032445430755615e-01 -6.747737526893615723e-01 -2.051309585571289062e+00 6.787868937521222001e-01 6.847554064499520310e-01 -4.348859880673439093e-02 2.616621106886616310e-01
4.091316461563110352e-01 -6.747753024101257324e-01 -2.051315784454345703e+00 6.787967030791688394e-01 6.847502746664092532e-01 -4.353392752876743960e-02 2.616425237265878057e-01
4.091372191905975342e-01 -6.747969985008239746e-01 -2.051294565200805664e+00 6.787390126795458389e-01 6.848004627247281650e-01 -4.353154644864060119e-02 2.616612607172486560e-01
4.091361165046691895e-01 -6.747949719429016113e-01 -2.051291227340698242e+00 6.787438041632982699e-01 6.847946844617104345e-01 -4.352025115308427727e-02 2.616658241377473049e-01
4.091292321681976318e-01 -6.748349070549011230e-01 -2.051344871520996094e+00 6.787637113732682970e-01 6.847735905158424119e-01 -4.350632961386970837e-02 2.616716950761707183e-01
4.091550111770629883e-01 -6.747987866401672363e-01 -2.051422834396362305e+00 6.787808238212941214e-01 6.847512339298259532e-01 -4.355310094426785572e-02 2.616780613320393023e-01
4.091542363166809082e-01 -6.747965812683105469e-01 -2.051430225372314453e+00 6.787814954404070011e-01 6.847534761276947712e-01 -4.355196021023206854e-02 2.616705909170771172e-01
4.091606438159942627e-01 -6.747885346412658691e-01 -2.051421642303466797e+00 6.787963408658225228e-01 6.847443836428265262e-01 -4.353271045232175868e-02 2.616591605178775759e-01
4.091652035713195801e-01 -6.748175024986267090e-01 -2.051395177841186523e+00 6.787613795081319790e-01 6.847787530787114996e-01 -4.350651200880077674e-02 2.616642627034364010e-01
4.091668725013732910e-01 -6.748164892196655273e-01 -2.051400184631347656e+00 6.787694404965755046e-01 6.847718501035501282e-01 -4.351172511559368850e-02 2.616605075891061394e-01
4.091654717922210693e-01 -6.747903823852539062e-01 -2.051366806030273438e+00 6.787519929667362728e-01 6.847984314652300064e-01 -4.352141654285529571e-02 2.616345664522476411e-01
4.091809391975402832e-01 -6.747959852218627930e-01 -2.051379442214965820e+00 6.787199177593862265e-01 6.848247124532558239e-01 -4.349186935769979584e-02 2.616539344611210627e-01
4.091831445693969727e-01 -6.747925877571105957e-01 -2.051380634307861328e+00 6.787216954099072330e-01 6.848213161219028899e-01 -4.350305116335199951e-02 2.616563447781721785e-01
4.091764986515045166e-01 -6.747621893882751465e-01 -2.051326990127563477e+00 6.787465635047156276e-01 6.848163791754484642e-01 -4.350758243634499783e-02 2.616040028465523304e-01
4.091473221778869629e-01 -6.747792363166809082e-01 -2.051313877105712891e+00 6.787042006837505914e-01 6.848355654537870985e-01 -4.353584306145250743e-02 2.616589837613315650e-01
4.091456532478332520e-01 -6.747802495956420898e-01 -2.051312685012817383e+00 6.787107817560470435e-01 6.848295616907670302e-01 -4.352478367455184238e-02 2.616595093390989279e-01
4.091475307941436768e-01 -6.747922301292419434e-01 -2.051327705383300781e+00 6.787314686311326506e-01 6.848324436446833197e-01 -4.353420378683023340e-02 2.615967250591965665e-01
4.091642498970031738e-01 -6.748222112655639648e-01 -2.051304101943969727e+00 6.787132359198204679e-01 6.848417733178560063e-01 -4.351911558351810594e-02 2.616220849405929139e-01
4.091641306877136230e-01 -6.748234033584594727e-01 -2.051301717758178711e+00 6.787122939116830844e-01 6.848436459453373093e-01 -4.351122825771130270e-02 2.616209221790264938e-01
4.091280698776245117e-01 -6.748384237289428711e-01 -2.051285743713378906e+00 6.787619530420475611e-01 6.848140024781829149e-01 -4.348110804480073699e-02 2.615746801190028115e-01
4.091536998748779297e-01 -6.748227477073669434e-01 -2.051337242126464844e+00 6.787083584578658124e-01 6.848690891360289523e-01 -4.346201554458620220e-02 2.615727216786806197e-01
4.091517329216003418e-01 -6.748245358467102051e-01 -2.051336288452148438e+00 6.787070480070568346e-01 6.848704993054083312e-01 -4.347427362963165315e-02 2.615703945014192233e-01
4.091576635837554932e-01 -6.748074293136596680e-01 -2.051302194595336914e+00 6.787206978404852764e-01 6.848654198840590235e-01 -4.347477148682419440e-02 2.615481629856195589e-01
4.091241657733917236e-01 -6.747948527336120605e-01 -2.051347494125366211e+00 6.787207307726491612e-01 6.848426634612246877e-01 -4.355300521947522152e-02 2.615946724641010079e-01
4.091220498085021973e-01 -6.747975349426269531e-01 -2.051345348358154297e+00 6.787321300079555142e-01 6.848351133933450186e-01 -4.355454603238584355e-02 2.615845598859367627e-01
4.091209471225738525e-01 -6.747812628746032715e-01 -2.051311969757080078e+00 6.787179301608359250e-01 6.848456869394813351e-01 -4.356373424649950810e-02 2.615921622685550840e-01
4.091103971004486084e-01 -6.747898459434509277e-01 -2.051305294036865234e+00 6.786791286287262581e-01 6.848654976841072051e-01 -4.358009016855287493e-02 2.616382847639702747e-01
4.091059267520904541e-01 -6.747909784317016602e-01 -2.051300048828125000e+00 6.786837469458782968e-01 6.848583343205041363e-01 -4.358634747168936563e-02 2.616440133062665208e-01
4.090971648693084717e-01 -6.748003959655761719e-01 -2.051294565200805664e+00 6.787217393193941684e-01 6.848389453857312015e-01 -4.356404960171345042e-02 2.615999370936907265e-01
4.091026186943054199e-01 -6.747739315032958984e-01 -2.051369905471801758e+00 6.787090527899392045e-01 6.848302963114191177e-01 -4.358014469392484935e-02 2.616528099453920286e-01
4.090961813926696777e-01 -6.747751832008361816e-01 -2.051368474960327148e+00 6.787138280189491946e-01 6.848265099336915407e-01 -4.358010153694813482e-02 2.616503103839356581e-01
4.091105759143829346e-01 -6.747533082962036133e-01 -2.051340579986572266e+00 6.787095790273121043e-01 6.848327512268613804e-01 -4.358529231619047428e-02 2.616441433679496109e-01
4.091061055660247803e-01 -6.747785806655883789e-01 -2.051316022872924805e+00 6.786787745861797561e-01 6.848607391751420082e-01 -4.356289929474517486e-02 2.616545480307686522e-01
4.091047048568725586e-01 -6.747769713401794434e-01 -2.051309108734130859e+00 6.786840968690882603e-01 6.848597596467117521e-01 -4.357518234904179943e-02 2.616412436897911364e-01
4.091164469718933105e-01 -6.748235821723937988e-01 -2.051353454589843750e+00 6.787035927958299242e-01 6.848410529170810834e-01 -4.355766174191124523e-02 2.616425430459594637e-01
4.091545045375823975e-01 -6.748102307319641113e-01 -2.051403760910034180e+00 6.786909669915679455e-01 6.848581842800856023e-01 -4.353632969056996094e-02 2.616340174266797436e-01
4.091570675373077393e-01 -6.748135685920715332e-01 -2.051398515701293945e+00 6.787018171562122504e-01 6.848459622833309446e-01 -4.353219767264824430e-02 2.616385839984669004e-01
4.091329276561737061e-01 -6.748626232147216797e-01 -2.051432847976684570e+00 6.787087563953070335e-01 6.848405849783931743e-01 -4.352016026579097474e-02 2.616366225018169067e-01
4.091326892375946045e-01 -6.748331785202026367e-01 -2.051499605178833008e+00 6.787036703255836523e-01 6.848343441774089602e-01 -4.354222217116450466e-02 2.616624815281211602e-01
4.091303348541259766e-01 -6.748356223106384277e-01 -2.051504611968994141e+00 6.787061464703192382e-01 6.848343485731551716e-01 -4.354380875687071523e-02 2.616557965772461358e-01
4.091391265392303467e-01 -6.748444437980651855e-01 -2.051513433456420898e+00 6.787332078312515726e-01 6.848252221771786719e-01 -4.355078853362859270e-02 2.616082943005709760e-01
4.091737866401672363e-01 -6.748781204223632812e-01 -2.051500797271728516e+00 6.787247361351651520e-01 6.848416517360698119e-01 -4.360225592618720974e-02 2.615786715795547224e-01
4.091768860816955566e-01 -6.748864650726318359e-01 -2.051502704620361328e+00 6.787231780396059122e-01 6.848427189193520004e-01 -4.359909574833362167e-02 2.615804576203298870e-01
4.091899693012237549e-01 -6.748899221420288086e-01 -2.051493883132934570e+00 6.787415072191224086e-01 6.848419858483308920e-01 -4.360750133595085731e-02 2.615334153084039048e-01
4.091778695583343506e-01 -6.748546957969665527e-01 -2.051574945449829102e+00 6.787638190820557416e-01 6.848082999167532936e-01 -4.362583692001192198e-02 2.615606901854015121e-01
4.091830551624298096e-01 -6.748591065406799316e-01 -2.051583528518676758e+00 6.787620237046854133e-01 6.848016153058015254e-01 -4.362014562886643715e-02 2.615837745419427596e-01
4.091898500919342041e-01 -6.747925877571105957e-01 -2.051489591598510742e+00 6.787817794548267614e-01 6.847921119304362092e-01 -4.359459627927649711e-02 2.615616504194419045e-01
4.091749489307403564e-01 -6.748095750808715820e-01 -2.051488161087036133e+00 6.787949654137601652e-01 6.847617744311890187e-01 -4.365487581709403403e-02 2.615967752167082105e-01
4.091770946979522705e-01 -6.748065948486328125e-01 -2.051491498947143555e+00 6.787918063225363285e-01 6.847625684866517348e-01 -4.365292764381084600e-02 2.616032722564526347e-01
4.091766178607940674e-01 -6.747960448265075684e-01 -2.051487922668457031e+00 6.788065067764621485e-01 6.847717106315391877e-01 -4.365495677799925006e-02 2.615408060882347119e-01
4.091662764549255371e-01 -6.747938990592956543e-01 -2.051524162292480469e+00 6.787992454272550047e-01 6.847808579058459744e-01 -4.366468761366839452e-02 2.615341314904641168e-01
4.091678559780120850e-01 -6.747912764549255371e-01 -2.051530599594116211e+00 6.787983673372494087e-01 6.847850585266854750e-01 -4.366650027922639593e-02 2.615250632643740247e-01
4.091967344284057617e-01 -6.747136116027832031e-01 -2.051448106765747070e+00 6.788013480365975294e-01 6.847849492383050185e-01 -4.367583577519666693e-02 2.615160999041977741e-01
4.091669619083404541e-01 -6.747825741767883301e-01 -2.051372766494750977e+00 6.788004438810780750e-01 6.847714607237729290e-01 -4.364934276848448508e-02 2.615581464396267708e-01
4.091706573963165283e-01 -6.747800111770629883e-01 -2.051365137100219727e+00 6.788094208983550537e-01 6.847595511127098078e-01 -4.364370560665152554e-02 2.615669914683856345e-01
4.091424643993377686e-01 -6.747944951057434082e-01 -2.051424503326416016e+00 6.788307578164980427e-01 6.847346693053404376e-01 -4.363063380489809462e-02 2.615789430977981667e-01
4.091442227363586426e-01 -6.747960448265075684e-01 -2.051423072814941406e+00 6.788313333497217883e-01 6.847332107191633765e-01 -4.363462485844357003e-02 2.615805981509085609e-01
4.091250598430633545e-01 -6.748296618461608887e-01 -2.051443576812744141e+00 6.788658370126340325e-01 6.847077156793519581e-01 -4.357766360292503888e-02 2.615672263735230874e-01
4.091537892818450928e-01 -6.748610138893127441e-01 -2.051440715789794922e+00 6.788133543942715953e-01 6.847552758356604263e-01 -4.357195575961203549e-02 2.615799529740153173e-01
4.091555178165435791e-01 -6.748705506324768066e-01 -2.051440000534057617e+00 6.788157265543175445e-01 6.847559122545312515e-01 -4.357331816244629924e-02 2.615718606611699415e-01
4.091578125953674316e-01 -6.748495697975158691e-01 -2.051401853561401367e+00 6.788267722869821830e-01 6.847596311051776796e-01 -4.357690063427702848e-02 2.615328773874770474e-01
4.091457426548004150e-01 -6.748296022415161133e-01 -2.051448106765747070e+00 6.788313847978407756e-01 6.847377246726447098e-01 -4.357840453688583554e-02 2.615779880847120542e-01
4.091464877128601074e-01 -6.748310923576354980e-01 -2.051450252532958984e+00 6.788345231257268964e-01 6.847362492879227602e-01 -4.356944458209371235e-02 2.615752641548678703e-01
4.091507196426391602e-01 -6.748468279838562012e-01 -2.051469326019287109e+00 6.788596209951605065e-01 6.847324673840202713e-01 -4.355471849773759341e-02 2.615224392944330289e-01
4.092092812061309814e-01 -6.748440861701965332e-01 -2.051502704620361328e+00 6.788269794527762580e-01 6.847676319296560621e-01 -4.355163231979346239e-02 2.615156316251927571e-01
4.092165231704711914e-01 -6.748459339141845703e-01 -2.051505565643310547e+00 6.788239899482043649e-01 6.847696817465369623e-01 -4.354275817589411957e-02 2.615194943283715157e-01
4.092232584953308105e-01 -6.748478412628173828e-01 -2.051509141921997070e+00 6.788266542984885410e-01 6.847663574811203580e-01 -4.354073238437239368e-02 2.615215849730766484e-01
4.091808199882507324e-01 -6.748642921447753906e-01 -2.051504373550415039e+00 6.788477231512500820e-01 6.847617874443525654e-01 -4.353178611432435147e-02 2.614803777047696176e-01
4.091543555259704590e-01 -6.748745441436767578e-01 -2.051524877548217773e+00 6.788198205345740144e-01 6.847642509656318710e-01 -4.356481255586573675e-02 2.615408460582410166e-01
4.091511666774749756e-01 -6.748753786087036133e-01 -2.051531076431274414e+00 6.788220273498155599e-01 6.847621784930236766e-01 -4.356059892581461840e-02 2.615412580137050358e-01
4.091113805770874023e-01 -6.748107075691223145e-01 -2.051422119140625000e+00 6.788280975981891840e-01 6.847853601700184534e-01 -4.357972410447543549e-02 2.614615738314297611e-01
4.091541469097137451e-01 -6.747941970825195312e-01 -2.051476240158081055e+00 6.787772839179502249e-01 6.848347795710185704e-01 -4.356547903453034803e-02 2.614664275534163695e-01
4.091525077819824219e-01 -6.747902631759643555e-01 -2.051475524902343750e+00 6.787848082485553602e-01 6.848293614940543783e-01 -4.355835541851890008e-02 2.614622888699685843e-01
4.091562926769256592e-01 -6.748009920120239258e-01 -2.051494359970092773e+00 6.787940447854361459e-01 6.848200647853667222e-01 -4.353055270309874603e-02 2.614672815422481311e-01
4.091358780860900879e-01 -6.748085618019104004e-01 -2.051488876342773438e+00 6.788060958623168828e-01 6.847965357969766353e-01 -4.359767747085352418e-02 2.614864356077489238e-01
4.091317951679229736e-01 -6.748042106628417969e-01 -2.051487922668457031e+00 6.788056163478328742e-01 6.847959219420053367e-01 -4.359781802880043772e-02 2.614892765197732727e-01
4.091584384441375732e-01 -6.748257875442504883e-01 -2.051533222198486328e+00 6.788037751188269464e-01 6.847880107446704390e-01 -4.359358977248478650e-02 2.615154831512320199e-01
4.091532826423645020e-01 -6.747895479202270508e-01 -2.051621675491333008e+00 6.788160722935511204e-01 6.847641905048471589e-01 -4.358434864619748633e-02 2.615474598403430551e-01
4.091503620147705078e-01 -6.747832298278808594e-01 -2.051628351211547852e+00 6.788189287514339032e-01 6.847657652040890497e-01 -4.358619576698487957e-02 2.615355919938117668e-01
4.091604053974151611e-01 -6.748216748237609863e-01 -2.051705598831176758e+00 6.788478109539176630e-01 6.847350727195687936e-01 -4.354705814704903921e-02 2.615475238963365090e-01
4.091566205024719238e-01 -6.748850941658020020e-01 -2.051656246185302734e+00 6.787969534727517074e-01 6.847784064136884785e-01 -4.355349293061681198e-02 2.615650343431591418e-01
4.091514647006988525e-01 -6.748883724212646484e-01 -2.051663637161254883e+00 6.787991926046852420e-01 6.847754450867197251e-01 -4.355106622946727096e-02 2.615673546018883466e-01
4.091561734676361084e-01 -6.748778820037841797e-01 -2.051646471023559570e+00 6.788229856692763464e-01 6.847589068848225491e-01 -4.350157578608276898e-02 2.615571438484725064e-01
4.091573357582092285e-01 -6.748855710029602051e-01 -2.051654100418090820e+00 6.788184904052917412e-01 6.847481631643115296e-01 -4.353943404836261438e-02 2.615906399140298655e-01
4.091527462005615234e-01 -6.748901009559631348e-01 -2.051659822463989258e+00 6.788153451433713848e-01 6.847507432193778998e-01 -4.353446615751965093e-02 2.615928507861374208e-01
4.091810882091522217e-01 -6.748660802841186523e-01 -2.051623821258544922e+00 6.788312770997738665e-01 6.847445503750112517e-01 -4.352877978728195152e-02 2.615686454465916966e-01
4.092032015323638916e-01 -6.748940944671630859e-01 -2.051605939865112305e+00 6.788044494592400113e-01 6.847617563012367015e-01 -4.352511089468989042e-02 2.615938227337700761e-01
4.092049598693847656e-01 -6.748988628387451172e-01 -2.051604747772216797e+00 6.788030753956149077e-01 6.847627253365613509e-01 -4.352929306907479118e-02 2.615941985989322371e-01
4.092171192169189453e-01 -6.749169230461120605e-01 -2.051633358001708984e+00 6.788284357853653361e-01 6.847592262470788560e-01 -4.352667904762552026e-02 2.615379657770771638e-01
4.092217385768890381e-01 -6.749199032783508301e-01 -2.051649093627929688e+00 6.787935673204783527e-01 6.847865860962959461e-01 -4.350916873729543388e-02 2.615597314784047223e-01
4.092248380184173584e-01 -6.749251484870910645e-01 -2.051648616790771484e+00 6.787933779808330570e-01 6.847832427671231015e-01 -4.350589898591025739e-02 2.615695622899504857e-01
4.091676473617553711e-01 -6.748594641685485840e-01 -2.051508665084838867e+00 6.788179128032135745e-01 6.847829245038339341e-01 -4.352024146594472148e-02 2.615043072139275893e-01
4.091737270355224609e-01 -6.748752593994140625e-01 -2.051512479782104492e+00 6.787944804033158031e-01 6.847909554791566933e-01 -4.352558547950895196e-02 2.615432007289281158e-01
4.091796576976776123e-01 -6.748471856117248535e-01 -2.051458120346069336e+00 6.788057590360122573e-01 6.847909705011254733e-01 -4.351642173054578316e-02 2.615154432477080904e-01
4.091804325580596924e-01 -6.748459935188293457e-01 -2.051449775695800781e+00 6.788029697510673532e-01 6.847966162144019098e-01 -4.352752172233970845e-02 2.615060357116984480e-01
4.091763794422149658e-01 -6.747942566871643066e-01 -2.051535844802856445e+00 6.788232641784721633e-01 6.847575283673769109e-01 -4.354505475457751823e-02 2.615527340501910825e-01
4.091737866401672363e-01 -6.748029589653015137e-01 -2.051543235778808594e+00 6.788512558277369768e-01 6.847368661209227714e-01 -4.352330617077750791e-02 2.615378773968216053e-01
4.091734290122985840e-01 -6.747964024543762207e-01 -2.051543235778808594e+00 6.788530152995562172e-01 6.847385376272169255e-01 -4.352526768773643667e-02 2.615286168906294506e-01
4.091554582118988037e-01 -6.747878193855285645e-01 -2.051566123962402344e+00 6.788382349085709810e-01 6.847314955107903778e-01 -4.355950402008999106e-02 2.615796399345530765e-01
4.091355204582214355e-01 -6.747838854789733887e-01 -2.051564931869506836e+00 6.788592677326922287e-01 6.847275995325527997e-01 -4.356177623214253086e-02 2.615349114503802141e-01
4.091301262378692627e-01 -6.747747063636779785e-01 -2.051566123962402344e+00 6.788626233757476536e-01 6.847283195835796032e-01 -4.357262379866959356e-02 2.615225118792687820e-01
4.091551899909973145e-01 -6.748154163360595703e-01 -2.051529884338378906e+00 6.788114665385946989e-01 6.847730294507815563e-01 -4.355669967399364989e-02 2.615408817718440915e-01
4.091658592224121094e-01 -6.747999787330627441e-01 -2.051516294479370117e+00 6.788287465332711879e-01 6.847673201253503539e-01 -4.357341535288742490e-02 2.615082118220627416e-01
4.091665148735046387e-01 -6.747946739196777344e-01 -2.051514625549316406e+00 6.788212405253100101e-01 6.847771748401431102e-01 -4.356853001443396906e-02 2.615026630655796769e-01
4.091553986072540283e-01 -6.748410463333129883e-01 -2.051463365554809570e+00 6.787710760079954664e-01 6.848053032151669717e-01 -4.359116750135312579e-02 2.615554789228510257e-01
4.091562032699584961e-01 -6.748351454734802246e-01 -2.051460027694702148e+00 6.787728116764590869e-01 6.848121357797284370e-01 -4.359459048338410608e-02 2.615324947907800013e-01
4.091561138629913330e-01 -6.748314499855041504e-01 -2.051454782485961914e+00 6.787661152646874418e-01 6.848159720490265556e-01 -4.360516299671243073e-02 2.615380825599320502e-01
4.091382324695587158e-01 -6.748055219650268555e-01 -2.051504850387573242e+00 6.787753685206920906e-01 6.847960770489043281e-01 -4.361142887395840634e-02 2.615650757868502319e-01
4.091249108314514160e-01 -6.748362183570861816e-01 -2.051533699035644531e+00 6.787875845737659786e-01 6.847858603126159016e-01 -4.359784563125435053e-02 2.615624210030600971e-01
4.091576337814331055e-01 -6.748529672622680664e-01 -2.051527738571166992e+00 6.787630122947994060e-01 6.848084552872901742e-01 -4.358210270248068924e-02 2.615696287693710098e-01
4.091560542583465576e-01 -6.748509407043457031e-01 -2.051524162292480469e+00 6.787586284595269470e-01 6.848106828410601699e-01 -4.356877298142558530e-02 2.615774102548278912e-01
4.091252088546752930e-01 -6.747913360595703125e-01 -2.051423072814941406e+00 6.787380755096680263e-01 6.848343834952136389e-01 -4.358911561944630447e-02 2.615653527770105957e-01
4.091296494007110596e-01 -6.748054623603820801e-01 -2.051409959793090820e+00 6.787209839386056931e-01 6.848311232615152955e-01 -4.361508803302557163e-02 2.616138511737191585e-01
4.091260731220245361e-01 -6.747981905937194824e-01 -2.051397800445556641e+00 6.787167240143144875e-01 6.848332041170576145e-01 -4.361425305777409667e-02 2.616195987443988846e-01
4.091342985630035400e-01 -6.748069524765014648e-01 -2.051423788070678711e+00 6.787640914411425808e-01 6.848198580003631575e-01 -4.360544668479542779e-02 2.615330886327232318e-01
4.091126620769500732e-01 -6.747810840606689453e-01 -2.051443576812744141e+00 6.787081203813886132e-01 6.848604155692218365e-01 -4.359256533248587195e-02 2.615742844301495174e-01
4.091071784496307373e-01 -6.747723817825317383e-01 -2.051434040069580078e+00 6.787099886276967142e-01 6.848580912905266604e-01 -4.359320278945452015e-02 2.615754196174056578e-01
4.091178178787231445e-01 -6.748059391975402832e-01 -2.051479816436767578e+00 6.787522083880132007e-01 6.848249098937891910e-01 -4.358642975897705774e-02 2.615539131261040429e-01
4.091291725635528564e-01 -6.748673915863037109e-01 -2.051398992538452148e+00 6.787289541583874097e-01 6.848410182189773598e-01 -4.356697849076186790e-02 2.615753335232209875e-01
4.091303050518035889e-01 -6.748701930046081543e-01 -2.051388978958129883e+00 6.787268135903469224e-01 6.848389408363164677e-01 -4.356415202414676280e-02 2.615867515634692775e-01
4.091343879699707031e-01 -6.748489737510681152e-01 -2.051346778869628906e+00 6.787426906814740812e-01 6.848272460930435734e-01 -4.356330860773893060e-02 2.615763185747033703e-01
4.091256260871887207e-01 -6.748282313346862793e-01 -2.051384925842285156e+00 6.787670400471325083e-01 6.848002425162063034e-01 -4.354681763531101368e-02 2.615865832478958541e-01
4.091257154941558838e-01 -6.748262047767639160e-01 -2.051376581192016602e+00 6.787731402867079877e-01 6.847921781921492146e-01 -4.354415412949944747e-02 2.615922891091044811e-01
4.091222584247589111e-01 -6.748696565628051758e-01 -2.051416635513305664e+00 6.787986300783623861e-01 6.847669682366734900e-01 -4.353228923735620592e-02 2.615941226184708701e-01
4.091734290122985840e-01 -6.748180985450744629e-01 -2.051548004150390625e+00 6.788011511530627207e-01 6.847539977220664653e-01 -4.357407816308241089e-02 2.616145763772444455e-01
4.091632664203643799e-01 -6.748306751251220703e-01 -2.051566362380981445e+00 6.788341478990908007e-01 6.847382741099993231e-01 -4.356300406408354642e-02 2.615719294905028414e-01
4.091665148735046387e-01 -6.748297810554504395e-01 -2.051572084426879883e+00 6.788382499998661945e-01 6.847334558761973833e-01 -4.355729697876709050e-02 2.615748707578682830e-01
4.091592729091644287e-01 -6.748672127723693848e-01 -2.051545858383178711e+00 6.787970954767426068e-01 6.847709749929935530e-01 -4.353087294461246287e-02 2.615878539261957680e-01
4.091508090496063232e-01 -6.748567223548889160e-01 -2.051515817642211914e+00 6.787981142001540125e-01 6.847587735989442148e-01 -4.350566128637574359e-02 2.616213666265363447e-01
4.091498553752899170e-01 -6.748431921005249023e-01 -2.051484584808349609e+00 6.788275995778216831e-01 6.847538794894804104e-01 -4.351902775259140765e-02 2.615553770520705479e-01
4.091433584690093994e-01 -6.748431921005249023e-01 -2.051496982574462891e+00 6.787878953403734261e-01 6.847977963524645162e-01 -4.349261782111452090e-02 2.615478344876538963e-01
4.091579914093017578e-01 -6.748524308204650879e-01 -2.051510095596313477e+00 6.788203974490428783e-01 6.847720983955475349e-01 -4.344985915683156896e-02 2.615379347153409251e-01
4.091595113277435303e-01 -6.748536229133605957e-01 -2.051511287689208984e+00 6.788308209262435833e-01 6.847648983232108577e-01 -4.345533832248422990e-02 2.615288041557571330e-01
4.091772735118865967e-01 -6.748800277709960938e-01 -2.051521539688110352e+00 6.787742948805384202e-01 6.848059853371468719e-01 -4.347040564910498867e-02 2.615654017009649279e-01
4.091790616512298584e-01 -6.748774051666259766e-01 -2.051508188247680664e+00 6.787692950566107664e-01 6.847903497087078906e-01 -4.343138571010957821e-02 2.616258007556842013e-01
4.091724157333374023e-01 -6.748882532119750977e-01 -2.051505088806152344e+00 6.787741597321047538e-01 6.847963306274880146e-01 -4.345076632707110115e-02 2.615943220374903899e-01
4.091715514659881592e-01 -6.748874187469482422e-01 -2.051513671875000000e+00 6.787477250043493227e-01 6.848241644830065367e-01 -4.342241465942457690e-02 2.615947406878131876e-01
4.091759920120239258e-01 -6.748452782630920410e-01 -2.051458597183227539e+00 6.787406983471453437e-01 6.848427580831032424e-01 -4.344625631458719217e-02 2.615603244121036397e-01
4.091776013374328613e-01 -6.748450994491577148e-01 -2.051455020904541016e+00 6.787490580165413956e-01 6.848403826270531569e-01 -4.345466741553794671e-02 2.615435025438977990e-01
4.091598689556121826e-01 -6.748423576354980469e-01 -2.051458597183227539e+00 6.787336359413664866e-01 6.848490278359788963e-01 -4.342408441868914060e-02 2.615659110612420513e-01
4.091318547725677490e-01 -6.748108863830566406e-01 -2.051395416259765625e+00 6.787313499399956207e-01 6.848497317684690833e-01 -4.342200229835568859e-02 2.615703706008022933e-01
4.091110825538635254e-01 -6.748409271240234375e-01 -2.051417589187622070e+00 6.787558369227494337e-01 6.848399753694260905e-01 -4.343732912009531932e-02 2.615298148314834092e-01
4.091334939002990723e-01 -6.748656034469604492e-01 -2.051401376724243164e+00 6.787042315584046470e-01 6.848786325719856682e-01 -4.343392453612211074e-02 2.615630820458003658e-01
4.091435372829437256e-01 -6.749033331871032715e-01 -2.051441907882690430e+00 6.787163247093624951e-01 6.848572524673053330e-01 -4.343711350699341889e-02 2.615871605857906235e-01
4.091407954692840576e-01 -6.749053597450256348e-01 -2.051436424255371094e+00 6.787129059083785165e-01 6.848626781710512867e-01 -4.343213994343427670e-02 2.615826601655867889e-01
4.091620743274688721e-01 -6.748940944671630859e-01 -2.051487445831298828e+00 6.786932311732936096e-01 6.848702146250748024e-01 -4.343571532660012169e-02 2.616133844935778496e-01
4.091684520244598389e-01 -6.749113798141479492e-01 -2.051501512527465820e+00 6.786922465982289099e-01 6.848604279153495122e-01 -4.342703997122007026e-02 2.616429650914163796e-01
4.091672897338867188e-01 -6.749159693717956543e-01 -2.051500797271728516e+00 6.786969018761025429e-01 6.848595725815678215e-01 -4.343332876288548416e-02 2.616321028047920438e-01
4.091586470603942871e-01 -6.748701930046081543e-01 -2.051610708236694336e+00 6.786840337456989669e-01 6.848556956235462012e-01 -4.345102543397050265e-02 2.616726430950644389e-01
4.091734290122985840e-01 -6.748688220977783203e-01 -2.051616668701171875e+00 6.787173696254324984e-01 6.848271517869300995e-01 -4.345631204440061207e-02 2.616600213088090543e-01
4.091729223728179932e-01 -6.748669147491455078e-01 -2.051623106002807617e+00 6.787164756494064033e-01 6.848264071931976504e-01 -4.346617215184503391e-02 2.616626273121291923e-01
4.091908931732177734e-01 -6.748619079589843750e-01 -2.051661729812622070e+00 6.786704030728507586e-01 6.848804726386900077e-01 -4.346869476944116573e-02 2.616402104607573609e-01
4.091798961162567139e-01 -6.748500466346740723e-01 -2.051649808883666992e+00 6.786571529401479452e-01 6.848899140028111843e-01 -4.342772666736029186e-02 2.616567362886827453e-01
4.091721475124359131e-01 -6.748363375663757324e-01 -2.051638126373291016e+00 6.786888166980510340e-01 6.848903457534551986e-01 -4.344199178613660645e-02 2.615710866974196858e-01
4.091903865337371826e-01 -6.748700737953186035e-01 -2.051628112792968750e+00 6.786589719240235796e-01 6.849067854892287865e-01 -4.346238979857890150e-02 2.616020762096846197e-01
4.091750979423522949e-01 -6.748518943786621094e-01 -2.051597595214843750e+00 6.786387329664523849e-01 6.849158813452356220e-01 -4.345213636477551072e-02 2.616324940864544479e-01
4.091903865337371826e-01 -6.748015284538269043e-01 -2.051534652709960938e+00 6.786421425347715086e-01 6.849173806535080455e-01 -4.346015205092171318e-02 2.616183345868312582e-01
4.091704785823822021e-01 -6.748213171958923340e-01 -2.051509380340576172e+00 6.785960930461693019e-01 6.849523526889964575e-01 -4.347681452961551368e-02 2.616434771295503836e-01
4.091857969760894775e-01 -6.748053431510925293e-01 -2.051479816436767578e+00 6.786125887138377832e-01 6.849251409849695937e-01 -4.345700533219289119e-02 2.616752037444149415e-01
4.091841280460357666e-01 -6.748018264770507812e-01 -2.051475286483764648e+00 6.786108588113557438e-01 6.849268430670450991e-01 -4.344473161386994131e-02 2.616773310310404055e-01
4.091731011867523193e-01 -6.748234629631042480e-01 -2.051443099975585938e+00 6.785586549909627951e-01 6.849697865651692696e-01 -4.345519999080588863e-02 2.616985387972116661e-01
4.091756045818328857e-01 -6.748479008674621582e-01 -2.051473379135131836e+00 6.785765686402914776e-01 6.849593021082737154e-01 -4.345981717587244636e-02 2.616787730016438829e-01
4.091714620590209961e-01 -6.748476624488830566e-01 -2.051467418670654297e+00 6.785755338009098470e-01 6.849614446566679726e-01 -4.345707264028324246e-02 2.616762404766203032e-01
4.091681241989135742e-01 -6.747959256172180176e-01 -2.051549911499023438e+00 6.785951611686226181e-01 6.849429946015161974e-01 -4.347629232473600169e-02 2.616705054389180662e-01
4.091765880584716797e-01 -6.748502254486083984e-01 -2.051637411117553711e+00 6.786294943156885306e-01 6.849200674687901946e-01 -4.344339587464908503e-02 2.616468700503803424e-01
4.091719388961791992e-01 -6.748507022857666016e-01 -2.051644325256347656e+00 6.786369640188445462e-01 6.849143071643267744e-01 -4.343751615524604759e-02 2.616435729318437597e-01
4.091737866401672363e-01 -6.748449206352233887e-01 -2.051682233810424805e+00 6.786455712985169919e-01 6.849012508939469335e-01 -4.346151339335332237e-02 2.616514636536125260e-01
4.091641306877136230e-01 -6.748055219650268555e-01 -2.051625728607177734e+00 6.786372014341133241e-01 6.849152532568616447e-01 -4.348968290468565451e-02 2.616318549137119365e-01
4.091601371765136719e-01 -6.748001575469970703e-01 -2.051628828048706055e+00 6.786375774558142115e-01 6.849169158010973701e-01 -4.348818765759319277e-02 2.616267804968839816e-01
4.091653227806091309e-01 -6.747698187828063965e-01 -2.051695585250854492e+00 6.786400696235723728e-01 6.849220637102151343e-01 -4.350118042959509601e-02 2.616046198706067916e-01
4.091956019401550293e-01 -6.747723221778869629e-01 -2.051722049713134766e+00 6.786569244518249056e-01 6.849089616011267978e-01 -4.349010969120368358e-02 2.615970688437319613e-01
4.091962277889251709e-01 -6.747672557830810547e-01 -2.051726102828979492e+00 6.786648865040579848e-01 6.848962495418571272e-01 -4.349832720939340175e-02 2.616083045171007648e-01
4.092296957969665527e-01 -6.747971773147583008e-01 -2.051673412322998047e+00 6.786700737267188366e-01 6.848874358356806802e-01 -4.355682695388971709e-02 2.616082700871185107e-01
4.092184305191040039e-01 -6.748105287551879883e-01 -2.051677703857421875e+00 6.786948531461043377e-01 6.848745498207288174e-01 -4.355130662215517257e-02 2.615786073239497189e-01
4.092206358909606934e-01 -6.748089790344238281e-01 -2.051680088043212891e+00 6.786928894881717467e-01 6.848760044277966141e-01 -4.355085080346647597e-02 2.615799020617760595e-01
4.092358350753784180e-01 -6.748501658439636230e-01 -2.051646232604980469e+00 6.786865051592280151e-01 6.848786705688777454e-01 -4.356227135660419719e-02 2.615876431047569062e-01
4.092188179492950439e-01 -6.748280525207519531e-01 -2.051601409912109375e+00 6.786857758118627348e-01 6.848846320770781704e-01 -4.356439300378169704e-02 2.615735431005064560e-01
4.092207849025726318e-01 -6.748262047767639160e-01 -2.051599502563476562e+00 6.786864104744779747e-01 6.848844087801229108e-01 -4.356517561095486768e-02 2.615723873249871656e-01
4.092036485671997070e-01 -6.748526692390441895e-01 -2.051585197448730469e+00 6.786706308704986146e-01 6.848955683211707113e-01 -4.354750364105962335e-02 2.615870210965358100e-01
4.091598689556121826e-01 -6.748235225677490234e-01 -2.051507711410522461e+00 6.786725156872591702e-01 6.849073230621272046e-01 -4.354676792307100863e-02 2.615514938230178443e-01
4.091560840606689453e-01 -6.748208403587341309e-01 -2.051498413085937500e+00 6.786788747610276173e-01 6.849012130149614297e-01 -4.354307745796118234e-02 2.615516010313579387e-01
4.091472327709197998e-01 -6.748250126838684082e-01 -2.051485061645507812e+00 6.786506893669043139e-01 6.849217754250118695e-01 -4.358629684795171239e-02 2.615637261965662042e-01
4.091594517230987549e-01 -6.748467683792114258e-01 -2.051466941833496094e+00 6.786358757501044225e-01 6.849280530330777994e-01 -4.354601204869526510e-02 2.615923923333443590e-01
4.091575145721435547e-01 -6.748764514923095703e-01 -2.051481008529663086e+00 6.786581245292750975e-01 6.849114392127836348e-01 -4.351789596734696036e-02 2.615828173883621433e-01
4.091396033763885498e-01 -6.748771667480468750e-01 -2.051461696624755859e+00 6.786560338269366222e-01 6.849058862387861213e-01 -4.352232259855706026e-02 2.616020889599980914e-01
4.091436266899108887e-01 -6.748951673507690430e-01 -2.051450014114379883e+00 6.786397038957822092e-01 6.849192929159230170e-01 -4.347288980990593465e-02 2.616175400576279397e-01
4.091460108757019043e-01 -6.749362349510192871e-01 -2.051479339599609375e+00 6.786653613149764563e-01 6.849003153809394284e-01 -4.344750026010602006e-02 2.616049048525153076e-01
4.091499745845794678e-01 -6.749237179756164551e-01 -2.051487684249877930e+00 6.786574816063996041e-01 6.849075210414402592e-01 -4.347321114838750833e-02 2.616022225243485599e-01
4.091566801071166992e-01 -6.749455332756042480e-01 -2.051475763320922852e+00 6.786372233915906049e-01 6.849265611543662313e-01 -4.342703681581168429e-02 2.616125677837807251e-01
4.091268479824066162e-01 -6.749123334884643555e-01 -2.051393985748291016e+00 6.786269547625695120e-01 6.849364859495604696e-01 -4.342646429376023631e-02 2.616133205285220420e-01
4.091696739196777344e-01 -6.748825907707214355e-01 -2.051440238952636719e+00 6.786054247891166735e-01 6.849497847210280765e-01 -4.348050955247333149e-02 2.616254195015518813e-01
4.091631174087524414e-01 -6.748773455619812012e-01 -2.051434755325317383e+00 6.785625185708680229e-01 6.849968719146226626e-01 -4.341411814334968783e-02 2.616244383549869990e-01
4.091522693634033203e-01 -6.749100685119628906e-01 -2.051457405090332031e+00 6.785835935659132456e-01 6.849779693351993881e-01 -4.340144984278701545e-02 2.616213745967314597e-01
4.091901183128356934e-01 -6.748437285423278809e-01 -2.051550626754760742e+00 6.786399461132712752e-01 6.849328816122171038e-01 -4.339916333932530845e-02 2.615935570430474311e-01
4.091890752315521240e-01 -6.748397350311279297e-01 -2.051551342010498047e+00 6.786446909511834047e-01 6.849294102436737086e-01 -4.339125172604545166e-02 2.615916951397780910e-01
4.091977477073669434e-01 -6.748774051666259766e-01 -2.051597595214843750e+00 6.786484387664424300e-01 6.849203360774471783e-01 -4.337769510949134738e-02 2.616079369630334162e-01
4.092203378677368164e-01 -6.748620867729187012e-01 -2.051640033721923828e+00 6.786720223556750309e-01 6.849110485098056644e-01 -4.337327853491221297e-02 2.615718508551544974e-01
4.092304706573486328e-01 -6.748726963996887207e-01 -2.051648139953613281e+00 6.786742886590045876e-01 6.848993201805673170e-01 -4.335484411874367117e-02 2.615996852190313748e-01
4.092124700546264648e-01 -6.749054193496704102e-01 -2.051679611206054688e+00 6.786796027435524348e-01 6.848933206683491814e-01 -4.333131900105430950e-02 2.616055520606888618e-01
4.092051386833190918e-01 -6.749352216720581055e-01 -2.051681041717529297e+00 6.786345569252443255e-01 6.849187785853670940e-01 -4.334081541522442904e-02 2.616541403429206714e-01
4.092050790786743164e-01 -6.749430894851684570e-01 -2.051689863204956055e+00 6.786393608113719944e-01 6.849121077842619254e-01 -4.334180410554692997e-02 2.616590290953023645e-01
4.092189967632293701e-01 -6.748893857002258301e-01 -2.051614284515380859e+00 6.786332339807702452e-01 6.849245931346689131e-01 -4.337349597104458998e-02 2.616369635663366999e-01
4.091872572898864746e-01 -6.749159097671508789e-01 -2.051586866378784180e+00 6.786117947845273779e-01 6.849323321656856089e-01 -4.340896749749153377e-02 2.616664081712364864e-01
4.091957807540893555e-01 -6.749334931373596191e-01 -2.051580667495727539e+00 6.785925528653867778e-01 6.849520832370959988e-01 -4.336250360669677284e-02 2.616723127213653188e-01
4.091902375221252441e-01 -6.749088168144226074e-01 -2.051525831222534180e+00 6.786001643341684764e-01 6.849539745052527495e-01 -4.339356087255102218e-02 2.616425222322940058e-01
4.091684520244598389e-01 -6.749038696289062500e-01 -2.051547288894653320e+00 6.785899205344613216e-01 6.849613499088814672e-01 -4.336335254423449165e-02 2.616547504589616935e-01
4.091633260250091553e-01 -6.749058961868286133e-01 -2.051543712615966797e+00 6.785856556700600173e-01 6.849651278245909580e-01 -4.336714952280111557e-02 2.616553079634542089e-01
4.091735482215881348e-01 -6.748880147933959961e-01 -2.051512479782104492e+00 6.786148064958924531e-01 6.849595508197131588e-01 -4.336402403103328113e-02 2.615948269337228793e-01
4.091973900794982910e-01 -6.748585700988769531e-01 -2.051579236984252930e+00 6.786396490022882366e-01 6.849255403037317613e-01 -4.340674666341626936e-02 2.616122804648948752e-01
4.091954529285430908e-01 -6.748538017272949219e-01 -2.051576375961303711e+00 6.786379925890192455e-01 6.849247967438609752e-01 -4.341646997420361975e-02 2.616169262407061491e-01
4.091512262821197510e-01 -6.748202443122863770e-01 -2.051498889923095703e+00 6.786349452995328324e-01 6.849467996854787799e-01 -4.342485509453555825e-02 2.615658749507147607e-01
4.091667830944061279e-01 -6.748123764991760254e-01 -2.051519393920898438e+00 6.786246265446184145e-01 6.849363545812171550e-01 -4.345718963501748328e-02 2.616146133105642368e-01
4.091629683971405029e-01 -6.748072504997253418e-01 -2.051513433456420898e+00 6.786260750772681316e-01 6.849362759229996600e-01 -4.345983062609696385e-02 2.616106075116179652e-01
4.091648757457733154e-01 -6.748053431510925293e-01 -2.051508903503417969e+00 6.786433989038862524e-01 6.849329319436971986e-01 -4.347085261643984788e-02 2.615726292418382171e-01
4.091708362102508545e-01 -6.748451590538024902e-01 -2.051467895507812500e+00 6.786082238066374339e-01 6.849509998952367784e-01 -4.353200934121097959e-02 2.616063674268545025e-01
4.091683924198150635e-01 -6.748438477516174316e-01 -2.051458597183227539e+00 6.786086300371986235e-01 6.849543667131567926e-01 -4.352361713074479749e-02 2.615978885889216343e-01
4.091913700103759766e-01 -6.748852729797363281e-01 -2.051506280899047852e+00 6.786512122187481344e-01 6.849191398678131648e-01 -4.349617359693139923e-02 2.615842960256058447e-01
4.091818034648895264e-01 -6.748392581939697266e-01 -2.051601886749267578e+00 6.786491105165690652e-01 6.848945172491043287e-01 -4.354712799007820490e-02 2.616456308486694304e-01
4.091803431510925293e-01 -6.748340129852294922e-01 -2.051602840423583984e+00 6.786472036776511896e-01 6.848962440271165741e-01 -4.355253104280672194e-02 2.616452242393015881e-01
