repeatability libsurvive; 20211016-001215; x y z w i j k;  frequency = 150 duration = 2 sys.args = ['repeatability.py']
-2.387727042450969450e-01 2.997334433199047229e-02 -9.581683309942219673e-02 -1.957319953287573189e-01 1.744965581294474766e-01 9.191849730280721165e-01 -2.938348559394918236e-01
-2.388028028024492821e-01 3.001812585725062085e-02 -9.561188455337343850e-02 -1.957212014011018852e-01 1.745998289045664342e-01 9.191574066161583012e-01 -2.938669306527420533e-01
-2.387550474657069710e-01 2.999880423321129100e-02 -9.583999898403128270e-02 -1.957351424530880957e-01 1.746297975913275180e-01 9.191467166340514527e-01 -2.938732738833593761e-01
-2.387555030153229174e-01 3.000013954145295744e-02 -9.584066779337677144e-02 -1.957584124291840144e-01 1.746175591828232898e-01 9.191547746569235233e-01 -2.938398410931009064e-01
-2.387557510099073133e-01 3.000165004781276887e-02 -9.584163839163610532e-02 -1.957740724738208649e-01 1.746068428029241559e-01 9.191660758175490553e-01 -2.938004221569087693e-01
-2.387968540616091373e-01 2.999529844713998486e-02 -9.563638504011608144e-02 -1.957931137892399698e-01 1.747147822862607502e-01 9.191463097191778786e-01 -2.937854025866422081e-01
-2.387821462262436356e-01 3.003092495614548621e-02 -9.585102012968907403e-02 -1.957931019838788644e-01 1.747238575188869714e-01 9.191457104039317816e-01 -2.937818882696850986e-01
-2.388160786349266262e-01 3.003567867845078135e-02 -9.565956199377367852e-02 -1.957734344261617410e-01 1.747731305223874099e-01 9.191300830773022623e-01 -2.938145769064243740e-01
-2.387681804396466489e-01 3.001876187495437429e-02 -9.587963622435971556e-02 -1.957892130274103137e-01 1.748222046270153651e-01 9.191193232229208920e-01 -2.938085269519876142e-01
-2.387686201645908834e-01 3.002141202842281351e-02 -9.588156249892643146e-02 -1.958170177285272484e-01 1.748028548849007158e-01 9.191404366745365984e-01 -2.937354509788295820e-01
-2.387890076393520689e-01 3.002849346875738692e-02 -9.573913712645572283e-02 -1.958218621762410627e-01 1.748771705742722116e-01 9.191293552807078271e-01 -2.937226613100131223e-01
-2.387262839539528725e-01 2.999515399158390536e-02 -9.594221658835781763e-02 -1.958409739582407383e-01 1.750262559544299434e-01 9.190921209924602930e-01 -2.937376308463771069e-01
-2.387482627659908152e-01 3.006358465714726799e-02 -9.573829156483429359e-02 -1.958467288506692550e-01 1.750748376329048783e-01 9.190826066332972166e-01 -2.937346118700491227e-01
-2.387485862749942067e-01 3.006650621029125989e-02 -9.574054613249811940e-02 -1.958716322836770440e-01 1.750548910925184831e-01 9.191075052085250219e-01 -2.936519753730182924e-01
-2.387567255815060130e-01 3.013684995578637046e-02 -9.589593155541509262e-02 -1.958664629674071733e-01 1.751244286865956123e-01 9.190807344153535396e-01 -2.936977473328066246e-01
-2.387732674726857629e-01 3.022483445070231131e-02 -9.571263421409223482e-02 -1.958776201907141690e-01 1.752096720714134137e-01 9.190620965795683883e-01 -2.936977891503749771e-01
-2.387738909455016378e-01 3.022768744915912617e-02 -9.571458520311090790e-02 -1.959151760200538994e-01 1.751861523106338914e-01 9.190836375677930992e-01 -2.936193505182858043e-01
-2.387449797520937722e-01 3.023889221306047884e-02 -9.590833169490980969e-02 -1.959088120010837875e-01 1.752524993959724275e-01 9.190644509815164565e-01 -2.936440596671969772e-01
-2.387758909147700004e-01 3.024546787745462442e-02 -9.573663662806841668e-02 -1.959040593945711728e-01 1.752908230570229819e-01 9.190617073740476872e-01 -2.936329424697105561e-01
-2.387766304923014116e-01 3.024781092506185695e-02 -9.573810699188593787e-02 -1.959444821209296306e-01 1.752687028659702939e-01 9.190776186142797233e-01 -2.935693660522934456e-01
-2.387660785842434241e-01 3.029421154635040733e-02 -9.590801589467934374e-02 -1.959502305372110009e-01 1.753538437068943856e-01 9.190495352170656718e-01 -2.936026029634739576e-01
-2.387894019366889053e-01 3.030792841475820135e-02 -9.576976457302252554e-02 -1.959573739338288378e-01 1.754353006241952118e-01 9.190317655540040098e-01 -2.936047969610614539e-01
-2.387900243620329765e-01 3.031026671278689785e-02 -9.577138492586989571e-02 -1.959923696666203141e-01 1.754149091110475678e-01 9.190489833173263179e-01 -2.935397195566802897e-01
-2.387374646429548941e-01 3.028733902877483661e-02 -9.593784968983284922e-02 -1.960122282500762481e-01 1.755729607634866629e-01 9.190080772841298096e-01 -2.935600376613109463e-01
-2.387780843832024436e-01 3.027526595474424806e-02 -9.574381459776233616e-02 -1.960258640167454325e-01 1.756443428530534701e-01 9.189908727398077293e-01 -2.935620910150597007e-01
-2.387785425940186501e-01 3.027818765163546241e-02 -9.574606296277828055e-02 -1.960563508037285463e-01 1.756228681537211345e-01 9.190151014115832684e-01 -2.934787196176977808e-01
-2.387880523675027233e-01 3.034197946492497508e-02 -9.589539370554972519e-02 -1.960464625496656788e-01 1.756355367338987006e-01 9.189991715563415875e-01 -2.935276229534717340e-01
-2.388130785607621709e-01 3.041160081929832407e-02 -9.569461594144240690e-02 -1.960656215586863704e-01 1.757487178408118078e-01 9.189742058510255163e-01 -2.935252445712182578e-01
-2.388134015705291047e-01 3.041410364444767020e-02 -9.569664416514699068e-02 -1.960889048531202772e-01 1.757308736708401153e-01 9.189959009105059806e-01 -2.934524417040597077e-01
-2.387911741552805611e-01 3.042696743565994830e-02 -9.585387085766298998e-02 -1.960862380766935642e-01 1.757916063070706358e-01 9.189757786375306603e-01 -2.934808625216547839e-01
-2.388118600146488801e-01 3.045711995495980692e-02 -9.571060894306621103e-02 -1.960881922503803776e-01 1.758544564225758000e-01 9.189648324861418027e-01 -2.934761790503881418e-01
-2.388125209812283212e-01 3.045960397360659641e-02 -9.571236265518912045e-02 -1.961263131350299838e-01 1.758321712796848679e-01 9.189834264317847667e-01 -2.934058260887605352e-01
-2.387665378881817235e-01 3.044920791029446031e-02 -9.591762809911233423e-02 -1.961335604190473925e-01 1.759348590737578877e-01 9.189509215437763334e-01 -2.934412302896255431e-01
-2.387933661210214220e-01 3.046351969553342046e-02 -9.573912894620358049e-02 -1.961072095848269969e-01 1.758658446609333570e-01 9.189594488003072215e-01 -2.934735056034615264e-01
-2.387937783727437924e-01 3.046593118099275369e-02 -9.574100732167863115e-02 -1.961349907900833967e-01 1.758469833533827242e-01 9.189792068896684984e-01 -2.934043645512534049e-01
-2.387281365217495954e-01 3.041010826265166597e-02 -9.588712264744457536e-02 -1.961412754282355619e-01 1.759483966470287153e-01 9.189494129507660425e-01 -2.934326809136421632e-01
-2.387693552757867155e-01 3.038489950611219723e-02 -9.569768106854413536e-02 -1.961244507439958984e-01 1.759337886719292698e-01 9.189477888887460644e-01 -2.934577705912581047e-01
-2.387698781511095603e-01 3.038764168168957627e-02 -9.569976546494368685e-02 -1.961590243860995564e-01 1.759114400254180866e-01 9.189697550696815931e-01 -2.933792625378398577e-01
-2.387307817671682486e-01 3.037247398288179731e-02 -9.586745390609797968e-02 -1.961446185999606018e-01 1.759396311017584202e-01 9.189536813080676492e-01 -2.934223345493718882e-01
-2.387736065691954401e-01 3.035479882111842206e-02 -9.567453968049917379e-02 -1.961514098514816340e-01 1.759740821664497745e-01 9.189405732059554577e-01 -2.934381872470959163e-01
-2.387742813640202078e-01 3.035693035100170759e-02 -9.567602820342827052e-02 -1.961898748346869170e-01 1.759529989764279656e-01 9.189558762348770671e-01 -2.933771850313863228e-01
-2.387610507939155191e-01 3.040184926868215801e-02 -9.583009059833125232e-02 -1.961918365125459029e-01 1.760563911740111731e-01 9.189233325169521294e-01 -2.934157790040556879e-01
-2.387808083664104963e-01 3.045095402084054340e-02 -9.567260719400391689e-02 -1.961880582262781614e-01 1.761454419875168598e-01 9.189115414503508106e-01 -2.934017860643746145e-01
-2.387812081731741642e-01 3.045344830017874052e-02 -9.567464174925037479e-02 -1.962161494813274565e-01 1.761258617848210917e-01 9.189327140673931860e-01 -2.933284345405505200e-01
-2.387502511708144148e-01 3.046763085174681793e-02 -9.584662645643160506e-02 -1.962130919832150433e-01 1.762013878681283341e-01 9.189106234189629019e-01 -2.933543243511240184e-01
-2.387858681620938228e-01 3.048106251165534977e-02 -9.565276452157987774e-02 -1.962248556939747424e-01 1.762989379146654434e-01 9.188929531464081757e-01 -2.933431968802289180e-01
-2.387862672006634268e-01 3.048295185832796197e-02 -9.565432596876578819e-02 -1.962500279437714712e-01 1.762828885030545689e-01 9.189087708011822730e-01 -2.932864481999615802e-01
-2.387750353448283014e-01 3.052165080519111603e-02 -9.580804699106969247e-02 -1.962536532482648255e-01 1.763368207916894970e-01 9.188857065906395061e-01 -2.933238610191996054e-01
-2.388094557564866827e-01 3.055613243079390376e-02 -9.559768839721520528e-02 -1.962534668928642423e-01 1.763946455718748973e-01 9.188747865654778302e-01 -2.933234262045083529e-01
-2.388100492546702258e-01 3.055868842537089528e-02 -9.559968590369180563e-02 -1.962904188669345462e-01 1.763718705384086372e-01 9.188953129287219523e-01 -2.932480837472810076e-01
-2.387868830934886111e-01 3.057695306697419055e-02 -9.574242829905518781e-02 -1.962917636464142912e-01 1.764569070770073411e-01 9.188701298714274657e-01 -2.932749356823092235e-01
-2.388094865352977658e-01 3.062536963751296901e-02 -9.556309903336780709e-02 -1.962976554730059831e-01 1.764981896678849416e-01 9.188599659038666490e-01 -2.932779953540756712e-01
-2.388100648550715299e-01 3.062779823367347762e-02 -9.556501815112275477e-02 -1.963340169919385869e-01 1.764760120843900659e-01 9.188794929420598390e-01 -2.932058123249648984e-01
-2.387649757532765982e-01 3.061906785069369238e-02 -9.575386902169749637e-02 -1.963341563422981162e-01 1.765660799907618483e-01 9.188524165548035416e-01 -2.932363467264106904e-01
-2.387991224569579463e-01 3.060523688514785526e-02 -9.561164176788287949e-02 -1.963581509194100849e-01 1.767068606430647337e-01 9.188262435624847679e-01 -2.932174894340993654e-01
-2.387993152895980797e-01 3.060787747283486362e-02 -9.561411926737395373e-02 -1.963774736159254464e-01 1.766890268369470385e-01 9.188517175278527738e-01 -2.931354581891353894e-01
-2.388331130737490482e-01 3.071932559096595891e-02 -9.577009661887150860e-02 -1.963573929408890251e-01 1.767043908809742270e-01 9.188389017941058778e-01 -2.931798168882753242e-01
-2.388522588936319857e-01 3.074379788134195754e-02 -9.563542527117874226e-02 -1.963514427546502183e-01 1.767172462892515616e-01 9.188390145568007261e-01 -2.931757000851172856e-01
-2.388526618203814511e-01 3.074632884979760714e-02 -9.563771355190864298e-02 -1.963798754356159415e-01 1.766968105004956269e-01 9.188618468454378130e-01 -2.930974037664529352e-01
-2.388480307522150015e-01 3.078729064736171125e-02 -9.579582327843505496e-02 -1.963763663899172340e-01 1.767316463464395082e-01 9.188438309072765042e-01 -2.931352287030856707e-01
-2.388773695987302381e-01 3.079966620910208966e-02 -9.563624333272796596e-02 -1.963880802900636047e-01 1.768111085100714797e-01 9.188245710863787163e-01 -2.931398324952708689e-01
-2.388526597484972314e-01 3.080989228429393753e-02 -9.580908603682583569e-02 -1.963957088821911556e-01 1.768319460032320434e-01 9.188146014201461487e-01 -2.931534011784781013e-01
-2.388527925742997549e-01 3.081143969732761875e-02 -9.581059128229689470e-02 -1.964073465567920673e-01 1.768214701867567573e-01 9.188296052405591219e-01 -2.931048932259442408e-01
-2.388823190553541198e-01 3.083251603951128392e-02 -9.565311913761667673e-02 -1.964321115317859967e-01 1.769493108623921285e-01 9.188039057055084058e-01 -2.930917088639524160e-01
-2.388292256670051794e-01 3.079384064375604788e-02 -9.582948888450121272e-02 -1.964423487079774155e-01 1.769679159738026253e-01 9.187989693790434842e-01 -2.930890892168968032e-01
-2.388294119759151179e-01 3.079495738052639639e-02 -9.583055578622280690e-02 -1.964555605864627130e-01 1.769585395450376519e-01 9.188092395457820860e-01 -2.930536969943352554e-01
-2.388558057301628512e-01 3.082322730578268208e-02 -9.566707485785505560e-02 -1.964555264510787214e-01 1.770423818337075184e-01 9.187925661364385599e-01 -2.930553558184791352e-01
-2.387902082412443339e-01 3.077002487200631090e-02 -9.579430176007303066e-02 -1.964808656279478649e-01 1.771284012879597025e-01 9.187698824065180236e-01 -2.930575064419557174e-01
-2.387905120768519518e-01 3.077139614723321467e-02 -9.579552652462289264e-02 -1.965006252455100966e-01 1.771160391272482704e-01 9.187817143924753571e-01 -2.930146314777167804e-01
-2.388053561244375123e-01 3.082611741381428502e-02 -9.564147046074134018e-02 -1.964972526229413208e-01 1.770951546357645290e-01 9.187764423212889664e-01 -2.930460457873568791e-01
-2.387687490233488530e-01 3.081490228997322764e-02 -9.579421480537449185e-02 -1.965068680256691069e-01 1.771035484384541614e-01 9.187735799883354204e-01 -2.930434996116925150e-01
-2.387691542774784126e-01 3.081609835930528354e-02 -9.579518520241732393e-02 -1.965317895448460694e-01 1.770901479140335466e-01 9.187825076665104840e-01 -2.930068920966271695e-01
-2.388061860273819892e-01 3.081542771153880297e-02 -9.560987384472446893e-02 -1.965278321202038048e-01 1.771200443972226757e-01 9.187704953258368779e-01 -2.930291418845146767e-01
-2.387977017022070991e-01 3.084678144251410195e-02 -9.575651850120012187e-02 -1.965200906006073223e-01 1.771006029113305624e-01 9.187717433963743519e-01 -2.930421709842442879e-01
-2.387979488381888060e-01 3.084811284935556550e-02 -9.575775232174082996e-02 -1.965370579195757639e-01 1.770891979497274948e-01 9.187837092045243459e-01 -2.930001647341096693e-01
-2.388258297947817854e-01 3.085122432793150835e-02 -9.561013465517551047e-02 -1.965328908328828894e-01 1.771848270968718886e-01 9.187719411164572136e-01 -2.929820473759767174e-01
-2.387885309059921135e-01 3.083744206422504505e-02 -9.575926882627432135e-02 -1.965321431622139570e-01 1.771837754807392695e-01 9.187650390396220335e-01 -2.930048283714449808e-01
-2.387886339235311128e-01 3.083870745337474392e-02 -9.576056142185122855e-02 -1.965423729038317524e-01 1.771745821760448703e-01 9.187777720427303674e-01 -2.929635961758245144e-01
-2.388083650299461513e-01 3.088073552512994938e-02 -9.559733772020698184e-02 -1.965368449750670155e-01 1.772074158031022306e-01 9.187724150427893921e-01 -2.929642464671635693e-01
-2.387934563803808807e-01 3.092158418732781841e-02 -9.573382265146394843e-02 -1.965467160912846845e-01 1.772901142463003676e-01 9.187551855308744297e-01 -2.929616235010896186e-01
-2.387936004766313680e-01 3.092279058227482766e-02 -9.573504037483987483e-02 -1.965587861040077045e-01 1.772805328776325684e-01 9.187670050162572988e-01 -2.929222537831467910e-01
-2.388050711435994455e-01 3.097586003801760038e-02 -9.559319143220447457e-02 -1.965471075641344600e-01 1.772823254451296182e-01 9.187635877434372489e-01 -2.929397232021412889e-01
-2.387435779034428329e-01 3.092942334327074619e-02 -9.571812309781536909e-02 -1.965695797265567257e-01 1.773623007388041017e-01 9.187454521429665455e-01 -2.929331131322968629e-01
-2.387437765572441861e-01 3.093071427766425421e-02 -9.571938148936123825e-02 -1.965853229579762607e-01 1.773512866720897141e-01 9.187575281673650007e-01 -2.928913388085345737e-01
-2.387733006043328554e-01 3.093472015916394133e-02 -9.557455477858349535e-02 -1.965953677813671308e-01 1.774424005363398615e-01 9.187360836091700289e-01 -2.928966789386563407e-01
-2.387518520194223393e-01 3.095429588355907632e-02 -9.570423413564302373e-02 -1.966215267082134788e-01 1.775074196924045777e-01 9.187180972762656328e-01 -2.928961401694362698e-01
-2.387519487848374089e-01 3.095565535549780686e-02 -9.570565082020085490e-02 -1.966330431914705135e-01 1.774971008579127596e-01 9.187319855881930231e-01 -2.928510955579189390e-01
-2.387737198132632022e-01 3.099100847707205245e-02 -9.554434063382580278e-02 -1.966277970165200562e-01 1.775327949614083911e-01 9.187241438126918514e-01 -2.928575826733140763e-01
-2.387454577709492154e-01 3.101153954566351553e-02 -9.572891611083095276e-02 -1.966528452301521401e-01 1.776028383813597067e-01 9.187073952774604813e-01 -2.928508359630795921e-01
-2.387456921862328163e-01 3.101264152728063980e-02 -9.572997087572709951e-02 -1.966701088158526733e-01 1.775920639149459190e-01 9.187171768574857733e-01 -2.928150885453163488e-01
-2.387820980326321729e-01 3.101339829932947892e-02 -9.555561252770204683e-02 -1.966541684278570457e-01 1.776592659913512895e-01 9.187112774652903546e-01 -2.928035380685431455e-01
-2.387379114724270113e-01 3.099336144374085708e-02 -9.569531320832212751e-02 -1.966763234981203645e-01 1.777424689816136105e-01 9.186913041833342231e-01 -2.928008301106868605e-01
-2.387380835589775208e-01 3.099426548313229460e-02 -9.569623654791309386e-02 -1.966891266779290937e-01 1.777342047702198946e-01 9.186998067499998477e-01 -2.927705671321556569e-01
-2.387605511330234687e-01 3.103759906093095725e-02 -9.553512615256355700e-02 -1.966933644811516557e-01 1.778336874377963728e-01 9.186814238050355907e-01 -2.927649937012845593e-01
-2.386985480980167718e-01 3.099315801996811379e-02 -9.568489484486103480e-02 -1.967124188427576414e-01 1.778977505942268000e-01 9.186705694012874401e-01 -2.927473305129528192e-01
-2.386986134363697498e-01 3.099404155744061098e-02 -9.568587960958996330e-02 -1.967204222852688700e-01 1.778908846922910292e-01 9.186799169378090379e-01 -2.927167894303978057e-01
-2.387283855816530742e-01 3.101271763410345592e-02 -9.550928662103061462e-02 -1.967082741956367453e-01 1.779616591034080542e-01 9.186685383147361605e-01 -2.927176446044938984e-01
-2.386797496168053256e-01 3.098707927933439313e-02 -9.566751132781434186e-02 -1.967192117467308765e-01 1.779802513703958589e-01 9.186563250100527878e-01 -2.927373197439985253e-01
-2.386798531965460268e-01 3.098843781557265517e-02 -9.566897306965294057e-02 -1.967317946982671817e-01 1.779695761204814208e-01 9.186703947707328677e-01 -2.926911968305181411e-01
-2.387041643785022260e-01 3.101533019777477293e-02 -9.550749083008883145e-02 -1.967124493960622222e-01 1.779865120597604600e-01 9.186648523198561733e-01 -2.927112961427000282e-01
-2.386910958406694150e-01 3.105994813540225927e-02 -9.566882509331463280e-02 -1.967349967105159747e-01 1.780603011089965659e-01 9.186448748818729637e-01 -2.927139629255064990e-01
-2.386912565663227292e-01 3.106106503979435066e-02 -9.566999130353315284e-02 -1.967494760395534503e-01 1.780501079303223877e-01 9.186557578945694358e-01 -2.926762737758491495e-01
-2.387193101933534067e-01 3.104190897506214561e-02 -9.553617458047977684e-02 -1.967154521205760620e-01 1.780024561103097924e-01 9.186613660575730922e-01 -2.927105242879528002e-01
-2.387000428798508600e-01 3.105641800248515674e-02 -9.563336682296372238e-02 -1.967218967524759499e-01 1.780320413167036375e-01 9.186537892334274424e-01 -2.927119798193803524e-01
-2.387003119371370330e-01 3.105721892923683433e-02 -9.563413152664977657e-02 -1.967395778449739230e-01 1.780225392542687524e-01 9.186603784094948821e-01 -2.926851946501010659e-01
-2.387392536243863883e-01 3.100127887734449236e-02 -9.548852542590118009e-02 -1.967061278289203297e-01 1.779870972957983133e-01 9.186616438758171688e-01 -2.927252577796283783e-01
-2.387414439770235430e-01 3.105952515783618959e-02 -9.566091507799144578e-02 -1.967045160575700002e-01 1.779903230136223313e-01 9.186560689692276904e-01 -2.927418747327908410e-01
-2.387415952188098323e-01 3.106046620512571341e-02 -9.566194895797112963e-02 -1.967164949951734076e-01 1.779818605089484862e-01 9.186654951259483060e-01 -2.927093882873990083e-01
-2.387732806525943163e-01 3.102650813610617272e-02 -9.554397304181523609e-02 -1.967240723024342164e-01 1.780587577045683045e-01 9.186497739977644850e-01 -2.927068685823905891e-01
-2.387383442258953770e-01 3.101714784935520261e-02 -9.567997615887492702e-02 -1.967324243177907550e-01 1.780610452686228196e-01 9.186430497654579641e-01 -2.927209669591648855e-01
-2.387384363327943737e-01 3.101789018182640398e-02 -9.568085166148754261e-02 -1.967404026824565166e-01 1.780547645630667919e-01 9.186510097793328944e-01 -2.926944430633207084e-01
-2.387608060030060875e-01 3.102752208128533098e-02 -9.554263214358005296e-02 -1.967326081533893323e-01 1.780921841564254149e-01 9.186405458802027191e-01 -2.927097577746289314e-01
-2.387280329133689150e-01 3.102175950918338240e-02 -9.567924171341304906e-02 -1.967387102412202771e-01 1.780977713024503584e-01 9.186345394777264417e-01 -2.927211072476097464e-01
-2.387282474143274380e-01 3.102287814915971262e-02 -9.568045479331575842e-02 -1.967548297534495449e-01 1.780870952931557505e-01 9.186455007786658022e-01 -2.926823659837600733e-01
-2.387568024909997311e-01 3.104349187105073446e-02 -9.551216647765067846e-02 -1.967442584097314762e-01 1.781559190176480456e-01 9.186393012496207877e-01 -2.926670454653048092e-01
-2.387337740091645677e-01 3.105792300723989388e-02 -9.565832006385366348e-02 -1.967385223122272986e-01 1.781699142879198949e-01 9.186388645218064308e-01 -2.926637525747299295e-01
-2.387339984967620787e-01 3.105886135996352784e-02 -9.565932934786598729e-02 -1.967540988432111282e-01 1.781603883274155975e-01 9.186477715387328935e-01 -2.926311201262445372e-01
-2.387578421664201811e-01 3.106684390251273839e-02 -9.552168506012782834e-02 -1.967447326134613428e-01 1.781977225235180096e-01 9.186421321288620323e-01 -2.926323887645168043e-01
-2.387208873412877130e-01 3.106790078179469047e-02 -9.565455010295793870e-02 -1.967699912880299384e-01 1.782787257519410362e-01 9.186250158870769011e-01 -2.926197988162121955e-01
-2.387211898480837147e-01 3.106899615430967418e-02 -9.565569316743136041e-02 -1.967906324083884273e-01 1.782667509718629528e-01 9.186349677701854954e-01 -2.925819688294420406e-01
-2.387036808727078796e-01 3.115509473769364698e-02 -9.560637230217333693e-02 -1.967758029549971921e-01 1.782395887637966414e-01 9.186393035851723177e-01 -2.925948773941176584e-01
-2.386679759235318388e-01 3.115579619485811178e-02 -9.576563086359429766e-02 -1.967935280150983068e-01 1.782758918467997056e-01 9.186268440054374818e-01 -2.925999576045906214e-01
-2.386680926821725945e-01 3.115696333865021136e-02 -9.576699779619712860e-02 -1.968063338673841367e-01 1.782659397467594720e-01 9.186391831984561662e-01 -2.925586655157519367e-01
-2.386508208780001583e-01 3.124155630450431778e-02 -9.571865890703236401e-02 -1.967956749819868012e-01 1.782404278212804116e-01 9.186413065724066129e-01 -2.925747119240021399e-01
-2.386369657850572201e-01 3.128120909299003660e-02 -9.589735843185084874e-02 -1.967980739018490022e-01 1.782487803087823286e-01 9.186374238662137204e-01 -2.925802007986875175e-01
-2.386370089653889470e-01 3.128216274872198943e-02 -9.589852585435680588e-02 -1.968071603112278578e-01 1.782408497172990880e-01 9.186478431063345162e-01 -2.925462040402595498e-01
-2.386206807675779196e-01 3.136930501081749978e-02 -9.585065003276452278e-02 -1.968126827196741147e-01 1.782479895504225365e-01 9.186413406986637664e-01 -2.925585570467543195e-01
-2.385870140525803151e-01 3.137352330048757965e-02 -9.600998278943018160e-02 -1.968277362275669684e-01 1.782643722981615553e-01 9.186330462983658407e-01 -2.925644921538802512e-01
-2.385870858619642543e-01 3.137442684284504069e-02 -9.601108889914479472e-02 -1.968383249268120805e-01 1.782563680754743474e-01 9.186426075443741013e-01 -2.925322216177575485e-01
-2.386269457038247832e-01 3.133117989856494534e-02 -9.585965484109068568e-02 -1.968034016625736515e-01 1.782323396564101103e-01 9.186521926942368133e-01 -2.925402588580123253e-01
-2.385909534069587945e-01 3.133414904894513131e-02 -9.601601528385608764e-02 -1.968037115644837576e-01 1.782697282757936263e-01 9.186489856851721703e-01 -2.925273392257942695e-01
-2.385912934893615889e-01 3.133509604032426454e-02 -9.601696682646060355e-02 -1.968283342751842580e-01 1.782572021293376552e-01 9.186561624158741113e-01 -2.924958665875737052e-01
-2.386353676330140727e-01 3.130318310987389996e-02 -9.583758432538763694e-02 -1.967905818017136321e-01 1.782671811951816454e-01 9.186579113496644577e-01 -2.925096937496928784e-01
-2.386516171410046627e-01 3.137783364803002628e-02 -9.595931595256716740e-02 -1.967990684990834349e-01 1.782823905881017468e-01 9.186510160768670552e-01 -2.925163696359990295e-01
-2.386518170111071035e-01 3.137866157057581096e-02 -9.596024488114285322e-02 -1.968150655409820204e-01 1.782730331537453750e-01 9.186585242086791059e-01 -2.924877288451503965e-01
-2.386879067550452815e-01 3.135211809235394220e-02 -9.581363847300290726e-02 -1.968064797456282045e-01 1.783377333844652357e-01 9.186488045056437901e-01 -2.924845916655721134e-01
-2.386749503468949540e-01 3.139221967446030603e-02 -9.598734043482667899e-02 -1.968243325130456245e-01 1.783460656652514631e-01 9.186395523655344064e-01 -2.924965569407105836e-01
-2.386750338177524577e-01 3.139343561504491509e-02 -9.598885731993746229e-02 -1.968356704790803491e-01 1.783361051982477741e-01 9.186529847449478314e-01 -2.924528099180598306e-01
-2.386910351079428172e-01 3.141922339439652545e-02 -9.587066184484206721e-02 -1.968378937604216006e-01 1.783751379930035297e-01 9.186428746866650563e-01 -2.924592664173219503e-01
-2.386901967891505161e-01 3.146915478428215229e-02 -9.602746453459665155e-02 -1.968428592993010928e-01 1.783437950781998071e-01 9.186429302174472511e-01 -2.924748643242408019e-01
-2.386903711359093794e-01 3.146999516477567982e-02 -9.602846280001281487e-02 -1.968562354082050714e-01 1.783354106218302815e-01 9.186511593413523302e-01 -2.924451253484007807e-01
-2.387218952567343178e-01 3.148039185366978410e-02 -9.586466576253417637e-02 -1.968484042107647436e-01 1.784099622346240199e-01 9.186354425937337531e-01 -2.924542951398223511e-01
-2.386910869911412492e-01 3.147539803639619327e-02 -9.599644687490697936e-02 -1.968579059584913415e-01 1.784213884394105221e-01 9.186266112070600176e-01 -2.924686687343172053e-01
-2.386912603305273439e-01 3.147644899708673671e-02 -9.599769092449676744e-02 -1.968728192814629407e-01 1.784112382528446061e-01 9.186371919315433621e-01 -2.924315863469332255e-01
-2.387181378159788647e-01 3.148780742778123365e-02 -9.586177031553225203e-02 -1.968837374394407647e-01 1.785111764995340189e-01 9.186183111183330308e-01 -2.924225577391921238e-01
-2.386827797793962258e-01 3.148702598650228446e-02 -9.601444365989636465e-02 -1.968928900861355302e-01 1.785324925735171098e-01 9.186096377779503497e-01 -2.924306282017649083e-01
-2.386828755827935244e-01 3.148825810779598555e-02 -9.601599592055404253e-02 -1.969047767887781020e-01 1.785222173022920633e-01 9.186233372000618402e-01 -2.923858600525274243e-01
-2.387084222323101745e-01 3.149610010389451709e-02 -9.588307250827506067e-02 -1.968871642195563210e-01 1.785719460434366801e-01 9.186193620432651086e-01 -2.923798425525703237e-01
-2.386914429008524796e-01 3.151004901805480596e-02 -9.599623761035627756e-02 -1.968896737344877079e-01 1.785636625600556249e-01 9.186180038295133077e-01 -2.923874789216286407e-01
-2.386916498830429501e-01 3.151111299701234159e-02 -9.599750785551354471e-02 -1.969060547035388908e-01 1.785529363264165004e-01 9.186287141966235081e-01 -2.923493458240669640e-01
-2.387248904428022900e-01 3.150262384560024997e-02 -9.584612150156245070e-02 -1.968929319155763857e-01 1.786057441504682042e-01 9.186110412359882460e-01 -2.923814570684659109e-01
-2.386773762404143517e-01 3.148354437877283474e-02 -9.598305970051158875e-02 -1.969217499666018056e-01 1.786381376097986307e-01 9.185945063297499269e-01 -2.923942084279316789e-01
-2.386776205805122564e-01 3.148434505657762839e-02 -9.598397164457866948e-02 -1.969391564871635913e-01 1.786284476725743531e-01 9.186017090181364253e-01 -2.923657752083337891e-01
-2.387109213834312516e-01 3.147520405677897704e-02 -9.583399687208331297e-02 -1.969234499899839286e-01 1.786796575282668109e-01 9.185912237083864174e-01 -2.923780062787774692e-01
-2.386649264626254652e-01 3.146151287649642803e-02 -9.594679527669291996e-02 -1.969506435125416843e-01 1.787725942833259807e-01 9.185711298366070476e-01 -2.923660085986475310e-01
-2.386650880531306362e-01 3.146275067024972838e-02 -9.594832260782019950e-02 -1.969662941846700155e-01 1.787610469034887628e-01 9.185844094278066141e-01 -2.923207995016682270e-01
-2.386727958873853250e-01 3.149583016921504719e-02 -9.585315473232929040e-02 -1.969526182057374508e-01 1.787777170802120064e-01 9.185771547708814211e-01 -2.923426154198613403e-01
-2.386786246335487471e-01 3.154905830428740565e-02 -9.595803591321039328e-02 -1.969447916584651515e-01 1.787891745344556971e-01 9.185792510429909852e-01 -2.923342943638143065e-01
-2.386788447719144501e-01 3.154980013891914292e-02 -9.595890045643615252e-02 -1.969608019787091324e-01 1.787802256235893061e-01 9.185860577072488820e-01 -2.923075914096945893e-01
-2.387259620439435293e-01 3.150433040446137811e-02 -9.579868363768553885e-02 -1.969416149577900566e-01 1.787961899639396446e-01 9.185790726258471484e-01 -2.923327044414205655e-01
-2.387076055866222402e-01 3.152576513019873794e-02 -9.588004046009711290e-02 -1.969517545156663496e-01 1.788647289199737367e-01 9.185684248932847185e-01 -2.923174027160458932e-01
-2.387079285418135244e-01 3.152657910737288738e-02 -9.588094186685726383e-02 -1.969733190980903215e-01 1.788535843351127252e-01 9.185752566683735854e-01 -2.922882220866866998e-01
-2.387512270431043637e-01 3.146776726248294576e-02 -9.575114831273981442e-02 -1.969485864245434370e-01 1.788731559265367976e-01 9.185770875055252471e-01 -2.922871579527938080e-01
-2.387329127487453351e-01 3.148970936725874192e-02 -9.585856480217959386e-02 -1.969585178964695094e-01 1.789427735567750699e-01 9.185596198892583830e-01 -2.922927483341586363e-01
-2.387331265143236014e-01 3.149048135665319381e-02 -9.585952020326089784e-02 -1.969738894303788568e-01 1.789336343362094017e-01 9.185673326476064826e-01 -2.922637452346186215e-01
-2.387570988138037476e-01 3.149470550830450744e-02 -9.573299159204758102e-02 -1.969531855159055156e-01 1.789736304076373630e-01 9.185643206820854889e-01 -2.922626748384170026e-01
-2.387245247590240871e-01 3.150010602631418688e-02 -9.585665693720124558e-02 -1.969705785572078982e-01 1.790485147872665217e-01 9.185492755120567843e-01 -2.922523720888996479e-01
-2.387246391552714231e-01 3.150085057335123839e-02 -9.585766515526975007e-02 -1.969807893998616333e-01 1.790411548634227024e-01 9.185577516309941792e-01 -2.922233570253961465e-01
-2.387472526366594128e-01 3.152998069220171173e-02 -9.571860566700259032e-02 -1.969924389948266019e-01 1.791350503006762240e-01 9.185328644852526203e-01 -2.922361880280404112e-01
-2.386998694144099320e-01 3.152003843271093675e-02 -9.585147955252225349e-02 -1.970267660413299038e-01 1.792382910667147944e-01 9.185082298022566594e-01 -2.922271723579170088e-01
-2.387001185332779662e-01 3.152092177564022601e-02 -9.585257772647687302e-02 -1.970455460427657235e-01 1.792274483290468567e-01 9.185169845268066346e-01 -2.921936407349565723e-01
-2.387224199303840944e-01 3.154942188271857295e-02 -9.571486739167082980e-02 -1.970483102157742639e-01 1.793218477796186816e-01 9.184963904518903544e-01 -2.921985952684575394e-01
-2.387233047976135003e-01 3.158195064852931111e-02 -9.576205159122334887e-02 -1.970469803581026969e-01 1.793433397439468946e-01 9.184907266143673699e-01 -2.922041052837077157e-01
-2.387235032016907788e-01 3.158282056133375482e-02 -9.576318705354314176e-02 -1.970630231830502455e-01 1.793332625786661083e-01 9.185000859651604177e-01 -2.921700496437660277e-01
-2.387494011561676066e-01 3.159709430420278020e-02 -9.563541811339482113e-02 -1.970721858158241135e-01 1.794372408427639676e-01 9.184765641926238011e-01 -2.921739742095835202e-01
-2.387394875318953058e-01 3.164029912039995063e-02 -9.577607874474797223e-02 -1.970885704371925506e-01 1.794980701637947651e-01 9.184633327230606881e-01 -2.921671519075093593e-01
-2.387396630433035183e-01 3.164101633646436429e-02 -9.577704512776998025e-02 -1.971020169751943052e-01 1.794897662240558245e-01 9.184711902850126730e-01 -2.921384797344849793e-01
-2.387525283315411195e-01 3.167965476568609939e-02 -9.566141028864411089e-02 -1.971021395929914988e-01 1.795506344973642476e-01 9.184590489174119243e-01 -2.921391649217579545e-01
-2.387404776976014276e-01 3.171114540574042351e-02 -9.579974796141876858e-02 -1.971104429616345466e-01 1.795500277240490994e-01 9.184517989852803987e-01 -2.921567280766672048e-01
-2.387407354400198356e-01 3.171198902777017103e-02 -9.580081881330698712e-02 -1.971300411343503423e-01 1.795389252454193674e-01 9.184601937800287441e-01 -2.921239354206378036e-01
-2.387782394068092007e-01 3.167986426320895665e-02 -9.566584700835656374e-02 -1.970969667351423760e-01 1.795205680382577218e-01 9.184652345386190575e-01 -2.921416853154424897e-01
-2.387535515974404110e-01 3.169068785459344673e-02 -9.581922849265483988e-02 -1.970973749990125312e-01 1.795129975095782204e-01 9.184606359951307253e-01 -2.921605185870338461e-01
-2.387537044840051803e-01 3.169163508141117913e-02 -9.582052363952199558e-02 -1.971111840731278875e-01 1.795032168326290423e-01 9.184714781257070637e-01 -2.921231249483797754e-01
-2.387876609074895407e-01 3.167299894661639026e-02 -9.570185847469356299e-02 -1.971115342215815636e-01 1.795678911367469821e-01 9.184537241145487307e-01 -2.921389604445666088e-01
-2.387644887180272457e-01 3.168925885645024199e-02 -9.585397153823735361e-02 -1.971282582862257104e-01 1.795680397340509993e-01 9.184442219780123429e-01 -2.921574575572442045e-01
-2.387647616161137076e-01 3.169009898598597330e-02 -9.585506349476613508e-02 -1.971482099611927274e-01 1.795568663941216059e-01 9.184526149229377268e-01 -2.921244754912518671e-01
-2.388107827129216376e-01 3.164830131013043890e-02 -9.570633517019237757e-02 -1.971313375252081723e-01 1.795916532791801967e-01 9.184481889666928911e-01 -2.921283930428107967e-01
-2.388151225470946659e-01 3.169269493278738248e-02 -9.583189772290187647e-02 -1.971354926460264501e-01 1.795428025122249860e-01 9.184519068104658457e-01 -2.921439276820312347e-01
-2.388152627391473826e-01 3.169371765394768392e-02 -9.583336931040581375e-02 -1.971478692799286947e-01 1.795329805890442665e-01 9.184643728487114078e-01 -2.921024175299157810e-01
-2.388372626646415309e-01 3.169590165538463400e-02 -9.571086916074025841e-02 -1.971228945627262474e-01 1.795473296961097587e-01 9.184643034113804116e-01 -2.921106711458114624e-01
-2.388364005815362401e-01 3.174329208672634073e-02 -9.580532242488838668e-02 -1.971310629333955788e-01 1.795929530457580081e-01 9.184527038893852691e-01 -2.921135840068567746e-01
-2.388367736694271826e-01 3.174399794579861600e-02 -9.580618390260435546e-02 -1.971551043652631507e-01 1.795812123719365272e-01 9.184586387345563541e-01 -2.920859153050915369e-01
-2.388631728403203813e-01 3.173329628714420536e-02 -9.569629488113785831e-02 -1.971440494219135753e-01 1.796269445188871106e-01 9.184490782374880036e-01 -2.920953188002974321e-01
-2.388652573888933872e-01 3.177421212137616913e-02 -9.579298182698357811e-02 -1.971453404732417258e-01 1.796146372587797413e-01 9.184437039633130961e-01 -2.921189132224014662e-01
-2.388654640383606753e-01 3.177495977618399747e-02 -9.579405291145692836e-02 -1.971600378498146455e-01 1.796054690502744688e-01 9.184521633641462568e-01 -2.920880322334518109e-01
-2.388946992675561043e-01 3.178633561226928972e-02 -9.564881766235069915e-02 -1.971564742352288346e-01 1.796671248853037861e-01 9.184407534528993278e-01 -2.920883963793372007e-01
-2.388847351032752364e-01 3.180893558928434006e-02 -9.576124817406524159e-02 -1.971518516771973428e-01 1.796343586070089926e-01 9.184429743036099936e-01 -2.921046859268764950e-01
-2.388849580639070269e-01 3.180974493211377596e-02 -9.576239916739966163e-02 -1.971677068808612154e-01 1.796244189873319463e-01 9.184521305413493319e-01 -2.920713052849636115e-01
-2.389156400164597349e-01 3.180101678548588606e-02 -9.562573515190214701e-02 -1.971369070248613353e-01 1.796752213552846311e-01 9.184475070111525197e-01 -2.920753868175122170e-01
-2.388697633702856760e-01 3.178037181115607457e-02 -9.575517168761027431e-02 -1.971564453512177351e-01 1.796861574456022903e-01 9.184394336392880387e-01 -2.920808580089598872e-01
-2.388700145525139706e-01 3.178115905920839146e-02 -9.575628039542992409e-02 -1.971739492870569210e-01 1.796757846112424506e-01 9.184480926054481298e-01 -2.920481935165728515e-01
-2.389009882826066133e-01 3.176126373334733910e-02 -9.561966513688288649e-02 -1.971389525390097874e-01 1.796433215099043079e-01 9.184517643231775441e-01 -2.920802407564629388e-01
-2.388743490729075825e-01 3.177304959566892850e-02 -9.576471089807651882e-02 -1.971485683117021048e-01 1.796479660985320637e-01 9.184473969701487661e-01 -2.920846269286777597e-01
-2.388745870870713772e-01 3.177393245027378132e-02 -9.576597824898526456e-02 -1.971660106337441154e-01 1.796370843057071842e-01 9.184574384937961300e-01 -2.920479684372646045e-01
-2.389189374666645660e-01 3.174130511543266087e-02 -9.561947725736291703e-02 -1.971489752636201576e-01 1.796796319709689782e-01 9.184515759551297176e-01 -2.920517317750750408e-01
-2.388710137107659948e-01 3.172748771386489641e-02 -9.574284868397126003e-02 -1.971899262660623819e-01 1.797569337707695114e-01 9.184311970964147420e-01 -2.920406032396230533e-01
-2.388711669644825175e-01 3.172814532619396000e-02 -9.574386587214495092e-02 -1.972013958073219886e-01 1.797491928043219445e-01 9.184393058274686883e-01 -2.920121207912371730e-01
-2.389041033409460557e-01 3.170942088216519017e-02 -9.563424629593431092e-02 -1.972035373876869779e-01 1.798017328298410211e-01 9.184250605608328399e-01 -2.920231323833781256e-01
-2.388658401923568764e-01 3.170279675683718157e-02 -9.576709879611831899e-02 -1.972109196382315910e-01 1.798181686518171563e-01 9.184183967208029431e-01 -2.920289847993504662e-01
-2.388659749264808729e-01 3.170351386350582501e-02 -9.576826162131457654e-02 -1.972217347739300686e-01 1.798101369142669492e-01 9.184277669281286638e-01 -2.919971556899916276e-01
-2.389023946225447836e-01 3.166573543495108944e-02 -9.565160935941963150e-02 -1.972015116963825587e-01 1.798511235940414288e-01 9.184211159847039951e-01 -2.920064910922930412e-01
-2.388785054512838901e-01 3.167967080190886575e-02 -9.577036645425959782e-02 -1.972203180066174344e-01 1.798867613165477941e-01 9.184094703163578899e-01 -2.920084658047413240e-01
-2.388786925843821574e-01 3.168062490751427651e-02 -9.577187056041946978e-02 -1.972361099517038197e-01 1.798755436069183200e-01 9.184215467690279855e-01 -2.919667244286944796e-01
-2.389064902877845176e-01 3.169241852527034109e-02 -9.563197906158915629e-02 -1.972189583597323270e-01 1.799397648758636614e-01 9.184113014684619491e-01 -2.919709657053710661e-01
-2.388635439236546643e-01 3.167204626894512542e-02 -9.575977322557158167e-02 -1.972241789060876493e-01 1.799493447878605656e-01 9.184069355412718405e-01 -2.919752683275236849e-01
-2.388638494507161480e-01 3.167289009522872290e-02 -9.576099644851834847e-02 -1.972462333067400708e-01 1.799369552238818115e-01 9.184160621603435493e-01 -2.919392956711204246e-01
-2.388775843286670697e-01 3.169506891511540692e-02 -9.565962325393560783e-02 -1.972473972111211948e-01 1.799662350991125814e-01 9.184020422101776271e-01 -2.919645652846665218e-01
-2.388651015205680017e-01 3.171872247887261298e-02 -9.578796297725461484e-02 -1.972448842320224383e-01 1.799483755905707527e-01 9.184019527809021977e-01 -2.919775520392562385e-01
-2.388652590882856808e-01 3.171949756739564363e-02 -9.578919997383998630e-02 -1.972578561525460406e-01 1.799393665933920472e-01 9.184117739337469555e-01 -2.919434466398211359e-01
-2.388929697136193409e-01 3.173068818678188852e-02 -9.565065155486723869e-02 -1.972426703884413990e-01 1.800010536836957331e-01 9.184010876283861258e-01 -2.919492967859201316e-01
-2.388576589080900203e-01 3.172761249811366369e-02 -9.578179792079728749e-02 -1.972523330876165271e-01 1.800248321945360774e-01 9.183912002257073048e-01 -2.919592098783762579e-01
-2.388578272680136894e-01 3.172838487356842430e-02 -9.578302095098881197e-02 -1.972662470242208255e-01 1.800154717212064104e-01 9.184008452918768217e-01 -2.919252388765602446e-01
-2.388878341861939980e-01 3.170729483430849427e-02 -9.567955381185956620e-02 -1.972457640591216976e-01 1.800366527610580691e-01 9.183993627269624316e-01 -2.919306814400235428e-01
-2.388533876417453516e-01 3.169634198869000774e-02 -9.578690472077917850e-02 -1.972548792776883109e-01 1.800317626100959578e-01 9.183940009432736140e-01 -2.919444058105121753e-01
-2.388535863926374292e-01 3.169704253020995399e-02 -9.578800040036558605e-02 -1.972702331626832728e-01 1.800223547415761294e-01 9.184023577350080014e-01 -2.919135423511849958e-01
-2.388947449813625945e-01 3.167669223337782336e-02 -9.564070700971008532e-02 -1.972552701323519730e-01 1.800531995757265746e-01 9.183950207272697508e-01 -2.919277130231288098e-01
-2.388719546784463243e-01 3.169172996981090007e-02 -9.573215893875472449e-02 -1.972595966974778903e-01 1.801213546989952619e-01 9.183795430200241139e-01 -2.919314372493625465e-01
-2.388722674715333949e-01 3.169235961603253382e-02 -9.573307816607204423e-02 -1.972807337923466464e-01 1.801105597264239799e-01 9.183858806786802109e-01 -2.919038754786110745e-01
-2.388958266901376748e-01 3.168121019294480034e-02 -9.562955652125300354e-02 -1.972502210565541259e-01 1.801382460329253310e-01 9.183843373558793211e-01 -2.919122668007022026e-01
-2.388961435523778709e-01 3.168194535107067555e-02 -9.563065212148130767e-02 -1.972717762870284386e-01 1.801267237283603606e-01 9.183923443615122917e-01 -2.918796181606602147e-01
-2.389271091053873086e-01 3.175334460199574771e-02 -9.570072501613964555e-02 -1.972656041449888931e-01 1.801091266837204774e-01 9.183914269626001214e-01 -2.918975347414556332e-01
-2.389509330470959148e-01 3.175967628016752864e-02 -9.558665537730838546e-02 -1.972507583617974236e-01 1.801616255691003143e-01 9.183811721801004024e-01 -2.919074332439992592e-01
-2.389533158073905150e-01 3.180827082636719649e-02 -9.567559465782084216e-02 -1.972589576875697082e-01 1.802300102638179080e-01 9.183635686094147044e-01 -2.919150610422467373e-01
-2.389535402535842290e-01 3.180923275300147346e-02 -9.567717593926181041e-02 -1.972765663769207589e-01 1.802181011344773931e-01 9.183760218294538813e-01 -2.918713328004688967e-01
-2.389639212609853125e-01 3.182654995347146409e-02 -9.559804144634230505e-02 -1.972596116220400042e-01 1.802560239960574462e-01 9.183681997153877452e-01 -2.918839858357638595e-01
-2.389422771829192993e-01 3.183855436828862684e-02 -9.569175700543137986e-02 -1.972832811894588423e-01 1.802946553185468259e-01 9.183565814733566368e-01 -2.918806836555944972e-01
-2.389425403943554183e-01 3.183923219473315525e-02 -9.569283891570755374e-02 -1.973022701091455278e-01 1.802840266192834995e-01 9.183643843209166047e-01 -2.918498613441152800e-01
-2.389705206592752929e-01 3.184115136888092390e-02 -9.555716923087168024e-02 -1.972754448219444234e-01 1.802687780855136701e-01 9.183669741854223467e-01 -2.918692639579774095e-01
-2.389707766140951872e-01 3.184175051390086830e-02 -9.555812105254563038e-02 -1.972931206474398402e-01 1.802591526217573459e-01 9.183738541570181102e-01 -2.918416119097217987e-01
-2.389505523058960135e-01 3.185439793299200961e-02 -9.565348894085151654e-02 -1.973030575627425509e-01 1.802985453132658900e-01 9.183643043071307854e-01 -2.918406116509373316e-01
-2.389883364340923133e-01 3.183833993801347961e-02 -9.553087881851492214e-02 -1.972955806173140314e-01 1.803690538164455237e-01 9.183496114650315789e-01 -2.918483328995777892e-01
-2.389852609505200010e-01 3.186166603269448283e-02 -9.559452147706255787e-02 -1.973083826223199500e-01 1.803716755881900058e-01 9.183438671150143673e-01 -2.918561332655417728e-01
-2.389855200057942608e-01 3.186220763598546224e-02 -9.559539903865069133e-02 -1.973262078071758852e-01 1.803621682125399750e-01 9.183499623691919744e-01 -2.918307773464174915e-01
-2.390237663312156924e-01 3.182588518830166413e-02 -9.548061292565734881e-02 -1.973018395234084066e-01 1.803871788045787738e-01 9.183444787026864287e-01 -2.918490505036729354e-01
-2.390114284520153398e-01 3.185109493400767322e-02 -9.558371348369096299e-02 -1.973092351799101696e-01 1.804182690056833627e-01 9.183390304724952102e-01 -2.918419761318603034e-01
-2.390115970280455304e-01 3.185198470823565053e-02 -9.558529559915343587e-02 -1.973234158066441424e-01 1.804077220859590658e-01 9.183516100840165564e-01 -2.917993208392508642e-01
-2.390524819983160243e-01 3.183358551257332858e-02 -9.544288197109286609e-02 -1.973080292400690716e-01 1.804378865374491325e-01 9.183411577160414119e-01 -2.918239687620935441e-01
-2.390483705757872057e-01 3.187526639701673825e-02 -9.555052031927820100e-02 -1.973265960818220699e-01 1.804774306497299308e-01 9.183277286313281662e-01 -2.918292211750885823e-01
-2.390485614087661803e-01 3.187595788636787830e-02 -9.555175149983223537e-02 -1.973409085221055070e-01 1.804679306706639674e-01 9.183371778841360467e-01 -2.917956811519302196e-01
-2.390891896506538439e-01 3.185777717203217008e-02 -9.541068089640411531e-02 -1.973195381652097513e-01 1.804983081380852616e-01 9.183297698276376986e-01 -2.918146577296539257e-01
-2.390948714110306683e-01 3.190613214967831512e-02 -9.552758956830413595e-02 -1.973146430374295157e-01 1.804827629171795178e-01 9.183296007423329410e-01 -2.918281143639529507e-01
-2.390950414227692999e-01 3.190685076218133243e-02 -9.552889484178500590e-02 -1.973269464844815413e-01 1.804738621888839489e-01 9.183398388120604938e-01 -2.917930802955701064e-01
-2.391201344637439996e-01 3.190621901270035421e-02 -9.542606693975964893e-02 -1.973270521926397958e-01 1.805472366845876087e-01 9.183243859469252257e-01 -2.917962507876440403e-01
-2.391045856700216576e-01 3.192523005227650146e-02 -9.554968635751759365e-02 -1.973425288061376459e-01 1.805380941618369151e-01 9.183188696247845950e-01 -2.918088013954827642e-01
-2.391048375553436744e-01 3.192599837776907701e-02 -9.555103281068054455e-02 -1.973604344633196617e-01 1.805269694710263106e-01 9.183289639236207336e-01 -2.917718050480990200e-01
-2.391277974335283552e-01 3.193756460124277941e-02 -9.544063653252203572e-02 -1.973466315187467346e-01 1.806021765758857867e-01 9.183126091806556035e-01 -2.917860734580614568e-01
-2.390881237404124671e-01 3.191208928459436656e-02 -9.554409907505348465e-02 -1.973639194651038986e-01 1.805795804109185387e-01 9.183055588254536161e-01 -2.918105533771183646e-01
-2.390883851974616170e-01 3.191280017156092330e-02 -9.554534314646244419e-02 -1.973820495705817524e-01 1.805688521958720427e-01 9.183147230569073116e-01 -2.917760880211010543e-01
-2.391144753679599610e-01 3.192640496496677860e-02 -9.541600329234287137e-02 -1.973536073260309942e-01 1.806301618318927882e-01 9.183065939307328840e-01 -2.917829636139218641e-01
-2.390993503365575201e-01 3.194705908939003691e-02 -9.553819934260801561e-02 -1.973702081045302092e-01 1.806304056395555135e-01 9.182977102543279369e-01 -2.917995422424818353e-01
-2.390996544342853247e-01 3.194771002822709149e-02 -9.553929703574175203e-02 -1.973907984338091892e-01 1.806192095980795886e-01 9.183053997361063647e-01 -2.917683441248185572e-01
-2.391257268588717344e-01 3.194103433920696122e-02 -9.544104016054291706e-02 -1.973793981916717177e-01 1.806621855064209359e-01 9.182983282883430132e-01 -2.917717055513976976e-01
-2.391115216872257698e-01 3.195923244518213135e-02 -9.553794844328925007e-02 -1.973910089537226631e-01 1.806542528763107613e-01 9.182924970850975255e-01 -2.917871146900586909e-01
-2.391117581517048507e-01 3.196000839302014229e-02 -9.553935118835876761e-02 -1.974083207552219665e-01 1.806432595116926332e-01 9.183030369574797236e-01 -2.917490359954325596e-01
-2.391385235016972588e-01 3.197290445746488186e-02 -9.541028861001368822e-02 -1.974070619871365895e-01 1.806955275828799334e-01 9.182887658300603606e-01 -2.917624388770017063e-01
-2.390937468911393804e-01 3.195385884138310373e-02 -9.550412903378006912e-02 -1.974202273333467150e-01 1.807513468219119068e-01 9.182726458265937364e-01 -2.917696906608730489e-01
-2.390940067775344235e-01 3.195435967511070507e-02 -9.550500208031034721e-02 -1.974374969787199008e-01 1.807423333943959931e-01 9.182785633427723582e-01 -2.917449636430096138e-01
-2.391151950132502646e-01 3.195998339074651584e-02 -9.539803375274207020e-02 -1.974162191254926202e-01 1.807524772866094809e-01 9.182703262603706396e-01 -2.917790024841094287e-01
-2.390802316864236998e-01 3.195341112817781659e-02 -9.550296808277071448e-02 -1.974362714612595826e-01 1.807936742419317677e-01 9.182538620276701202e-01 -2.917917252713769782e-01
-2.391091707665851385e-01 3.195172804932526478e-02 -9.538277223586877351e-02 -1.974246701269000426e-01 1.808321089679318372e-01 9.182406408694857580e-01 -2.918173631693135039e-01
-2.391094425141764568e-01 3.195219390194507791e-02 -9.538356666315170318e-02 -1.974424841912040263e-01 1.808230953483393466e-01 9.182459746005841028e-01 -2.917941119263289806e-01
-2.390664879899667694e-01 3.193362617890281585e-02 -9.548071130061208667e-02 -1.974661195848617379e-01 1.808799054823535535e-01 9.182255777561955101e-01 -2.918070934077735545e-01
-2.390797361971891410e-01 3.194427152707919604e-02 -9.538776757743488988e-02 -1.974273108133157151e-01 1.808307048836774178e-01 9.182350925943290054e-01 -2.918339045494527384e-01
-2.390799760317912082e-01 3.194506774309213704e-02 -9.538916016670606624e-02 -1.974467264892348917e-01 1.808187616728303970e-01 9.182455623751730744e-01 -2.917952240940412389e-01
-2.390699142725838666e-01 3.197240002322380981e-02 -9.546506673721857905e-02 -1.974556701006987547e-01 1.808764355821325664e-01 9.182337666408597610e-01 -2.917905467912317308e-01
-2.390987053273473384e-01 3.197440482118181493e-02 -9.535788704298077401e-02 -1.974552173321922344e-01 1.809494041263818853e-01 9.182181910553499637e-01 -2.917946262521720624e-01
-2.390989328349846232e-01 3.197512709309464907e-02 -9.535919250931668145e-02 -1.974733742283657500e-01 1.809383375959371931e-01 9.182279104191164443e-01 -2.917586142451076836e-01
-2.391149440518152147e-01 3.202929073968824314e-02 -9.543653884469194271e-02 -1.974847415525060601e-01 1.809680737223534619e-01 9.182139911163461621e-01 -2.917762835895872930e-01
-2.391515338564857152e-01 3.202331485565977631e-02 -9.529426456291303915e-02 -1.974588276864725489e-01 1.809848298054624327e-01 9.182101391591637185e-01 -2.917955501618914593e-01
-2.391517917985188091e-01 3.202390227194160111e-02 -9.529531541928482063e-02 -1.974765124702584917e-01 1.809750754753284285e-01 9.182176624399416287e-01 -2.917659566546662031e-01
-2.391265804062309985e-01 3.203398602000803730e-02 -9.540492748066443929e-02 -1.974973558809540730e-01 1.810122234626115323e-01 9.182054533612596936e-01 -2.917672270745922947e-01
-2.391475480647603513e-01 3.203401626178649375e-02 -9.531504617823009784e-02 -1.974793250070375761e-01 1.809871929675899160e-01 9.182068466922072014e-01 -2.917905736380647652e-01
-2.391476307321892814e-01 3.203477320323143418e-02 -9.531651366244971169e-02 -1.974888793236682927e-01 1.809786023851180925e-01 9.182186867224040316e-01 -2.917521745865738203e-01
-2.391126544428275602e-01 3.202642633011558437e-02 -9.544209946028996139e-02 -1.974919544613173428e-01 1.809754287660302330e-01 9.182120389383876535e-01 -2.917729830786417455e-01
-2.391389476195950603e-01 3.203250603372477523e-02 -9.533099870079606020e-02 -1.974778702754260706e-01 1.809994899106487365e-01 9.182040136889413340e-01 -2.917928454384814407e-01
-2.391391370293634022e-01 3.203314505121028499e-02 -9.533219420646303621e-02 -1.974927757591347921e-01 1.809901116481795191e-01 9.182129129981235760e-01 -2.917605686381078423e-01
-2.391280785024577638e-01 3.204897202281291324e-02 -9.540939431833692086e-02 -1.974862274970498599e-01 1.809723458306546351e-01 9.182129094890423282e-01 -2.917760319854959539e-01
-2.391615891712166042e-01 3.204496490226177441e-02 -9.528674827858395202e-02 -1.974750193674418841e-01 1.810121564136200067e-01 9.182003463921978303e-01 -2.917984575722901153e-01
-2.391616886294691824e-01 3.204567776425260028e-02 -9.528814474878304075e-02 -1.974849699119183843e-01 1.810038031248088486e-01 9.182114607869464873e-01 -2.917619289639168945e-01
-2.391336126709366627e-01 3.205186371237264686e-02 -9.541838034179252193e-02 -1.975117270460065855e-01 1.809972861187512660e-01 9.182034546223257765e-01 -2.917730556726874647e-01
-2.391606627255224160e-01 3.204312599495359737e-02 -9.532127830457871875e-02 -1.975035529219190122e-01 1.810163577399205304e-01 9.181969480901346348e-01 -2.917872329827926325e-01
-2.391607547757810814e-01 3.204377813701683730e-02 -9.532258238876233081e-02 -1.975130340690252895e-01 1.810084037880483332e-01 9.182072309390489906e-01 -2.917533893242622023e-01
-2.391329014061271130e-01 3.204877772128592039e-02 -9.542877502216909336e-02 -1.975165999418169727e-01 1.810233602121307794e-01 9.181958031893109329e-01 -2.917776598892895534e-01
-2.391579086633298656e-01 3.204746918042919446e-02 -9.533167451876140008e-02 -1.975081873043394165e-01 1.810973554441686617e-01 9.181819957453698500e-01 -2.917808878044141352e-01
-2.391581222077810431e-01 3.204808624481075841e-02 -9.533285000782069918e-02 -1.975247307053698553e-01 1.810874657234299856e-01 9.181904722259542906e-01 -2.917491512089033234e-01
-2.391099369016260467e-01 3.202909716702015408e-02 -9.544611606031450091e-02 -1.975350055647452641e-01 1.811409942762576275e-01 9.181767658844379731e-01 -2.917521008649962000e-01
-2.391410531086485269e-01 3.201627231148237995e-02 -9.532741235247012279e-02 -1.974907523573606327e-01 1.811434044385400455e-01 9.181679357748351311e-01 -2.918083471676528040e-01
-2.391412933868432011e-01 3.201758022379458390e-02 -9.533006543711922132e-02 -1.975136335167489154e-01 1.811261240524369986e-01 9.181883095986393961e-01 -2.917394726072317646e-01
-2.391212448942706403e-01 3.203102563299055350e-02 -9.541954981964777260e-02 -1.975158047283755713e-01 1.811830505993322626e-01 9.181787854267094984e-01 -2.917326293892310018e-01
-2.391407613892436168e-01 3.203443492747738708e-02 -9.531577026810608699e-02 -1.974741827257736337e-01 1.812037373694871389e-01 9.181683105740783279e-01 -2.917809215450192228e-01
