repeatability libsurvive; 20211016-001059; x y z w i j k;  frequency = 150 duration = 2 sys.args = ['repeatability.py']
-2.389056116360118998e-01 3.052686185902088109e-02 -9.627421845368647202e-02 1.973865510605312956e-01 -1.801529263124090341e-01 -9.181034538250438803e-01 2.926935610429952095e-01
-2.389452058783452515e-01 3.051884271971027837e-02 -9.605737977959964702e-02 1.973813155855650148e-01 -1.802075082896811842e-01 -9.180917775679678927e-01 2.927001164602175409e-01
-2.388949651635717264e-01 3.046998240118888382e-02 -9.624576043361864064e-02 1.973745889136740983e-01 -1.802194921875063249e-01 -9.180863494450098861e-01 2.927142997012117664e-01
-2.388953707059987552e-01 3.047134515496493015e-02 -9.624657748377388189e-02 1.973957812293844483e-01 -1.802075984699693656e-01 -9.180956208845293398e-01 2.926782498225272700e-01
-2.389213276651957485e-01 3.051732229386410269e-02 -9.604068886405903172e-02 1.973918471860099666e-01 -1.802461079695845680e-01 -9.180883469563978494e-01 2.926800068490855722e-01
-2.389160678578911845e-01 3.055107793623764931e-02 -9.622889473546522576e-02 1.973775257904247515e-01 -1.802035194574326260e-01 -9.180928831705317261e-01 2.927016599878197178e-01
-2.389165124345521696e-01 3.055407486229312977e-02 -9.623106270920053773e-02 1.974066093586369086e-01 -1.801823934870122046e-01 -9.181169543389424703e-01 2.926195376494912237e-01
-2.389502062361945900e-01 3.057726648714846271e-02 -9.600227673044424426e-02 1.973729903176075773e-01 -1.802249579375881927e-01 -9.181014000179320567e-01 2.926648023158802125e-01
-2.389168456765867199e-01 3.056261476416629111e-02 -9.616388337824657850e-02 1.973736886519249500e-01 -1.802597715154876656e-01 -9.180954970660322179e-01 2.926614085734440818e-01
-2.389172637407977473e-01 3.056526081768376132e-02 -9.616579307154153600e-02 1.974005836754464949e-01 -1.802406934188779952e-01 -9.181166491326457901e-01 2.925886542330671247e-01
-2.389450317594910278e-01 3.055627504493932042e-02 -9.597478917686873279e-02 1.973399489556711406e-01 -1.801507183176843663e-01 -9.181243530144409526e-01 2.926607859580948601e-01
-2.389213111370769027e-01 3.056274048917362665e-02 -9.617770226434907421e-02 1.973317075164925105e-01 -1.801231384215694065e-01 -9.181260318917718877e-01 2.926780514088110352e-01
-2.389216440442123168e-01 3.056580656902451246e-02 -9.617999702164711784e-02 1.973571550145997722e-01 -1.801027639405504144e-01 -9.181513439243770280e-01 2.925940146950683496e-01
-2.389657653512524682e-01 3.052997417446349018e-02 -9.597907253380111303e-02 1.973412323436027349e-01 -1.801839932435947422e-01 -9.181283149928578524e-01 2.926270045711367729e-01
-2.389191713230598146e-01 3.050814269655231434e-02 -9.619694879203755100e-02 1.973542839638866564e-01 -1.802202974872491592e-01 -9.181190373611223254e-01 2.926249548650885490e-01
-2.389199145373778199e-01 3.051059895627713722e-02 -9.619853938005053229e-02 1.973935818136252074e-01 -1.801981148711477854e-01 -9.181363202071115559e-01 2.925578759360558667e-01
-2.389607073047475549e-01 3.045475440900608996e-02 -9.600491436577045234e-02 1.973361884722364956e-01 -1.801466728443085752e-01 -9.181399131009917447e-01 2.926169936167055674e-01
-2.388959528322839587e-01 3.037262318586192791e-02 -9.616720477607108852e-02 1.973417842544386569e-01 -1.801261380838077297e-01 -9.181432155633519887e-01 2.926154990448655013e-01
-2.388964608850614735e-01 3.037508081340261137e-02 -9.616900118491465699e-02 1.973718411598475719e-01 -1.801067452886284115e-01 -9.181624890122961347e-01 2.925466807014803772e-01
-2.389301058708118708e-01 3.040227472670708683e-02 -9.595055908895860908e-02 1.973624508830947033e-01 -1.801914051300409492e-01 -9.181356901892427924e-01 2.925849874812480045e-01
-2.389092423103721385e-01 3.041163119581183003e-02 -9.610952799052799311e-02 1.973731905353849070e-01 -1.801706010661819901e-01 -9.181348699016023129e-01 2.925931284909152330e-01
-2.389100595440163954e-01 3.041447545102616765e-02 -9.611140427236820882e-02 1.974181594351966940e-01 -1.801447738797808951e-01 -9.181553238048623111e-01 2.925144990215190477e-01
-2.389415918694460794e-01 3.040209504428485407e-02 -9.595002254878140513e-02 1.974049088135491348e-01 -1.802373250312832020e-01 -9.181304270671473144e-01 2.925445735873076214e-01
-2.389045313299228979e-01 3.038831945570784690e-02 -9.609365118704166209e-02 1.974253440871396870e-01 -1.802961510481677632e-01 -9.181161478679567001e-01 2.925393485557027384e-01
-2.389051060769320778e-01 3.039072697645961788e-02 -9.609541204166593964e-02 1.974584662043945560e-01 -1.802757549510584645e-01 -9.181349984078192028e-01 2.924703933729150274e-01
-2.389457114475363464e-01 3.038101127251173830e-02 -9.585431634950285218e-02 1.974140353154549832e-01 -1.802656953727294065e-01 -9.181321930669392728e-01 2.925153906828618644e-01
-2.389209436892483496e-01 3.039088348493829486e-02 -9.604512731355814570e-02 1.974231422091997645e-01 -1.802992650310446532e-01 -9.181237896274689891e-01 2.925149310199508523e-01
-2.389217843055689294e-01 3.039351747206656476e-02 -9.604687346295032180e-02 1.974680814891319192e-01 -1.802743601940604012e-01 -9.181425610927880232e-01 2.924410185996477174e-01
-2.389463981546203764e-01 3.044614983567725877e-02 -9.585661080236380915e-02 1.974681131711948368e-01 -1.803865496440169580e-01 -9.181087945234350789e-01 2.924778254959846113e-01
-2.389736221121471216e-01 3.053677184299996919e-02 -9.598574206632358441e-02 1.974597048776544350e-01 -1.803908510469090509e-01 -9.181084309610899608e-01 2.924819905675682952e-01
-2.389838672374244577e-01 3.062470825291071022e-02 -9.580814718442497158e-02 1.974462402677773232e-01 -1.803901233985700792e-01 -9.181086282491435213e-01 2.924909098054911949e-01
-2.389840521336727697e-01 3.062590318267154402e-02 -9.580909377759658230e-02 1.974581196626401247e-01 -1.803814183498130275e-01 -9.181188776094929560e-01 2.924560846870673525e-01
-2.389680470809938950e-01 3.065886588766901857e-02 -9.604086020846784588e-02 1.974512947251516604e-01 -1.803945738552197864e-01 -9.181109782576070133e-01 2.924773761127771876e-01
-2.389875047426673338e-01 3.065812797188504149e-02 -9.591181530336512218e-02 1.974614094947072518e-01 -1.804312041686024770e-01 -9.181013954358689944e-01 2.924780333996762627e-01
-2.389876982119572002e-01 3.065953557809321731e-02 -9.591297876656686150e-02 1.974747872622315548e-01 -1.804208077066310478e-01 -9.181137923857738414e-01 2.924364969924849733e-01
-2.389461426899598950e-01 3.062256985086667452e-02 -9.605059647050669114e-02 1.974904657134358421e-01 -1.804387010637987232e-01 -9.181061660494473919e-01 2.924388123568478770e-01
-2.389592964661221286e-01 3.071657551465228550e-02 -9.587046217086155064e-02 1.974925912240678705e-01 -1.805056217064148205e-01 -9.180911661997177564e-01 2.924431696757953114e-01
-2.389593893571484995e-01 3.071796708940236972e-02 -9.587169327111591532e-02 1.975018825540517664e-01 -1.804966582923498430e-01 -9.181042209261756071e-01 2.924014402331835405e-01
-2.389270099887609577e-01 3.072506888242476294e-02 -9.608633768072319392e-02 1.975131328861962077e-01 -1.805423902196638397e-01 -9.180919366729036746e-01 2.924041783002557238e-01
-2.389559591417364237e-01 3.077144493973909059e-02 -9.587067951449168568e-02 1.975054611836416507e-01 -1.805964730244773997e-01 -9.180835524137778147e-01 2.924022871337606522e-01
-2.389562980866524466e-01 3.077267410995309857e-02 -9.587155870844131511e-02 1.975250485184494587e-01 -1.805850852116924199e-01 -9.180928456807166960e-01 2.923669080398009767e-01
-2.389129766971609115e-01 3.075605446264649198e-02 -9.607030996242556242e-02 1.975270177767671220e-01 -1.806067508143672784e-01 -9.180894342253781426e-01 2.923629073125024735e-01
-2.389425844332660476e-01 3.076908360850245591e-02 -9.587162010335670281e-02 1.975085963850899129e-01 -1.806351626801159238e-01 -9.180916996011370124e-01 2.923506857885151411e-01
-2.389427968065807595e-01 3.077036906552791176e-02 -9.587267156525482170e-02 1.975228908127575345e-01 -1.806250526758866881e-01 -9.181027624273121468e-01 2.923125306485218067e-01
-2.388978734510995017e-01 3.075007975770687255e-02 -9.606654772053692393e-02 1.975303052267797232e-01 -1.806328603897257024e-01 -9.181005910058510633e-01 2.923095158545957473e-01
-2.389102381218258520e-01 3.079563126065642739e-02 -9.591506868951635290e-02 1.975095884315702655e-01 -1.805914540692886150e-01 -9.181013180190946699e-01 2.923468129573724150e-01
-2.389104223338604505e-01 3.079671613900592311e-02 -9.591596369556931734e-02 1.975220573476075547e-01 -1.805829776067694459e-01 -9.181105352721421475e-01 2.923146764740731651e-01
-2.388575881450258342e-01 3.075917635703091443e-02 -9.606944001449799209e-02 1.975329648826472662e-01 -1.806488994202697373e-01 -9.180950680822470567e-01 2.923151533635753863e-01
-2.388989535384477003e-01 3.072468359401866675e-02 -9.589359073497487340e-02 1.975172177626833003e-01 -1.807165979531958344e-01 -9.180874966324670261e-01 2.923077290094154290e-01
-2.388992234267466597e-01 3.072587462679025536e-02 -9.589454043766613978e-02 1.975340381741808038e-01 -1.807061988924156259e-01 -9.180971998750397933e-01 2.922723131363409999e-01
-2.388616933000735076e-01 3.071032171069768349e-02 -9.605670210256408992e-02 1.975377447430908817e-01 -1.807241156945300631e-01 -9.180877442858530468e-01 2.922884315198904237e-01
-2.388731480629241455e-01 3.075893965899531221e-02 -9.590572649999758170e-02 1.975184523629176792e-01 -1.807518291453995007e-01 -9.180837877290146665e-01 2.922967600673936905e-01
-2.388734149499573411e-01 3.076028743257666967e-02 -9.590683159013083103e-02 1.975362377685135895e-01 -1.807402786708052767e-01 -9.180950971808052863e-01 2.922563583000862830e-01
-2.388695975437004071e-01 3.080191701169416804e-02 -9.603076029684586012e-02 1.975480997469801769e-01 -1.807786084988428077e-01 -9.180838266286764915e-01 2.922600387983712023e-01
-2.389116710597236071e-01 3.076516898804485325e-02 -9.586147181586862631e-02 1.975437541271837516e-01 -1.808144694394419050e-01 -9.180802621013293141e-01 2.922519891919065360e-01
-2.389118033426524956e-01 3.076660342483325192e-02 -9.586280850921158336e-02 1.975554491745112884e-01 -1.808043696241510290e-01 -9.180939750924388409e-01 2.922072506376846013e-01
-2.389159263577344539e-01 3.081681032602201151e-02 -9.596486613756499695e-02 1.975585314051844787e-01 -1.808870576459971069e-01 -9.180800947335082673e-01 2.921976021450429783e-01
-2.389530543912150029e-01 3.079525605853265444e-02 -9.578491064963284840e-02 1.975348703627722302e-01 -1.808455083835266430e-01 -9.180857181579824555e-01 2.922216473887732646e-01
-2.389532633360376968e-01 3.079631372653167040e-02 -9.578583832199497050e-02 1.975484651765540556e-01 -1.808365250845601624e-01 -9.180950288485127952e-01 2.921887627979169455e-01
-2.389408027286301917e-01 3.083888600979072317e-02 -9.596659026208360921e-02 1.975659936069224520e-01 -1.809114571961761841e-01 -9.180759002996956575e-01 2.921906297507994021e-01
-2.389732352762286571e-01 3.084176443565278883e-02 -9.577514586439273003e-02 1.975321576546201496e-01 -1.808574333813649515e-01 -9.180861087580687308e-01 2.922148736606045571e-01
-2.389733038713983126e-01 3.084301375646492441e-02 -9.577636607666979718e-02 1.975401944359042317e-01 -1.808492849347263509e-01 -9.180985005498971674e-01 2.921755482733857656e-01
-2.389728216056940524e-01 3.089497523216571187e-02 -9.593618865753379688e-02 1.975395392656740801e-01 -1.808716940745082602e-01 -9.180913290839349816e-01 2.921846542346408504e-01
-2.390031483225727726e-01 3.091866550845229558e-02 -9.574778996335094050e-02 1.975460174362269339e-01 -1.809369173593664559e-01 -9.180787329308167655e-01 2.921794706541198106e-01
-2.390034587109322595e-01 3.091997301615423757e-02 -9.574889792123202070e-02 1.975653508329196784e-01 -1.809250028701844260e-01 -9.180897067892928032e-01 2.921392917329660999e-01
-2.389498998184168554e-01 3.088368062848302273e-02 -9.595659960901593843e-02 1.975821501033212524e-01 -1.809703464350302382e-01 -9.180749525878071360e-01 2.921462118574013611e-01
-2.389962988468446181e-01 3.081640550424167777e-02 -9.577719172135286396e-02 1.975559743758400766e-01 -1.809696803533750731e-01 -9.180787826198762991e-01 2.921522902262030374e-01
-2.389966160449734645e-01 3.081745888892485283e-02 -9.577808808280836861e-02 1.975741810267543641e-01 -1.809592286165082609e-01 -9.180874106230683118e-01 2.921193369593237388e-01
-2.389697247686990433e-01 3.081900949900911665e-02 -9.594241256010405117e-02 1.975791498102574262e-01 -1.809513857751308685e-01 -9.180834525037476768e-01 2.921332740122465355e-01
-2.389902173483802461e-01 3.085513333236653347e-02 -9.577678228322956955e-02 1.975776494982171005e-01 -1.810106522369764881e-01 -9.180684213865353271e-01 2.921448097234296548e-01
-2.389905532216138051e-01 3.085604520895844985e-02 -9.577751787731952904e-02 1.975966957411668390e-01 -1.810004332075734745e-01 -9.180753611119176760e-01 2.921164499477306165e-01
-2.389515618223513604e-01 3.084658151060442818e-02 -9.596039324339458720e-02 1.976185069656219984e-01 -1.810536165442498402e-01 -9.180609632829601630e-01 2.921139868902024039e-01
-2.389706142089354501e-01 3.091069298943152285e-02 -9.578548780125430151e-02 1.976148631219499796e-01 -1.811372455827042205e-01 -9.180441834239938537e-01 2.921173418634651076e-01
-2.389709784208250420e-01 3.091189589817831471e-02 -9.578649361143015684e-02 1.976365986356526938e-01 -1.811248900803372197e-01 -9.180538486302907142e-01 2.920799207207280812e-01
-2.389194302324979813e-01 3.087910969720994089e-02 -9.595556606135667577e-02 1.976546256181115901e-01 -1.811852433793250672e-01 -9.180372935627918451e-01 2.920823243218311771e-01
-2.389286829211146324e-01 3.095512481762823301e-02 -9.580498317694344235e-02 1.976517294343784481e-01 -1.812289291912012046e-01 -9.180287440352956629e-01 2.920840533147736062e-01
-2.389289300658874737e-01 3.095616536097013302e-02 -9.580592293014357497e-02 1.976681626992986274e-01 -1.812188939855767233e-01 -9.180376873001463434e-01 2.920510479596440945e-01
-2.389317622837139332e-01 3.101147061943776082e-02 -9.592542306344942205e-02 1.976743050519881306e-01 -1.812328942600412440e-01 -9.180314274786391948e-01 2.920578800886468596e-01
-2.389515658333883075e-01 3.107016764276732471e-02 -9.575421946098544579e-02 1.976842302523767470e-01 -1.813109997591887401e-01 -9.180117160034613200e-01 2.920646431121527442e-01
-2.389518164362983699e-01 3.107144469092971636e-02 -9.575540509954846846e-02 1.977016925269091396e-01 -1.812995318832167357e-01 -9.180231841089776523e-01 2.920238927713552646e-01
-2.389306462458082314e-01 3.108559936986148367e-02 -9.588671896714892617e-02 1.977258499539892578e-01 -1.813425119773007244e-01 -9.180104483356946732e-01 2.920208868492661369e-01
-2.389618102620317819e-01 3.109840221292338794e-02 -9.571298292965918497e-02 1.977284997438895631e-01 -1.814056209221998617e-01 -9.179940517419822310e-01 2.920314401793075998e-01
-2.389620975545071746e-01 3.109963288025726150e-02 -9.571410566307361756e-02 1.977474510418624487e-01 -1.813938982070223416e-01 -9.180048269012612838e-01 2.919920154485249886e-01
-2.389489115847660550e-01 3.112836867609762928e-02 -9.585170821422905885e-02 1.977449382255337118e-01 -1.814118809032497226e-01 -9.179973528939113780e-01 2.920060426653817154e-01
-2.389712462932738479e-01 3.116812574896022855e-02 -9.569254855348899302e-02 1.977639383170859966e-01 -1.814989201801435192e-01 -9.179748040322054381e-01 2.920099755775334427e-01
-2.389713789981612324e-01 3.116945200437796701e-02 -9.569392548443055035e-02 1.977760425527164967e-01 -1.814886424328768233e-01 -9.179882845718001505e-01 2.919657840380976421e-01
-2.389637234503967367e-01 3.120828178006272366e-02 -9.580383738032154095e-02 1.977962852326203835e-01 -1.815578449848973541e-01 -9.179716452040738162e-01 2.919613622963522781e-01
-2.390065575838099254e-01 3.115758688733274648e-02 -9.565956844717714291e-02 1.978003325968578086e-01 -1.816032509692534491e-01 -9.179602430316560202e-01 2.919662307103918497e-01
-2.390069678660406149e-01 3.115857764753219086e-02 -9.566040692900340536e-02 1.978239271005426958e-01 -1.815910614110037291e-01 -9.179677938392035719e-01 2.919340846083750551e-01
-2.389816868377356851e-01 3.117700102306253038e-02 -9.581537506749077115e-02 1.978408079118001150e-01 -1.816815248421489448e-01 -9.179510969938751153e-01 2.919188616440861472e-01
-2.389973328000672692e-01 3.121320546295342988e-02 -9.567964331145947798e-02 1.978168399807768707e-01 -1.816593545300178580e-01 -9.179528440549604706e-01 2.919434068842219343e-01
-2.389976093186017836e-01 3.121431554089587959e-02 -9.568072285848686076e-02 1.978355217227987795e-01 -1.816478863942220245e-01 -9.179628385310891758e-01 2.919064555454801146e-01
-2.389912215832512565e-01 3.123886161319920987e-02 -9.582669986208251778e-02 1.978332312261330550e-01 -1.816141361238733376e-01 -9.179645330323396024e-01 2.919236788568637109e-01
-2.390267339578719952e-01 3.121683766193484796e-02 -9.566662861079794355e-02 1.978097184440857914e-01 -1.815738095687528530e-01 -9.179725392113826654e-01 2.919395215135633936e-01
-2.390269503915393723e-01 3.121775121939850475e-02 -9.566755426261523698e-02 1.978238972137807972e-01 -1.815648136221719167e-01 -9.179810586804031391e-01 2.919087186938813527e-01
-2.390157835105806150e-01 3.124822440788779451e-02 -9.580514727751476833e-02 1.978313932350121429e-01 -1.815945994856001389e-01 -9.179758636159931484e-01 2.919014475928991548e-01
-2.390573119172139938e-01 3.119430426287818012e-02 -9.566554011395718427e-02 1.978181993182185072e-01 -1.816347924933789382e-01 -9.179715127335187352e-01 2.918990647195016108e-01
-2.390575195040378076e-01 3.119535869894401667e-02 -9.566667269376540050e-02 1.978318785156845117e-01 -1.816252651131770035e-01 -9.179820388775100648e-01 2.918626170200855907e-01
-2.390081142765044797e-01 3.115586222709521361e-02 -9.582838566486971688e-02 1.978350731944511220e-01 -1.816304314705836087e-01 -9.179714929037714466e-01 2.918904047651735278e-01
-2.390332719466195521e-01 3.115349871153529418e-02 -9.571307019147733131e-02 1.978305078120862759e-01 -1.816508487713749398e-01 -9.179628987050905131e-01 2.919078209305097649e-01
-2.390335407738591877e-01 3.115450557583586064e-02 -9.571410849345146632e-02 1.978475859184769814e-01 -1.816404377717377727e-01 -9.179722112565458225e-01 2.918734374229519646e-01
-2.389979936719129061e-01 3.113966794405936475e-02 -9.585749682825446538e-02 1.978576276121212785e-01 -1.816556641867444477e-01 -9.179603899107565690e-01 2.918943326264960003e-01
-2.390377639712387980e-01 3.107868115669904993e-02 -9.571645742174535176e-02 1.978264557959704129e-01 -1.816282962081324226e-01 -9.179647968242334866e-01 2.919186311203509909e-01
-2.390380326199388894e-01 3.107990356578222910e-02 -9.571777758123650726e-02 1.978436613258284238e-01 -1.816169568534214962e-01 -9.179768238497549859e-01 2.918762024064469052e-01
-2.390079246399287038e-01 3.107172095462326991e-02 -9.583272251572652611e-02 1.978578077223928366e-01 -1.816534907529311904e-01 -9.179628723605919305e-01 2.918877561461855619e-01
-2.390407850270942491e-01 3.106156778977721064e-02 -9.568147443521785034e-02 1.978492929246531418e-01 -1.817231451208127235e-01 -9.179477716542926435e-01 2.918976607161037351e-01
-2.390410441087353344e-01 3.106239052765914430e-02 -9.568236834913128319e-02 1.978648706978340943e-01 -1.817139840608408274e-01 -9.179555755832192743e-01 2.918682617143332214e-01
-2.389871157532226231e-01 3.102978362521153013e-02 -9.586296239482758330e-02 1.978820504594597796e-01 -1.817621950806974640e-01 -9.179381998308002721e-01 2.918812426943462879e-01
-2.389972568865710301e-01 3.109837189735679616e-02 -9.572086536569271442e-02 1.978851157301741437e-01 -1.818045125875405454e-01 -9.179234321171589883e-01 2.918992513616945339e-01
-2.389974592195093506e-01 3.109917698640011011e-02 -9.572178180693366456e-02 1.978980699207168181e-01 -1.817963780298875731e-01 -9.179314889465098881e-01 2.918701979601764362e-01
-2.390013060392634503e-01 3.114956508981357383e-02 -9.587074518023411263e-02 1.978992178351758613e-01 -1.818156749471559475e-01 -9.179234949238774810e-01 2.918825404001927359e-01
-2.390102360623956312e-01 3.121652587002977583e-02 -9.573287683121479985e-02 1.978975677824832691e-01 -1.818546722550217765e-01 -9.179135339192452392e-01 2.918906903151910481e-01
-2.390103874080238833e-01 3.121743846723044544e-02 -9.573395148538481336e-02 1.979087505695964200e-01 -1.818465541978633304e-01 -9.179231726484200493e-01 2.918578528828780216e-01
-2.389614114379964849e-01 3.118738916354870869e-02 -9.585667922377304195e-02 1.979306642277830763e-01 -1.819005512599601304e-01 -9.179085321411339926e-01 2.918553892464214039e-01
-2.389851732284482277e-01 3.120294957886996998e-02 -9.571880971166105145e-02 1.979250757715725895e-01 -1.819697067667143120e-01 -9.178946151940226006e-01 2.918598389601940735e-01
-2.389851529559485488e-01 3.120430600625715215e-02 -9.572053902778029921e-02 1.979304898481777097e-01 -1.819609285783807540e-01 -9.179110103059748837e-01 2.918100731955950433e-01
-2.389851070879853989e-01 3.125984336088283300e-02 -9.585662409126992356e-02 1.979401252765628783e-01 -1.820103465275514920e-01 -9.178993068499525787e-01 2.918095321383377128e-01
-2.390061422433079896e-01 3.126905084273771951e-02 -9.571244336402569275e-02 1.978993779463209257e-01 -1.819250585139933207e-01 -9.179148343978231761e-01 2.918415085034273826e-01
-2.390062062740955784e-01 3.127002670991399502e-02 -9.571365974678719413e-02 1.979071995280993479e-01 -1.819174777161759460e-01 -9.179259887601949330e-01 2.918058444153372455e-01
-2.389555157538219565e-01 3.123632624734265853e-02 -9.586234337014877538e-02 1.979106432773089508e-01 -1.819363154149330475e-01 -9.179175883339106834e-01 2.918181890116806620e-01
-2.389949136932396356e-01 3.116305994614479088e-02 -9.573404413408470592e-02 1.978720834409847529e-01 -1.818883464692520602e-01 -9.179304541655961547e-01 2.918337700279867719e-01
-2.389951920126748008e-01 3.116390585009509370e-02 -9.573498077901729242e-02 1.978899099374135107e-01 -1.818783344846613415e-01 -9.179382421610576825e-01 2.918034245315076491e-01
-2.389580948566441820e-01 3.115353305952959020e-02 -9.586490916475101653e-02 1.979084023659475333e-01 -1.819132906773139324e-01 -9.179274054469780397e-01 2.918031824317349199e-01
-2.389925150612204341e-01 3.113241102043497535e-02 -9.571407856907016010e-02 1.978857119164835754e-01 -1.818775230228249495e-01 -9.179318548880042172e-01 2.918268689141840233e-01
-2.389925701143623959e-01 3.113361570652666346e-02 -9.571560974556374279e-02 1.978941531209506277e-01 -1.818686142110376713e-01 -9.179459149772623006e-01 2.917824677770326502e-01
-2.389829271665502852e-01 3.116475365131407202e-02 -9.584157044838433059e-02 1.979014606113585484e-01 -1.819132804873578868e-01 -9.179318996910590389e-01 2.917937590144485949e-01
-2.390135715929431470e-01 3.115267714014742159e-02 -9.569496099398981659e-02 1.978841881147083703e-01 -1.819593719238152829e-01 -9.179238121751447377e-01 2.918021763200595031e-01
-2.390138005162012746e-01 3.115354922806197815e-02 -9.569599276266567422e-02 1.978992350759528895e-01 -1.819501683496943523e-01 -9.179326054282946901e-01 2.917700479581363249e-01
-2.390172280197984389e-01 3.120318414425448175e-02 -9.580313933683921868e-02 1.979076709925924049e-01 -1.819773541311698883e-01 -9.179203157256153878e-01 2.917860351762798787e-01
-2.390324450314149363e-01 3.124731194361358641e-02 -9.565633055703007259e-02 1.978861724069267969e-01 -1.819939169549348312e-01 -9.179169072285008335e-01 2.918010081983954396e-01
-2.390327271559420097e-01 3.124813875583997910e-02 -9.565726546386127405e-02 1.979042234310210424e-01 -1.819839369279524499e-01 -9.179245654993936077e-01 2.917708983108444065e-01
-2.390471580625668224e-01 3.132055475141035106e-02 -9.580408388761808836e-02 1.979040386267111318e-01 -1.820037543102654420e-01 -9.179186452573172561e-01 2.917772876719109121e-01
-2.390662418228972907e-01 3.133704564195990971e-02 -9.566562385961216441e-02 1.978796156895238911e-01 -1.820044935083439674e-01 -9.179153284863604823e-01 2.918038241132463462e-01
-2.390664785303678042e-01 3.133811644558873177e-02 -9.566689980970208285e-02 1.978967241275049471e-01 -1.819934119481873558e-01 -9.179262852084392188e-01 2.917646646023038803e-01
-2.390720543052011759e-01 3.137784305828780762e-02 -9.578029929131602616e-02 1.978956905629628560e-01 -1.819593115887075951e-01 -9.179247183444114722e-01 2.917915626523571726e-01
-2.391001553847246497e-01 3.138762445114801070e-02 -9.562685469378436054e-02 1.978756423235527584e-01 -1.819915263691837537e-01 -9.179168947053315541e-01 2.918096792763685832e-01
-2.391004479012673878e-01 3.138837313472626900e-02 -9.562769560614765851e-02 1.978932606207908229e-01 -1.819820637246223893e-01 -9.179236433281036112e-01 2.917824033465005185e-01
-2.390597611129147704e-01 3.135519643112942567e-02 -9.575664464458688574e-02 1.979017946395341399e-01 -1.819797216042811638e-01 -9.179150462277014810e-01 2.918051207776809486e-01
-2.390725052578010212e-01 3.139600584422672092e-02 -9.563583422273519430e-02 1.978910881643257402e-01 -1.820033690889178990e-01 -9.179074098196736697e-01 2.918216542060579344e-01
-2.390727504421179261e-01 3.139700564869890576e-02 -9.563700797131158282e-02 1.979084407115314359e-01 -1.819925421910462693e-01 -9.179173900603381231e-01 2.917852441553340226e-01
-2.390231443298076186e-01 3.136951066841264790e-02 -9.580908860919661041e-02 1.979162638695887710e-01 -1.820180060767437880e-01 -9.179078901560193682e-01 2.917939395345190978e-01
-2.390426705046453104e-01 3.138643315594749628e-02 -9.567854199590500319e-02 1.979040098946553972e-01 -1.820342429399819384e-01 -9.179065284307572625e-01 2.917964056137068996e-01
-2.390429001227436512e-01 3.138733931886139583e-02 -9.567962828652454288e-02 1.979204817113472126e-01 -1.820241357030275009e-01 -9.179156170103719425e-01 2.917629465665267929e-01
-2.389935053826799383e-01 3.135789543423041226e-02 -9.582302628406885736e-02 1.979207960516112808e-01 -1.820661065624596398e-01 -9.179050672303989966e-01 2.917697360663719097e-01
-2.390044168871960639e-01 3.138664741520773294e-02 -9.570806236954100543e-02 1.978939233634663397e-01 -1.820312948831390720e-01 -9.179109300293900597e-01 2.917912392645850006e-01
-2.390046346771574348e-01 3.138767397062659781e-02 -9.570928665128834723e-02 1.979114260111375367e-01 -1.820202709634918814e-01 -9.179212006364725340e-01 2.917539337090622187e-01
-2.389815380412227686e-01 3.140645750921965129e-02 -9.584514037594088487e-02 1.979293183313545201e-01 -1.820873895917665686e-01 -9.179049072449818603e-01 2.917511760938125698e-01
-2.389972141313920218e-01 3.144858594790619910e-02 -9.572484010609685900e-02 1.979280999428062737e-01 -1.821623848678271540e-01 -9.178891472876485880e-01 2.917547704560279342e-01
-2.389974538777627222e-01 3.144937167207330353e-02 -9.572576372199166628e-02 1.979459034159678499e-01 -1.821525064799123794e-01 -9.178964332838036588e-01 2.917259355436083723e-01
-2.389701754970826875e-01 3.143530666243579685e-02 -9.583225676747629540e-02 1.979427686428416600e-01 -1.821251327983694490e-01 -9.178971957134327564e-01 2.917427538887624738e-01
-2.389964596347706749e-01 3.143176920811131814e-02 -9.570595377542102933e-02 1.979335770530847305e-01 -1.821147171942874010e-01 -9.178906534188393529e-01 2.917760737664275017e-01
-2.389966287849661086e-01 3.143272754453284301e-02 -9.570715120173917123e-02 1.979482940815843750e-01 -1.821049225487870737e-01 -9.179007271964317871e-01 2.917405098130061991e-01
-2.389779786951435891e-01 3.144170272037695446e-02 -9.582029355103560686e-02 1.979483243799208814e-01 -1.821126596789996999e-01 -9.178952046683559463e-01 2.917530347856888695e-01
-2.390054547265008933e-01 3.143844171532958476e-02 -9.569328535260274160e-02 1.979241286436571046e-01 -1.821083719369241405e-01 -9.178973401513715880e-01 2.917654076722753231e-01
-2.390057139614513715e-01 3.143925051181964414e-02 -9.569424722598882105e-02 1.979427249035376479e-01 -1.820980869488694753e-01 -9.179049084688836180e-01 2.917353996279072881e-01
-2.389770652771941728e-01 3.143132448930831269e-02 -9.579788237129512052e-02 1.979564038046402463e-01 -1.821186454713849545e-01 -9.178962674410975353e-01 2.917404726500994472e-01
-2.390033826975095921e-01 3.142388028371675968e-02 -9.567265139512352856e-02 1.979271835895453913e-01 -1.821058384890782422e-01 -9.178969792567919228e-01 2.917660519247510242e-01
-2.390035077011472830e-01 3.142472053265607523e-02 -9.567374697472606770e-02 1.979386630243912815e-01 -1.820976272103287386e-01 -9.179062944848404015e-01 2.917340816387313795e-01
-2.389885284486559236e-01 3.143480013461873168e-02 -9.576371992373720887e-02 1.979401237673198977e-01 -1.821088969944247848e-01 -9.179028377339899514e-01 2.917369320438203406e-01
-2.390074780230282414e-01 3.147040861492596264e-02 -9.563968769627763378e-02 1.979359626168658570e-01 -1.821500358054617963e-01 -9.178944869099994186e-01 2.917403469855219256e-01
-2.390076289352817684e-01 3.147138862696005623e-02 -9.564095391002033764e-02 1.979495958769406094e-01 -1.821404396168150308e-01 -9.179052572198178606e-01 2.917031993595016748e-01
-2.390004998092014332e-01 3.150643113307093068e-02 -9.573342323510693197e-02 1.979500334402161388e-01 -1.822017476605725106e-01 -9.178922392931869734e-01 2.917055783761929311e-01
-2.390154542689047756e-01 3.151040098001071932e-02 -9.564480126732943788e-02 1.979177579741292214e-01 -1.821770261391914003e-01 -9.178978097608831987e-01 2.917253898133449486e-01
-2.390156696232452749e-01 3.151145783755457397e-02 -9.564614132637277999e-02 1.979361573041670819e-01 -1.821653667289058198e-01 -9.179088320586124006e-01 2.916855032821784599e-01
-2.390384607463523770e-01 3.152622674313684814e-02 -9.572752120077970828e-02 1.979191027754053922e-01 -1.821374070381300281e-01 -9.179125971761532554e-01 2.917026870965265251e-01
-2.390333555687992051e-01 3.157304971570872032e-02 -9.566795957972416831e-02 1.978970670897530482e-01 -1.820636676086950234e-01 -9.179229345341137769e-01 2.917311399738214961e-01
-2.390334227220993757e-01 3.157387888579722690e-02 -9.566909788309757579e-02 1.979055864231551443e-01 -1.820563728235179979e-01 -9.179327274922042257e-01 2.916990980026746283e-01
-2.390098225984839952e-01 3.151176945422774767e-02 -9.576143563371103395e-02 1.979264843552091535e-01 -1.821437222522290789e-01 -9.179101504910631704e-01 2.917014344503020551e-01
-2.389945375896677937e-01 3.158665646076717903e-02 -9.571939376753753337e-02 1.979344251135444210e-01 -1.821433194304201142e-01 -9.179047505669992724e-01 2.917132897698923033e-01
-2.389945878570864934e-01 3.158767591943095754e-02 -9.572081879294513929e-02 1.979435508789313680e-01 -1.821348103968901677e-01 -9.179170804124221483e-01 2.916736103837024308e-01
-2.389947280176920319e-01 3.158859561975509156e-02 -9.572206309814264291e-02 1.979574523349150184e-01 -1.821252953707406808e-01 -9.179272889340108765e-01 2.916379880630220467e-01
-2.390398719162425689e-01 3.165665931109086506e-02 -9.568100914652012678e-02 1.979595610648095527e-01 -1.822041276248448916e-01 -9.178942613513139115e-01 2.916912632181895004e-01
-2.390399421860975870e-01 3.165750051029454781e-02 -9.568219861228695333e-02 1.979680816321598702e-01 -1.821968032954671135e-01 -9.179044111102850900e-01 2.916581142160736273e-01
-2.390402777122855316e-01 3.165918058907023214e-02 -9.568447753736189498e-02 1.979973446274765903e-01 -1.821779588422141605e-01 -9.179227198601240811e-01 2.915923922141057667e-01
-2.390624983463436881e-01 3.168563191856083039e-02 -9.564968495577966245e-02 1.979446347498804715e-01 -1.822321205776233910e-01 -9.178931266133970590e-01 2.916874764527973007e-01
-2.390626495590493228e-01 3.168647688256061301e-02 -9.565082807225651351e-02 1.979579309850489910e-01 -1.822231983049187876e-01 -9.179024826805750603e-01 2.916545831089947249e-01
-2.390630537921483445e-01 3.168814647982165500e-02 -9.565305575310359409e-02 1.979912297309597280e-01 -1.822030309233894085e-01 -9.179200037547787794e-01 2.915894291272914107e-01
-2.390713860498713261e-01 3.163040792543946045e-02 -9.562452155860930170e-02 1.979582250059239990e-01 -1.822971004809647577e-01 -9.178874537234136266e-01 2.916554998725122139e-01
-2.390715374590309250e-01 3.163127162925179203e-02 -9.562574563151385321e-02 1.979716048407578199e-01 -1.822878200149011807e-01 -9.178974779754924818e-01 2.916206684671371896e-01
-2.390718236787412743e-01 3.163269121642131587e-02 -9.562779446635619185e-02 1.979951329933264947e-01 -1.822722523433261688e-01 -9.179139558362030549e-01 2.915625542105482748e-01
-2.390718236787412743e-01 3.163269121642131587e-02 -9.562779446635619185e-02 1.979951329933264947e-01 -1.822722523433261688e-01 -9.179139558362030549e-01 2.915625542105482748e-01
-2.390854486962097070e-01 3.162031876553844656e-02 -9.559582556143353393e-02 1.979528069091137654e-01 -1.822934360512684648e-01 -9.178893428241534647e-01 2.916555223877462244e-01
-2.390861001296631927e-01 3.162211652606793100e-02 -9.559852676742422450e-02 1.979898120272968465e-01 -1.822706393898462229e-01 -9.179102152179011709e-01 2.915789518268401270e-01
-2.390980443455527071e-01 3.161204922161200970e-02 -9.557482406842358891e-02 1.979580752890019446e-01 -1.823560738899088762e-01 -9.178724415986374563e-01 2.916659796703892082e-01
-2.390982538475169283e-01 3.161295691089621718e-02 -9.557616571484089940e-02 1.979754280442459491e-01 -1.823449896786156210e-01 -9.178829954679799119e-01 2.916279157771619612e-01
-2.390985743645479000e-01 3.161468198257952333e-02 -9.557878952847140286e-02 1.980034900802438713e-01 -1.823255584507827431e-01 -9.179040784113672302e-01 2.915546457997741370e-01
-2.390919437965760841e-01 3.165653537951484964e-02 -9.558664466239867596e-02 1.979755820540133882e-01 -1.823823622336336880e-01 -9.178684129654890445e-01 2.916503374533767623e-01
-2.390921423706630911e-01 3.165739193873332025e-02 -9.558791531200760971e-02 1.979919850629055789e-01 -1.823718646793749398e-01 -9.178783965497474551e-01 2.916143445914183285e-01
-2.390923815572743028e-01 3.165816760645460970e-02 -9.558904068244290786e-02 1.980103912979275793e-01 -1.823613100791159902e-01 -9.178868332919409845e-01 2.915818903731205447e-01
-2.390928251706689323e-01 3.166716342275371909e-02 -9.560184330639243111e-02 1.979796704475252911e-01 -1.824335942556745138e-01 -9.178713338840747138e-01 2.916063240231849263e-01
-2.390929983766941491e-01 3.166805221515822666e-02 -9.560317986118349598e-02 1.979945008600145773e-01 -1.824235332584828728e-01 -9.178820260901984218e-01 2.915688912131010335e-01
-2.390931956557960647e-01 3.166902887194049387e-02 -9.560464329834748864e-02 1.980113341128584281e-01 -1.824123092338254537e-01 -9.178936845672235334e-01 2.915277771232708814e-01
-2.391201389835039826e-01 3.176664061137708661e-02 -9.560033562495376391e-02 1.979923377886422808e-01 -1.824943334980486664e-01 -9.178620965221564454e-01 2.915887929705852089e-01
-2.391203695076995761e-01 3.176757345790831577e-02 -9.560169410016876312e-02 1.980105110963926718e-01 -1.824830583004318219e-01 -9.178727127122450202e-01 2.915500886416104720e-01
-2.391464539297789571e-01 3.172381811483027114e-02 -9.561355659510542560e-02 1.980089148325352988e-01 -1.825308462270336385e-01 -9.178605607321701498e-01 2.915595151506992777e-01
-2.391245350627858035e-01 3.181964265996013730e-02 -9.555758172309547493e-02 1.980047937976552319e-01 -1.825019340781741661e-01 -9.178586547814429064e-01 2.915864117781792331e-01
-2.391247023884941481e-01 3.182061418448481338e-02 -9.555904912660945216e-02 1.980198218567018054e-01 -1.824912488631135199e-01 -9.178705451247819447e-01 2.915454623768941600e-01
-2.391251581040682583e-01 3.182249970645860404e-02 -9.556183835915027514e-02 1.980574480825399442e-01 -1.824678785596904329e-01 -9.178922190869318598e-01 2.914662839723080046e-01
-2.391077569150464877e-01 3.186297189738167279e-02 -9.557449605164312911e-02 1.979866219828192442e-01 -1.824702617507904523e-01 -9.178762258647898964e-01 2.915632608622688582e-01
-2.391081635100642810e-01 3.186456837146611765e-02 -9.557684726706133782e-02 1.980203646337588275e-01 -1.824498306069954334e-01 -9.178941926550456820e-01 2.914965618869865827e-01
-2.391081635100642810e-01 3.186456837146611765e-02 -9.557684726706133782e-02 1.980203646337588275e-01 -1.824498306069954334e-01 -9.178941926550456820e-01 2.914965618869865827e-01
-2.390774819438354626e-01 3.187860435336714593e-02 -9.561160187595020565e-02 1.979834588679345309e-01 -1.825020557671695465e-01 -9.178784579744683203e-01 2.915384812367964873e-01
-2.390779553166541560e-01 3.188037481277088137e-02 -9.561417316658342436e-02 1.980240441321960421e-01 -1.824783205771203232e-01 -9.178976921853994053e-01 2.914652074358132783e-01
-2.391006250342190831e-01 3.189857621588286507e-02 -9.558937927224188391e-02 1.979659042475194752e-01 -1.824975120931384143e-01 -9.178762888758659200e-01 2.915600746925833819e-01
-2.391009879292430307e-01 3.190026655665399724e-02 -9.559190916454175790e-02 1.979980958240652733e-01 -1.824769915153051092e-01 -9.178959090729110759e-01 2.914892823497659546e-01
-2.391207365477964475e-01 3.190885477563906725e-02 -9.562737935337047024e-02 1.979527071968032736e-01 -1.824473765605808540e-01 -9.178879595688358428e-01 2.915636708819832057e-01
-2.391209860356394157e-01 3.191057839754715686e-02 -9.563007388394892394e-02 1.979782189585899133e-01 -1.824287139916928036e-01 -9.179093951006694896e-01 2.914905341777756509e-01
-2.391484443463314236e-01 3.188184237848362690e-02 -9.568861171698969659e-02 1.979506459246496153e-01 -1.823608563911711666e-01 -9.179170670555464318e-01 2.915275593189021186e-01
-2.391303898882749246e-01 3.195938612437834725e-02 -9.564286018686485313e-02 1.979312596637961275e-01 -1.823574927412113245e-01 -9.179066280581296144e-01 2.915756907837078749e-01
-2.391307478252465146e-01 3.196110626720861936e-02 -9.564549295511484694e-02 1.979641799740250452e-01 -1.823363239660049095e-01 -9.179266485712325174e-01 2.915035441509429837e-01
-2.391309797080845290e-01 3.196181305856254928e-02 -9.564655492923600233e-02 1.979824284670178847e-01 -1.823262406398725721e-01 -9.179341526926989570e-01 2.914738261195506386e-01
-2.391330167044446453e-01 3.187957819917414115e-02 -9.564558207292285508e-02 1.979268182964416256e-01 -1.823345670060579349e-01 -9.179131671769471534e-01 2.915724571988010383e-01
-2.391332042012134507e-01 3.188124668881343882e-02 -9.564827693244784546e-02 1.979476875572200867e-01 -1.823176744023297657e-01 -9.179347716880443819e-01 2.915008293595287014e-01
-2.391334981231745815e-01 3.188209616093030940e-02 -9.564953514978785654e-02 1.979706052753123224e-01 -1.823051077562281019e-01 -9.179436047357787398e-01 2.914653078114118334e-01
-2.391334981231745815e-01 3.188209616093030940e-02 -9.564953514978785654e-02 1.979706052753123224e-01 -1.823051077562281019e-01 -9.179436047357787398e-01 2.914653078114118334e-01
-2.391334981231745815e-01 3.188209616093030940e-02 -9.564953514978785654e-02 1.979706052753123224e-01 -1.823051077562281019e-01 -9.179436047357787398e-01 2.914653078114118334e-01
-2.391334981231745815e-01 3.188209616093030940e-02 -9.564953514978785654e-02 1.979706052753123224e-01 -1.823051077562281019e-01 -9.179436047357787398e-01 2.914653078114118334e-01
-2.391657280297318222e-01 3.186256673061683975e-02 -9.561970712374037729e-02 1.979046171200910531e-01 -1.822743687910973742e-01 -9.179291274807022116e-01 2.915749199208909070e-01
-2.391666889125318440e-01 3.184473912178578670e-02 -9.560422430493763224e-02 1.978220159580421911e-01 -1.824585479961306489e-01 -9.178573343330450607e-01 2.917417386602001450e-01
-2.391757087891824562e-01 3.189839811406545989e-02 -9.558577646856075694e-02 1.977753122589579748e-01 -1.825114473918205138e-01 -9.178215838015599815e-01 2.918527672300030296e-01
-2.391758777210941656e-01 3.189913304878948253e-02 -9.558889334302307639e-02 1.978111573364746412e-01 -1.824894709504562562e-01 -9.178401139706395817e-01 2.917839341221348803e-01
-2.391762017864954570e-01 3.190042666182438258e-02 -9.559442017974426054e-02 1.978776983529359212e-01 -1.824496121544019189e-01 -9.178724588356714786e-01 2.916619701473122106e-01
-2.391762017864954570e-01 3.190042666182438258e-02 -9.559442017974426054e-02 1.978776983529359212e-01 -1.824496121544019189e-01 -9.178724588356714786e-01 2.916619701473122106e-01
-2.391898765191711740e-01 3.182255818106248524e-02 -9.560879299919544660e-02 1.978314177891280223e-01 -1.824943630201778522e-01 -9.178494954665297190e-01 2.917376240275491028e-01
-2.391899573669379331e-01 3.182321308588251241e-02 -9.561153908248687383e-02 1.978513528434137358e-01 -1.824789596463688435e-01 -9.178675742500537194e-01 2.916768547635075759e-01
-2.391814560128014133e-01 3.190659994607092376e-02 -9.565454899245927345e-02 1.978583450640418739e-01 -1.824266176566384789e-01 -9.178530651007046348e-01 2.917505018746648915e-01
-2.392179132287652610e-01 3.186149483451380937e-02 -9.569881008760992847e-02 1.978159417731596703e-01 -1.823569854502442578e-01 -9.178730979414106983e-01 2.917597626701372016e-01
-2.392016495594498360e-01 3.191979740913321317e-02 -9.566026821532196134e-02 1.977867152274150331e-01 -1.823287900688523311e-01 -9.178543297547197000e-01 2.918562264919011273e-01
-2.392019313750111953e-01 3.192121500295237724e-02 -9.566541848866258468e-02 1.978377605438690345e-01 -1.822949397466121502e-01 -9.178868540301942103e-01 2.917404645302375532e-01
-2.392220309286037239e-01 3.181821324146476282e-02 -9.569278485825913338e-02 1.978214190238298809e-01 -1.823460062983437990e-01 -9.178784736491611973e-01 2.917459987282237099e-01
-2.392117601807828564e-01 3.184876541896257407e-02 -9.567170358395903074e-02 1.977924456546306664e-01 -1.823471363851589255e-01 -9.178764812333299883e-01 2.917712040157708908e-01
-2.392119923965817518e-01 3.184942778113659945e-02 -9.567407318133407113e-02 1.978244262640073414e-01 -1.823289111900208703e-01 -9.178903041045842759e-01 2.917174217429796546e-01
-2.392496890957629962e-01 3.183605705705139233e-02 -9.571052255593222313e-02 1.978417131445401322e-01 -1.825029964559395368e-01 -9.178460366445930774e-01 2.917361236467794217e-01
-2.392294824774876261e-01 3.190867414239384470e-02 -9.566569479754069572e-02 1.978111017294707785e-01 -1.824737224913142164e-01 -9.178434720367365518e-01 2.917832576970179059e-01
-2.392297902474695981e-01 3.190941357580558135e-02 -9.566822598405463896e-02 1.978518218701461606e-01 -1.824517813273310307e-01 -9.178575376322797297e-01 2.917251183644563595e-01
-2.392497113976397860e-01 3.186706402482915312e-02 -9.572238094790723462e-02 1.978467232198756753e-01 -1.825389169476695495e-01 -9.178370634091983504e-01 2.917384838225988708e-01
-2.392299116557846106e-01 3.193852630035770579e-02 -9.567900021997259585e-02 1.978337154049173430e-01 -1.825028719613482342e-01 -9.178372145764565060e-01 2.917693786425804015e-01
-2.392301694525237332e-01 3.193921938621545331e-02 -9.568132756707882491e-02 1.978677389904895390e-01 -1.824837659107781951e-01 -9.178507000204052524e-01 2.917158300776016566e-01
-2.392401001944533256e-01 3.184727740304722776e-02 -9.568062099656297892e-02 1.978674074804841476e-01 -1.826247392486036181e-01 -9.178337160329000932e-01 2.916812701984297651e-01
-2.392250773086241622e-01 3.190742672999016816e-02 -9.564633853107558370e-02 1.978618870820290643e-01 -1.826164366677713313e-01 -9.178320691854856550e-01 2.916953950164349885e-01
-2.392252907483754243e-01 3.190803250235242638e-02 -9.564837418164941207e-02 1.978889995889751563e-01 -1.826007065214564906e-01 -9.178442853647215127e-01 2.916484075781373697e-01
-2.392495190230761737e-01 3.185255359343942827e-02 -9.568009285761622240e-02 1.979031667954497253e-01 -1.827854302058850577e-01 -9.178081151390764525e-01 2.916369092924241402e-01
-2.392319314617402104e-01 3.190778906668169379e-02 -9.564363995397502649e-02 1.978891957536846602e-01 -1.827435186238915432e-01 -9.178082479109599401e-01 2.916722350028077004e-01
-2.392240567955274677e-01 3.180820600410708132e-02 -9.567242722474342265e-02 1.979036473882607172e-01 -1.829411312721124783e-01 -9.177692335616938202e-01 2.916613151703256190e-01
-2.392242759567446697e-01 3.180892441517157998e-02 -9.567484954718537271e-02 1.979310026475836204e-01 -1.829239551327850322e-01 -9.177846147030552793e-01 2.916051197147706553e-01
-2.392002016297146150e-01 3.189713182283487880e-02 -9.562183368889290436e-02 1.979058152845997731e-01 -1.828833719146412684e-01 -9.177849659721712960e-01 2.916465614217476632e-01
-2.392199644539066139e-01 3.183526521361414174e-02 -9.567618810859090939e-02 1.979226773353549851e-01 -1.830063735252906443e-01 -9.177558987851972550e-01 2.916494321792886257e-01
-2.392202977451492185e-01 3.183591881193621742e-02 -9.567820761843845445e-02 1.979592421411872361e-01 -1.829871658106220211e-01 -9.177671553862885023e-01 2.916012415845360972e-01
-2.391964055890142549e-01 3.192288772157202137e-02 -9.562572400669266948e-02 1.979379113638498056e-01 -1.829451630424509534e-01 -9.177668248960876296e-01 2.916431135556638021e-01
-2.391965265718868916e-01 3.192364081779164309e-02 -9.562811480276112164e-02 1.979577211326594977e-01 -1.829305284383200836e-01 -9.177831518259861321e-01 2.915874630940085699e-01
-2.391965265718868916e-01 3.192364081779164309e-02 -9.562811480276112164e-02 1.979577211326594977e-01 -1.829305284383200836e-01 -9.177831518259861321e-01 2.915874630940085699e-01
-2.391965265718868916e-01 3.192364081779164309e-02 -9.562811480276112164e-02 1.979577211326594977e-01 -1.829305284383200836e-01 -9.177831518259861321e-01 2.915874630940085699e-01
-2.392059248815349703e-01 3.191378810952220924e-02 -9.562354044779612650e-02 1.979463572789023074e-01 -1.829160679207531004e-01 -9.177975161543776572e-01 2.915590353209423502e-01
-2.391887298435045328e-01 3.188440506037630573e-02 -9.562286877522183093e-02 1.979107206912126271e-01 -1.829819814441210890e-01 -9.177523923797714644e-01 2.916838826254790629e-01
-2.391891558924983952e-01 3.188578538627442893e-02 -9.562703106016498533e-02 1.979632888949056646e-01 -1.829503866698098391e-01 -9.177788176856094271e-01 2.915848659908196749e-01
-2.391861142691252551e-01 3.181300316146466745e-02 -9.567655631488491963e-02 1.979754895644459667e-01 -1.830991733909739239e-01 -9.177344576683131860e-01 2.916228102249667220e-01
-2.391621940476988395e-01 3.189808730662306580e-02 -9.562483719739867105e-02 1.979557428732523494e-01 -1.830565541179028366e-01 -9.177340161704488075e-01 2.916643574755692359e-01
-2.391625731878963546e-01 3.189945516716159724e-02 -9.562887322216646890e-02 1.980037047712466247e-01 -1.830269999421975657e-01 -9.177602540959769462e-01 2.915677728945840208e-01
-2.392016353803362583e-01 3.192894259815017011e-02 -9.568867741819563066e-02 1.979742950630595522e-01 -1.831072113958326364e-01 -9.177318810152085282e-01 2.916266829311295883e-01
-2.391797963706292496e-01 3.199479263830552755e-02 -9.564532885468990386e-02 1.979407066785531244e-01 -1.830521392613680964e-01 -9.177378513039937680e-01 2.916652657334434240e-01
-2.391800131282548758e-01 3.199646631737199098e-02 -9.565026688249327058e-02 1.979789010320621434e-01 -1.830226880589309602e-01 -9.177725424255563924e-01 2.915486422049507476e-01
-2.391821936178699926e-01 3.196531736892062325e-02 -9.570365186213602993e-02 1.979585959172665277e-01 -1.830674927196465629e-01 -9.177481233463617993e-01 2.916111614908414307e-01
-2.391587725469763726e-01 3.204827732427129039e-02 -9.565317528389000179e-02 1.979591897131310063e-01 -1.830205671943788692e-01 -9.177438144372733753e-01 2.916537711981315728e-01
-2.391590757208992002e-01 3.204958978181945972e-02 -9.565686166075804131e-02 1.980010082078336731e-01 -1.829939085204217997e-01 -9.177682141742513622e-01 2.915653190016027629e-01
-2.391331705301739108e-01 3.201019013000851177e-02 -9.573022445050829998e-02 1.979849615293133303e-01 -1.831020999010491423e-01 -9.177309933807551445e-01 2.916254443776039595e-01
-2.391180821238410303e-01 3.206103596858660143e-02 -9.569904546963929615e-02 1.979805447737749136e-01 -1.830844694411982165e-01 -9.177296288425091930e-01 2.916438054975702965e-01
-2.391184823234935308e-01 3.206250438944048542e-02 -9.570307611324163632e-02 1.980335328102393322e-01 -1.830528189305311026e-01 -9.177553617312869116e-01 2.915467053110987750e-01
-2.391193540339946189e-01 3.202189308477404461e-02 -9.574906408742937802e-02 1.980362960724599830e-01 -1.832437815908210532e-01 -9.177084778823029199e-01 2.915724465191168457e-01
-2.390989897435820133e-01 3.208758057881473669e-02 -9.570692579463974115e-02 1.980323298820655387e-01 -1.831836347344990013e-01 -9.177039463207739001e-01 2.916271921378674747e-01
-2.390992807799808828e-01 3.208880378539939737e-02 -9.571025975089118842e-02 1.980747855090548848e-01 -1.831578019421734038e-01 -9.177254508905033914e-01 2.915469014088055144e-01
-2.391113803500753421e-01 3.201567573342453676e-02 -9.576434182293858122e-02 1.980729362096691482e-01 -1.832836135841670044e-01 -9.176833716707897270e-01 2.916015402766953812e-01
-2.390909081204137532e-01 3.208069842006677774e-02 -9.572249534490921696e-02 1.980628873757999120e-01 -1.832233313373379802e-01 -9.176806164028706858e-01 2.916549155705359109e-01
-2.390913516290273377e-01 3.208183677769828324e-02 -9.572539810794437887e-02 1.981145725238965816e-01 -1.831958938905513534e-01 -9.176976884308560845e-01 2.915833213062414830e-01
-2.391091068314659673e-01 3.202241038557186725e-02 -9.576911414633107467e-02 1.980862877556790469e-01 -1.832083584132555565e-01 -9.176856582002503870e-01 2.916325646155921714e-01
-2.390965657949895573e-01 3.206373111765019324e-02 -9.574333429343670487e-02 1.980745883732572543e-01 -1.832112147192486162e-01 -9.176812669426992475e-01 2.916525339240247927e-01
-2.390969648030418226e-01 3.206500304136918056e-02 -9.574666562645359202e-02 1.981230989777379159e-01 -1.831835021797969532e-01 -9.177021052531528778e-01 2.915714118265585464e-01
-2.391187966574087609e-01 3.203966068147282020e-02 -9.581038861542352791e-02 1.981096850172277546e-01 -1.832323013407156087e-01 -9.176778490455921311e-01 2.916262022158080947e-01
-2.390949252730169283e-01 3.212087969482992078e-02 -9.576151767734662756e-02 1.980971994820796001e-01 -1.831872917268438372e-01 -9.176800154053174063e-01 2.916561417711580617e-01
-2.390952415070857207e-01 3.212218920039790204e-02 -9.576490353885602769e-02 1.981393825725675795e-01 -1.831613832378280460e-01 -9.177021969789902478e-01 2.915739536105750318e-01
-2.391048706714409833e-01 3.205114703526597275e-02 -9.581551804672119865e-02 1.981125884612552901e-01 -1.832016349936554933e-01 -9.176775092091306041e-01 2.916445650454650429e-01
-2.390814419516418543e-01 3.213024385007447192e-02 -9.576835632090506534e-02 1.980989894211192814e-01 -1.831575133845088632e-01 -9.176831892157448767e-01 2.916636417381403557e-01
-2.390816197405881971e-01 3.213155543254268831e-02 -9.577176634888477647e-02 1.981304887740283904e-01 -1.831351720239746128e-01 -9.177069077912505257e-01 2.915816345007603005e-01
-2.391328551435720207e-01 3.212341239058111309e-02 -9.579177176053915721e-02 1.981164401425631327e-01 -1.832290899500135795e-01 -9.176763623380372881e-01 2.916283092351550921e-01
-2.391177838029573954e-01 3.217369219380811218e-02 -9.576106506457995882e-02 1.981131650725156956e-01 -1.832094297529066607e-01 -9.176742976154463882e-01 2.916493822564383276e-01
-2.391181730543897876e-01 3.217501289333135617e-02 -9.576434689378986176e-02 1.981585875360060978e-01 -1.831825840009577711e-01 -9.176954538717969623e-01 2.915688067120755234e-01
-2.391387298791735616e-01 3.212581563331297352e-02 -9.580451671195419627e-02 1.981502768468968445e-01 -1.832496313302086066e-01 -9.176677202127601074e-01 2.916196078496033350e-01
-2.391154672807221937e-01 3.220344635991824467e-02 -9.575776521805831609e-02 1.981348513930241140e-01 -1.832069853649115343e-01 -9.176716295021709602e-01 2.916445809265036382e-01
-2.391156553440045018e-01 3.220482394007347093e-02 -9.576130316572135925e-02 1.981647283885600574e-01 -1.831849008422846148e-01 -9.176967912096273272e-01 2.915589681859304672e-01
-2.391038584792808397e-01 3.211155062979212382e-02 -9.579892263340256120e-02 1.981482345759665031e-01 -1.832466017030091598e-01 -9.176746731627354325e-01 2.916010190901145993e-01
-2.390803253722349475e-01 3.218900912522065783e-02 -9.575231833885769483e-02 1.981230828954336776e-01 -1.832073885351216957e-01 -9.176806751573403087e-01 2.916238591969425586e-01
-2.390805110700212899e-01 3.219055086735873872e-02 -9.575617412465944889e-02 1.981562877273653767e-01 -1.831826824752382232e-01 -9.177082852622387987e-01 2.915299189385660572e-01
-2.390986979695645387e-01 3.212364440712262015e-02 -9.575050623346385847e-02 1.981375195336413930e-01 -1.833518022788797053e-01 -9.176725287493383565e-01 2.915489151633682829e-01
-2.390801120691418979e-01 3.218735244231403503e-02 -9.571218067611506064e-02 1.981390005591797954e-01 -1.833243920320923870e-01 -9.176689699548261636e-01 2.915763456206991178e-01
-2.390805796968261121e-01 3.218848454436262774e-02 -9.571480243663343934e-02 1.981869808474815697e-01 -1.832988984355866102e-01 -9.176849319619536649e-01 2.915095197499471547e-01
-2.390904209591981355e-01 3.215721855460555723e-02 -9.574191488143911355e-02 1.981701503087453520e-01 -1.834382420968346805e-01 -9.176463366331135685e-01 2.915548039852178253e-01
-2.390744518818900266e-01 3.220634172475847490e-02 -9.571001592110407741e-02 1.981650892380260875e-01 -1.833955180272615615e-01 -9.176417076447833665e-01 2.915996875265191579e-01
-2.390746275310388913e-01 3.220759796023030253e-02 -9.571314433661609611e-02 1.981941415763738001e-01 -1.833747337644163755e-01 -9.176639405889235324e-01 2.915230375192366385e-01
-2.390774746048080213e-01 3.217785444311968557e-02 -9.572638531354102365e-02 1.980912556257636015e-01 -1.832644000840905063e-01 -9.176649908503102804e-01 2.916590109599337954e-01
-2.390776621408503555e-01 3.217858341542441381e-02 -9.572810444192808577e-02 1.981132834529791553e-01 -1.832508907431465994e-01 -9.176765693480813946e-01 2.916161038606386313e-01
-2.390780416155255106e-01 3.218005784750170573e-02 -9.573161237849067695e-02 1.981576762233956401e-01 -1.832236465274136861e-01 -9.177001982006557368e-01 2.915286897192426729e-01
