repeatability libsurvive; 20211016-001116; x y z w i j k;  frequency = 150 duration = 2 sys.args = ['repeatability.py']
-2.389406098846590387e-01 3.090353117941880071e-02 -9.558101896299840694e-02 1.968170122452521931e-01 -1.789121751276287475e-01 -9.185001065962100641e-01 2.925936627213647223e-01
-2.388836359196721548e-01 3.081511390754868365e-02 -9.563270358291009465e-02 1.968239405325502567e-01 -1.788985883736536886e-01 -9.184995927888868206e-01 2.925989226873578208e-01
-2.388841393929587720e-01 3.081714291536784625e-02 -9.563459500033620608e-02 1.968550620642828264e-01 -1.788791591223543587e-01 -9.185175379165577692e-01 2.925335254480277980e-01
-2.389822631607816661e-01 3.094406362658054174e-02 -9.554550952158420707e-02 1.968425053084430776e-01 -1.789815285741355178e-01 -9.184908833662270844e-01 2.925630491129891375e-01
-2.389757293722482578e-01 3.095876991624011906e-02 -9.564298073768394415e-02 1.968444474094364072e-01 -1.789975528016928275e-01 -9.184854535849619195e-01 2.925689853144136654e-01
-2.389765567998208551e-01 3.096086637249411203e-02 -9.564471627965226430e-02 1.968886635803580587e-01 -1.789741023767953965e-01 -9.185013736218997638e-01 2.925035922628030916e-01
-2.390314289910309975e-01 3.099850361740861746e-02 -9.548164803989059313e-02 1.968742815873250063e-01 -1.790701585005169405e-01 -9.184763998262783780e-01 2.925329016473753319e-01
-2.390369883573599252e-01 3.104695402558573999e-02 -9.565907179388202786e-02 1.968784595597539155e-01 -1.790331029500603077e-01 -9.184721094553135456e-01 2.925662392726781080e-01
-2.390376350363199454e-01 3.104901026319307686e-02 -9.566098515629575805e-02 1.969129452641303624e-01 -1.790128132488701951e-01 -9.184898574048969699e-01 2.924997205545032397e-01
-2.390742057596679238e-01 3.103527382827003453e-02 -9.548659707015463849e-02 1.968997851650754471e-01 -1.791070580901260589e-01 -9.184644778325059544e-01 2.925305784086678074e-01
-2.390697396519241014e-01 3.109004941255411394e-02 -9.568247563798426558e-02 1.969118802161330672e-01 -1.791448565459664577e-01 -9.184541268239951872e-01 2.925317909609909672e-01
-2.390702798499200754e-01 3.109258289530818578e-02 -9.568504442749134475e-02 1.969443759479810596e-01 -1.791222221034793893e-01 -9.184783224169743576e-01 2.924477963351276855e-01
-2.390952181341599869e-01 3.110787764372538802e-02 -9.553018378314258319e-02 1.969360886446481218e-01 -1.791864686513562344e-01 -9.184537870766819045e-01 2.924910724212017032e-01
-2.390244588612362164e-01 3.103284052035208337e-02 -9.570026628747921316e-02 1.969471990457222210e-01 -1.791984238606705859e-01 -9.184485284973042951e-01 2.924927796972648375e-01
-2.390251022645781820e-01 3.103494750124391813e-02 -9.570230209045621494e-02 1.969829104736330605e-01 -1.791773124731942390e-01 -9.184670787700797145e-01 2.924234068808034825e-01
-2.390453989628173737e-01 3.108606180171803388e-02 -9.552397510147594972e-02 1.969627126828212837e-01 -1.792163270352699622e-01 -9.184495064815797472e-01 2.924682922649126104e-01
-2.389698499778771523e-01 3.102082556968064828e-02 -9.571734762201485058e-02 1.969900187537274583e-01 -1.792914355843360230e-01 -9.184280550080923256e-01 2.924712317674450501e-01
-2.389704515602606161e-01 3.102298484454414293e-02 -9.571946589810011174e-02 1.970262029550547134e-01 -1.792696694612150310e-01 -9.184472905501168682e-01 2.923997870066422644e-01
-2.389986775321826240e-01 3.103308152422358870e-02 -9.556718324948804133e-02 1.970315416179163892e-01 -1.793879900455785381e-01 -9.184118630031121722e-01 2.924348996447366233e-01
-2.389652793463930003e-01 3.104596801127174413e-02 -9.572830843761627462e-02 1.970499636543847077e-01 -1.795005815390511295e-01 -9.183838530083563434e-01 2.924413643527093987e-01
-2.389658212716256613e-01 3.104808544676731716e-02 -9.573049470718759946e-02 1.970837423276211586e-01 -1.794793859514886014e-01 -9.184036423683106243e-01 2.923694549935693665e-01
-2.389878838292426588e-01 3.107461958472486699e-02 -9.557112296828561282e-02 1.970729321804347567e-01 -1.795266338434436948e-01 -9.183842840420548548e-01 2.924085394909153868e-01
-2.389878045123722261e-01 3.113611562183469725e-02 -9.572768433161314705e-02 1.970932492735704145e-01 -1.795923543913886533e-01 -9.183701492136298050e-01 2.923988822965638001e-01
-2.389880255818064292e-01 3.113826779630715288e-02 -9.573023352104229056e-02 1.971124006132706497e-01 -1.795752398193261046e-01 -9.183937087293205792e-01 2.923224769577408289e-01
-2.390227667689859004e-01 3.112749267069571044e-02 -9.556134752645231711e-02 1.970947327016818462e-01 -1.796374439161694259e-01 -9.183709145881850944e-01 2.923677792147726384e-01
-2.389950709685070562e-01 3.113698508532572115e-02 -9.569164472952297607e-02 1.971155262066118241e-01 -1.796991338289966600e-01 -9.183527954588291964e-01 2.923727649805171191e-01
-2.389953910184951513e-01 3.113884296374222135e-02 -9.569377459906618089e-02 1.971378161533652862e-01 -1.796826342363045392e-01 -9.183721725783237089e-01 2.923070047569061858e-01
-2.390260700931662874e-01 3.110426834006960531e-02 -9.556408681817370188e-02 1.971256986096227293e-01 -1.797656490429230258e-01 -9.183475468450921220e-01 2.923415016302784442e-01
-2.389976242985253074e-01 3.111229374392983707e-02 -9.572552873031824061e-02 1.971274177967747565e-01 -1.798062717415235823e-01 -9.183395746390529135e-01 2.923404033775568456e-01
-2.390361771352311759e-01 3.105736805926977498e-02 -9.556631273962436224e-02 1.970914488683181420e-01 -1.797658647481854555e-01 -9.183469726752337969e-01 2.923662641834000042e-01
-2.390364152727542935e-01 3.105851340926697388e-02 -9.556757611802715879e-02 1.971067922697707364e-01 -1.797551375491608372e-01 -9.183586493657432959e-01 2.923258355002710807e-01
-2.389927623161499370e-01 3.104985374618321123e-02 -9.574584326138846357e-02 1.971280812807988947e-01 -1.798562075994220022e-01 -9.183391483146343681e-01 2.923105759825607164e-01
-2.390345470331489974e-01 3.104095899322285509e-02 -9.554644838166204135e-02 1.971131581999946702e-01 -1.798830185757617217e-01 -9.183346350522388901e-01 2.923183205958311826e-01
-2.390348278981423991e-01 3.104203583873768948e-02 -9.554760846572879496e-02 1.971301673086875428e-01 -1.798722639433280035e-01 -9.183451786478353807e-01 2.922803425737452443e-01
-2.389915658542394739e-01 3.103335714528500724e-02 -9.572408857844733054e-02 1.971423532466135553e-01 -1.799694463266083289e-01 -9.183278742784226623e-01 2.922666697872942643e-01
-2.389739699870626621e-01 3.114636795428905522e-02 -9.566257799308833243e-02 1.971479333211932916e-01 -1.799639557191459738e-01 -9.183248475890904983e-01 2.922757966879456770e-01
-2.389742295604699862e-01 3.114750048569795218e-02 -9.566380636865795539e-02 1.971661016024385538e-01 -1.799524290225347767e-01 -9.183357642614735639e-01 2.922363354309005512e-01
-2.389392314618381530e-01 3.113085335891737845e-02 -9.581617469364889228e-02 1.971677282538318310e-01 -1.799438676188207520e-01 -9.183358560660022096e-01 2.922402212309701541e-01
-2.389253743889500625e-01 3.118885090791946937e-02 -9.577921428206072341e-02 1.971409604248482161e-01 -1.799025130200133660e-01 -9.183440147757147010e-01 2.922581017824388283e-01
-2.389257509224678722e-01 3.118968063512373226e-02 -9.577999577204880655e-02 1.971636346805576701e-01 -1.798914152042079828e-01 -9.183501687364298283e-01 2.922302986980467310e-01
-2.389577131988619152e-01 3.128296920894263478e-02 -9.593090509095834884e-02 1.971538867546643592e-01 -1.798426511834884667e-01 -9.183558898295620665e-01 2.922489099520754752e-01
-2.389399972868782585e-01 3.139302202944602160e-02 -9.587102653855154866e-02 1.971514941000807319e-01 -1.798417014837688788e-01 -9.183501673572977975e-01 2.922690898749846777e-01
-2.389401067404700596e-01 3.139407717694359112e-02 -9.587229400840874272e-02 1.971628851124906934e-01 -1.798326077351578012e-01 -9.183614339472531141e-01 2.922315974832920826e-01
-2.389356933564212027e-01 3.142075296257400285e-02 -9.602563691349419450e-02 1.971629281764024078e-01 -1.797875556038783240e-01 -9.183612402069945002e-01 2.922598964763388207e-01
-2.389481905916441828e-01 3.148622910103877903e-02 -9.587764292339914785e-02 1.971772663585900642e-01 -1.798380582480733625e-01 -9.183441922640724897e-01 2.922727201977027289e-01
-2.389486451627170771e-01 3.148738585951550706e-02 -9.587873015931711040e-02 1.972059474257472633e-01 -1.798234279237849731e-01 -9.183529322888546176e-01 2.922349069261150345e-01
-2.388812998894612183e-01 3.143204647765721060e-02 -9.603127978838280066e-02 1.972290824471414350e-01 -1.798858067119223358e-01 -9.183356892089447054e-01 2.922350894499016194e-01
-2.389148000252646897e-01 3.145608762881493825e-02 -9.583824713129963924e-02 1.972202820849276172e-01 -1.799318110428017037e-01 -9.183239950893598014e-01 2.922494546655591274e-01
-2.389148471713736233e-01 3.145731953393818281e-02 -9.583977176274327547e-02 1.972294625792276879e-01 -1.799224322120980823e-01 -9.183379218403306954e-01 2.922052682406236501e-01
-2.389068942177164923e-01 3.148868945405657038e-02 -9.598319453105175203e-02 1.972418634900228174e-01 -1.799369036964642565e-01 -9.183251002470729230e-01 2.922282810258378105e-01
-2.389296172279925801e-01 3.150382095126720572e-02 -9.583258701869197538e-02 1.972169305589073218e-01 -1.799451452476864555e-01 -9.183241394359682452e-01 2.922430528377036318e-01
-2.389300734799223447e-01 3.150518236013465090e-02 -9.583390349807119346e-02 1.972468986613584718e-01 -1.799290460613072740e-01 -9.183350835272077184e-01 2.921983465302634975e-01
-2.389367040433932332e-01 3.154934252448265974e-02 -9.596092905376549242e-02 1.972413055626251188e-01 -1.798825495387725293e-01 -9.183400618281926109e-01 2.922151032934016679e-01
-2.389845116632476341e-01 3.150786795140159136e-02 -9.577753828118840129e-02 1.972229033155735167e-01 -1.798908170062694101e-01 -9.183411538499115512e-01 2.922190026507622274e-01
-2.389848000622801782e-01 3.150881192894489091e-02 -9.577850914245591984e-02 1.972422705029996948e-01 -1.798798644558018966e-01 -9.183492915997146788e-01 2.921870970944576151e-01
-2.389740413400152919e-01 3.153640556633889591e-02 -9.594666561134848615e-02 1.972473378882148853e-01 -1.798359121336458033e-01 -9.183533507268581975e-01 2.921979733191593098e-01
-2.390174301546199587e-01 3.151450633404459523e-02 -9.575411959048403532e-02 1.972206546398560523e-01 -1.798321165218024764e-01 -9.183532080526165542e-01 2.922187682373996731e-01
-2.390176961396071886e-01 3.151562269192259569e-02 -9.575531341781517991e-02 1.972389072842101188e-01 -1.798207454301113950e-01 -9.183636308458633657e-01 2.921806881124972000e-01
-2.390044108550678226e-01 3.154106866136530130e-02 -9.588831056657916296e-02 1.972474375094634136e-01 -1.798172768030160684e-01 -9.183620875417628504e-01 2.921819151231532241e-01
-2.390522166622340849e-01 3.150421087867785741e-02 -9.571001306884355242e-02 1.972392015597011217e-01 -1.798616065382102613e-01 -9.183532420926716622e-01 2.921879918810224575e-01
-2.390524151289784016e-01 3.150515594952958687e-02 -9.571108800537592165e-02 1.972529779316495868e-01 -1.798522948892705142e-01 -9.183626944958783733e-01 2.921547125726865479e-01
-2.390495254356405086e-01 3.155121184921222399e-02 -9.585378091922341914e-02 1.972614152737796889e-01 -1.798749493183235404e-01 -9.183515752444073588e-01 2.921700205326197564e-01
-2.390949767227801281e-01 3.152304129898181317e-02 -9.567425284543824848e-02 1.972453843050860356e-01 -1.799173963352842520e-01 -9.183461728554012105e-01 2.921716886833982674e-01
-2.390952569848310283e-01 3.152414609525018563e-02 -9.567549209001149912e-02 1.972630960746618867e-01 -1.799061105166060437e-01 -9.183569852554954727e-01 2.921326923818404198e-01
-2.390599523564957696e-01 3.151266152928626496e-02 -9.578778390255741904e-02 1.972878256900230942e-01 -1.799624705139611369e-01 -9.183411765036234575e-01 2.921309750419415763e-01
-2.390781950763888886e-01 3.153276662388476703e-02 -9.567401021694454943e-02 1.972977714127074345e-01 -1.800295070565975375e-01 -9.183252774850612088e-01 2.921329332966809411e-01
-2.390783423520341233e-01 3.153382107558616587e-02 -9.567530982050015398e-02 1.973091009793577211e-01 -1.800203681861713978e-01 -9.183368792559500893e-01 2.920944400485493420e-01
-2.390353411202658096e-01 3.151904917473552503e-02 -9.584052524896052860e-02 1.973254759393450464e-01 -1.800624468213209428e-01 -9.183232800247833616e-01 2.921001971148822762e-01
-2.390641931483685478e-01 3.152343107384958376e-02 -9.570493449455448609e-02 1.973361090856590727e-01 -1.801535076361194254e-01 -9.183033275706933285e-01 2.920995931355043207e-01
-2.390643392025209590e-01 3.152454642129841333e-02 -9.570633134758145533e-02 1.973477006046008009e-01 -1.801439639264301174e-01 -9.183157816729128342e-01 2.920584915002761850e-01
-2.390552436750094378e-01 3.155174554550221888e-02 -9.580931191418871895e-02 1.973375059467008530e-01 -1.801607382463420448e-01 -9.183120529489515738e-01 2.920667570093365417e-01
-2.390847828874706482e-01 3.153317999808921690e-02 -9.568624149643313592e-02 1.973324268411999760e-01 -1.802464294573056791e-01 -9.182995612358781923e-01 2.920565935205856056e-01
-2.390849031947917258e-01 3.153433217065582106e-02 -9.568775500447410098e-02 1.973429817070185832e-01 -1.802366405525938631e-01 -9.183131455806938792e-01 2.920127867525494358e-01
-2.390556971629864691e-01 3.153967484327654947e-02 -9.586158441787510920e-02 1.973577057888581121e-01 -1.802515893027551441e-01 -9.183057600040329671e-01 2.920168345541140353e-01
-2.390813502959030223e-01 3.153676192929669164e-02 -9.573373506888877005e-02 1.973432856819670456e-01 -1.802944512184117554e-01 -9.182991317787991825e-01 2.920209633406494198e-01
-2.390816319110136978e-01 3.153756342935787327e-02 -9.573468708912682978e-02 1.973603140641709830e-01 -1.802847985046189261e-01 -9.183068855656977281e-01 2.919910303130374141e-01
-2.390854021591224676e-01 3.158903359270114064e-02 -9.584901221644831493e-02 1.973594900130963559e-01 -1.803336863283079294e-01 -9.182978204974827641e-01 2.919899076108397051e-01
-2.391044988702120955e-01 3.160608947994086870e-02 -9.570887574579985124e-02 1.973388476893861154e-01 -1.803356953361494597e-01 -9.182964818348442471e-01 2.920068280537292948e-01
-2.391049419958589661e-01 3.160689890924639478e-02 -9.570970516851932952e-02 1.973649113507464636e-01 -1.803232208733683839e-01 -9.183024987473737966e-01 2.919779933071944278e-01
-2.390880267371267576e-01 3.162401594400433835e-02 -9.586355831182274967e-02 1.973664480973597313e-01 -1.802979913788455568e-01 -9.183020871059583978e-01 2.919938291934034980e-01
-2.391113110760820504e-01 3.163912741070680490e-02 -9.572392151981928832e-02 1.973574424214593337e-01 -1.803263483561614033e-01 -9.182931337714844711e-01 2.920105622705098103e-01
-2.391115013742986517e-01 3.164022106038295867e-02 -9.572534441286742468e-02 1.973716564700130349e-01 -1.803156634638182765e-01 -9.183054189945423218e-01 2.919689164571197537e-01
-2.390759407595531294e-01 3.163175815452277939e-02 -9.589263789961258166e-02 1.973932001294005367e-01 -1.803334679271126895e-01 -9.182960987825581345e-01 2.919726696949386802e-01
-2.391035377431285081e-01 3.164041762739025487e-02 -9.576089165023637939e-02 1.974026099262238265e-01 -1.804111810465580668e-01 -9.182745601200366092e-01 2.919860400499560971e-01
-2.391039002102252342e-01 3.164150297626953934e-02 -9.576216193164487078e-02 1.974260407873151824e-01 -1.803978753139853231e-01 -9.182848874815831008e-01 2.919459375024446302e-01
-2.390908413966572055e-01 3.166139482842657282e-02 -9.591735107729311427e-02 1.974111058180359479e-01 -1.803635424257288844e-01 -9.182868289339825019e-01 2.919711418440412154e-01
-2.391101541534956798e-01 3.166866220769527784e-02 -9.580256724962518677e-02 1.973809015049672322e-01 -1.803123820394199606e-01 -9.182980926440844627e-01 2.919877354455032159e-01
-2.391104460404905041e-01 3.166963135920072836e-02 -9.580374633012322949e-02 1.973998346526901759e-01 -1.803012094812668775e-01 -9.183077101246363005e-01 2.919515861651207911e-01
-2.390827907711327860e-01 3.167003350445671273e-02 -9.594652885817692156e-02 1.974131980792327157e-01 -1.803023971133150272e-01 -9.182979545128936438e-01 2.919725013708608929e-01
-2.391214461538274660e-01 3.162296450782790813e-02 -9.581113754887804479e-02 1.973904223859505036e-01 -1.802753476588046522e-01 -9.183012181356690062e-01 2.919943371836850043e-01
-2.391215719617137414e-01 3.162388497185093794e-02 -9.581239530697444051e-02 1.974002264452896505e-01 -1.802670750883172412e-01 -9.183120847039137891e-01 2.919586397509129627e-01
-2.391268236968603633e-01 3.169057678678957601e-02 -9.595389322908506879e-02 1.974151982218660673e-01 -1.803362875192746073e-01 -9.182974976784936683e-01 2.919516546831065762e-01
-2.391629607678005809e-01 3.166871895728842756e-02 -9.580560069170347692e-02 1.973874558901395626e-01 -1.803125889597783638e-01 -9.182970113212484131e-01 2.919865776338065877e-01
-2.391631905200659325e-01 3.166964870962156453e-02 -9.580679606704967100e-02 1.974030492112929525e-01 -1.803024275897935347e-01 -9.183068780522138930e-01 2.919512775949225647e-01
-2.391484957946108103e-01 3.169131058626234454e-02 -9.593042576862718940e-02 1.974157272359567117e-01 -1.803248814932388866e-01 -9.182975541516713580e-01 2.919581644575227064e-01
-2.391769114463583867e-01 3.171841259876863328e-02 -9.576537742685785337e-02 1.974155641400607009e-01 -1.803830643965542158e-01 -9.182822457069349520e-01 2.919704819559651443e-01
-2.391771710724819866e-01 3.171926302680734555e-02 -9.576645606137600131e-02 1.974318626120499243e-01 -1.803732508963243886e-01 -9.182909965400970487e-01 2.919379996849054137e-01
-2.391472775020293262e-01 3.171263789229414320e-02 -9.590291550309637536e-02 1.974356350229134471e-01 -1.803536924732433433e-01 -9.182918916893005878e-01 2.919447161571032678e-01
-2.391823808473493296e-01 3.170094084804082890e-02 -9.576183085254212635e-02 1.974412591139133033e-01 -1.804312042721704645e-01 -9.182716269422299682e-01 2.919567585744107796e-01
-2.391825607596511361e-01 3.170174270865143418e-02 -9.576291402106466844e-02 1.974532114162053931e-01 -1.804228621638433450e-01 -9.182806843939856911e-01 2.919253411044457902e-01
-2.391785352669394127e-01 3.174885623183093530e-02 -9.589435063285201011e-02 1.974665527231381779e-01 -1.804929422473226519e-01 -9.182643674378865306e-01 2.919243221255179987e-01
-2.392001916366228720e-01 3.177040783431323012e-02 -9.576358466404807923e-02 1.974548847692887688e-01 -1.805378257507124773e-01 -9.182558982501018985e-01 2.919311002323162207e-01
-2.392006059920773198e-01 3.177104621958340425e-02 -9.576429422466242736e-02 1.974788479815902664e-01 -1.805266815946652281e-01 -9.182606862255902058e-01 2.919067213422648632e-01
-2.391765647695110186e-01 3.177628318118429218e-02 -9.587489555197703517e-02 1.974874843078263387e-01 -1.805626627578596488e-01 -9.182482011481880591e-01 2.919178984709129288e-01
-2.392037375655985398e-01 3.180450377810449536e-02 -9.571523738919616997e-02 1.974693338365380857e-01 -1.806213652396772007e-01 -9.182423392827250286e-01 2.919123001205979895e-01
-2.392040548985825410e-01 3.180523616777772289e-02 -9.571613700842655781e-02 1.974886409254923980e-01 -1.806111224455912434e-01 -9.182492445506948986e-01 2.918838536754367330e-01
-2.392062328217638423e-01 3.184989899624535159e-02 -9.582303194415985048e-02 1.974855320130510239e-01 -1.806522346574325755e-01 -9.182420704493303720e-01 2.918830841548118449e-01
-2.392344024134998304e-01 3.183646491873495799e-02 -9.570765370968774277e-02 1.974807352021460127e-01 -1.807087298069265935e-01 -9.182275676714510837e-01 2.918969821079995808e-01
-2.392347264857338507e-01 3.183737055548831185e-02 -9.570880589584147835e-02 1.975012055136697309e-01 -1.806971171622174799e-01 -9.182367088191248916e-01 2.918615634970334605e-01
-2.392082124640700636e-01 3.184900634914387962e-02 -9.581624753598201594e-02 1.975178396618492149e-01 -1.807940600654544538e-01 -9.182176536974024916e-01 2.918502206591628845e-01
-2.392317292349471491e-01 3.187361304572114418e-02 -9.568426647975782073e-02 1.975125672493907858e-01 -1.808814615988580399e-01 -9.182051072266868008e-01 2.918391058292984508e-01
-2.392319574162785623e-01 3.187453385685447282e-02 -9.568553405920271482e-02 1.975280600486271909e-01 -1.808712687077387304e-01 -9.182155790607028356e-01 2.918019876897642306e-01
-2.392278792336539617e-01 3.191675898356682861e-02 -9.581586035942514512e-02 1.975399813391820469e-01 -1.809224459958798104e-01 -9.182015799468037365e-01 2.918062420349791242e-01
-2.392509017830229401e-01 3.194076421243313701e-02 -9.568145293739416246e-02 1.975342963813244979e-01 -1.809705533458296767e-01 -9.181859498944542342e-01 2.918294398981333138e-01
-2.392511917682297318e-01 3.194152417022415313e-02 -9.568244613789499142e-02 1.975524878285083163e-01 -1.809604637902472168e-01 -9.181936972127742180e-01 2.917990053038602150e-01
-2.392621961722958823e-01 3.199647460906895891e-02 -9.579514687184362276e-02 1.975465381963079359e-01 -1.809462936907130781e-01 -9.181924792920148626e-01 2.918156524551612785e-01
-2.393072255077982047e-01 3.194330874842118972e-02 -9.564821913117520225e-02 1.975053655868601599e-01 -1.809365583081119500e-01 -9.181944567777887700e-01 2.918433346413056850e-01
-2.393074288384980097e-01 3.194411971535567052e-02 -9.564935263020531153e-02 1.975186555886680462e-01 -1.809275611681292473e-01 -9.182038548607125428e-01 2.918103480398281935e-01
-2.392435341312871000e-01 3.189548130312065688e-02 -9.580567064820386114e-02 1.975476169277702587e-01 -1.809834348586515929e-01 -9.181862591719447408e-01 2.918114610853275170e-01
-2.392889847193652719e-01 3.184756300508420623e-02 -9.565870583761204582e-02 1.975251423167130316e-01 -1.809908787857144596e-01 -9.181846579818442322e-01 2.918270957191962944e-01
-2.392891884213425580e-01 3.184839714345417960e-02 -9.565988742792128074e-02 1.975384112763614586e-01 -1.809818652513074944e-01 -9.181944672731234824e-01 2.917928388250704552e-01
-2.392719366562976180e-01 3.186384504023506703e-02 -9.580211172649978624e-02 1.975479713807458959e-01 -1.809806337548183208e-01 -9.181870812123722470e-01 2.918103718234857924e-01
-2.393015891950691920e-01 3.188761638796079600e-02 -9.564209485626744278e-02 1.975344248750422749e-01 -1.810026071314724816e-01 -9.181828809930783208e-01 2.918191293458098912e-01
-2.393018478904096746e-01 3.188846785766241698e-02 -9.564326484871954470e-02 1.975509172068444230e-01 -1.809924809206533980e-01 -9.181923629759591865e-01 2.917844093394056926e-01
-2.392488997655248806e-01 3.185649400969961520e-02 -9.580470112761495238e-02 1.975841316827985639e-01 -1.810299841384421238e-01 -9.181723554433574019e-01 2.918016131716666406e-01
-2.392656436433088230e-01 3.187588616177862433e-02 -9.570347830196679340e-02 1.975929464608670583e-01 -1.810658360325698157e-01 -9.181571328451090253e-01 2.918212979485700909e-01
-2.392657764516561980e-01 3.187690603165690972e-02 -9.570497252845459879e-02 1.976044334292963445e-01 -1.810560750279053277e-01 -9.181698938140117061e-01 2.917794229861704336e-01
-2.392261981206134369e-01 3.185854738674645525e-02 -9.585330174758921462e-02 1.976175111093709802e-01 -1.810805087283356984e-01 -9.181564398457217058e-01 2.917977392500744060e-01
-2.392266162926742212e-01 3.185997840994365948e-02 -9.585536162623141399e-02 1.976469770044662344e-01 -1.810626156698809108e-01 -9.181724016008712130e-01 2.917386546658929380e-01
-2.392566127558266587e-01 3.187054089544669178e-02 -9.571176727742347623e-02 1.976275340490713517e-01 -1.811405789757993268e-01 -9.181473782315926480e-01 2.917821795114433625e-01
-2.392084620464790257e-01 3.184251010357978806e-02 -9.584977613880669989e-02 1.976405697741859813e-01 -1.811941828924049647e-01 -9.181341978104973212e-01 2.917815416988600585e-01
-2.392290925261739976e-01 3.186276111291060087e-02 -9.572670596589256953e-02 1.976344650038100448e-01 -1.812263601795075507e-01 -9.181240958329995872e-01 2.917974798890186627e-01
-2.392292709474899137e-01 3.186355623346888433e-02 -9.572785462261992895e-02 1.976477686426280911e-01 -1.812174715482453013e-01 -9.181334331106898450e-01 2.917646081357874732e-01
-2.392048198246207180e-01 3.186778641749775376e-02 -9.583203140166444978e-02 1.976539482802012748e-01 -1.812443220336952265e-01 -9.181309982072192177e-01 2.917514054650099942e-01
-2.392132191125656560e-01 3.191336487815378542e-02 -9.571582250631303912e-02 1.976311082376029926e-01 -1.812321607683197167e-01 -9.181331845347087128e-01 2.917675520275985201e-01
-2.392134281761140735e-01 3.191416155443685398e-02 -9.571694708978961685e-02 1.976469725194039129e-01 -1.812223401724581962e-01 -9.181421032436960505e-01 2.917348383850894566e-01
-2.392007181421845208e-01 3.192720469577178810e-02 -9.583250483368799255e-02 1.976361514026606647e-01 -1.811891824677783203e-01 -9.181439475885910806e-01 2.917569593374618742e-01
-2.392021525612343380e-01 3.199029526752791841e-02 -9.573024701016347171e-02 1.976314144798538286e-01 -1.811991429429075096e-01 -9.181361284974502990e-01 2.917785875542642238e-01
-2.392024939583586030e-01 3.199108702005000471e-02 -9.573126777842613788e-02 1.976549638836966327e-01 -1.811870291283326218e-01 -9.181435191670712648e-01 2.917469004793180609e-01
-2.391778641840852926e-01 3.200206654147939866e-02 -9.583161155142154441e-02 1.976703348184150610e-01 -1.812640610186228574e-01 -9.181258610115626828e-01 2.917442068963651547e-01
-2.391982578105245616e-01 3.201551946048841746e-02 -9.570909007703563842e-02 1.976633352052687143e-01 -1.812627567137405915e-01 -9.181175329455462109e-01 2.917759665257726454e-01
-2.391983622450790103e-01 3.201620822810102851e-02 -9.571012105021985128e-02 1.976730725489962981e-01 -1.812555997539367358e-01 -9.181259756893230817e-01 2.917472479928616136e-01
-2.391621786595540256e-01 3.200205181168076785e-02 -9.582940607496384655e-02 1.976704157228766356e-01 -1.812649774354710974e-01 -9.181253377381828340e-01 2.917452294492763332e-01
-2.392027985239657539e-01 3.198868313724785584e-02 -9.567205431860095755e-02 1.976463371367443156e-01 -1.812926528667365700e-01 -9.181195275584757010e-01 2.917626304871319687e-01
-2.392030767348140297e-01 3.198967651219229713e-02 -9.567341285507970083e-02 1.976679393565640708e-01 -1.812798904240938147e-01 -9.181301722766593842e-01 2.917224260038808192e-01
-2.391700109601447299e-01 3.197748950991220751e-02 -9.576586631148263640e-02 1.976857051763475370e-01 -1.812959776967212888e-01 -9.181213512355910211e-01 2.917281523015087807e-01
-2.391960128301813537e-01 3.197656290723516204e-02 -9.564865798115174123e-02 1.976685022941023773e-01 -1.813210593441004770e-01 -9.181176049902095571e-01 2.917360108834373689e-01
-2.391962653447084475e-01 3.197751056241530943e-02 -9.564999806733356924e-02 1.976886731532667973e-01 -1.813087971653279395e-01 -9.181281468077127084e-01 2.916967854070350308e-01
-2.391717151501549787e-01 3.198219235988464249e-02 -9.577715574530117071e-02 1.976853907203599547e-01 -1.813337073936768240e-01 -9.181201826467026983e-01 2.917085927349212238e-01
-2.392117332326587631e-01 3.195921364989703917e-02 -9.565111553104033160e-02 1.976928139966239450e-01 -1.814071493470923446e-01 -9.181041044378118743e-01 2.917085032601919314e-01
-2.392119325582127698e-01 3.196008383071795300e-02 -9.565242693877150371e-02 1.977086226572402905e-01 -1.813967852726699470e-01 -9.181145692262648872e-01 2.916712954580689687e-01
-2.391782941755583869e-01 3.194614583857018075e-02 -9.577066599201106145e-02 1.977173735650908648e-01 -1.813868636805909818e-01 -9.181065430067405497e-01 2.916967973133287595e-01
-2.392091340516272202e-01 3.194460401255604098e-02 -9.562889818433591149e-02 1.976867281487731665e-01 -1.814073102778379631e-01 -9.181056110694209016e-01 2.917077856596193008e-01
-2.392094271635786529e-01 3.194538075355961293e-02 -9.563001255555526881e-02 1.977076143543488040e-01 -1.813958150202643060e-01 -9.181139451523439021e-01 2.916745467747314247e-01
-2.391813534955084530e-01 3.195033073854496031e-02 -9.575110205789508222e-02 1.977143713476970932e-01 -1.814259776086133980e-01 -9.181059055152370751e-01 2.916765130575147413e-01
-2.392075207587437691e-01 3.197267712262352735e-02 -9.560698439519037251e-02 1.977112602067461755e-01 -1.814749883797105445e-01 -9.180944122916234740e-01 2.916843093122130637e-01
-2.392078522685556208e-01 3.197338881169053959e-02 -9.560796402815602280e-02 1.977347002732547376e-01 -1.814629495013251881e-01 -9.181013569161634580e-01 2.916540496801391380e-01
-2.391803746924046625e-01 3.196645062597094911e-02 -9.570554703608842584e-02 1.977270384600420261e-01 -1.814985684481586481e-01 -9.180938168774491759e-01 2.916608155451924644e-01
-2.392035998801844698e-01 3.198345797142038149e-02 -9.558492771765275675e-02 1.977106810340756304e-01 -1.815487298954692186e-01 -9.180866133385556793e-01 2.916633602064634956e-01
-2.392037263764836275e-01 3.198443417666967103e-02 -9.558646427018496761e-02 1.977238286340921025e-01 -1.815382738345187041e-01 -9.180993498158105393e-01 2.916208610357722830e-01
-2.391891608718143547e-01 3.199608446637039472e-02 -9.572170513581448881e-02 1.977128411463138224e-01 -1.814887381258473154e-01 -9.181069204868185230e-01 2.916353081050895857e-01
-2.392188509947034136e-01 3.199785776797987868e-02 -9.558971091822059118e-02 1.976947728448934793e-01 -1.815480534792195955e-01 -9.180974259874497001e-01 2.916405278128050282e-01
-2.392190238704960670e-01 3.199871322538418161e-02 -9.559104030970386190e-02 1.977091944946371416e-01 -1.815381079557599753e-01 -9.181081363108360982e-01 2.916032232537354441e-01
-2.391820647355037965e-01 3.198793166649556430e-02 -9.570242227967482029e-02 1.977247423700435880e-01 -1.815769272964388725e-01 -9.180958361136948298e-01 2.916072383171915416e-01
-2.392059252356255605e-01 3.198437453154681642e-02 -9.559700896291313532e-02 1.977097623578141783e-01 -1.816151108907792522e-01 -9.180843222631451805e-01 2.916298657188046151e-01
-2.392061912134395285e-01 3.198499298375954980e-02 -9.559793172289884899e-02 1.977283671476850468e-01 -1.816052723590270701e-01 -9.180909657845619520e-01 2.916024629890568431e-01
-2.391837713012341105e-01 3.199643688942081787e-02 -9.569634646468935801e-02 1.977297226235324723e-01 -1.816692335971802907e-01 -9.180795624314744829e-01 2.915976052732027757e-01
-2.392096344946576247e-01 3.201739694786641388e-02 -9.555552527776270400e-02 1.977216866165604769e-01 -1.817192707767904536e-01 -9.180674723100756829e-01 2.916099407702739121e-01
-2.392099262114517066e-01 3.201810957672039659e-02 -9.555658411760301063e-02 1.977428519774227789e-01 -1.817078823086561434e-01 -9.180751952697421281e-01 2.915783699610853263e-01
-2.391937759348792547e-01 3.203496249831978837e-02 -9.566158401712437920e-02 1.977586982827838069e-01 -1.817140969466782829e-01 -9.180678963038302332e-01 2.915867315235922130e-01
-2.392169143938564502e-01 3.205729562773285135e-02 -9.554348669639183000e-02 1.977694603071691315e-01 -1.818024318729830058e-01 -9.180420558342310411e-01 2.916057270605965090e-01
-2.392171935488570933e-01 3.205801023737420152e-02 -9.554457290700911487e-02 1.977900236409608492e-01 -1.817911617113022182e-01 -9.180500284001734679e-01 2.915737049636063505e-01
-2.391910750934312657e-01 3.206862449300550144e-02 -9.566447733832537936e-02 1.978190645704879791e-01 -1.818537932434936000e-01 -9.180331282185586472e-01 2.915681585301403977e-01
-2.392222397580952564e-01 3.205016235750901554e-02 -9.554341303198586599e-02 1.977944549463300505e-01 -1.818946998831063588e-01 -9.180266163837544902e-01 2.915798404518283315e-01
-2.392223109895113831e-01 3.205103344745793836e-02 -9.554490951840383106e-02 1.978033649934850813e-01 -1.818861059922521894e-01 -9.180391277816239981e-01 2.915397624787814390e-01
-2.391942447633546298e-01 3.204804775271888340e-02 -9.563959939101898677e-02 1.978236057511782442e-01 -1.819551494529678681e-01 -9.180212083760628250e-01 2.915393722413900379e-01
-2.391985821382933419e-01 3.208821023585516075e-02 -9.555686341797087202e-02 1.978269563706382128e-01 -1.819767417079267702e-01 -9.180103768612649651e-01 2.915577280497543278e-01
-2.391988963554769476e-01 3.208908110850978990e-02 -9.555820469838000042e-02 1.978512067767165816e-01 -1.819633329347881134e-01 -9.180202058765596362e-01 2.915186907328918275e-01
-2.391930119808645949e-01 3.211479202682041012e-02 -9.564632097523356746e-02 1.978514910998556697e-01 -1.819888065204223748e-01 -9.180098902020683571e-01 2.915350806713017384e-01
-2.392202598478332387e-01 3.212125266143983637e-02 -9.553887322241093327e-02 1.978659101299457268e-01 -1.820891183521910484e-01 -9.179841457599039467e-01 2.915437235126652205e-01
-2.392204385666947819e-01 3.212207999513291834e-02 -9.554027098795372930e-02 1.978811431153861822e-01 -1.820788416075991845e-01 -9.179951509808003118e-01 2.915051481773868747e-01
-2.392006205212797165e-01 3.214161386532921050e-02 -9.569071501955501990e-02 1.978946840019182585e-01 -1.820958557291859625e-01 -9.179829092569219418e-01 2.915238784083290513e-01
-2.392246074858634663e-01 3.214505969383738004e-02 -9.560522792752365606e-02 1.979128580036041973e-01 -1.822117302051736720e-01 -9.179564418981049911e-01 2.915224807630674153e-01
-2.392246338077425594e-01 3.214593513217077481e-02 -9.560684952465141329e-02 1.979190399167375380e-01 -1.822038157698350203e-01 -9.179700679009159536e-01 2.914803211116260839e-01
-2.391947862948865799e-01 3.214991244321036001e-02 -9.574887479798038781e-02 1.979328416663266588e-01 -1.822360028250313291e-01 -9.179577221053214497e-01 2.914897080369350246e-01
-2.392202892792810731e-01 3.216149905528334352e-02 -9.563913670603105266e-02 1.979418339083018619e-01 -1.823314284751595404e-01 -9.179358148544105589e-01 2.914929165293649316e-01
-2.392205240832373792e-01 3.216204962326535410e-02 -9.564006857935666850e-02 1.979588087067570557e-01 -1.823222510789319628e-01 -9.179423733475812197e-01 2.914664749674003574e-01
-2.391744606842809706e-01 3.213316630708913657e-02 -9.576656945575898194e-02 1.979634461097945219e-01 -1.823311309488914178e-01 -9.179366312825396612e-01 2.914758543016820469e-01
-2.392072469238785137e-01 3.210751026603915481e-02 -9.564646178648429642e-02 1.979232367998040587e-01 -1.823004308112026739e-01 -9.179421754191340321e-01 2.915049019270967157e-01
-2.392076609413807953e-01 3.210800631008270400e-02 -9.564718240825631490e-02 1.979512872255792533e-01 -1.822879029139965468e-01 -9.179459457363143837e-01 2.914818159735132475e-01
-2.391995514084368779e-01 3.214309866452101649e-02 -9.577904948995795420e-02 1.979539877239058221e-01 -1.823088838426955016e-01 -9.179380120134509324e-01 2.914918450266283378e-01
-2.392375624910292320e-01 3.212757157478894621e-02 -9.563344550330524219e-02 1.979148857126399874e-01 -1.823026131536298888e-01 -9.179393260802726218e-01 2.915181793405094979e-01
-2.392378309451063112e-01 3.212823715517991452e-02 -9.563455929353731344e-02 1.979346157929708361e-01 -1.822916568920868730e-01 -9.179472745332649675e-01 2.914866049673251469e-01
-2.391924781955145352e-01 3.210022775986433319e-02 -9.575960116403896272e-02 1.979375988095468664e-01 -1.822991314797564044e-01 -9.179433480051546468e-01 2.914922700387185261e-01
-2.392277411323690262e-01 3.206841920367922705e-02 -9.565034950515148571e-02 1.979111765469118711e-01 -1.823518717634778352e-01 -9.179390456016423006e-01 2.914907710753789627e-01
-2.392278907280574463e-01 3.206930337028565670e-02 -9.565196368864277432e-02 1.979246900377931440e-01 -1.823414077793887311e-01 -9.179518618712574352e-01 2.914477781173943072e-01
-2.392004372305070181e-01 3.207651671168518237e-02 -9.576660512381487966e-02 1.979281410376318162e-01 -1.823886841268544945e-01 -9.179432460715044595e-01 2.914429890725989680e-01
-2.392222851234648839e-01 3.209461111960214275e-02 -9.565412919606608444e-02 1.979128607650482707e-01 -1.824670240627915274e-01 -9.179319886351464675e-01 2.914397860858887190e-01
-2.392224670793090813e-01 3.209533929221045079e-02 -9.565544690418201212e-02 1.979275121624929357e-01 -1.824572911827546107e-01 -9.179420734289305273e-01 2.914041637527053918e-01
-2.391870593766401154e-01 3.208901199071197141e-02 -9.576253718296424966e-02 1.979497131376556363e-01 -1.825186369925791974e-01 -9.179236034371396347e-01 2.914088476214607981e-01
-2.392134852200832329e-01 3.208250923371872010e-02 -9.565740520864710050e-02 1.979303912573147639e-01 -1.825340095227268589e-01 -9.179180081129041380e-01 2.914299675159050529e-01
-2.392135738044099680e-01 3.208311084846969530e-02 -9.565858408948822722e-02 1.979387278169197351e-01 -1.825270931711223676e-01 -9.179273261237492765e-01 2.913992866223664158e-01
-2.391717088440456496e-01 3.207361079985179830e-02 -9.578264144415095382e-02 1.979496089562371441e-01 -1.825872649989960239e-01 -9.179101071611683871e-01 2.914084387001025789e-01
-2.391907430224057829e-01 3.208461023981259985e-02 -9.567268308796895993e-02 1.979230343245606538e-01 -1.825905720576644353e-01 -9.179081600511247441e-01 2.914305495156130910e-01
-2.391909255099232134e-01 3.208524385353465902e-02 -9.567384528550613998e-02 1.979377700827010811e-01 -1.825814823819328359e-01 -9.179167632743410188e-01 2.913991372085052989e-01
-2.391408515911336574e-01 3.206282658239024974e-02 -9.581280699726897609e-02 1.979623003774020618e-01 -1.826148805733310287e-01 -9.179022016702754749e-01 2.914074144412532874e-01
-2.391663687835809682e-01 3.206143994251246798e-02 -9.570754640331480267e-02 1.979558471238717643e-01 -1.826611562264196520e-01 -9.178901699996838692e-01 2.914206931798926647e-01
-2.391666323149039819e-01 3.206216213440697682e-02 -9.570882549750425738e-02 1.979758011736080792e-01 -1.826499293561869020e-01 -9.178993400634041233e-01 2.913852895515063324e-01
-2.391298705358732846e-01 3.206062685465020656e-02 -9.580950314619170183e-02 1.979898716667574665e-01 -1.827435194788561423e-01 -9.178780616803896564e-01 2.913840776221523488e-01
-2.391622550180388107e-01 3.204943563579815136e-02 -9.569215787635207415e-02 1.979830193915208536e-01 -1.827870932493932954e-01 -9.178634257641805627e-01 2.914075054258160047e-01
-2.391623078271256642e-01 3.205036910421152352e-02 -9.569396283302712691e-02 1.979928392956754879e-01 -1.827772947369413759e-01 -9.178780929860020921e-01 2.913607772722027200e-01
-2.391402178398682743e-01 3.205906046840359402e-02 -9.578759185557447764e-02 1.980103294998467600e-01 -1.828225647323099001e-01 -9.178664905812499164e-01 2.913570399082931472e-01
-2.391680060466796209e-01 3.207488367413897923e-02 -9.565039794994520395e-02 1.979898904142023686e-01 -1.828540090245713845e-01 -9.178588059863386217e-01 2.913754055351052141e-01
-2.391681875934780765e-01 3.207577449220715138e-02 -9.565204308117379595e-02 1.980072136604602295e-01 -1.828420788531225361e-01 -9.178714917494019687e-01 2.913311555134749931e-01
-2.391677501877546297e-01 3.211522243200588822e-02 -9.573681126026627186e-02 1.980126153916416942e-01 -1.828858719727965987e-01 -9.178587351223354007e-01 2.913401866171885235e-01
-2.391985661361147875e-01 3.211013761208299233e-02 -9.561095673272286544e-02 1.979841673513365874e-01 -1.828771384636975195e-01 -9.178590197409075557e-01 2.913641048341196749e-01
-2.391940502978931460e-01 3.214380552974588356e-02 -9.571611204389639249e-02 1.979642056207347456e-01 -1.829112667933924796e-01 -9.178439300217681174e-01 2.914037781072571498e-01
-2.391944344771882447e-01 3.214509739635001973e-02 -9.571854123288298100e-02 1.979962938147485640e-01 -1.828916556305824614e-01 -9.178615347604397456e-01 2.913388284172538367e-01
-2.392283838796295525e-01 3.212410327124685938e-02 -9.560095358897784112e-02 1.979639447377480599e-01 -1.828674315180112697e-01 -9.178651052873078031e-01 2.913647672073526596e-01
-2.392031043732853191e-01 3.212138294959364371e-02 -9.571200056061160422e-02 1.979578300182003869e-01 -1.828402255668955534e-01 -9.178547945795365592e-01 2.914184714744226801e-01
-2.392035213912752645e-01 3.212269963421660046e-02 -9.571446669160060816e-02 1.979912794882977001e-01 -1.828201787134755563e-01 -9.178725504909281963e-01 2.913523923997162202e-01
-2.392450017581295441e-01 3.209504388458529756e-02 -9.558373936817565752e-02 1.979729056811813936e-01 -1.828229476547905685e-01 -9.178677097170326871e-01 2.913783895311607419e-01
-2.392365071268053867e-01 3.211812072809765162e-02 -9.570928933972508434e-02 1.979515778609018395e-01 -1.827932221522124423e-01 -9.178639997859149302e-01 2.914232122782830503e-01
-2.392369076777257353e-01 3.211950879502720180e-02 -9.571189611277115816e-02 1.979833716929675913e-01 -1.827732186632447520e-01 -9.178831567568231931e-01 2.913538151709898494e-01
-2.392660523737944467e-01 3.212499423007586508e-02 -9.559069968923938898e-02 1.979739908750345334e-01 -1.828353990485779290e-01 -9.178696325430624192e-01 2.913637819754245073e-01
-2.392513495808069324e-01 3.213543156734059714e-02 -9.571339271551024264e-02 1.979549657476994406e-01 -1.828133490739426437e-01 -9.178606395808350804e-01 2.914188690604236909e-01
-2.392518288575030683e-01 3.213679938308390549e-02 -9.571591374610380343e-02 1.979908491706576790e-01 -1.827921363803728383e-01 -9.178786984243825220e-01 2.913509112752908914e-01
-2.392764589702237044e-01 3.215609324263861424e-02 -9.558655045227286429e-02 1.979830238203758863e-01 -1.828391750275125127e-01 -9.178630709493180717e-01 2.913759450292459086e-01
-2.392651728371976150e-01 3.216467930116986840e-02 -9.568898366293993041e-02 1.979541320625090306e-01 -1.827977292525684305e-01 -9.178612692419645391e-01 2.914272502787161878e-01
-2.392656675057902027e-01 3.216607981213827350e-02 -9.569154102569092657e-02 1.979908423832998365e-01 -1.827760465436882309e-01 -9.178796388758028169e-01 2.913580472192876525e-01
-2.392837461963581713e-01 3.219809925589217636e-02 -9.557380191437760131e-02 1.979872530005313269e-01 -1.828321347660864515e-01 -9.178621000257166651e-01 2.913805475363105968e-01
-2.392682917271553300e-01 3.221155402298617187e-02 -9.569215345396635264e-02 1.979839518357904282e-01 -1.828153085157940838e-01 -9.178468608038659049e-01 2.914413455572960610e-01
-2.392686515466467267e-01 3.221287144978692008e-02 -9.569462065684103402e-02 1.980126684862933972e-01 -1.827967597809866396e-01 -9.178651404154433147e-01 2.913758942374061744e-01
-2.392884857659000608e-01 3.222294740313162709e-02 -9.558808364421127191e-02 1.979782175091373553e-01 -1.828003884571073878e-01 -9.178657878509064449e-01 2.913949877137048672e-01
-2.392832888943438596e-01 3.224780236485819129e-02 -9.569474627963585334e-02 1.979676076084496694e-01 -1.827834020493826483e-01 -9.178585723200229918e-01 2.914355769148468389e-01
-2.392837766568163549e-01 3.224874126461609036e-02 -9.569641609304496699e-02 1.980009096290871740e-01 -1.827661973089832470e-01 -9.178694978140322647e-01 2.913893304324717826e-01
-2.393158599270208131e-01 3.223899729703079420e-02 -9.558497833122649168e-02 1.979916012803689673e-01 -1.828083294969514161e-01 -9.178586613033252739e-01 2.914033602404697554e-01
-2.392586842032105587e-01 3.220590180369183042e-02 -9.568744182194305337e-02 1.980084553864256691e-01 -1.828979012676620330e-01 -9.178246427011054198e-01 2.914428495570864364e-01
-2.392590338702075825e-01 3.220720779573718606e-02 -9.568988476171505497e-02 1.980372432342601408e-01 -1.828793694356535826e-01 -9.178427525457154568e-01 2.913778785808847083e-01
-2.392803856171830390e-01 3.220072613952564000e-02 -9.559119657627745958e-02 1.979968306706919312e-01 -1.828672648656036182e-01 -9.178462870734243051e-01 2.914018047138069445e-01
-2.392337782613322694e-01 3.217927287009851589e-02 -9.570331421231645375e-02 1.979974763639394952e-01 -1.829236786615320853e-01 -9.178226668738628247e-01 2.914403529214754096e-01
-2.392342831288732097e-01 3.218070099505920822e-02 -9.570589567355392013e-02 1.980377873686248458e-01 -1.829006551693566629e-01 -9.178408723677775605e-01 2.913700707415167179e-01
-2.392592122016194145e-01 3.219810871284126130e-02 -9.557979030314303626e-02 1.980298090814044953e-01 -1.829444713437334280e-01 -9.178317046317232553e-01 2.913768643745920928e-01
-2.392482618054729282e-01 3.222080420852009575e-02 -9.565176934691416166e-02 1.980126246970285442e-01 -1.830094866333816239e-01 -9.178104927989068074e-01 2.914145287575887755e-01
-2.392484531378714085e-01 3.222216311884766593e-02 -9.565441249050340988e-02 1.980334075455463250e-01 -1.829931641171975154e-01 -9.178310464621670661e-01 2.913459138763394574e-01
-2.392669100631389656e-01 3.223231415348591644e-02 -9.555119234698167263e-02 1.980149043952649235e-01 -1.829894815700614519e-01 -9.178291740255912767e-01 2.913667012195370054e-01
-2.392682734093089514e-01 3.226542492285260078e-02 -9.561164218855230934e-02 1.979975118973223702e-01 -1.830216988270357281e-01 -9.178153128006802941e-01 2.914019468526678480e-01
-2.392685370327898853e-01 3.226682207885575582e-02 -9.561431225065904205e-02 1.980232558338022031e-01 -1.830034261146583630e-01 -9.178357067770743782e-01 2.913316864748935475e-01
-2.392979893879992881e-01 3.225944868568557389e-02 -9.549356608739631436e-02 1.979827854577000668e-01 -1.829699692792192134e-01 -9.178390059988208449e-01 2.913698098147238236e-01
-2.392587527745433651e-01 3.225378668968885421e-02 -9.561015990888876992e-02 1.979835903849561651e-01 -1.830511067870320141e-01 -9.178094835363649340e-01 2.914112938323348834e-01
-2.392589625532669517e-01 3.225511126745331247e-02 -9.561272091121320038e-02 1.980057292498286214e-01 -1.830346188419817444e-01 -9.178291931051123509e-01 2.913445241867986812e-01
-2.392880221584921530e-01 3.224859026791500327e-02 -9.549268436216239164e-02 1.979707758297033215e-01 -1.829994694088118434e-01 -9.178320993239115211e-01 2.913811997438064405e-01
-2.392870747412698673e-01 3.227693676243589826e-02 -9.557488054234818120e-02 1.979509955438479019e-01 -1.829978789208386858e-01 -9.178220313064364699e-01 2.914273469017625295e-01
-2.392872867289086714e-01 3.227851358949015981e-02 -9.557788417154784721e-02 1.979757193088870770e-01 -1.829786608605727949e-01 -9.178454157382343048e-01 2.913489609422141857e-01
-2.393284934034834166e-01 3.224834221461453376e-02 -9.545377411718762584e-02 1.979532903118192966e-01 -1.829763980300619375e-01 -9.178405464697525495e-01 2.913809600416176759e-01
-2.393369333470139193e-01 3.228569132949292431e-02 -9.554615656869405727e-02 1.979252950818770063e-01 -1.829446167324883521e-01 -9.178362134325568356e-01 2.914335774874621809e-01
-2.393372608874570207e-01 3.228714650204840553e-02 -9.554890397607634922e-02 1.979542291171576540e-01 -1.829248315954755122e-01 -9.178570104051428924e-01 2.913608374688197999e-01
-2.393582744618456826e-01 3.230291286352313107e-02 -9.544338905910207393e-02 1.979494155719728754e-01 -1.829632224847199673e-01 -9.178453121451477514e-01 2.913768540325354928e-01
-2.393317506752894730e-01 3.230181733932513399e-02 -9.555100069265756724e-02 1.979388107099389060e-01 -1.829731468761366942e-01 -9.178328979594779780e-01 2.914169284037649854e-01
-2.393320156409659283e-01 3.230305412666810427e-02 -9.555337123095115903e-02 1.979622931011516818e-01 -1.829569042207033203e-01 -9.178508543371921569e-01 2.913546136593627156e-01
-2.393093357470258420e-01 3.237856738003475066e-02 -9.550758494657038411e-02 1.979424178891153463e-01 -1.829293255748047353e-01 -9.178562854978700170e-01 2.913683239767332345e-01
-2.392882764775354221e-01 3.239420925622010783e-02 -9.564142126045618864e-02 1.979352188850460881e-01 -1.829500909209969550e-01 -9.178379007347736707e-01 2.914180868300926264e-01
-2.392884391269722855e-01 3.239585821281304456e-02 -9.564455175799918552e-02 1.979592594513273351e-01 -1.829307644397656363e-01 -9.178622027208396261e-01 2.913373368372365602e-01
-2.393100661805160900e-01 3.240282574689370976e-02 -9.554282985789538940e-02 1.979470232791327999e-01 -1.829534450664462852e-01 -9.178550263657461183e-01 2.913540174570871666e-01
-2.392592718019755926e-01 3.236285629267966757e-02 -9.563059664625513101e-02 1.979427549645560724e-01 -1.829572978396201144e-01 -9.178406366181082188e-01 2.913998261782801413e-01
-2.392596323214536136e-01 3.236418711224275935e-02 -9.563307005267704386e-02 1.979767517809210287e-01 -1.829368675848840886e-01 -9.178582302076789823e-01 2.913341337236914352e-01
-2.392408954005384170e-01 3.242341946705304401e-02 -9.559602529787478153e-02 1.979634713510711741e-01 -1.829168093100483339e-01 -9.178585843944082612e-01 2.913546360296298543e-01
-2.391977679818894087e-01 3.240196430608310862e-02 -9.571070981325054128e-02 1.979592431815512810e-01 -1.829156796898601667e-01 -9.178472717293773009e-01 2.913938536440374150e-01
-2.391978963129409719e-01 3.240318589109121572e-02 -9.571312224565248217e-02 1.979804699919431865e-01 -1.829002626229165873e-01 -9.178652711818475751e-01 2.913324070413568778e-01
-2.392066380114542812e-01 3.243071992691720640e-02 -9.561768109259045911e-02 1.979552103372061722e-01 -1.828873029158543106e-01 -9.178637130965050517e-01 2.913626148173678043e-01
-2.391456230812056272e-01 3.239659376648140743e-02 -9.573771747470374849e-02 1.979559257225704805e-01 -1.829424896517221621e-01 -9.178391775250698270e-01 2.914047720121495932e-01
-2.391458255378349218e-01 3.239796526147280253e-02 -9.574034778244229493e-02 1.979856587225870823e-01 -1.829230350069125932e-01 -9.178582209102215117e-01 2.913367956705195660e-01
-2.391724076805833710e-01 3.241065110636975888e-02 -9.561652871006244558e-02 1.979693875607100306e-01 -1.829755076741221287e-01 -9.178451166953367490e-01 2.913561856881681789e-01
-2.391356901494045561e-01 3.241033173922505672e-02 -9.570905001254027822e-02 1.979658443085321462e-01 -1.830721487829933269e-01 -9.178171385325140097e-01 2.913860206721926027e-01
-2.391359299041165287e-01 3.241189127628278654e-02 -9.571203069195161062e-02 1.979997186142549714e-01 -1.830500550600224208e-01 -9.178388191386652739e-01 2.913085835558904546e-01
-2.391497280732890751e-01 3.243738414041465179e-02 -9.561939794175650098e-02 1.979964098133276951e-01 -1.831024825696408453e-01 -9.178241179162550667e-01 2.913242028206983192e-01
-2.391085838642551809e-01 3.241698845911275551e-02 -9.571069099766418842e-02 1.979843772573164906e-01 -1.831118590172174376e-01 -9.178128967096651492e-01 2.913618370389383649e-01
-2.391089700133447737e-01 3.241834321279189746e-02 -9.571321738956341252e-02 1.980263530551611140e-01 -1.830885633897846310e-01 -9.178298300731587700e-01 2.912946008415088217e-01
-2.391231252139058294e-01 3.241758497022306784e-02 -9.563541294543828619e-02 1.979963923473587184e-01 -1.830749090656307865e-01 -9.178360054665286594e-01 2.913040908694697895e-01
-2.391009080145444776e-01 3.242539017850458449e-02 -9.571870003725631293e-02 1.979871395534450185e-01 -1.831122896096938901e-01 -9.178177225407425643e-01 2.913444870861033875e-01
-2.391010571776437110e-01 3.242657976999190061e-02 -9.572109804954179180e-02 1.980123396134094993e-01 -1.830953646185269901e-01 -9.178351038284104924e-01 2.912832350073091270e-01
-2.391170264898982434e-01 3.242361977775899684e-02 -9.564155963432097174e-02 1.979766534795865951e-01 -1.830905187840679016e-01 -9.178379224089234789e-01 2.913016560139600197e-01
-2.390821457005938844e-01 3.242048042909204120e-02 -9.573617767395117828e-02 1.979787174733655952e-01 -1.831473621943665586e-01 -9.178131644860706428e-01 2.913425239214347262e-01
-2.390824834112675046e-01 3.242180009387363171e-02 -9.573875553062008437e-02 1.980176748419423816e-01 -1.831251510424595219e-01 -9.178305522534988548e-01 2.912752252696831912e-01
-2.391171312553347916e-01 3.239307915779952862e-02 -9.562567941702769525e-02 1.979744997108865145e-01 -1.830823886681700596e-01 -9.178357230607681050e-01 2.913151590585331130e-01
-2.390895053343616850e-01 3.240248679867785420e-02 -9.575112101508759244e-02 1.979867640289160735e-01 -1.831172352867693753e-01 -9.178243444674736295e-01 2.913207718531936052e-01
-2.390896979521180687e-01 3.240311813621908621e-02 -9.575234630295118010e-02 1.980073679981094181e-01 -1.831059475365700573e-01 -9.178323526940694865e-01 2.912886309886897340e-01
-2.391409311287996386e-01 3.235238325431624706e-02 -9.564080546871972510e-02 1.979897966315090907e-01 -1.831453075447432854e-01 -9.178209208192311674e-01 2.913118501892660861e-01
-2.391058400499034842e-01 3.234748079019311717e-02 -9.575972391639522852e-02 1.980089619731223438e-01 -1.831591541609156604e-01 -9.178080624278608379e-01 2.913306296423370800e-01
-2.391059309250818110e-01 3.234819108401565391e-02 -9.576121891647243478e-02 1.980234951049507086e-01 -1.831489827313775853e-01 -9.178189295564802563e-01 2.912929076697163833e-01
-2.391471129681005670e-01 3.233202348961317085e-02 -9.563087440250307714e-02 1.980083890794184787e-01 -1.831754759454076176e-01 -9.178108792149372031e-01 2.913118824577037302e-01
-2.391329989395008238e-01 3.232942726545379175e-02 -9.570499900660350834e-02 1.980026990317947655e-01 -1.831067769263588496e-01 -9.178111968245608043e-01 2.913579351986697596e-01
-2.391331890386605430e-01 3.233004607357033156e-02 -9.570625753489121756e-02 1.980219135474069747e-01 -1.830957932696993806e-01 -9.178196483411252826e-01 2.913251540134079720e-01
-2.391638281906819652e-01 3.231126282247477610e-02 -9.561933056106874940e-02 1.980045069066548036e-01 -1.831331962966397664e-01 -9.178157425059016994e-01 2.913257806428555807e-01
-2.391307426140565906e-01 3.230029145724550022e-02 -9.571732715246793199e-02 1.980020689571889148e-01 -1.831120091975219633e-01 -9.178175550146572270e-01 2.913350450653612866e-01
-2.391307940806897125e-01 3.230089471376923482e-02 -9.571864644837618785e-02 1.980119901970368579e-01 -1.831040770445709343e-01 -9.178274335864746725e-01 2.913021641936937023e-01
-2.391761224475675573e-01 3.227268034775131189e-02 -9.559658705612095186e-02 1.980019351318021981e-01 -1.831445057231722018e-01 -9.178139230271169513e-01 2.913261512549980004e-01
-2.391701803162311901e-01 3.230581099415007207e-02 -9.569113907972738586e-02 1.979866703819810891e-01 -1.831904492183287214e-01 -9.177962821970144791e-01 2.913632132778292694e-01
-2.391957592056817572e-01 3.231969603494690146e-02 -9.557105980895380659e-02 1.979787708038443506e-01 -1.832380356204807437e-01 -9.177843877337784617e-01 2.913761250430095817e-01
-2.391961555313851795e-01 3.232097218049001519e-02 -9.557369798676276784e-02 1.980151145352349595e-01 -1.832163466172114230e-01 -9.178028864757787897e-01 2.913067907285518121e-01
