repeatability libsurvive; 20211016-001158; x y z w i j k;  frequency = 150 duration = 2 sys.args = ['repeatability.py']
-2.389928176845686481e-01 3.122664081915075759e-02 -9.645338117903050346e-02 -1.978465663511650430e-01 1.822392611063212153e-01 9.177840796135705581e-01 -2.920924016511682320e-01
-2.389928176845686481e-01 3.122664081915075759e-02 -9.645338117903050346e-02 -1.978465663511650430e-01 1.822392611063212153e-01 9.177840796135705581e-01 -2.920924016511682320e-01
-2.389929557243766767e-01 3.122806341995033527e-02 -9.645428982033232845e-02 -1.978581544848929952e-01 1.822305734060737925e-01 9.177948680320892061e-01 -2.920560717291900144e-01
-2.389926201349489299e-01 3.117581253793337212e-02 -9.647754248520727660e-02 -1.978250441779011159e-01 1.821571857709463615e-01 9.178083710406985674e-01 -2.920818474599881087e-01
-2.389935154774036896e-01 3.117832693631783156e-02 -9.647883623438799350e-02 -1.978730698402468846e-01 1.821332131151890410e-01 9.178231215691134981e-01 -2.920179077136577650e-01
-2.390502040097786107e-01 3.111866414275503076e-02 -9.649444526001861588e-02 -1.978758600819063296e-01 1.822483844795180774e-01 9.177908924942077551e-01 -2.920454553766196337e-01
-2.390316384354305990e-01 3.125282980552257506e-02 -9.641925936604481273e-02 -1.978769228322285190e-01 1.822060361157957220e-01 9.177894591248282330e-01 -2.920756623424365372e-01
-2.390324230387045612e-01 3.125542179387830188e-02 -9.642072393139029807e-02 -1.979205898899021321e-01 1.821827587453554997e-01 9.178060539868961865e-01 -2.920084412796447593e-01
-2.390330241896268249e-01 3.105425196823372383e-02 -9.647707708369815394e-02 -1.979193767775793700e-01 1.823087294685787896e-01 9.177680337090023954e-01 -2.920501391155957416e-01
-2.390109225871540344e-01 3.122309800931459198e-02 -9.638555445833464630e-02 -1.979093855287896164e-01 1.823006338318111097e-01 9.177633565051851461e-01 -2.920766602802646883e-01
-2.390115308342762035e-01 3.122603008056212479e-02 -9.638742388012418172e-02 -1.979472154814485574e-01 1.822778079548601493e-01 9.177843869369775032e-01 -2.919991775759456232e-01
-2.390707376254604388e-01 3.106515471205715043e-02 -9.630908320363178177e-02 -1.979297593180023573e-01 1.823439252754203155e-01 9.177642647656805153e-01 -2.920329734988490467e-01
-2.390506034261986601e-01 3.118817378836912999e-02 -9.623639554483343073e-02 -1.979158768764776033e-01 1.823099448137236456e-01 9.177638438905901808e-01 -2.920649183818559425e-01
-2.390512606396685280e-01 3.119101879427808519e-02 -9.623820982752341602e-02 -1.979548630794911723e-01 1.822870058868892307e-01 9.177842747805480261e-01 -2.919886036021213660e-01
-2.390630516774722436e-01 3.110106312498459383e-02 -9.631067437859890112e-02 -1.979501177766258002e-01 1.823674779190027628e-01 9.177581809331634144e-01 -2.920235867184921563e-01
-2.390460752410262790e-01 3.122620380421170863e-02 -9.624341354190590891e-02 -1.979861726180465742e-01 1.823391274796294925e-01 9.177714359544975053e-01 -2.919751862539763931e-01
-2.391240832219664603e-01 3.135927553787552780e-02 -9.616380410548271140e-02 -1.979535993753167578e-01 1.823686787150729516e-01 9.177579450186136301e-01 -2.920212181901968296e-01
-2.391246063370811303e-01 3.136262852203203222e-02 -9.616619211211341334e-02 -1.979892005476648342e-01 1.823441968777384514e-01 9.177844934840234670e-01 -2.919289191768838498e-01
-2.391462057718898582e-01 3.141324373832081462e-02 -9.611044268362604892e-02 -1.979412263955057927e-01 1.823862156304631443e-01 9.177570960762430063e-01 -2.920213208701428753e-01
-2.391465434728655692e-01 3.141446495278957252e-02 -9.611124304899310022e-02 -1.979594731670429875e-01 1.823759467043116755e-01 9.177658680236935318e-01 -2.919877951864590093e-01
-2.391473314938848127e-01 3.141722199112932656e-02 -9.611300306413300687e-02 -1.980034844818900353e-01 1.823513368158044545e-01 9.177852059147066921e-01 -2.919125312462939048e-01
-2.391445904399561173e-01 3.147875342598628612e-02 -9.620243496483293910e-02 -1.979863170126000271e-01 1.823842655227902454e-01 9.177531524910306215e-01 -2.920043647931888087e-01
-2.391449140560096276e-01 3.147998708949005520e-02 -9.620325298840970429e-02 -1.980047114179974421e-01 1.823735929069980055e-01 9.177620342777493834e-01 -2.919706411693400727e-01
-2.391453178907448074e-01 3.148292808238382923e-02 -9.620544764783567349e-02 -1.980328626846565299e-01 1.823531914747200111e-01 9.177860410633095212e-01 -2.918888173350275839e-01
-2.391671493349385169e-01 3.153890722907956579e-02 -9.615258338549295680e-02 -1.979755108612643311e-01 1.823037448723987541e-01 9.177660812959804737e-01 -2.920213377945879984e-01
-2.391674415730521974e-01 3.154038343778642339e-02 -9.615359877577989156e-02 -1.979931759962683946e-01 1.822923988432272324e-01 9.177772337279246351e-01 -2.919813912454201077e-01
-2.391676649141837863e-01 3.154313690538949888e-02 -9.615576055488295193e-02 -1.980125467480308432e-01 1.822753577371153400e-01 9.178008496143983397e-01 -2.919046517944758334e-01
-2.391532926559201966e-01 3.152082160604909034e-02 -9.616463803557294410e-02 -1.979721515536307930e-01 1.823000572041744705e-01 9.177708637029541316e-01 -2.920108869383375994e-01
-2.391536685409443308e-01 3.152202504103585046e-02 -9.616539168246193703e-02 -1.979924512962651650e-01 1.822890757144031149e-01 9.177789536511757884e-01 -2.919785511640157205e-01
-2.391542566987329144e-01 3.152436548254199111e-02 -9.616698020484308607e-02 -1.980265323951534706e-01 1.822691945764883803e-01 9.177959035437623925e-01 -2.919145638954628863e-01
-2.391849860276678286e-01 3.152973489942456631e-02 -9.613232767292441416e-02 -1.979762269857180679e-01 1.822477673892026750e-01 9.177799486943434282e-01 -2.920122096843877912e-01
-2.391854342367925323e-01 3.153093933394925108e-02 -9.613306554538278426e-02 -1.979993190216258470e-01 1.822358767956286929e-01 9.177877227997952581e-01 -2.919795382444922427e-01
-2.391858761201264838e-01 3.153384613530926806e-02 -9.613526508042083418e-02 -1.980286950160474457e-01 1.822149511456936932e-01 9.178113441388872085e-01 -2.918984140059394661e-01
-2.391675116129480805e-01 3.154411140821312964e-02 -9.610442912486745481e-02 -1.979923395337997716e-01 1.822569828340039333e-01 9.177804762493206869e-01 -2.919938751236885732e-01
-2.391678338557141625e-01 3.154557315255231142e-02 -9.610544448676057450e-02 -1.980115620117861852e-01 1.822451307791407848e-01 9.177914117536639660e-01 -2.919538630129133727e-01
-2.391684550500316475e-01 3.154860057714448107e-02 -9.610762196515541811e-02 -1.980491362736604422e-01 1.822213011947271255e-01 9.178147353022081401e-01 -2.918699173849463868e-01
-2.392337093091995159e-01 3.166181480272990678e-02 -9.606748016907258603e-02 -1.980002233689053814e-01 1.822538036106257642e-01 9.177876473949366787e-01 -2.919679723952444128e-01
-2.392338353643627957e-01 3.166336666810680434e-02 -9.606874768495365924e-02 -1.980104169962554339e-01 1.822443480687224171e-01 9.178013021785742520e-01 -2.919240347715291173e-01
-2.392345387236596288e-01 3.166581736644098755e-02 -9.607043557750295781e-02 -1.980487184884326679e-01 1.822225520904722784e-01 9.178190260701735159e-01 -2.918559267829294868e-01
-2.392432416908042148e-01 3.169545161086052831e-02 -9.609227524096990158e-02 -1.980172109428353366e-01 1.822722428976503717e-01 9.177866101359395401e-01 -2.919482007046136918e-01
-2.392437585500161723e-01 3.169801602640180682e-02 -9.609418258876044339e-02 -1.980473023365030283e-01 1.822524608931642698e-01 9.178068853219507606e-01 -2.918763912878857281e-01
-2.392441579219748427e-01 3.169935147990379787e-02 -9.609508820947429419e-02 -1.980690039395542335e-01 1.822403104186280376e-01 9.178163700719742524e-01 -2.918394246239181533e-01
-2.391894301125329081e-01 3.173581071551466459e-02 -9.619884190580471617e-02 -1.980323993145837735e-01 1.822724652392084810e-01 9.177904182881447825e-01 -2.919257873772080347e-01
-2.391899360389009299e-01 3.173838127022934885e-02 -9.620080496532670833e-02 -1.980640362576965852e-01 1.822518991200220428e-01 9.178106984287328629e-01 -2.918533958312236609e-01
-2.391901475534444765e-01 3.173976410912759949e-02 -9.620191499415024772e-02 -1.980780710161749725e-01 1.822418996639146305e-01 9.178222003529523665e-01 -2.918139412856483039e-01
-2.391853230398136021e-01 3.174045013645636348e-02 -9.621522919434670473e-02 -1.980566061248367760e-01 1.823376661688171918e-01 9.177814681036947642e-01 -2.918967849631903255e-01
-2.391857347538473566e-01 3.174300696549395284e-02 -9.621726738992539274e-02 -1.980837783182238521e-01 1.823185744527007768e-01 9.178025785581602758e-01 -2.918238869056192786e-01
-2.391859887649663841e-01 3.174412690180052066e-02 -9.621812895086420681e-02 -1.980990404957602979e-01 1.823091156171171567e-01 9.178113403431849004e-01 -2.917918779798545637e-01
-2.390420713934915675e-01 3.141574423819792905e-02 -9.638813205965238162e-02 -1.981129449887616412e-01 1.825959684808569072e-01 9.177335982394818625e-01 -2.918475903358315748e-01
-2.390424060413109120e-01 3.141845608726857864e-02 -9.639049933203330811e-02 -1.981388647059636465e-01 1.825763110758647501e-01 9.177575267051345520e-01 -2.917670356689308075e-01
-2.390427916478416737e-01 3.141968886695277463e-02 -9.639142534600732282e-02 -1.981609795638438754e-01 1.825642996499269310e-01 9.177665355419348803e-01 -2.917311929002174287e-01
-2.391450158891878508e-01 3.158491974334544372e-02 -9.627066742449362502e-02 -1.980849108956368454e-01 1.825390673575560396e-01 9.177535405833043836e-01 -2.918395033413231920e-01
-2.391453405792677567e-01 3.158756672638543539e-02 -9.627299792450794147e-02 -1.981089528419542056e-01 1.825201847227940211e-01 9.177771537029744131e-01 -2.917607257899670348e-01
-2.391455956371100755e-01 3.158882363464615706e-02 -9.627404289347589461e-02 -1.981248231358829770e-01 1.825099731933148006e-01 9.177875585358914456e-01 -2.917236046998564758e-01
-2.391107807923720796e-01 3.156113689013438639e-02 -9.619075416254921351e-02 -1.981070150273521735e-01 1.826112926484673715e-01 9.177439327652091583e-01 -2.918095273750593854e-01
-2.391113018026715387e-01 3.156317071854897183e-02 -9.619239537747911739e-02 -1.981385654585219869e-01 1.825925827074001973e-01 9.177600640052692160e-01 -2.917490746091998544e-01
-2.391115321957522633e-01 3.156457419038379009e-02 -9.619359378289632501e-02 -1.981544248320610269e-01 1.825816234763192880e-01 9.177721326288617032e-01 -2.917071943886505037e-01
-2.391398580992010470e-01 3.154621683955423361e-02 -9.617157680004176368e-02 -1.981000636820500760e-01 1.826069561867538771e-01 9.177498560218297907e-01 -2.917983312037397692e-01
-2.391402966170881605e-01 3.154905449165582021e-02 -9.617409646665828205e-02 -1.981301929142678386e-01 1.825852421604641229e-01 9.177750306105838529e-01 -2.917122712343471758e-01
-2.391588530600323448e-01 3.138317109054532261e-02 -9.621610199818095288e-02 -1.981109968146355649e-01 1.826793186065289176e-01 9.177504457212246614e-01 -2.917437554996837878e-01
-2.391344945681967704e-01 3.154424374517639240e-02 -9.612765143324825123e-02 -1.980884145175289823e-01 1.826517202006818219e-01 9.177554770953506580e-01 -2.917605412031396561e-01
-2.391348487486271712e-01 3.154694144222716656e-02 -9.613009997784593974e-02 -1.981148720261400320e-01 1.826316991125591094e-01 9.177799087324207683e-01 -2.916782458265188005e-01
-2.391989907369875268e-01 3.145315104886216295e-02 -9.614865662957304548e-02 -1.980912838015738975e-01 1.826538282744100128e-01 9.177648994255074300e-01 -2.917276327004947323e-01
-2.391796610446900451e-01 3.158491874352903350e-02 -9.607673836585590987e-02 -1.980824883509048340e-01 1.826401664691190141e-01 9.177643548490963532e-01 -2.917438711768737813e-01
-2.391804080713420266e-01 3.158740610667271076e-02 -9.607872169661597905e-02 -1.981253150919817241e-01 1.826160567088422892e-01 9.177835790523110049e-01 -2.916693973898294989e-01
-2.392209771004575325e-01 3.153187964003992261e-02 -9.616882070622788381e-02 -1.981069846546053836e-01 1.826301904265397180e-01 9.177697709711483132e-01 -2.917164439441010115e-01
-2.391977751147843778e-01 3.168541575403967248e-02 -9.608380090879513336e-02 -1.980950982269842342e-01 1.826032251415373731e-01 9.177683743078224321e-01 -2.917457889100154023e-01
-2.391982662424381179e-01 3.168775562393642831e-02 -9.608583441130921776e-02 -1.981258672267486587e-01 1.825832503092621462e-01 9.177882553971535851e-01 -2.916748458424262003e-01
-2.392062230918144128e-01 3.155106619524115918e-02 -9.615446830868525085e-02 -1.981143576200213030e-01 1.826619418503098724e-01 9.177670072686265890e-01 -2.917002514113912204e-01
-2.391865433938369645e-01 3.167201665010915823e-02 -9.608583405879513040e-02 -1.981044387841995325e-01 1.826383495154707548e-01 9.177669603429585710e-01 -2.917219071703536226e-01
-2.391869901649756325e-01 3.167424612311559029e-02 -9.608783278653404425e-02 -1.981326948080068817e-01 1.826196392140772007e-01 9.177864037439340539e-01 -2.916532525520918462e-01
-2.392371748192155534e-01 3.160547926838086497e-02 -9.613241613371249772e-02 -1.981196787085285627e-01 1.826663521851453753e-01 9.177691601704547342e-01 -2.916871017508666508e-01
-2.392142480352598410e-01 3.175472034486263861e-02 -9.605055612064371251e-02 -1.981022700736480013e-01 1.826400426970948843e-01 9.177740515712995428e-01 -2.917000096977582224e-01
-2.392146161915371938e-01 3.175723667442399700e-02 -9.605288452188893988e-02 -1.981274852800027075e-01 1.826210085499465063e-01 9.177970354463800273e-01 -2.916224760519308679e-01
-2.392060087612224439e-01 3.170135858047473665e-02 -9.615782953509169340e-02 -1.981142722590580885e-01 1.827042183146455612e-01 9.177755287728546207e-01 -2.916470169965826309e-01
-2.391834294056203181e-01 3.184687100928886017e-02 -9.607803812596289739e-02 -1.980975528596037594e-01 1.826795765439274133e-01 9.177794735505312440e-01 -2.916613957898399612e-01
-2.391837215089363256e-01 3.184911841275549216e-02 -9.608015630455488121e-02 -1.981198040009457262e-01 1.826625917396416110e-01 9.178000926104062929e-01 -2.915920280904699680e-01
-2.391462087829005767e-01 3.183073104402536768e-02 -9.607791258800642276e-02 -1.980998174852474925e-01 1.828164620633120352e-01 9.177471800252308132e-01 -2.916757053076269313e-01
-2.391464568709937011e-01 3.183183082713383905e-02 -9.607904971685381212e-02 -1.981144053157130880e-01 1.828070939903149172e-01 9.177572485187158735e-01 -2.916399862580124625e-01
-2.391449260673668420e-01 3.178570526549302777e-02 -9.615494604351483565e-02 -1.981151889789729004e-01 1.828773123170944759e-01 9.177463776530598860e-01 -2.916296398519685473e-01
-2.391259206961862949e-01 3.189584698572268950e-02 -9.609189376424238926e-02 -1.981016787544457036e-01 1.828552016689246607e-01 9.177454075228796970e-01 -2.916557338163447977e-01
-2.391261139421623216e-01 3.189726581127914906e-02 -9.609330123661961875e-02 -1.981176283831751483e-01 1.828434898677407383e-01 9.177587317119848542e-01 -2.916103117230605668e-01
-2.391370529089228147e-01 3.177290801335130865e-02 -9.612826972512487911e-02 -1.981286971974778877e-01 1.829497511181071845e-01 9.177380610733076871e-01 -2.916011988488022011e-01
-2.391196813365385199e-01 3.186916617922543049e-02 -9.607290122921600950e-02 -1.981152049444466767e-01 1.829116332363863728e-01 9.177435674339965432e-01 -2.916169481188277679e-01
-2.391200849041590915e-01 3.187052101457216180e-02 -9.607407876762708021e-02 -1.981408398721114517e-01 1.828974471486022879e-01 9.177543086520919546e-01 -2.915746222698732959e-01
-2.391709207988474972e-01 3.177289376434980217e-02 -9.604474922454614427e-02 -1.981339487890394768e-01 1.829832996930659816e-01 9.177449547339961988e-01 -2.915548806502739621e-01
-2.391621623647577910e-01 3.181853809168165570e-02 -9.601812728011414888e-02 -1.981272025936745562e-01 1.830049520609405844e-01 9.177396192999072166e-01 -2.915626695598034224e-01
-2.391622495973233231e-01 3.181941178280400795e-02 -9.601911172676023953e-02 -1.981350310621478039e-01 1.829981373412413737e-01 9.177488283557628801e-01 -2.915326383910771813e-01
-2.392098499817101875e-01 3.174068290229781208e-02 -9.601560985361951017e-02 -1.981365104242680253e-01 1.830389611812307527e-01 9.177372811508033301e-01 -2.915423549203805531e-01
-2.391946002043192909e-01 3.182781824512906366e-02 -9.596642571713032144e-02 -1.981225564734404032e-01 1.830274983810997180e-01 9.177406106284642373e-01 -2.915485535139532014e-01
-2.391947260250723017e-01 3.182909875830251811e-02 -9.596784419056605953e-02 -1.981334154669343595e-01 1.830179084462056349e-01 9.177540503195247279e-01 -2.915048850113680645e-01
-2.391777545170339359e-01 3.170980991859223552e-02 -9.603145013143531139e-02 -1.981773183048373133e-01 1.831822653791574940e-01 9.177230999115153498e-01 -2.914692437442792383e-01
-2.391628297978973805e-01 3.177769452100540071e-02 -9.598902758731103768e-02 -1.981610979954552265e-01 1.831603618503054309e-01 9.177245585849427290e-01 -2.914894434763850573e-01
-2.391634550971337703e-01 3.177943815803312144e-02 -9.599072795560954774e-02 -1.981985823190365315e-01 1.831401181640878728e-01 9.177393293678073327e-01 -2.914301673078739663e-01
-2.391684179045584224e-01 3.167377746752553236e-02 -9.604322468544720937e-02 -1.981918794141136475e-01 1.832050810102293648e-01 9.177188160217477630e-01 -2.914584909485026243e-01
-2.391508280380181262e-01 3.175861709620461659e-02 -9.599163547637928895e-02 -1.981641615471306794e-01 1.831709384978060240e-01 9.177237746520917616e-01 -2.914831827163828493e-01
-2.391512903063375550e-01 3.176058877509899125e-02 -9.599375685296862581e-02 -1.981947471566173902e-01 1.831517050618764464e-01 9.177428281184779602e-01 -2.914144755662456121e-01
-2.391693632760425459e-01 3.172394940291892174e-02 -9.607902905672066618e-02 -1.981952805791925010e-01 1.832663363494834163e-01 9.177104012710844971e-01 -2.914441629472761530e-01
-2.391541594053690212e-01 3.180953796503079023e-02 -9.603035002967022504e-02 -1.981915043313353109e-01 1.832496260417161293e-01 9.177111117976102239e-01 -2.914550007284962829e-01
-2.391546219475425006e-01 3.181137281469052780e-02 -9.603235414568486727e-02 -1.982217690163741719e-01 1.832309709276527254e-01 9.177288136804133689e-01 -2.913904015606377795e-01
-2.391852378803085710e-01 3.169455051937020151e-02 -9.604517468380835421e-02 -1.981882357786037829e-01 1.831778350192114213e-01 9.177272250483299310e-01 -2.914516158159554671e-01
-2.391671761335746604e-01 3.177223667968069598e-02 -9.599520438910330578e-02 -1.981664900212078972e-01 1.831314422391192021e-01 9.177324766252079602e-01 -2.914790188734975862e-01
-2.391675349337745171e-01 3.177410624787353755e-02 -9.599738210071026567e-02 -1.981915070822153624e-01 1.831140223245207865e-01 9.177519789027874797e-01 -2.914115415844620860e-01
-2.391811659042858418e-01 3.165116946208360038e-02 -9.603170308965797153e-02 -1.981785797551227635e-01 1.831573284205397778e-01 9.177319720183216845e-01 -2.914561220963720056e-01
-2.391580968064820067e-01 3.178495989970246682e-02 -9.595689260142870047e-02 -1.981568990159037202e-01 1.831289333149375698e-01 9.177352246387352475e-01 -2.914784633770121092e-01
-2.391584734126206702e-01 3.178691646307583996e-02 -9.595913808004520595e-02 -1.981833314494131637e-01 1.831107533563348655e-01 9.177554473370757027e-01 -2.914082325947769947e-01
-2.391443849375324837e-01 3.177355616964223917e-02 -9.595550746710707068e-02 -1.981539638862454267e-01 1.831790247515643899e-01 9.177168569207247995e-01 -2.915068129748948911e-01
-2.391450482630756991e-01 3.177547485989906662e-02 -9.595745683087331113e-02 -1.981948868082309134e-01 1.831566245680659732e-01 9.177337619416541248e-01 -2.914398392676001426e-01
-2.391452997985631934e-01 3.177646165340243523e-02 -9.595854462551273167e-02 -1.982115649324851792e-01 1.831464141929854961e-01 9.177433729621236047e-01 -2.914046462899509415e-01
-2.391076661215827681e-01 3.177099084709836263e-02 -9.595686451780635617e-02 -1.981636524844901937e-01 1.831587414829000116e-01 9.177195319322091205e-01 -2.915045505005600113e-01
-2.391081973930039850e-01 3.177265717954580460e-02 -9.595858031381833408e-02 -1.981981870267055801e-01 1.831395071788898821e-01 9.177343781840208159e-01 -2.914464113156808867e-01
-2.391085432346446993e-01 3.177355565260042702e-02 -9.595945190964533245e-02 -1.982200874352438580e-01 1.831281182684902920e-01 9.177417416326940636e-01 -2.914154850065373559e-01
-2.390900780900235278e-01 3.168154172589041084e-02 -9.603748134422347704e-02 -1.982589378480128783e-01 1.832639577821724153e-01 9.177089143924754833e-01 -2.914070414145409904e-01
-2.390728352098182297e-01 3.176916593921055854e-02 -9.598603877811887064e-02 -1.982468512399519489e-01 1.832271743659148466e-01 9.177113008409428785e-01 -2.914308783505129563e-01
-2.390732269777238461e-01 3.177006847408792023e-02 -9.598688118514621392e-02 -1.982714279067079588e-01 1.832148768395175376e-01 9.177182615647797581e-01 -2.913999694080866010e-01
-2.390883108157237646e-01 3.167794790035248498e-02 -9.603708441351840874e-02 -1.982668381520761303e-01 1.831980111673872647e-01 9.177195525943857568e-01 -2.914096298673962138e-01
-2.390701147230142043e-01 3.178258455008689531e-02 -9.597899161350223474e-02 -1.982569826587380624e-01 1.831867061570359168e-01 9.177176233732740052e-01 -2.914295168038030237e-01
-2.390704482380053841e-01 3.178345755299646913e-02 -9.597985390257451899e-02 -1.982785704442383001e-01 1.831754475147058248e-01 9.177248216789740676e-01 -2.913992374812807706e-01
-2.390792905669485158e-01 3.176269791825812872e-02 -9.596333371656824707e-02 -1.982290788493850098e-01 1.831685385687502610e-01 9.177067411638482053e-01 -2.914941783287312571e-01
-2.390798889325580490e-01 3.176475406860078399e-02 -9.596548113925597312e-02 -1.982688473124049888e-01 1.831456451817050635e-01 9.177255020669836671e-01 -2.914224419846384584e-01
-2.390800943368721898e-01 3.176579905499216094e-02 -9.596666480131713084e-02 -1.982845511325402876e-01 1.831351676944016349e-01 9.177360693451317442e-01 -2.913850616600960342e-01
-2.391135077442639867e-01 3.183731122594166130e-02 -9.589829941602122376e-02 -1.982223932211198414e-01 1.831733626660648762e-01 9.177122275770179805e-01 -2.914784201118935103e-01
-2.391140526040477776e-01 3.183930776257291873e-02 -9.590044179056200768e-02 -1.982585000298617839e-01 1.831518631001474717e-01 9.177311044933584849e-01 -2.914079306646514267e-01
-2.391143935327272041e-01 3.184047516227775376e-02 -9.590167301180764492e-02 -1.982809575115178080e-01 1.831388493680969898e-01 9.177418901804255125e-01 -2.913668593860754830e-01
-2.390852263834374603e-01 3.180418761060839483e-02 -9.594304669400353924e-02 -1.982708183236709942e-01 1.832591460143220274e-01 9.176960844055497279e-01 -2.914423865364907384e-01
-2.390856151958214992e-01 3.180596074422163688e-02 -9.594508878997239087e-02 -1.982986529237301121e-01 1.832412256621795965e-01 9.177140426828117592e-01 -2.913781620664572247e-01
-2.391234316591710762e-01 3.174607556191100244e-02 -9.593998142705902066e-02 -1.982914960021597284e-01 1.833737727296015918e-01 9.176957343938827449e-01 -2.913573084091248266e-01
-2.391006949205846666e-01 3.186510704479922351e-02 -9.587055709124631120e-02 -1.982546148354382698e-01 1.833553280124047835e-01 9.176875313451590133e-01 -2.914198452397211425e-01
-2.391013071138686774e-01 3.186710588098266850e-02 -9.587268983135736888e-02 -1.982958135930051602e-01 1.833318418333192423e-01 9.177059061743634283e-01 -2.913487186417361152e-01
-2.391241722797808056e-01 3.182734510597677591e-02 -9.590522637056136945e-02 -1.982799205052600544e-01 1.833537259527502905e-01 9.177056615716869814e-01 -2.913465342559334315e-01
-2.391046588881194646e-01 3.192192181419464814e-02 -9.584773298126707253e-02 -1.982483528418848839e-01 1.833139631996481556e-01 9.176995019735929571e-01 -2.914124320768373688e-01
-2.391052471833835791e-01 3.192394796720375572e-02 -9.584991565414972825e-02 -1.982885713405374561e-01 1.832908144527132799e-01 9.177183017047059188e-01 -2.913404169167403412e-01
-2.391583393977469441e-01 3.187498886363460127e-02 -9.586304821575832025e-02 -1.982918927879844528e-01 1.833450250305121432e-01 9.177031108758271216e-01 -2.913518960637612176e-01
-2.391362664279764738e-01 3.199011458433281829e-02 -9.579589634070030668e-02 -1.982711062754730635e-01 1.833219203743718939e-01 9.176951016199731415e-01 -2.914058036300232191e-01
-2.391367019638145630e-01 3.199209419315443559e-02 -9.579814918511601884e-02 -1.983021230872965557e-01 1.833019119861097890e-01 9.177150256729911248e-01 -2.913345305577910160e-01
-2.391368820154406993e-01 3.199307310694685103e-02 -9.579929760877423095e-02 -1.983162405501136538e-01 1.832922759881307484e-01 9.177252018861261629e-01 -2.912989257107370666e-01
-2.391395759452972503e-01 3.199455702156331349e-02 -9.578635449639477661e-02 -1.982772743797833470e-01 1.833487139752112971e-01 9.176942359367818991e-01 -2.913874754970886549e-01
-2.391401060066485063e-01 3.199634128294892577e-02 -9.578830511039648776e-02 -1.983128670068423638e-01 1.833279911966742004e-01 9.177110149431146890e-01 -2.913234413420875968e-01
-2.391404533887629691e-01 3.199746556668832398e-02 -9.578951937953936180e-02 -1.983358934501583404e-01 1.833148813119604426e-01 9.177214189638875919e-01 -2.912832381614466337e-01
-2.391699690357404762e-01 3.203933299513186950e-02 -9.577024401639601392e-02 -1.982750934392905340e-01 1.833602334564355396e-01 9.176938353570625040e-01 -2.913829724882474048e-01
-2.391704767349394078e-01 3.204135047147048387e-02 -9.577254144857548501e-02 -1.983098221840282893e-01 1.833385387144910728e-01 9.177139478101303816e-01 -2.913096370567226923e-01
-2.391708035376341468e-01 3.204217371576933981e-02 -9.577341777401272849e-02 -1.983299933452230546e-01 1.833279130754302266e-01 9.177211847667385847e-01 -2.912797917079471555e-01
-2.391594737199613518e-01 3.204662133430023763e-02 -9.573888221752174799e-02 -1.982973306360531485e-01 1.833885672821790602e-01 9.176871291737089820e-01 -2.913711293208743336e-01
-2.391599937925644737e-01 3.204856460483303249e-02 -9.574108832958259929e-02 -1.983323471238307434e-01 1.833672923837088575e-01 9.177063517681280924e-01 -2.913001340415970475e-01
-2.392018446121592090e-01 3.201952252078289762e-02 -9.576421075499176594e-02 -1.983158175387171041e-01 1.834310706239352107e-01 9.176980648182264666e-01 -2.912973406548528543e-01
-2.391840619520637090e-01 3.210817495000639621e-02 -9.571169408764663988e-02 -1.982925897469796639e-01 1.834248898014576579e-01 9.176874378441739477e-01 -2.913505192646048680e-01
-2.391845500754780918e-01 3.211011159949894722e-02 -9.571394269593908044e-02 -1.983253629756674963e-01 1.834044609140427218e-01 9.177070474402519995e-01 -2.912792975751865021e-01
-2.391848108489409153e-01 3.211102885074880453e-02 -9.571500242376011769e-02 -1.983429180706162698e-01 1.833939680064004540e-01 9.177161299680822726e-01 -2.912453332613345602e-01
-2.391880363388510511e-01 3.209390990592897452e-02 -9.573802727481273145e-02 -1.983199771006384782e-01 1.834873835125211405e-01 9.176751024365759069e-01 -2.913313802915011852e-01
-2.391886343694395178e-01 3.209570588965184046e-02 -9.574005368538901495e-02 -1.983587042658115640e-01 1.834653982481521117e-01 9.176921600687737435e-01 -2.912651222442251830e-01
-2.391887772809294654e-01 3.209659222140208434e-02 -9.574119853201087937e-02 -1.983695755960583340e-01 1.834571876984207317e-01 9.177022359906303883e-01 -2.912311415652926172e-01
-2.391958988954624443e-01 3.208955168814735248e-02 -9.572481880317074143e-02 -1.983221766839572686e-01 1.834542982691356738e-01 9.176834512329659077e-01 -2.913244205607715132e-01
-2.391963287323313203e-01 3.209133777813942545e-02 -9.572700671617359602e-02 -1.983507807758186081e-01 1.834357216251779610e-01 9.177023875570023970e-01 -2.912569856151963066e-01
-2.391965625711139354e-01 3.209210260689379646e-02 -9.572792465490671809e-02 -1.983661617730620441e-01 1.834265983334325556e-01 9.177100953280088458e-01 -2.912279688153350254e-01
-2.391660819248295489e-01 3.199727331445050005e-02 -9.572721675178841316e-02 -1.983180428629391923e-01 1.834738707848244110e-01 9.176833315455908968e-01 -2.913152855887105042e-01
-2.391663830938113577e-01 3.199953200460159408e-02 -9.573014806490925954e-02 -1.983433986297574170e-01 1.834532934545056726e-01 9.177094562365871733e-01 -2.912286717935572700e-01
-2.391666929828264176e-01 3.200039101016674548e-02 -9.573113874531208323e-02 -1.983630666291636979e-01 1.834424792972273455e-01 9.177176360025552926e-01 -2.911963103417379850e-01
-2.391666929828264176e-01 3.200039101016674548e-02 -9.573113874531208323e-02 -1.983630666291636979e-01 1.834424792972273455e-01 9.177176360025552926e-01 -2.911963103417379850e-01
-2.391885245474993926e-01 3.206941270395856358e-02 -9.569568529509162036e-02 -1.983300573521600829e-01 1.835442910546745687e-01 9.176753316794720172e-01 -2.912879455090736647e-01
-2.391893658446929971e-01 3.207109104433675251e-02 -9.569774329454346085e-02 -1.983733651401871634e-01 1.835213681351488546e-01 9.176916431702677457e-01 -2.912215024619834725e-01
-2.391676643931876511e-01 3.210174963740561327e-02 -9.573830500117137821e-02 -1.983272094290270959e-01 1.835595905728103494e-01 9.176587003318489311e-01 -2.913326353399133817e-01
-2.391682402672041519e-01 3.210323589237691622e-02 -9.574008479840297181e-02 -1.983659518376764130e-01 1.835388894348502498e-01 9.176726138442615754e-01 -2.912754693014760199e-01
-2.391908828345621907e-01 3.216965883307792984e-02 -9.570762504405183613e-02 -1.983394402382304966e-01 1.836429092949937170e-01 9.176358936982660364e-01 -2.913436371507720501e-01
-2.391912203872636200e-01 3.217135461547418473e-02 -9.570991433688978700e-02 -1.983654498832298496e-01 1.836249812538902626e-01 9.176552077561961340e-01 -2.912763880407486239e-01
-2.392411002300394440e-01 3.215921042214858749e-02 -9.573443298283897118e-02 -1.983595257650921095e-01 1.836802086742137519e-01 9.176455054819803170e-01 -2.912761674912073273e-01
-2.392255629670351491e-01 3.222901163591450346e-02 -9.569281221662356840e-02 -1.983558417988486311e-01 1.836771776830187219e-01 9.176416088219390144e-01 -2.912928632516669780e-01
-2.392257539298311142e-01 3.223031198977148459e-02 -9.569472934629369432e-02 -1.983715550421734919e-01 1.836645565425620852e-01 9.176577945404948977e-01 -2.912391267313658716e-01
-2.392257539298311142e-01 3.223031198977148459e-02 -9.569472934629369432e-02 -1.983715550421734919e-01 1.836645565425620852e-01 9.176577945404948977e-01 -2.912391267313658716e-01
-2.392405233375400342e-01 3.223374443484842977e-02 -9.569417989088054022e-02 -1.983450897869628582e-01 1.837603527709426587e-01 9.176229058200537914e-01 -2.913066439703375088e-01
-2.392410897509517353e-01 3.223525611453499640e-02 -9.569614090376406257e-02 -1.983829889751361764e-01 1.837395321471655407e-01 9.176380385917854987e-01 -2.912462946391803920e-01
-2.392410897509517353e-01 3.223525611453499640e-02 -9.569614090376406257e-02 -1.983829889751361764e-01 1.837395321471655407e-01 9.176380385917854987e-01 -2.912462946391803920e-01
-2.392753262991269281e-01 3.224567130302592732e-02 -9.568818199579458283e-02 -1.983616774720925457e-01 1.838559542725365370e-01 9.176043669519473589e-01 -2.912934237838338825e-01
-2.392755748419270467e-01 3.224664980917249513e-02 -9.568953321444377547e-02 -1.983800998891800393e-01 1.838441372332152435e-01 9.176153153524118089e-01 -2.912538449593883305e-01
-2.392758518204981533e-01 3.224756816886156785e-02 -9.569079433571359150e-02 -1.983995285271414888e-01 1.838324693809699761e-01 9.176253161128100633e-01 -2.912164650399561294e-01
-2.392470563947885764e-01 3.221073736803591048e-02 -9.567470765824082068e-02 -1.984150057151070623e-01 1.839968728520876562e-01 9.175717904261799784e-01 -2.912707429554521887e-01
-2.392472541291579269e-01 3.221142826108908119e-02 -9.567569188153243753e-02 -1.984290578636294378e-01 1.839882277968972191e-01 9.175795987400584552e-01 -2.912420316567355671e-01
-2.392306271033940723e-01 3.210440089685788478e-02 -9.569991566503430191e-02 -1.984558220432355580e-01 1.841331296870413747e-01 9.175464285700845046e-01 -2.912367227309797246e-01
-2.392118012545756955e-01 3.218610485489215023e-02 -9.565041414138986120e-02 -1.984362262961828494e-01 1.840974754091299070e-01 9.175460587590273942e-01 -2.912737779085003975e-01
-2.392120179671641811e-01 3.218681091857973631e-02 -9.565140327125899733e-02 -1.984514636565211654e-01 1.840884836018087389e-01 9.175538638928562030e-01 -2.912444911634564648e-01
-2.392021604860640749e-01 3.210666850279775275e-02 -9.567794132196599799e-02 -1.984880639425328774e-01 1.843062944931047054e-01 9.175081414003669611e-01 -2.912258380477424913e-01
-2.391831586795161724e-01 3.218802219977516532e-02 -9.562884450464466390e-02 -1.984740909344403781e-01 1.842646699158566048e-01 9.175113066823086250e-01 -2.912517274775728304e-01
-2.391833850353767832e-01 3.218887266615841347e-02 -9.563003104679286548e-02 -1.984916481032226732e-01 1.842539956121748701e-01 9.175207929276167906e-01 -2.912166294696998947e-01
-2.391503140828878937e-01 3.208742573998589476e-02 -9.566284387187777571e-02 -1.985281408184542129e-01 1.844186200927669939e-01 9.174791964522578391e-01 -2.912186016441376535e-01
-2.391353947770096522e-01 3.215112478569778776e-02 -9.562399216827718873e-02 -1.985212542560791382e-01 1.843910752983197177e-01 9.174762546884471792e-01 -2.912500043635745106e-01
-2.391355520213169772e-01 3.215212689094194831e-02 -9.562545710367223450e-02 -1.985366692366077601e-01 1.843800961104086755e-01 9.174884175335540348e-01 -2.912081297260170065e-01
-2.391555703278495093e-01 3.208873004445159105e-02 -9.565380543320908813e-02 -1.985290116241195113e-01 1.844264302224123409e-01 9.174795045643219238e-01 -2.912120912382835658e-01
-2.391365426332272837e-01 3.216781157880357900e-02 -9.560509208772904888e-02 -1.985141291542202036e-01 1.843873332577437574e-01 9.174780537276718828e-01 -2.912515627225415460e-01
-2.391366484895587619e-01 3.216897324717754580e-02 -9.560681044939230155e-02 -1.985276060566351919e-01 1.843762408364126304e-01 9.174926147427244771e-01 -2.912035256328689981e-01
-2.391367172068448177e-01 3.216983190444656915e-02 -9.560813158174620574e-02 -1.985370989390923546e-01 1.843680617638489005e-01 9.175037608043712378e-01 -2.911671119067639202e-01
-2.391558824995006494e-01 3.218756425493204953e-02 -9.557626470623413473e-02 -1.984985516252641968e-01 1.843763513815305233e-01 9.174902395226102181e-01 -2.912307443156542108e-01
-2.391560991925077706e-01 3.218833159477346717e-02 -9.557734592873561030e-02 -1.985154674758290994e-01 1.843665035313204470e-01 9.174986702389853477e-01 -2.911988867735970099e-01
-2.391663429805224450e-01 3.214736839929090151e-02 -9.564043514237273447e-02 -1.985189118601329850e-01 1.844577941545284538e-01 9.174769339145862901e-01 -2.912072106665700710e-01
-2.391496191313347841e-01 3.220253954237782545e-02 -9.560277093194861908e-02 -1.985017482491455987e-01 1.844214421338950527e-01 9.174806499601957377e-01 -2.912302260616230210e-01
-2.391498169491371173e-01 3.220339743867438320e-02 -9.560400613524590308e-02 -1.985185783408836280e-01 1.844110000463037857e-01 9.174904445591511859e-01 -2.911945076028864543e-01
-2.391501087646993318e-01 3.220396080592372035e-02 -9.560474643189965926e-02 -1.985393645844144295e-01 1.844008503055240000e-01 9.174954216507444915e-01 -2.911710809248387322e-01
-2.391565160108358734e-01 3.225902548927510327e-02 -9.560692799846509660e-02 -1.985102713522345907e-01 1.844528313005835418e-01 9.174702897595492512e-01 -2.912371758573921166e-01
-2.391566607265693256e-01 3.225984905114484547e-02 -9.560815137428244070e-02 -1.985239698082991999e-01 1.844435517611397457e-01 9.174801632734237433e-01 -2.912026092346375883e-01
-2.391569605214161620e-01 3.226073408190310854e-02 -9.560936431044932127e-02 -1.985473440378639209e-01 1.844307967730031139e-01 9.174892278094586295e-01 -2.911661900543897619e-01
-2.391732551040856303e-01 3.224417670374161993e-02 -9.558261486781850780e-02 -1.984970518658101257e-01 1.844343583624694638e-01 9.174776109092945831e-01 -2.912348216408527368e-01
-2.391732492594225989e-01 3.224495579293210068e-02 -9.558388776321712077e-02 -1.985013839186191009e-01 1.844282522130883395e-01 9.174886036041353110e-01 -2.912011034054510228e-01
-2.391734630289951147e-01 3.224579769398437656e-02 -9.558511127805115193e-02 -1.985193146058530367e-01 1.844173512151095484e-01 9.174981662383686620e-01 -2.911656525905078619e-01
-2.391668914355462028e-01 3.228414442629361225e-02 -9.560393603243244609e-02 -1.984986490645425650e-01 1.844896252617462817e-01 9.174658525502954465e-01 -2.912357702867067744e-01
-2.391671192808168533e-01 3.228499561810176111e-02 -9.560514564019149952e-02 -1.985168147117273574e-01 1.844788183496721690e-01 9.174752962650641885e-01 -2.912004817996547978e-01
-2.391673741256787888e-01 3.228553599493165505e-02 -9.560588660758494173e-02 -1.985349119784862171e-01 1.844697510481744795e-01 9.174804299019547749e-01 -2.911777127818052646e-01
-2.391667131944803792e-01 3.230839856067607707e-02 -9.561209557660174663e-02 -1.985057902909705962e-01 1.845420314087310998e-01 9.174490770014760432e-01 -2.912505467353419530e-01
-2.391671041401423892e-01 3.231008233583025635e-02 -9.561455094814012845e-02 -1.985387500147334783e-01 1.845213962095380578e-01 9.174684355510345224e-01 -2.911801656208870548e-01
-2.391674718297799873e-01 3.224910747473049011e-02 -9.566958501939822057e-02 -1.985292152376329500e-01 1.845701206069350064e-01 9.174491382554179619e-01 -2.912165860500772752e-01
-2.391461584259887974e-01 3.233966707809955710e-02 -9.561625346120036784e-02 -1.985178052862525411e-01 1.845475449126910417e-01 9.174485843379294181e-01 -2.912404157175938479e-01
-2.391467469849377636e-01 3.234138333449437797e-02 -9.561859106055450863e-02 -1.985638059432924818e-01 1.845225435367087163e-01 9.174659892815881790e-01 -2.911700609740202617e-01
-2.391825496936330064e-01 3.232994397834154654e-02 -9.565445080054077454e-02 -1.985730199477348801e-01 1.846830292774926940e-01 9.174235933189278658e-01 -2.911956127202324218e-01
-2.391639504399653837e-01 3.240274980879205569e-02 -9.560967214703479378e-02 -1.985576909163348225e-01 1.846445647762358089e-01 9.174247593608454432e-01 -2.912267827454450009e-01
-2.391643859842523256e-01 3.240446198375379616e-02 -9.561211590681167882e-02 -1.985945452242396381e-01 1.846224684586212361e-01 9.174437570937215014e-01 -2.911558059135679333e-01
-2.391818987879455183e-01 3.234610551553110391e-02 -9.564078171385395621e-02 -1.985741163291043221e-01 1.846812222350678878e-01 9.174225687201241763e-01 -2.911992391488102405e-01
-2.391632749127204638e-01 3.241830972816880929e-02 -9.559610500685421230e-02 -1.985612371633476980e-01 1.846417710280659485e-01 9.174227117387880881e-01 -2.912325865586281037e-01
-2.391636399951270475e-01 3.242035047291390304e-02 -9.559909076654801718e-02 -1.985957605448191998e-01 1.846185485927325232e-01 9.174468547915762828e-01 -2.911477014200559710e-01
-2.391794854569748718e-01 3.238796546600779258e-02 -9.564629608921107473e-02 -1.985664836241932130e-01 1.846624135036607495e-01 9.174296021014641811e-01 -2.911942132118618409e-01
-2.391583773535238822e-01 3.247508626346858052e-02 -9.559408539044654540e-02 -1.985590926808715462e-01 1.846395733672344108e-01 9.174248328437845101e-01 -2.912287601561162620e-01
-2.391587622124775603e-01 3.247669959563902198e-02 -9.559642196852184692e-02 -1.985930703923318441e-01 1.846189307675065727e-01 9.174429656519871301e-01 -2.911615489210344077e-01
-2.391784200478558331e-01 3.244551654003972885e-02 -9.564794384819731710e-02 -1.985659087183275773e-01 1.846536864743627548e-01 9.174271603080333959e-01 -2.912078321327061792e-01
-2.391633143119239746e-01 3.249813497932084461e-02 -9.561474796583321889e-02 -1.985524807529649438e-01 1.846168281486583185e-01 9.174347564874614225e-01 -2.912164259446307080e-01
-2.391637829438219010e-01 3.249953534288543833e-02 -9.561672809742226276e-02 -1.985901579328832878e-01 1.845963139291763033e-01 9.174491778575837309e-01 -2.911583007650603849e-01
-2.391637829438219010e-01 3.249953534288543833e-02 -9.561672809742226276e-02 -1.985901579328832878e-01 1.845963139291763033e-01 9.174491778575837309e-01 -2.911583007650603849e-01
-2.391738604750385244e-01 3.248278692736036866e-02 -9.560975144374377066e-02 -1.985478925120962024e-01 1.846460871223262190e-01 9.174249875787563457e-01 -2.912317789245158495e-01
-2.391744160276385867e-01 3.248452567973487970e-02 -9.561221471678466033e-02 -1.985934628191400320e-01 1.846207890294188081e-01 9.174430996552678241e-01 -2.911596807227813666e-01
-2.391744160276385867e-01 3.248452567973487970e-02 -9.561221471678466033e-02 -1.985934628191400320e-01 1.846207890294188081e-01 9.174430996552678241e-01 -2.911596807227813666e-01
-2.392062346706743947e-01 3.248944521379713846e-02 -9.562579366494873556e-02 -1.985380805639054558e-01 1.846130553205007629e-01 9.174343493569978580e-01 -2.912299177473561262e-01
-2.392065479198561273e-01 3.249104256248691591e-02 -9.562828174887656740e-02 -1.985666844545402321e-01 1.845938950140854629e-01 9.174537818099620656e-01 -2.911613367033100142e-01
-2.392065479198561273e-01 3.249104256248691591e-02 -9.562828174887656740e-02 -1.985666844545402321e-01 1.845938950140854629e-01 9.174537818099620656e-01 -2.911613367033100142e-01
-2.391898172892746310e-01 3.246877144451573716e-02 -9.562230436349576645e-02 -1.985594115895753242e-01 1.847074728971569990e-01 9.174164404287757923e-01 -2.912119234443225624e-01
-2.391902872033435656e-01 3.247031260037404332e-02 -9.562460460474143942e-02 -1.985969976023028161e-01 1.846858714771462684e-01 9.174335249903704526e-01 -2.911461637113244572e-01
-2.391902872033435656e-01 3.247031260037404332e-02 -9.562460460474143942e-02 -1.985969976023028161e-01 1.846858714771462684e-01 9.174335249903704526e-01 -2.911461637113244572e-01
-2.391963066513926595e-01 3.246415689406512151e-02 -9.560928670970418597e-02 -1.985727340144107234e-01 1.846980912871761804e-01 9.174150149177676683e-01 -2.912132805768785637e-01
-2.391969405545444627e-01 3.246574228992075983e-02 -9.561154623280869458e-02 -1.986208999432267919e-01 1.846726112258252339e-01 9.174309563742570894e-01 -2.911463636300372637e-01
-2.391969405545444627e-01 3.246574228992075983e-02 -9.561154623280869458e-02 -1.986208999432267919e-01 1.846726112258252339e-01 9.174309563742570894e-01 -2.911463636300372637e-01
-2.392056859971085914e-01 3.247076764101634871e-02 -9.563220930731455849e-02 -1.985945394946613263e-01 1.846912879738766833e-01 9.174114491490048540e-01 -2.912139591430615848e-01
-2.392060627576826637e-01 3.247232225387107485e-02 -9.563467191243947563e-02 -1.986255889578311118e-01 1.846716696916703149e-01 9.174303090106566971e-01 -2.911458018468688902e-01
-2.392111813365094819e-01 3.240113654849026414e-02 -9.566851101668022439e-02 -1.986145488176413731e-01 1.847586657215348205e-01 9.174042882279076494e-01 -2.911801304687683389e-01
-2.391924632816101737e-01 3.247053854229146885e-02 -9.562544304411134399e-02 -1.986063931356451540e-01 1.847193242433596283e-01 9.174035682009102910e-01 -2.912129202301364517e-01
-2.391928237417369485e-01 3.247218388748297768e-02 -9.562805052159907560e-02 -1.986376493482578387e-01 1.846990100722425976e-01 9.174237869387228406e-01 -2.911407822664920930e-01
-2.391978405789001727e-01 3.243553109955464586e-02 -9.568421038330716943e-02 -1.986384202587213044e-01 1.848253322691044698e-01 9.173865017283410195e-01 -2.911775763951804374e-01
-2.391854907878697145e-01 3.248029254060502691e-02 -9.565583007557597328e-02 -1.986334027337935682e-01 1.848121424273365676e-01 9.173801267297254647e-01 -2.912094545360184306e-01
-2.391858737552985115e-01 3.248191107827462509e-02 -9.565840740829743838e-02 -1.986668118287275853e-01 1.847910198487296429e-01 9.173997849947386207e-01 -2.911381310523967203e-01
-2.392060608616804473e-01 3.246080037716435329e-02 -9.570272009056773888e-02 -1.986542808859472209e-01 1.848981042556716581e-01 9.173722791513093666e-01 -2.911653639653557502e-01
-2.391923825851885177e-01 3.251682064418179308e-02 -9.567020879788623589e-02 -1.986499032276607124e-01 1.849042183586612764e-01 9.173661773554777632e-01 -2.911836922374113068e-01
-2.391928901403708729e-01 3.251825936724418720e-02 -9.567244863046507619e-02 -1.986894395424994020e-01 1.848822471458843597e-01 9.173821922772394943e-01 -2.911202064391643085e-01
-2.391928901403708729e-01 3.251825936724418720e-02 -9.567244863046507619e-02 -1.986894395424994020e-01 1.848822471458843597e-01 9.173821922772394943e-01 -2.911202064391643085e-01
-2.392178160079136973e-01 3.253974185144813125e-02 -9.567957845374777670e-02 -1.986563198267045915e-01 1.848283968629236829e-01 9.173722742938598129e-01 -2.912082427798065587e-01
-2.392183448420078518e-01 3.254139502481151469e-02 -9.568216870705102683e-02 -1.986978379680052476e-01 1.848045170155926953e-01 9.173912085316987541e-01 -2.911354155478564354e-01
-2.392183448420078518e-01 3.254139502481151469e-02 -9.568216870705102683e-02 -1.986978379680052476e-01 1.848045170155926953e-01 9.173912085316987541e-01 -2.911354155478564354e-01
-2.392604862517096476e-01 3.253931961643447002e-02 -9.563490662603149617e-02 -1.986597362460676697e-01 1.847989644079179317e-01 9.173782144134066119e-01 -2.912058784916159437e-01
-2.392609259126569632e-01 3.254073469004400976e-02 -9.563719373892176634e-02 -1.986937326135611304e-01 1.847786261117195239e-01 9.173951444758980944e-01 -2.911422484704031532e-01
-2.392609259126569632e-01 3.254073469004400976e-02 -9.563719373892176634e-02 -1.986937326135611304e-01 1.847786261117195239e-01 9.173951444758980944e-01 -2.911422484704031532e-01
-2.392554825374354766e-01 3.251231668499877936e-02 -9.564782136988655981e-02 -1.986810938917367431e-01 1.848658078062233034e-01 9.173612379419409102e-01 -2.912023611782106336e-01
-2.392557218396191288e-01 3.251309448457734286e-02 -9.564908912579828115e-02 -1.986991376796896080e-01 1.848549913877610140e-01 9.173706817953202197e-01 -2.911671633731521269e-01
-2.392810025486116765e-01 3.254497782305815212e-02 -9.563062245985799736e-02 -1.986626726605943416e-01 1.849144074549723959e-01 9.173363273978527577e-01 -2.912625393749528335e-01
-2.392814193107999365e-01 3.254616104086616168e-02 -9.563258519060248430e-02 -1.986916670372364524e-01 1.848973293358761594e-01 9.173507721821692051e-01 -2.912081039930076165e-01
-2.392816711167940480e-01 3.254682783341997232e-02 -9.563366692729569074e-02 -1.987100025783498369e-01 1.848869200959009085e-01 9.173585589075851088e-01 -2.911776709360845428e-01
-2.392761744168470928e-01 3.255518629583654955e-02 -9.563213287861613288e-02 -1.986647226022760504e-01 1.849433777907369958e-01 9.173229856972140439e-01 -2.912847660216070778e-01
-2.392765150162988186e-01 3.255652208831406880e-02 -9.563440573347081752e-02 -1.986903605120623750e-01 1.849265533270177397e-01 9.173403940125446354e-01 -2.912231309959522618e-01
-2.392926684354997058e-01 3.253909285613157398e-02 -9.569988776714215273e-02 -1.986938971223428108e-01 1.850519415439235704e-01 9.173141087378229308e-01 -2.912238659308227784e-01
-2.392787221547173215e-01 3.259286415763107403e-02 -9.566683593652382245e-02 -1.986766037597773593e-01 1.850651512986233871e-01 9.172988361249991840e-01 -2.912753716623150968e-01
-2.392789896189812249e-01 3.259447574456926511e-02 -9.566965850300446217e-02 -1.987006828839475991e-01 1.850466708401694582e-01 9.173211129328399105e-01 -2.912005219776895304e-01
-2.392864936472851589e-01 3.258237509565195533e-02 -9.572534162880164121e-02 -1.987181656713568612e-01 1.851315993984635200e-01 9.172987854394460960e-01 -2.912049446140898556e-01
-2.392736980024103566e-01 3.262557754638054086e-02 -9.569635885781588303e-02 -1.987014070745583005e-01 1.851246374465350120e-01 9.172846636784350860e-01 -2.912652832337211395e-01
-2.392741421798462997e-01 3.262675145978981284e-02 -9.569836014967895987e-02 -1.987338654476790145e-01 1.851062767586481028e-01 9.172987913810051186e-01 -2.912103095010919462e-01
-2.392743666469920039e-01 3.262749293552508201e-02 -9.569963913242646170e-02 -1.987510878623590937e-01 1.850958734929908922e-01 9.173081772462526873e-01 -2.911756010495268332e-01
-2.392733766670022133e-01 3.255657009774656774e-02 -9.571934495436155987e-02 -1.986817492523788309e-01 1.850878847462145704e-01 9.172920060225063787e-01 -2.912789266689110312e-01
-2.392737029411450000e-01 3.255823784798080045e-02 -9.572232504494566918e-02 -1.987102267662805011e-01 1.850674663383455321e-01 9.173149423843993677e-01 -2.912002320739199845e-01
-2.392739855170469832e-01 3.255909698240920525e-02 -9.572379782983003738e-02 -1.987325809686423250e-01 1.850543068615607134e-01 9.173255314326562715e-01 -2.911599803464143266e-01
-2.392739855170469832e-01 3.255909698240920525e-02 -9.572379782983003738e-02 -1.987325809686423250e-01 1.850543068615607134e-01 9.173255314326562715e-01 -2.911599803464143266e-01
-2.392941070580738849e-01 3.253104976881295018e-02 -9.570488556578313211e-02 -1.987375968684293170e-01 1.852011435158566477e-01 9.172857293561647030e-01 -2.911885896646873584e-01
-2.392944618030021231e-01 3.253176171671064154e-02 -9.570615896519402144e-02 -1.987636630584661834e-01 1.851876411426731650e-01 9.172939836330790131e-01 -2.911533812377070651e-01
-2.392656423069401961e-01 3.254297325502296390e-02 -9.569873771556280939e-02 -1.987396529818720725e-01 1.853425249707279510e-01 9.172380428000959096e-01 -2.912474405215771389e-01
-2.392657820573597383e-01 3.254427886688303351e-02 -9.570136331775103145e-02 -1.987565038851458188e-01 1.853275889061491433e-01 9.172585794930896430e-01 -2.911807605249820408e-01
-2.392659783236722737e-01 3.254498431568446370e-02 -9.570271187655841894e-02 -1.987733947824190106e-01 1.853170374864540060e-01 9.172683459736665768e-01 -2.911451779072612434e-01
-2.393067406535100416e-01 3.262104031798955528e-02 -9.566857216828529575e-02 -1.987128252842489951e-01 1.854115079574494285e-01 9.172281344508999013e-01 -2.912530431707420764e-01
-2.393073042900187020e-01 3.262252463590813167e-02 -9.567128298968820277e-02 -1.987565653403225441e-01 1.853867238493394631e-01 9.172470018562947081e-01 -2.911795458822023508e-01
-2.393080201648723759e-01 3.260440469722808432e-02 -9.571625175273008879e-02 -1.987832490011795517e-01 1.855160706999857134e-01 9.172145480838002074e-01 -2.911811810746076090e-01
-2.392896418543922210e-01 3.267211632084343620e-02 -9.567543440299391966e-02 -1.987884303377447925e-01 1.854966462080713252e-01 9.172084323243031578e-01 -2.912092819307232627e-01
-2.392898067520605743e-01 3.267262452664719541e-02 -9.567642491759217882e-02 -1.988020148311363533e-01 1.854885013919088110e-01 9.172154252133490893e-01 -2.911831700170182113e-01
-2.392787025458094075e-01 3.256248775073600221e-02 -9.572093910041008791e-02 -1.987918802373154215e-01 1.855461032263985288e-01 9.172019011149398215e-01 -2.911959898768380905e-01
-2.392628036508800959e-01 3.261539346387649918e-02 -9.568777713051236644e-02 -1.987747542437341697e-01 1.855178729220343103e-01 9.172023406381966115e-01 -2.912242816621588570e-01
-2.392629830275973812e-01 3.261605472649252435e-02 -9.568905633573425440e-02 -1.987908994506750182e-01 1.855077288245967626e-01 9.172115863264787006e-01 -2.911906020983435761e-01
-2.392741274792032358e-01 3.251759652366445486e-02 -9.568267122107773637e-02 -1.987705531232066558e-01 1.855436288414354373e-01 9.172029890847664957e-01 -2.912086980524721813e-01
-2.392598008989787473e-01 3.257078300085730627e-02 -9.565129053893468847e-02 -1.987704017628547370e-01 1.855434176093354037e-01 9.171981956801622538e-01 -2.912240330157109813e-01
-2.392599273021847883e-01 3.257160838564296390e-02 -9.565291473066152295e-02 -1.987847978687845574e-01 1.855327253402432319e-01 9.172105601635918148e-01 -2.911820741194050544e-01
-2.392726930789320916e-01 3.250254558665148508e-02 -9.568829658086215606e-02 -1.987933808872598407e-01 1.856642230564202189e-01 9.171822910530507134e-01 -2.911814433835806515e-01
-2.392525457226077346e-01 3.256612044445500453e-02 -9.564575992383039793e-02 -1.987638353126020552e-01 1.856293820095396008e-01 9.171736739806111149e-01 -2.912509606224309988e-01
-2.392529534498535337e-01 3.256734741519178022e-02 -9.564812963416713387e-02 -1.987985424417243463e-01 1.856090611731491813e-01 9.171902882651471467e-01 -2.911878964613129339e-01
-2.392708069902504397e-01 3.253639989659730392e-02 -9.570443899165373414e-02 -1.987879011652676498e-01 1.856335887536387230e-01 9.171847592245503389e-01 -2.911969411291197574e-01
-2.392538642680122341e-01 3.258492532609721937e-02 -9.567011909338907216e-02 -1.987579702960018957e-01 1.856119085225343968e-01 9.171770104823731007e-01 -2.912555923944682990e-01
-2.392541804795091376e-01 3.258640803381281092e-02 -9.567302411378594829e-02 -1.987894889464442705e-01 1.855908473195315711e-01 9.171984216348105790e-01 -2.911800677007993499e-01
-2.392348084573603650e-01 3.252540346067477051e-02 -9.572321526541879844e-02 -1.988302189313063684e-01 1.857802160964761584e-01 9.171553884123821998e-01 -2.911670463033336764e-01
-2.392118582422336215e-01 3.260206725758352242e-02 -9.567449194884675157e-02 -1.988016309428489170e-01 1.857610177387974404e-01 9.171460051657875923e-01 -2.912283657742605891e-01
-2.392121291187693788e-01 3.260336353208327653e-02 -9.567707063788406796e-02 -1.988306945511401080e-01 1.857419089286095337e-01 9.171648751898834329e-01 -2.911612781428752350e-01
-2.392371064532100022e-01 3.255512787986428180e-02 -9.568381016835074415e-02 -1.988435008998101772e-01 1.858131779152594754e-01 9.171483189791449497e-01 -2.911592108394783773e-01
-2.392140649902768368e-01 3.263088565107953587e-02 -9.563534203758160268e-02 -1.988085808459179316e-01 1.857965562784561486e-01 9.171389009134269799e-01 -2.912233237369731831e-01
-2.392142943317275561e-01 3.263228284536398571e-02 -9.563814058605041302e-02 -1.988351859608807337e-01 1.857777771175145864e-01 9.171599684101590100e-01 -2.911507834422796259e-01
-2.392148250772175022e-01 3.258566909781748788e-02 -9.568713802974573857e-02 -1.988428305347935687e-01 1.858730394202989245e-01 9.171432500762377593e-01 -2.911374259712531387e-01
-2.391945523127244067e-01 3.264684590312068313e-02 -9.564594541005737305e-02 -1.988092224776093486e-01 1.858379119206368668e-01 9.171368026405395391e-01 -2.912031057408454027e-01
