repeatability libsurvive; 20211016-001206; x y z w i j k;  frequency = 150 duration = 2 sys.args = ['repeatability.py']
-2.388369020683238086e-01 3.083517280778766759e-02 -9.550947038996726590e-02 1.966694473813926092e-01 -1.774426127217750282e-01 -9.186516813333631681e-01 2.931114737442955809e-01
-2.387877219287834751e-01 3.081986246282699196e-02 -9.576047410967318541e-02 1.966737919334979323e-01 -1.774605691976116617e-01 -9.186448205817210333e-01 2.931191900318650401e-01
-2.388315224999008612e-01 3.082561823163545642e-02 -9.551154551420605598e-02 1.966744034573076338e-01 -1.775445409862733692e-01 -9.186292913155040818e-01 2.931165981787115515e-01
-2.388317571047595678e-01 3.082688594305968768e-02 -9.551226032337284400e-02 1.966883053491552125e-01 -1.775356906129365586e-01 -9.186380909780282877e-01 2.930850506281559298e-01
-2.388230571050423690e-01 3.087557385162103055e-02 -9.575370973460378687e-02 1.966674660121178198e-01 -1.774984928822610497e-01 -9.186475936529487907e-01 2.930917800153140518e-01
-2.388654986651607970e-01 3.086684772241981775e-02 -9.551180650918240922e-02 1.966480940276752187e-01 -1.775161575442640860e-01 -9.186523971150648560e-01 2.930790238156728567e-01
-2.388656559762845910e-01 3.086823862536093935e-02 -9.551266921159497214e-02 1.966597305197242407e-01 -1.775072767392727457e-01 -9.186628218930366074e-01 2.930439161082166177e-01
-2.388704610903313597e-01 3.094862514825011054e-02 -9.572245021314712554e-02 1.966691543061524217e-01 -1.775305022740162886e-01 -9.186537670862557903e-01 2.930519079021146611e-01
-2.389019045218715165e-01 3.095155730036209737e-02 -9.552705700589693427e-02 1.966757221420912249e-01 -1.776423067140966428e-01 -9.186303235173793880e-01 2.930532373128418300e-01
-2.389020729577657765e-01 3.095305671187604732e-02 -9.552801001814903437e-02 1.966877637946386481e-01 -1.776330190948327004e-01 -9.186417204761196942e-01 2.930150567827434216e-01
-2.388348465555565625e-01 3.091534955474382548e-02 -9.570908891575768962e-02 1.967225059841800350e-01 -1.777736648057079427e-01 -9.186112920398936676e-01 2.930018325499844090e-01
-2.388813201385505403e-01 3.085331315278602368e-02 -9.550197130785960387e-02 1.967201682717868993e-01 -1.778287080333567638e-01 -9.186006637974830635e-01 2.930033215940229252e-01
-2.388815034486724276e-01 3.085487190985724062e-02 -9.550300091026095450e-02 1.967333422124581954e-01 -1.778186517314885307e-01 -9.186128293107129750e-01 2.929624361314573378e-01
-2.388939721109291370e-01 3.094034257709453797e-02 -9.563043415263576541e-02 1.967411645029651379e-01 -1.778997758204304835e-01 -9.185958939433740422e-01 2.929610342407865109e-01
-2.389266981659229350e-01 3.094781970210372726e-02 -9.544225157644678492e-02 1.967650192614027183e-01 -1.780311824600093740e-01 -9.185711804314306006e-01 2.929426765559414170e-01
-2.389146750588406198e-01 3.100953935556021931e-02 -9.562748580458405034e-02 1.967984868958659039e-01 -1.781657406750776218e-01 -9.185454274895699101e-01 2.929191390865438227e-01
-2.389150209481344100e-01 3.101091531400014881e-02 -9.562832717922457870e-02 1.968173736767754867e-01 -1.781547689272828250e-01 -9.185550065422204424e-01 2.928830819348642311e-01
-2.389559022534565313e-01 3.098879125532623055e-02 -9.542015289780358955e-02 1.968216723726939066e-01 -1.782562423754233127e-01 -9.185331031471413166e-01 2.928871450943067445e-01
-2.389559604954149541e-01 3.099027930862026034e-02 -9.542130770856172006e-02 1.968295349024508090e-01 -1.782478328555451297e-01 -9.185462801579900027e-01 2.928456512914369148e-01
-2.389691912991700473e-01 3.106751434898310030e-02 -9.558721891257267178e-02 1.968149051080224088e-01 -1.782586956036747439e-01 -9.185335427300953537e-01 2.928888209691465350e-01
-2.390064866487001116e-01 3.107971075781090428e-02 -9.536650718539213534e-02 1.968248835831303278e-01 -1.783503390896069574e-01 -9.185146718195339455e-01 2.928855056184295758e-01
-2.390070318525977233e-01 3.108206320737761860e-02 -9.536805782537027820e-02 1.968548703807814215e-01 -1.783316370742961676e-01 -9.185324848970279898e-01 2.928208691583616963e-01
-2.389805455961889480e-01 3.109540954731887866e-02 -9.558235647145840730e-02 1.968605019348170226e-01 -1.783444850255497816e-01 -9.185306617507262850e-01 2.928149771830605985e-01
-2.389993035713109393e-01 3.112924939363991353e-02 -9.542415537194741393e-02 1.968563001353746955e-01 -1.784086810247345056e-01 -9.185202383587431907e-01 2.928113921237069928e-01
-2.390047619644454224e-01 3.119549515686802568e-02 -9.562121354510395854e-02 1.968482586416731295e-01 -1.783859077729713083e-01 -9.185249396679242562e-01 2.928159254306194059e-01
-2.390050560343687791e-01 3.119726007299067003e-02 -9.562244237905583033e-02 1.968669686486540227e-01 -1.783731035447369551e-01 -9.185386948071254665e-01 2.927679947141266781e-01
-2.390460504861651181e-01 3.118273399450653335e-02 -9.542077145234915958e-02 1.968909094333118059e-01 -1.784728768150998235e-01 -9.185165947786286811e-01 2.927604261851974310e-01
-2.390480739317332182e-01 3.123675560935376336e-02 -9.561590009969128667e-02 1.968820438131495543e-01 -1.784208130698631267e-01 -9.185209970387452350e-01 2.927843101779795676e-01
-2.390483589488557881e-01 3.123799080445125234e-02 -9.561676045406385105e-02 1.968977025325831798e-01 -1.784109849940100356e-01 -9.185304001725804746e-01 2.927502675142361066e-01
-2.390762440276581191e-01 3.127056638863957849e-02 -9.542443583352890057e-02 1.968992161946596653e-01 -1.784932669635094227e-01 -9.185175693513523143e-01 2.927393501111629215e-01
-2.390936210367180514e-01 3.135673310859851681e-02 -9.559170857600980675e-02 1.968975866193957702e-01 -1.784834987246778359e-01 -9.185179441245052701e-01 2.927452260716606469e-01
-2.390941285794470628e-01 3.135809643712628159e-02 -9.559249623002491481e-02 1.969227228887860393e-01 -1.784703855845661824e-01 -9.185266592864164137e-01 2.927089661412822230e-01
-2.391357922776347900e-01 3.132936348373194235e-02 -9.539219541291713012e-02 1.968886884261419890e-01 -1.784475472452721756e-01 -9.185348819290888311e-01 2.927199821185683115e-01
-2.391029732405735853e-01 3.133155286243111126e-02 -9.559167004187053840e-02 1.969129208868426739e-01 -1.784697501411850462e-01 -9.185259406994139564e-01 2.927182026021128980e-01
-2.391029732405735853e-01 3.133155286243111126e-02 -9.559167004187053840e-02 1.969129208868426739e-01 -1.784697501411850462e-01 -9.185259406994139564e-01 2.927182026021128980e-01
-2.391322976736478534e-01 3.133086995597918201e-02 -9.542635315478388558e-02 1.969268647727732968e-01 -1.785188799739832466e-01 -9.185253122991257069e-01 2.926808331431936527e-01
-2.391478878644318629e-01 3.140901110263095986e-02 -9.562804155723421407e-02 1.969302738639862882e-01 -1.784651629410966001e-01 -9.185261786663139194e-01 2.927085785502742676e-01
-2.391483147426907985e-01 3.141028223293600152e-02 -9.562885037743887318e-02 1.969515924729198786e-01 -1.784534789527015275e-01 -9.185348387173263296e-01 2.926741808472246853e-01
-2.391831231482944298e-01 3.142038191212324916e-02 -9.542472249368906534e-02 1.969547272811348892e-01 -1.785261184451861216e-01 -9.185229593711925489e-01 2.926650535039941325e-01
-2.392032117522746859e-01 3.149944452597641664e-02 -9.559194694739012177e-02 1.969411055764486163e-01 -1.784907350865906350e-01 -9.185247969035392757e-01 2.926900338171539717e-01
-2.392034590660001292e-01 3.150079194744744016e-02 -9.559297840770349108e-02 1.969549189422554192e-01 -1.784809122862506814e-01 -9.185357838989582913e-01 2.926522467896733315e-01
-2.392460483158662110e-01 3.146094412562622233e-02 -9.541918377178894295e-02 1.969696080425088480e-01 -1.785828766110348909e-01 -9.185133062712307339e-01 2.926507062892561573e-01
-2.391573051010364437e-01 3.135292907303482979e-02 -9.559909413227976605e-02 1.969876541859533481e-01 -1.786120874999299057e-01 -9.185016748584544644e-01 2.926572390689261005e-01
-2.391576854435490951e-01 3.135406408354532437e-02 -9.559988141485495361e-02 1.970066059116423740e-01 -1.786015560556842297e-01 -9.185098601475949476e-01 2.926252180064264907e-01
-2.391868873937194329e-01 3.137965932395023194e-02 -9.542794468775510353e-02 1.970330714682343443e-01 -1.787220955869394667e-01 -9.184883324626854639e-01 2.926013746152292261e-01
-2.391557856558604866e-01 3.138042307127700270e-02 -9.557870623479063077e-02 1.970401917764076916e-01 -1.787453986911193282e-01 -9.184838940018362763e-01 2.925962777116151159e-01
-2.391559330854443055e-01 3.138174694047253521e-02 -9.557984959868551234e-02 1.970506470486801387e-01 -1.787363189143045261e-01 -9.184958928160394942e-01 2.925571152420101684e-01
-2.391817068474854091e-01 3.141824443426735614e-02 -9.539998919306282021e-02 1.970580439828044650e-01 -1.788065644967677947e-01 -9.184817465325989527e-01 2.925536208645537761e-01
-2.391298629375291918e-01 3.139353189117352616e-02 -9.560825563699142104e-02 1.970666831317635925e-01 -1.788641164937401218e-01 -9.184671531249846144e-01 2.925584366598319441e-01
-2.391302113674073360e-01 3.139459709985072122e-02 -9.560902048194711011e-02 1.970847353983844474e-01 -1.788540401472765717e-01 -9.184749865694129545e-01 2.925278421659410211e-01
-2.391553436024158319e-01 3.140751256841980976e-02 -9.543346056603853322e-02 1.970455303889807330e-01 -1.787736141963313097e-01 -9.184929028625701264e-01 2.925471606630222765e-01
-2.391180596971259065e-01 3.140692091974961464e-02 -9.564870583926271541e-02 1.970605658237030988e-01 -1.787839126005409396e-01 -9.184874955622448489e-01 2.925477166006927865e-01
-2.391185047209566927e-01 3.140809987050177665e-02 -9.564949493910274159e-02 1.970835031886153665e-01 -1.787718894586136087e-01 -9.184954612067464108e-01 2.925146014353925406e-01
-2.391521925995045705e-01 3.137668986470562582e-02 -9.549214308200830448e-02 1.970560557856481654e-01 -1.787703853526042552e-01 -9.185008833923036242e-01 2.925169865266674107e-01
-2.391003981044028670e-01 3.135163140501075196e-02 -9.569386271335751648e-02 1.970657694327896392e-01 -1.788196678803462003e-01 -9.184884889329649749e-01 2.925192379907071705e-01
-2.391003957550807413e-01 3.135276841773979029e-02 -9.569497715940927796e-02 1.970699126515021438e-01 -1.788133341838228918e-01 -9.184998522383340802e-01 2.924846363208705724e-01
-2.391402763593182823e-01 3.132491811545495830e-02 -9.550891216371092118e-02 1.970518126511164869e-01 -1.787830445515379285e-01 -9.185016928380219658e-01 2.925095662802841834e-01
-2.390885733342240638e-01 3.130775515230352357e-02 -9.570472418904861500e-02 1.970791386965129455e-01 -1.788866038863328178e-01 -9.184771724186804320e-01 2.925048372017809428e-01
-2.390887596573023910e-01 3.130898694071830579e-02 -9.570578611324132012e-02 1.970914889561861671e-01 -1.788776068814461606e-01 -9.184878551032977789e-01 2.924684714035749034e-01
-2.391317364511588994e-01 3.122324933050470500e-02 -9.554953818542545607e-02 1.970549080034522949e-01 -1.788325125713338681e-01 -9.184984957007495954e-01 2.924872801928906640e-01
-2.390904983879279799e-01 3.121058807459254139e-02 -9.568456686521698007e-02 1.970780509171770056e-01 -1.789358449959765895e-01 -9.184787224346273593e-01 2.924705825499673839e-01
-2.390907724670280898e-01 3.121172293371507131e-02 -9.568549835794991354e-02 1.970941347438603664e-01 -1.789259566278189051e-01 -9.184878932500092352e-01 2.924369915854496682e-01
-2.391300762990551387e-01 3.117829302558186230e-02 -9.550906322540116122e-02 1.970894329820875868e-01 -1.789732932494083051e-01 -9.184793995730422544e-01 2.924378707866071014e-01
-2.391035528271918953e-01 3.118868474143807537e-02 -9.565218945185834098e-02 1.971014829399815871e-01 -1.790342891293531524e-01 -9.184655269890853457e-01 2.924359835442097988e-01
-2.391458792186860194e-01 3.117407881080079893e-02 -9.543942264042992729e-02 1.970820700436623774e-01 -1.790591470334931268e-01 -9.184614763538143656e-01 2.924465694531476201e-01
-2.391460871747455030e-01 3.117499783213361839e-02 -9.544022996845556717e-02 1.970941205235061389e-01 -1.790512364430340009e-01 -9.184695257160242488e-01 2.924180102426452432e-01
-2.391467537065205262e-01 3.121947793803358726e-02 -9.560993646588125672e-02 1.970920636356746636e-01 -1.790104334902425931e-01 -9.184746365673577273e-01 2.924283247839141175e-01
-2.391850883013263429e-01 3.120068527913966508e-02 -9.542988136058824788e-02 1.970650543836907076e-01 -1.790044128971186033e-01 -9.184767946556128271e-01 2.924434341599451148e-01
-2.391852337319257948e-01 3.120187384085923790e-02 -9.543098629901586305e-02 1.970751002590036549e-01 -1.789959835368943875e-01 -9.184880002839723723e-01 2.924066279514078159e-01
-2.391798047414252226e-01 3.123064255620827331e-02 -9.559788839521493609e-02 1.970840521230549647e-01 -1.789665867203820149e-01 -9.184879326498787133e-01 2.924188003753603327e-01
-2.392107223619082679e-01 3.124436038996925361e-02 -9.541482664556295845e-02 1.970816823907822479e-01 -1.790381263033051784e-01 -9.184750660669036559e-01 2.924170186723361042e-01
-2.392109294218068838e-01 3.124524486155783390e-02 -9.541561957283949125e-02 1.970930822878733391e-01 -1.790305843913806982e-01 -9.184829275204250409e-01 2.923892587292767353e-01
-2.392236660827790629e-01 3.130974000641367772e-02 -9.559377086121917388e-02 1.970828985769548791e-01 -1.789815965992997415e-01 -9.184854749828330611e-01 2.924181106101856331e-01
-2.392402442491598225e-01 3.132654766515166611e-02 -9.546950831974204688e-02 1.970758012996338127e-01 -1.789957115371463292e-01 -9.184829495096240581e-01 2.924221866642806589e-01
-2.392405126585729902e-01 3.132749207562329774e-02 -9.547032112651826496e-02 1.970897957765147535e-01 -1.789873061210810468e-01 -9.184908505329244521e-01 2.923930815453658072e-01
-2.392089165334605472e-01 3.131860015744142300e-02 -9.563951327465770869e-02 1.970873300876624934e-01 -1.789668775379366639e-01 -9.184909900813251760e-01 2.924068094327915701e-01
-2.392090334858962553e-01 3.131979186247513258e-02 -9.564071716835972903e-02 1.970964118834274137e-01 -1.789585820308303710e-01 -9.185026802376154986e-01 2.923690420282377689e-01
-2.392412234866204135e-01 3.133799982894142078e-02 -9.545947128012774452e-02 1.971036982019813699e-01 -1.790366484626041976e-01 -9.184877082195279652e-01 2.923633706742678195e-01
-2.392350560323586173e-01 3.138847884218638751e-02 -9.561482764575897353e-02 1.971092256830360712e-01 -1.791027356074322285e-01 -9.184740555742899604e-01 2.923620571919073874e-01
-2.392352351431716873e-01 3.138956905818066079e-02 -9.561589449407575936e-02 1.971207755789784466e-01 -1.790939813658244950e-01 -9.184842784228843815e-01 2.923275148932669154e-01
-2.392698263236769651e-01 3.138065066577409856e-02 -9.544926108617887706e-02 1.971232965571926843e-01 -1.791506823741160215e-01 -9.184701605484797415e-01 2.923354291586351406e-01
-2.392949696961954587e-01 3.147060247266826594e-02 -9.560318909891686590e-02 1.971262092826971679e-01 -1.791465371735802559e-01 -9.184679390588226244e-01 2.923429847860012365e-01
-2.393178623528030846e-01 3.150271323933323542e-02 -9.544460077940249143e-02 1.971015609718719530e-01 -1.792018988936039947e-01 -9.184515306974523341e-01 2.923772218468549400e-01
-2.393185835358732638e-01 3.150497780782399171e-02 -9.544653552411130892e-02 1.971393607310228946e-01 -1.791799933839339776e-01 -9.184700121300732878e-01 2.923070974835884073e-01
-2.392881429655813741e-01 3.150279545646146595e-02 -9.557959361761941830e-02 1.971436170803724242e-01 -1.792219540857390991e-01 -9.184561972149409836e-01 2.923219102558449745e-01
-2.393178619427341336e-01 3.151712739382034334e-02 -9.540313999292930613e-02 1.971144987364255308e-01 -1.792732289809074731e-01 -9.184392006010572151e-01 2.923635041484103914e-01
-2.393183891620773163e-01 3.151931435039287410e-02 -9.540512669446341021e-02 1.971438016213806765e-01 -1.792542182625801450e-01 -9.184584581884371879e-01 2.922948978334379833e-01
-2.393280264867029827e-01 3.158671596068902965e-02 -9.553790924268100448e-02 1.971390376790956023e-01 -1.792659307618724718e-01 -9.184554746185706886e-01 2.923003028294965389e-01
-2.393589011337720895e-01 3.159512785338465524e-02 -9.535666454457397689e-02 1.970974195769271964e-01 -1.792987441269486837e-01 -9.184435880880098546e-01 2.923455883892172036e-01
-2.393596391659085221e-01 3.159744807577032077e-02 -9.535865393025862169e-02 1.971365660303484590e-01 -1.792760803784637647e-01 -9.184626156663239227e-01 2.922733052491646721e-01
-2.392979467918011915e-01 3.155713000935440882e-02 -9.552621148805620632e-02 1.971574433475794808e-01 -1.793937968578936393e-01 -9.184395778823803980e-01 2.922593881482508094e-01
-2.393319207609367338e-01 3.157151452975338890e-02 -9.534752116420271151e-02 1.971440294712506203e-01 -1.794580378157767386e-01 -9.184183432287096327e-01 2.922957254702533425e-01
-2.393323493130041224e-01 3.157418373306777881e-02 -9.535012284058275167e-02 1.971717665450559709e-01 -1.794369977338662880e-01 -9.184437211779847843e-01 2.922101800938748384e-01
-2.392826649799903449e-01 3.155348523571814556e-02 -9.552553106180930453e-02 1.971992334186229157e-01 -1.795180143393704797e-01 -9.184244640611323174e-01 2.922024104636695152e-01
-2.393226768369532409e-01 3.151216796089206795e-02 -9.537210438060240991e-02 1.971734710054004192e-01 -1.795515370786248677e-01 -9.184107891746940977e-01 2.922421772980440258e-01
-2.393235348806446172e-01 3.151390683934363057e-02 -9.537348607858615879e-02 1.972174687159498618e-01 -1.795298016031819932e-01 -9.184231391419224177e-01 2.921870254790458477e-01
-2.392978032134595867e-01 3.152089723417031419e-02 -9.550511985847694174e-02 1.972427832076273091e-01 -1.796009768015608965e-01 -9.184110152495281731e-01 2.921643042412356839e-01
-2.393440306210278534e-01 3.144653376226018426e-02 -9.534454383193358140e-02 1.972012718401922327e-01 -1.796077220513433992e-01 -9.184016548725852935e-01 2.922175985313592572e-01
-2.393445493336553986e-01 3.144832704937554346e-02 -9.534629911925057710e-02 1.972294279022624441e-01 -1.795904623473095763e-01 -9.184180212683834554e-01 2.921577601445713435e-01
-2.393169734690951955e-01 3.145134832839840966e-02 -9.550631723063858491e-02 1.972374088552619753e-01 -1.796315718733595412e-01 -9.184078100241362952e-01 2.921591987616308228e-01
-2.393479567046795931e-01 3.140871227741871829e-02 -9.539083622101568460e-02 1.972212388691074736e-01 -1.796983292883554406e-01 -9.183862202642361083e-01 2.921969264360565477e-01
-2.393484134781090900e-01 3.141114228475870573e-02 -9.539339469243773850e-02 1.972495517918816110e-01 -1.796778276196056567e-01 -9.184103254776188052e-01 2.921146463905828772e-01
-2.393619061279055882e-01 3.146511317017240683e-02 -9.553031637697360912e-02 1.972376042160196297e-01 -1.796290485846910867e-01 -9.184193525732312624e-01 2.921243317607253309e-01
-2.393813995789938753e-01 3.149975547808817056e-02 -9.537683989728107381e-02 1.972218575700352694e-01 -1.797039039796696769e-01 -9.183935052569581758e-01 2.921701820736123945e-01
-2.393822228330043655e-01 3.150152308603305917e-02 -9.537840195793854947e-02 1.972645521595391971e-01 -1.796821125650948092e-01 -9.184072414801982553e-01 2.921115774531604092e-01
-2.393907003682676227e-01 3.155286728616389647e-02 -9.554103273404740415e-02 1.972621242348474579e-01 -1.796259560813734946e-01 -9.184165122552426785e-01 2.921186064959294670e-01
-2.394122024686143047e-01 3.158489410607238923e-02 -9.539311721368072539e-02 1.972401915255913296e-01 -1.796757126202824795e-01 -9.183985267455823109e-01 2.921593592765525105e-01
-2.394129998655938341e-01 3.158695522965603020e-02 -9.539502269361700704e-02 1.972832322167980823e-01 -1.796521746734700553e-01 -9.184155751988307692e-01 2.920911735287231026e-01
-2.393814830926780657e-01 3.157417825717799553e-02 -9.554911832796748883e-02 1.972763420353223218e-01 -1.796303237022470745e-01 -9.184137711446263008e-01 2.921149373991241416e-01
-2.394003025138929930e-01 3.163344385376787304e-02 -9.538802676646092327e-02 1.972678771288573496e-01 -1.797250387667697069e-01 -9.183862984800181817e-01 2.921487666541283112e-01
-2.394008305122992120e-01 3.163560858340427884e-02 -9.539027210026553016e-02 1.972988797575502551e-01 -1.797046890596727953e-01 -9.184070073298939985e-01 2.920752397306726755e-01
-2.393470460459880822e-01 3.158498382442677388e-02 -9.555669710409737949e-02 1.973060228512819037e-01 -1.797151913105411447e-01 -9.183954623540243611e-01 2.921002534856189103e-01
-2.393823680735782666e-01 3.154099533587263748e-02 -9.541204427030398894e-02 1.972527971555455562e-01 -1.796776420835225485e-01 -9.183947393209583865e-01 2.921615678647820902e-01
-2.393828782564693947e-01 3.154330241014842440e-02 -9.541447012726117505e-02 1.972838403956835851e-01 -1.796566262684245463e-01 -9.184170898517732828e-01 2.920832621441662447e-01
-2.393832082060246558e-01 3.154544572054521212e-02 -9.541688867606602786e-02 1.973064035524992876e-01 -1.796387839745731685e-01 -9.184394573592434829e-01 2.920086532535864365e-01
-2.394053206535797229e-01 3.145835407038416465e-02 -9.547069002520003345e-02 1.972603800793407969e-01 -1.796994027431039753e-01 -9.183994283975146500e-01 2.921283228717201363e-01
-2.394057048396336929e-01 3.146029765276919798e-02 -9.547291165884665143e-02 1.972833027316112098e-01 -1.796823316341213950e-01 -9.184196586858042188e-01 2.920597348168418872e-01
-2.393587469877856422e-01 3.143154990195520804e-02 -9.567144428915579091e-02 1.972917626985092876e-01 -1.797152648160412758e-01 -9.184100457937776074e-01 2.920639857094446956e-01
-2.393626279539290969e-01 3.151604426909201950e-02 -9.554328406484562108e-02 1.972776481595256426e-01 -1.797461681840491488e-01 -9.183937778823658693e-01 2.921056543560111018e-01
-2.393630186635186952e-01 3.151813280593894484e-02 -9.554565499889587643e-02 1.973032922551091750e-01 -1.797276151315804760e-01 -9.184150392588930067e-01 2.920328935025902073e-01
-2.393058150790586813e-01 3.147014601105253828e-02 -9.569954897233134972e-02 1.973297886423922565e-01 -1.797518860180865596e-01 -9.184021136427196197e-01 2.920407020329092718e-01
-2.393148419524794013e-01 3.153993765873440436e-02 -9.556104979856613890e-02 1.973141830670780694e-01 -1.798138113058089238e-01 -9.183780441773048420e-01 2.920888125165339577e-01
-2.393153733392384963e-01 3.154195043956256606e-02 -9.556319695848201901e-02 1.973475232250019862e-01 -1.797934137967169277e-01 -9.183968417082188918e-01 2.920197331904962335e-01
-2.392971060783933290e-01 3.155633971607949007e-02 -9.572295866541299936e-02 1.973441433959021996e-01 -1.797947074960199454e-01 -9.183935198981263426e-01 2.920316675172197618e-01
-2.393297407176853131e-01 3.154975966500038476e-02 -9.557360874269875406e-02 1.973252377160676363e-01 -1.798551723403385982e-01 -9.183730191380690133e-01 2.920716782948193369e-01
-2.393303879610140239e-01 3.155144284990832326e-02 -9.557527757887601672e-02 1.973629067872189891e-01 -1.798348940849347488e-01 -9.183870267239255814e-01 2.920146623701413979e-01
-2.393068727680138508e-01 3.155070041301367978e-02 -9.569962221880065623e-02 1.973718492782514378e-01 -1.798619048242143248e-01 -9.183781328139555278e-01 2.920199538980874365e-01
-2.393362755829793742e-01 3.154393731001650658e-02 -9.557772966559836825e-02 1.973680386268802378e-01 -1.799643776017599284e-01 -9.183487260568614641e-01 2.920518746262880661e-01
-2.393367342684969423e-01 3.154580280143549909e-02 -9.557981323102135440e-02 1.973968659872953613e-01 -1.799458693049471592e-01 -9.183669766078805807e-01 2.919863998452340570e-01
-2.393025975297117802e-01 3.153827600555315913e-02 -9.575097145692607059e-02 1.974052550053773669e-01 -1.799575230460443431e-01 -9.183615468714785290e-01 2.919906238618275585e-01
-2.393168194633137902e-01 3.158715546548535036e-02 -9.562431628761490499e-02 1.973939038718949823e-01 -1.800332090075719149e-01 -9.183345292786216918e-01 2.920366119226512902e-01
-2.393174281649808610e-01 3.158914040276626645e-02 -9.562643837023686311e-02 1.974307945029937505e-01 -1.800118094111810563e-01 -9.183526526795779965e-01 2.919678666751042151e-01
-2.393200372621200334e-01 3.164720406526119745e-02 -9.576969880261412826e-02 1.974256244889911471e-01 -1.800623632122135276e-01 -9.183434328169279848e-01 2.919691893874852839e-01
-2.393432833118357417e-01 3.165463658479054920e-02 -9.563721642099259901e-02 1.974146759984448107e-01 -1.801056129138859374e-01 -9.183351540267572499e-01 2.919759558182739023e-01
-2.393435439379110186e-01 3.165563808988544614e-02 -9.563832801497335057e-02 1.974312822832501868e-01 -1.800952901096977143e-01 -9.183447497491232792e-01 2.919409115977335545e-01
-2.392777683582096582e-01 3.159933507488978111e-02 -9.577893921346003481e-02 1.974592695588775482e-01 -1.801728724615868082e-01 -9.183259112953749970e-01 2.919333717438521991e-01
-2.392962510846690927e-01 3.165356220904104456e-02 -9.562561151768335377e-02 1.974459972447834832e-01 -1.802672559910529770e-01 -9.182966823036085025e-01 2.919760227478532255e-01
-2.392969138999575529e-01 3.165567461486551437e-02 -9.562785604209604606e-02 1.974876661176320491e-01 -1.802434388115050079e-01 -9.183157220008872912e-01 2.919026536755069956e-01
-2.392611740946183896e-01 3.165765184157889878e-02 -9.579265830332922560e-02 1.974974833375598426e-01 -1.803243643096982263e-01 -9.182969640030241854e-01 2.919050421189431921e-01
-2.392729707460631294e-01 3.168970510250551653e-02 -9.567384561359075501e-02 1.974773441607367008e-01 -1.802908684315203680e-01 -9.183025406651775802e-01 2.919218133530109283e-01
-2.392732897453583030e-01 3.169074358615545095e-02 -9.567495325395028449e-02 1.974981417956870322e-01 -1.802791286069320154e-01 -9.183117804836962161e-01 2.918859256641879729e-01
-2.392359789177986029e-01 3.167574727888210206e-02 -9.580947758924682200e-02 1.975048615809831265e-01 -1.803274073060339711e-01 -9.183051069546286360e-01 2.918725515823787364e-01
-2.392778796913124784e-01 3.164042465360610012e-02 -9.564657941647956851e-02 1.974783944692402315e-01 -1.803216125629887312e-01 -9.183053931234310685e-01 2.918931392152874227e-01
-2.392780729887245272e-01 3.164137972966971080e-02 -9.564769089923060019e-02 1.974928131281949439e-01 -1.803120093326991413e-01 -9.183150102995795150e-01 2.918590582997202532e-01
-2.392771499822796410e-01 3.168453352663830325e-02 -9.575342090875686718e-02 1.974929732945466532e-01 -1.803447466018860412e-01 -9.183106061177878088e-01 2.918525801906889372e-01
-2.393022571141565913e-01 3.167696051063548235e-02 -9.562085175620850530e-02 1.974496624965432767e-01 -1.803000193041958132e-01 -9.183226964447461782e-01 2.918714768752819211e-01
-2.393023642126803074e-01 3.167775059425950723e-02 -9.562185161118491594e-02 1.974580616783881137e-01 -1.802933986039027547e-01 -9.183314567977214349e-01 2.918423200186062716e-01
-2.392923340715936986e-01 3.171252447561308252e-02 -9.577792180889223295e-02 1.974613584445107373e-01 -1.803126442250810313e-01 -9.183288848322513909e-01 2.918362923567960898e-01
-2.393211587819754071e-01 3.174198969739908116e-02 -9.560890557793745581e-02 1.974455661759320635e-01 -1.803385429450672928e-01 -9.183244866840991616e-01 2.918448140404443225e-01
-2.393212947579851368e-01 3.174298860507808462e-02 -9.561013505308169069e-02 1.974566949660910287e-01 -1.803297772961399703e-01 -9.183353498712920615e-01 2.918085163427616147e-01
-2.392842463084818849e-01 3.172228951806219110e-02 -9.574618086812664020e-02 1.974634235962214324e-01 -1.803697678538118132e-01 -9.183226878434587181e-01 2.918190949509416598e-01
-2.393161265394930237e-01 3.172300374161957093e-02 -9.559151436173460303e-02 1.974366933301512639e-01 -1.803727064984657624e-01 -9.183238689716912706e-01 2.918316476226286427e-01
-2.393161442957143503e-01 3.172393531024368662e-02 -9.559277958545606135e-02 1.974409698436634664e-01 -1.803665362545226469e-01 -9.183353166772880716e-01 2.917965424229095328e-01
-2.393128358260666055e-01 3.175416465814177858e-02 -9.572559833769933579e-02 1.974353559804171154e-01 -1.803425338615389784e-01 -9.183346626106703159e-01 2.918172341329960950e-01
-2.393402088735193389e-01 3.174108413213719282e-02 -9.561201468069738252e-02 1.974369335117706070e-01 -1.804238794448618788e-01 -9.183146267104073113e-01 2.918289351336842974e-01
-2.393405812284419287e-01 3.174201796305746448e-02 -9.561301621947038143e-02 1.974591289879949474e-01 -1.804122467440936184e-01 -9.183225608549295815e-01 2.917961408738898310e-01
-2.393155329962765865e-01 3.173619202346882051e-02 -9.575354444249571662e-02 1.974639623169260061e-01 -1.803676413836378112e-01 -9.183234409854743596e-01 2.918176746950071343e-01
-2.393379084014462810e-01 3.177014980412959377e-02 -9.561988233503793122e-02 1.974573396304861173e-01 -1.804671845089220183e-01 -9.183054910162942175e-01 2.918170994146782604e-01
-2.393379876838398479e-01 3.177118981988540092e-02 -9.562127798289861424e-02 1.974652990162624744e-01 -1.804590097532668969e-01 -9.183179001535619612e-01 2.917777163198737034e-01
-2.393263145441849871e-01 3.178889457306656452e-02 -9.574431230509479474e-02 1.974638324978200687e-01 -1.804504331823394980e-01 -9.183199192002802214e-01 2.917776585339765250e-01
-2.393444680463050200e-01 3.178578941394498425e-02 -9.565065750133364131e-02 1.974580710342509482e-01 -1.804957756153691140e-01 -9.183079610853965846e-01 2.917911475278519573e-01
-2.393446767721029156e-01 3.178649006822616141e-02 -9.565152815786959195e-02 1.974708749654890405e-01 -1.804880926920390261e-01 -9.183150727908406807e-01 2.917648522730367233e-01
-2.393016137961206935e-01 3.176781393758421057e-02 -9.580191500705077801e-02 1.974930186270933974e-01 -1.805368043488222995e-01 -9.182964773159177918e-01 2.917782541901466353e-01
-2.393149315849319725e-01 3.181159229891809825e-02 -9.568766630811788299e-02 1.974954671486903179e-01 -1.805968245731994215e-01 -9.182819530642470918e-01 2.917851642669818668e-01
-2.393151738052484989e-01 3.181239733464857888e-02 -9.568865183754353410e-02 1.975113833910748518e-01 -1.805874329675016821e-01 -9.182899049312928108e-01 2.917551764518138135e-01
-2.392993734360012448e-01 3.183036510528440555e-02 -9.580552179207287022e-02 1.975144609986075883e-01 -1.806122363768342676e-01 -9.182762240988349145e-01 2.917807978983100181e-01
-2.393018877330572725e-01 3.188220010502446078e-02 -9.572872289847439431e-02 1.975161120110109914e-01 -1.806484042542801927e-01 -9.182654845169848645e-01 2.917910887625302374e-01
-2.393019827167375824e-01 3.188337000402240162e-02 -9.573032112944167282e-02 1.975263533926241710e-01 -1.806386123092850737e-01 -9.182794771009448187e-01 2.917461797412320146e-01
-2.392994322601436630e-01 3.188427164793264379e-02 -9.581886150450515116e-02 1.975385600691344778e-01 -1.807503989912147557e-01 -9.182581741800249775e-01 2.917357299027609763e-01
-2.393048461130871662e-01 3.196303341569943501e-02 -9.570349238554103077e-02 1.975512330636016167e-01 -1.808260068001440457e-01 -9.182385563733761469e-01 2.917420421692814569e-01
-2.393049430515200304e-01 3.196398904483914449e-02 -9.570480233331601916e-02 1.975609788851338811e-01 -1.808175478398107439e-01 -9.182498673134151801e-01 2.917050825646358980e-01
-2.392949279768548931e-01 3.194511562592815268e-02 -9.578830456148389183e-02 1.975643418840448140e-01 -1.809002512408821595e-01 -9.182350074925313965e-01 2.916983046438575422e-01
-2.392876705509553448e-01 3.201232765436785865e-02 -9.571926848270372046e-02 1.975534124473765640e-01 -1.808498347792740213e-01 -9.182406029587246721e-01 2.917193541208807916e-01
-2.392879851612061404e-01 3.201333494057120865e-02 -9.572048826314076553e-02 1.975757694000936926e-01 -1.808373203367952819e-01 -9.182501021775488770e-01 2.916820679614871015e-01
-2.393108267656169352e-01 3.198557189042186555e-02 -9.572380915975496618e-02 1.975849008054584577e-01 -1.809369618238237387e-01 -9.182285412541206782e-01 2.916819652395239437e-01
-2.392892692851001646e-01 3.208981806828166417e-02 -9.566526057592440735e-02 1.975501544411234212e-01 -1.809280207627577686e-01 -9.182308584781031513e-01 2.917037509558716435e-01
-2.392894145365744019e-01 3.209092186020633120e-02 -9.566674697750830736e-02 1.975635837369777992e-01 -1.809177812126459006e-01 -9.182434836040999082e-01 2.916612618101731558e-01
-2.393044661274620066e-01 3.199644864459677551e-02 -9.566290292438130172e-02 1.975764077123991491e-01 -1.810109756272196280e-01 -9.182205419337254870e-01 2.916669782283922152e-01
-2.392897535007011411e-01 3.206406157536598189e-02 -9.562351696211687790e-02 1.975650950037313724e-01 -1.809852688679617905e-01 -9.182204588996119021e-01 2.916908544112148394e-01
-2.392900202840440305e-01 3.206492567950761097e-02 -9.562459470420361929e-02 1.975846733768785446e-01 -1.809742327365178594e-01 -9.182288464615249168e-01 2.916580351334731591e-01
-2.393013149467022316e-01 3.204081288643813308e-02 -9.570885059298374353e-02 1.975974039343878219e-01 -1.810039866730481783e-01 -9.182171911084577864e-01 2.916676408512731689e-01
-2.392868141019801331e-01 3.210805014022384551e-02 -9.566991510823727451e-02 1.975896059063662613e-01 -1.809807106164315060e-01 -9.182154288105592865e-01 2.916929144096217508e-01
-2.392870925470846344e-01 3.210896428707939176e-02 -9.567105320517380052e-02 1.976098626915893108e-01 -1.809693966761191097e-01 -9.182242349444404983e-01 2.916584886376353825e-01
-2.393165726656539261e-01 3.200713731655031868e-02 -9.568940765002091620e-02 1.976033381114453980e-01 -1.810066855333526403e-01 -9.182161062146394492e-01 2.916653610689310949e-01
-2.392987096431195282e-01 3.208897472872390688e-02 -9.564174732271309154e-02 1.975980973936140583e-01 -1.809918926827940311e-01 -9.182128876244064486e-01 2.916882234338112889e-01
-2.392989483881829971e-01 3.208995651585053177e-02 -9.564302095425238071e-02 1.976162935568370749e-01 -1.809807629472879320e-01 -9.182231181037625589e-01 2.916505946225369517e-01
-2.393123686926549865e-01 3.199161556630358838e-02 -9.566697956902539546e-02 1.976303594544394082e-01 -1.810332488242921145e-01 -9.182070669197011092e-01 2.916590236916227763e-01
-2.392946084868786960e-01 3.207226994210128634e-02 -9.561991301963032597e-02 1.976255092471483066e-01 -1.810186657952356226e-01 -9.182037459203034047e-01 2.916818158652353943e-01
-2.392947431994672802e-01 3.207349372136650278e-02 -9.562162805672638766e-02 1.976394322344687815e-01 -1.810072236103167920e-01 -9.182184028863730196e-01 2.916333390195982589e-01
-2.393520275716929380e-01 3.203334729351163535e-02 -9.565855004388795768e-02 1.976234751723103256e-01 -1.809725451023631027e-01 -9.182225116016872191e-01 2.916527372885116542e-01
-2.393383098609549453e-01 3.210284700597246244e-02 -9.562052710551842416e-02 1.976194546323170043e-01 -1.809830185561026039e-01 -9.182179742910445697e-01 2.916632473144286086e-01
-2.393384682521747520e-01 3.210362654641718549e-02 -9.562162244830553492e-02 1.976319685340100218e-01 -1.809745109233809601e-01 -9.182268749144346653e-01 2.916320242948065578e-01
-2.393699207558938058e-01 3.204518780400759936e-02 -9.564425116668730242e-02 1.976260573533961118e-01 -1.810562697315638570e-01 -9.182125113562753516e-01 2.916305070369789587e-01
-2.393521617479672792e-01 3.212532854077133904e-02 -9.559772601715713081e-02 1.976215993334915488e-01 -1.810402005312563567e-01 -9.182112463799783075e-01 2.916474863423341723e-01
-2.393525033889765119e-01 3.212608089946646095e-02 -9.559865341389660320e-02 1.976444001148375262e-01 -1.810286416206173254e-01 -9.182178415149306883e-01 2.916184451297650915e-01
-2.393335998957579480e-01 3.201754545735356616e-02 -9.565018517229152695e-02 1.976698975821526427e-01 -1.811420190353468240e-01 -9.181901426399325938e-01 2.916179735347596003e-01
-2.393159276365721400e-01 3.210018398790373539e-02 -9.560327784818788144e-02 1.976527948150210157e-01 -1.811427574123440909e-01 -9.181862113635680389e-01 2.916414843616750296e-01
-2.393161836382678709e-01 3.210116609245737551e-02 -9.560461352541599345e-02 1.976719577268136185e-01 -1.811310099711039290e-01 -9.181968272968157319e-01 2.916023674412782096e-01
-2.393110464551251593e-01 3.203648612614636015e-02 -9.566356652810625860e-02 1.976919095913321767e-01 -1.812020522451716631e-01 -9.181803709974739602e-01 2.915965216857216991e-01
-2.392896567096024218e-01 3.213467683938962816e-02 -9.560780203251530163e-02 1.976832034497487678e-01 -1.811805818396482470e-01 -9.181815266149696564e-01 2.916121259843214575e-01
-2.392897824175170274e-01 3.213548008274516588e-02 -9.560897060472184350e-02 1.976950909351569974e-01 -1.811719108943172785e-01 -9.181911267919742325e-01 2.915792249175622741e-01
-2.392692615871815642e-01 3.211341121494978856e-02 -9.572862631260778410e-02 1.977024747761199353e-01 -1.812466906123831878e-01 -9.181705256132766113e-01 2.915926173696721246e-01
-2.392504362632148773e-01 3.219263552164589037e-02 -9.568175833730803437e-02 1.976837702185213763e-01 -1.812097179644446832e-01 -9.181726193640732392e-01 2.916216832774163326e-01
-2.392507197990792756e-01 3.219343422158967016e-02 -9.568279323442034634e-02 1.977045998342479849e-01 -1.811987303888217271e-01 -9.181801685675492486e-01 2.915906194635313753e-01
-2.392740002182982273e-01 3.211083128248218288e-02 -9.569246015665257288e-02 1.976865701250240526e-01 -1.812068723597062836e-01 -9.181782340011770405e-01 2.916038751599447365e-01
-2.392656700352736865e-01 3.214635431876095018e-02 -9.567131889849067594e-02 1.976898639684468995e-01 -1.812060006009725832e-01 -9.181719856261486568e-01 2.916218576198855161e-01
-2.392659804688553327e-01 3.214719913073640911e-02 -9.567244110718169103e-02 1.977126128027916208e-01 -1.811938178503506580e-01 -9.181801366721471513e-01 2.915883394997552114e-01
-2.393002715086426924e-01 3.209666635609963181e-02 -9.568383580761979923e-02 1.976890502009361616e-01 -1.811977550098060608e-01 -9.181829394818450396e-01 2.915930428774607952e-01
-2.392814070898486856e-01 3.217423531332717912e-02 -9.563787195014022968e-02 1.976675024853814244e-01 -1.811601753963263950e-01 -9.181872700697679690e-01 2.916173629833976322e-01
-2.392815313225959417e-01 3.217505885425789303e-02 -9.563909728099341534e-02 1.976795393487505159e-01 -1.811514043516389560e-01 -9.181972145019180465e-01 2.915833392106164101e-01
-2.392894401092922618e-01 3.206932414264003495e-02 -9.565687774062735238e-02 1.976753915033080122e-01 -1.812374998156912609e-01 -9.181832743351009407e-01 2.915765473865203350e-01
-2.392713726282116593e-01 3.214520020263357536e-02 -9.561247981699301512e-02 1.976656401012829578e-01 -1.812216214308228213e-01 -9.181840681041832930e-01 2.915905275021567489e-01
-2.392716490818720954e-01 3.214586949593695175e-02 -9.561337040002698684e-02 1.976855097731163857e-01 -1.812114374352580826e-01 -9.181903152963677428e-01 2.915637135590560813e-01
-2.392782347084652372e-01 3.208751121762543068e-02 -9.568333097934504650e-02 1.976927409932693891e-01 -1.813279071461178504e-01 -9.181668151922679488e-01 2.915604049391218311e-01
-2.392605239524511762e-01 3.216699445557973103e-02 -9.563788950469775951e-02 1.976823321341485418e-01 -1.813229778472531528e-01 -9.181613581927117185e-01 2.915877116552130222e-01
-2.392606589460646305e-01 3.216775823883878671e-02 -9.563903818684452163e-02 1.976946227613905205e-01 -1.813145631773820932e-01 -9.181705004160103378e-01 2.915558222310774550e-01
-2.392679944412871296e-01 3.220212314912078433e-02 -9.563966481389923890e-02 1.976599184316244762e-01 -1.814047833437883450e-01 -9.181335123409777310e-01 2.916397002158937490e-01
-2.392684623457408677e-01 3.220388859614520261e-02 -9.564217054377235905e-02 1.976975457709976847e-01 -1.813823824397093887e-01 -9.181526460151752111e-01 2.915678829225732960e-01
-2.392687819587264453e-01 3.220468142548568724e-02 -9.564323323238953234e-02 1.977213052484725342e-01 -1.813701242330369445e-01 -9.181600260886833009e-01 2.915361555268258797e-01
-2.392687819587264453e-01 3.220468142548568724e-02 -9.564323323238953234e-02 1.977213052484725342e-01 -1.813701242330369445e-01 -9.181600260886833009e-01 2.915361555268258797e-01
-2.392753849350562900e-01 3.224370922558343622e-02 -9.564468091012466588e-02 1.977076279791373514e-01 -1.813143119427458316e-01 -9.181597772303360383e-01 2.915809280455960995e-01
-2.392755510536887786e-01 3.224459299201636042e-02 -9.564599200081176644e-02 1.977225511645027412e-01 -1.813043334887852187e-01 -9.181701447405468119e-01 2.915443649366447620e-01
-2.392758284587321593e-01 3.224544729410704080e-02 -9.564718664547459948e-02 1.977444042592995666e-01 -1.812921677583962943e-01 -9.181788706784385079e-01 2.915096257986408146e-01
-2.392871678094430909e-01 3.222017502930540900e-02 -9.564250812600430529e-02 1.977118683582219094e-01 -1.812827101999694990e-01 -9.181656612540711748e-01 2.915791737877190815e-01
-2.392873067017634581e-01 3.222089680465682615e-02 -9.564362143101706737e-02 1.977242977563330173e-01 -1.812742684446630448e-01 -9.181743879456037982e-01 2.915485122536781160e-01
-2.393182293313610709e-01 3.228746064790556647e-02 -9.559773074581767727e-02 1.976714386782376653e-01 -1.813546973393354578e-01 -9.181428613209299261e-01 2.916336096701640512e-01
-2.393188182554486509e-01 3.228875364041457197e-02 -9.559950192496369237e-02 1.977122251710235756e-01 -1.813339299939182858e-01 -9.181550047252584612e-01 2.915806391872472481e-01
-2.393190053847305820e-01 3.228951140012507881e-02 -9.560064559045927668e-02 1.977267407189660653e-01 -1.813247962453739537e-01 -9.181638474164464103e-01 2.915486298521342001e-01
-2.393111077874108816e-01 3.230522366132074219e-02 -9.560104686767294246e-02 1.976959882989069994e-01 -1.814224001698194200e-01 -9.181271273222099127e-01 2.916243937022529042e-01
-2.393115919103784572e-01 3.230660740664047237e-02 -9.560305484468614723e-02 1.977310903966804090e-01 -1.814029110251870192e-01 -9.181417789812981178e-01 2.915665849359027617e-01
-2.393118371182223758e-01 3.230744551403921805e-02 -9.560428810134959099e-02 1.977499587291662031e-01 -1.813918800952186161e-01 -9.181510249014974701e-01 2.915315336811173941e-01
-2.393295476033348024e-01 3.229597977805981346e-02 -9.555531091031728430e-02 1.977080180530518538e-01 -1.814702629274641543e-01 -9.181199291439428034e-01 2.916091201922403897e-01
-2.393299291069544144e-01 3.229767532205785052e-02 -9.555792472962074124e-02 1.977390123037411074e-01 -1.814499229217504395e-01 -9.181403961152367899e-01 2.915363125001551037e-01
-2.393301715931279994e-01 3.229842081363862305e-02 -9.555904577115756360e-02 1.977573345279431405e-01 -1.814394456367690034e-01 -9.181486787745533062e-01 2.915043187878478825e-01
-2.393301715931279994e-01 3.229842081363862305e-02 -9.555904577115756360e-02 1.977573345279431405e-01 -1.814394456367690034e-01 -9.181486787745533062e-01 2.915043187878478825e-01
-2.393301715931279994e-01 3.229842081363862305e-02 -9.555904577115756360e-02 1.977573345279431405e-01 -1.814394456367690034e-01 -9.181486787745533062e-01 2.915043187878478825e-01
-2.393266050915244803e-01 3.230413424998015981e-02 -9.556730693182513559e-02 1.977351922051213962e-01 -1.815851081075226525e-01 -9.180961078878859816e-01 2.915942025457606279e-01
-2.393170890844793508e-01 3.232565545953501596e-02 -9.559279935389432270e-02 1.977440221069713677e-01 -1.816856277700011901e-01 -9.180732402543949622e-01 2.915975992897990032e-01
-2.393175018490241723e-01 3.232717888505548531e-02 -9.559527767811942800e-02 1.977783333723863168e-01 -1.816647596046845892e-01 -9.180916378777790321e-01 2.915293989036275013e-01
-2.393176313378062026e-01 3.232810224906713936e-02 -9.559685465156231299e-02 1.977917271075014249e-01 -1.816544419262461907e-01 -9.181041329185875011e-01 2.914873882933952665e-01
-2.393233136876996570e-01 3.238186335275296257e-02 -9.560267957675779027e-02 1.977483452343702375e-01 -1.817028861564958242e-01 -9.180703548274167236e-01 2.915929983839276041e-01
-2.393237076761557947e-01 3.238342354992509997e-02 -9.560521920953068964e-02 1.977812751920099421e-01 -1.816824176093855825e-01 -9.180893909854499491e-01 2.915234749981501228e-01
-2.393239084920790460e-01 3.238427765446776074e-02 -9.560661936840400554e-02 1.977986600179301724e-01 -1.816714504542856212e-01 -9.180999332032467874e-01 2.914853115289707253e-01
-2.392995990439794052e-01 3.243199290231109366e-02 -9.563927856666985805e-02 1.977731067216346172e-01 -1.818009185996274368e-01 -9.180530414093666103e-01 2.915696098927597624e-01
-2.393000202909816021e-01 3.243370591874727982e-02 -9.564205739811751372e-02 1.978109321251709796e-01 -1.817777423646625423e-01 -9.180736008162106998e-01 2.914936551572508971e-01
-2.393001966448986828e-01 3.243445951329902710e-02 -9.564332014243488722e-02 1.978271643488513365e-01 -1.817675468990604393e-01 -9.180829606990201786e-01 2.914595155662474402e-01
-2.392900690431264965e-01 3.244629612991409284e-02 -9.566747348293082320e-02 1.977806545068803434e-01 -1.818518540493188618e-01 -9.180497108674965379e-01 2.915432116475383806e-01
-2.392903376416068151e-01 3.244787754132789914e-02 -9.567016141145058550e-02 1.978091215538287650e-01 -1.818322555729390833e-01 -9.180702021689415293e-01 2.914715872136396380e-01
-2.392905372003535369e-01 3.244872060233784661e-02 -9.567156349759944889e-02 1.978275574471748399e-01 -1.818208367376993873e-01 -9.180805502499431725e-01 2.914336015205679087e-01
-2.392995565285895021e-01 3.244557893370357549e-02 -9.563202601183130869e-02 1.977742688213224020e-01 -1.818662617045708196e-01 -9.180482824145488330e-01 2.915430544559289849e-01
-2.392999485150429095e-01 3.244700701092739781e-02 -9.563437129280229210e-02 1.978082896050485096e-01 -1.818460527218074274e-01 -9.180652823964456921e-01 2.914790402951082937e-01
-2.393000793612518329e-01 3.244767043092178227e-02 -9.563551292544011928e-02 1.978207762217528698e-01 -1.818377589086099810e-01 -9.180738882925767452e-01 2.914486328076812960e-01
-2.393173494487627062e-01 3.249168075465827532e-02 -9.563052254250298256e-02 1.977847954555046472e-01 -1.819009523937218376e-01 -9.180357393667600840e-01 2.915537676830937674e-01
-2.393178765736022617e-01 3.249319426198107874e-02 -9.563292344954792135e-02 1.978270088175428931e-01 -1.818775595766920494e-01 -9.180525566593740194e-01 2.914867597609149263e-01
-2.393179843073093560e-01 3.249392250326842146e-02 -9.563419654535090797e-02 1.978380149996103732e-01 -1.818693432134694810e-01 -9.180624621764046367e-01 2.914532164219719723e-01
-2.393419964432158820e-01 3.250597410915311014e-02 -9.562421433914780611e-02 1.977883517498368882e-01 -1.819111020240762322e-01 -9.180373377299239079e-01 2.915399893774821005e-01
-2.393424386018361272e-01 3.250780505977513002e-02 -9.562725852410693117e-02 1.978261319170001031e-01 -1.818870252093557904e-01 -9.180601926106681798e-01 2.914573971181927403e-01
-2.393426605289189768e-01 3.250858011390314606e-02 -9.562855079704732364e-02 1.978445663032602220e-01 -1.818759527463930104e-01 -9.180696018874345832e-01 2.914221533911146578e-01
-2.393586930974206939e-01 3.254477788517516623e-02 -9.565146507127191000e-02 1.978328210132807297e-01 -1.819745141609977468e-01 -9.180243805910694999e-01 2.915110422714362048e-01
-2.393590801578495408e-01 3.254629466649212877e-02 -9.565405415025934888e-02 1.978649071870503817e-01 -1.819540798150121041e-01 -9.180436380860407253e-01 2.914413661652696108e-01
-2.393593552116747292e-01 3.254708539423599445e-02 -9.565535738572833457e-02 1.978860715329509856e-01 -1.819421150893946182e-01 -9.180528549147808359e-01 2.914054306852801313e-01
-2.393593552116747292e-01 3.254708539423599445e-02 -9.565535738572833457e-02 1.978860715329509856e-01 -1.819421150893946182e-01 -9.180528549147808359e-01 2.914054306852801313e-01
-2.393309846919292883e-01 3.256121021534723325e-02 -9.568686421887204197e-02 1.978717012790977836e-01 -1.820176735149572345e-01 -9.180221680364055725e-01 2.914646725674578942e-01
-2.393311792820581596e-01 3.256204058242685717e-02 -9.568834650058925806e-02 1.978899018744595395e-01 -1.820059558852989423e-01 -9.180330758795134383e-01 2.914252740405243181e-01
-2.393433510945200959e-01 3.249766359677747074e-02 -9.573145307874776633e-02 1.978612532134003399e-01 -1.820317553941127597e-01 -9.180212853002076567e-01 2.914657514026567364e-01
-2.393320354946656958e-01 3.253579040941859124e-02 -9.570926631770812487e-02 1.978611688145578973e-01 -1.819971474042563209e-01 -9.180350896540889760e-01 2.914439403656547967e-01
-2.393323029400698521e-01 3.253648673799661162e-02 -9.571045931592117584e-02 1.978828865658584790e-01 -1.819853272401046329e-01 -9.180431070277916827e-01 2.914113201514903495e-01
-2.393323029400698521e-01 3.253648673799661162e-02 -9.571045931592117584e-02 1.978828865658584790e-01 -1.819853272401046329e-01 -9.180431070277916827e-01 2.914113201514903495e-01
-2.393511918190765475e-01 3.251762405284809587e-02 -9.566505933760625913e-02 1.978547066723600478e-01 -1.819389239255385093e-01 -9.180455987750857361e-01 2.914515767294904025e-01
-2.393514566964398127e-01 3.251820535184743455e-02 -9.566605271454788062e-02 1.978748672871679104e-01 -1.819284435590191040e-01 -9.180520840326298337e-01 2.914240026552782359e-01
-2.393321679247852052e-01 3.252371092525827012e-02 -9.564320572905338214e-02 1.978198581050345517e-01 -1.819695847783827647e-01 -9.180249143492892339e-01 2.915212352280144859e-01
-2.393325877864616869e-01 3.252510682788821439e-02 -9.564564019640915682e-02 1.978555858738085815e-01 -1.819484197937826786e-01 -9.180423288742398658e-01 2.914553517577599395e-01
-2.393328110817898313e-01 3.252599498094793651e-02 -9.564720214963291778e-02 1.978759843498927029e-01 -1.819357002386637889e-01 -9.180537655192018143e-01 2.914134166647830981e-01
-2.393264496166842004e-01 3.248208334235773431e-02 -9.562313413210844770e-02 1.978458822256188854e-01 -1.820033211970395470e-01 -9.180186588245697887e-01 2.915022127009535002e-01
-2.393268020960104547e-01 3.248351366626150982e-02 -9.562572566648670780e-02 1.978764846738604866e-01 -1.819837889183111845e-01 -9.180378656983971819e-01 2.914331390353241402e-01
-2.393269768069609116e-01 3.248427298923659001e-02 -9.562711333652812451e-02 1.978929155293114861e-01 -1.819730669519131760e-01 -9.180481547025538536e-01 2.913962637623537244e-01
-2.393309714522055820e-01 3.248443296780899325e-02 -9.560672812148696131e-02 1.978586106352483998e-01 -1.821042284952308909e-01 -9.180028615904933798e-01 2.914803016900306409e-01
-2.393313209286760945e-01 3.248588350763179089e-02 -9.560939544599675322e-02 1.978901720154381816e-01 -1.820838805034251107e-01 -9.180225826332397698e-01 2.914094680272262261e-01
-2.393317040421439057e-01 3.248647901043828778e-02 -9.561036966514462054e-02 1.979186180435276166e-01 -1.820704992220130713e-01 -9.180280820004649289e-01 2.913811843673760338e-01
-2.393269104562051053e-01 3.247117468345915581e-02 -9.559198144557551347e-02 1.978749266992487488e-01 -1.821402459853786460e-01 -9.179961704366010888e-01 2.914677945157710948e-01
-2.393272795849828993e-01 3.247239519087569137e-02 -9.559425103872740137e-02 1.979059271901218442e-01 -1.821217380610536951e-01 -9.180124146839796495e-01 2.914071430056717760e-01
-2.393275183507937720e-01 3.247327914221911915e-02 -9.559586259602209646e-02 1.979275038908748230e-01 -1.821085567133114425e-01 -9.180240856388839354e-01 2.913639561823210267e-01
-2.393190607618345123e-01 3.245204262824903652e-02 -9.560387296359212916e-02 1.979033543720828681e-01 -1.822740751871048115e-01 -9.179745847557475580e-01 2.914328148741601177e-01
-2.393195439191088125e-01 3.245345011592469520e-02 -9.560645528946271066e-02 1.979437345486585731e-01 -1.822510106164590971e-01 -9.179926027524072385e-01 2.913630525205118671e-01
-2.393197603963184150e-01 3.245412064192820800e-02 -9.560771220013393468e-02 1.979617996511738587e-01 -1.822405076073318475e-01 -9.180014689269484496e-01 2.913294120301887502e-01
-2.393484795921644037e-01 3.251241225470373475e-02 -9.559052900891713833e-02 1.979178794576503808e-01 -1.823074217942999842e-01 -9.179652310752757227e-01 2.914315554064411118e-01
-2.393490784397045712e-01 3.251343944365975291e-02 -9.559232368592714135e-02 1.979619217787638441e-01 -1.822858391968806835e-01 -9.179761355827695812e-01 2.913807901260343503e-01
-2.393493817022968873e-01 3.251420404185065283e-02 -9.559369965099386024e-02 1.979865164011009593e-01 -1.822724041215717516e-01 -9.179854572198613560e-01 2.913431144749111246e-01
-2.393530390984915657e-01 3.250816303241656213e-02 -9.558565075229642771e-02 1.979359044359925712e-01 -1.823093142685291990e-01 -9.179561170991004104e-01 2.914468369126470559e-01
-2.393535043399361295e-01 3.250943874515713206e-02 -9.558799954559835110e-02 1.979727614111513323e-01 -1.822883406201956102e-01 -9.179724959306960752e-01 2.913833271275949044e-01
-2.393355462840442427e-01 3.241452092259902718e-02 -9.562991331551137786e-02 1.979784976213501968e-01 -1.823528317718425273e-01 -9.179610192078896391e-01 2.913752330572993432e-01
-2.393172225336578918e-01 3.248003417806151483e-02 -9.558902229850235743e-02 1.979534833405188765e-01 -1.823494603498670985e-01 -9.179471557347412825e-01 2.914380071678464579e-01
-2.393175780023141797e-01 3.248157091320341694e-02 -9.559193644672096812e-02 1.979864810807810405e-01 -1.823278553924040923e-01 -9.179687459926322290e-01 2.913610952717785585e-01
-2.393179037400774423e-01 3.248238284682052057e-02 -9.559339097923233441e-02 1.980128171636155177e-01 -1.823136043020008312e-01 -9.179785790520808009e-01 2.913211326472291418e-01
-2.393031378690909095e-01 3.248100276031108680e-02 -9.558381603732961362e-02 1.979711191274531878e-01 -1.823824786270471510e-01 -9.179415428761974471e-01 2.914230453195916226e-01
-2.393034785920107876e-01 3.248224658550080690e-02 -9.558616669008984656e-02 1.980010198242189712e-01 -1.823640582123268739e-01 -9.179585932927905034e-01 2.913605454086422575e-01
-2.393037584559850328e-01 3.248291233470407269e-02 -9.558736465702373508e-02 1.980236224928559330e-01 -1.823519557079545383e-01 -9.179665997853574400e-01 2.913275319340766778e-01
-2.392961903970953486e-01 3.248305574741829072e-02 -9.561400632759713136e-02 1.979901777081974346e-01 -1.824663433207038277e-01 -9.179257055954290756e-01 2.914074846214166903e-01
-2.392967524928597545e-01 3.248454628658618837e-02 -9.561673543191637203e-02 1.980363048925866398e-01 -1.824408156666633141e-01 -9.179443661868263993e-01 2.913333336733691659e-01
-2.393275019776625046e-01 3.244687196325457545e-02 -9.563137361188300822e-02 1.980300702797136714e-01 -1.824991259929624743e-01 -9.179361265587159258e-01 2.913270118529991404e-01
