repeatability libsurvive; 20211015-235623; x y z w i j k;  frequency = 150 duration = 2 sys.args = ['repeatability.py']
5.870050363940250149e-01 4.105489990653517496e-01 -3.874703025022894765e-01 -3.804421531507817811e-02 7.945619769169908198e-01 -5.969812811159042054e-01 1.041021254155604370e-01
5.870050363940250149e-01 4.105489990653517496e-01 -3.874703025022894765e-01 -3.804421531507817811e-02 7.945619769169908198e-01 -5.969812811159042054e-01 1.041021254155604370e-01
5.870048765048220263e-01 4.105485570886461821e-01 -3.874704777159886371e-01 -3.803526177347649889e-02 7.945630084533538140e-01 -5.969803689634928245e-01 1.041027546782059832e-01
5.870048765048220263e-01 4.105485570886461821e-01 -3.874704777159886371e-01 -3.803526177347649889e-02 7.945630084533538140e-01 -5.969803689634928245e-01 1.041027546782059832e-01
5.870392505898324176e-01 4.105785189167118210e-01 -3.874018340736657406e-01 -3.806496660157113882e-02 7.945486381670607834e-01 -5.969992551917290280e-01 1.040932716606179087e-01
5.870307307768500849e-01 4.105371893150859819e-01 -3.874086429430040335e-01 -3.872469290672791303e-02 7.944460155835677551e-01 -5.971322581122195938e-01 1.038700765594923470e-01
5.870311432795438655e-01 4.105340993750976608e-01 -3.874113498624213725e-01 -3.863391183328151318e-02 7.944489096442494125e-01 -5.971179035469902363e-01 1.039642250255766454e-01
5.870273565805111948e-01 4.105324490619130517e-01 -3.874050575031121602e-01 -3.894622459273990034e-02 7.944356482053542834e-01 -5.971360220917113493e-01 1.038449015166256484e-01
5.870252859508428012e-01 4.105284583537812115e-01 -3.874124060340846110e-01 -3.876090582450601729e-02 7.944533856077601319e-01 -5.971228255707683452e-01 1.038544243564657743e-01
5.870252928913448631e-01 4.105258686610687713e-01 -3.874149945649182913e-01 -3.868039641947148416e-02 7.944575466380554563e-01 -5.971122921403551054e-01 1.039131565181503902e-01
5.870230432470936455e-01 4.105255828897165782e-01 -3.874107616512228458e-01 -3.874081216496763624e-02 7.944528687836820424e-01 -5.971097260797620931e-01 1.039411553482433581e-01
5.870231643709997726e-01 4.105229577808633956e-01 -3.874129682520037754e-01 -3.866751738660506588e-02 7.944562652936674185e-01 -5.970995885461187758e-01 1.040007066939936525e-01
5.870199065426963125e-01 4.105262989612096236e-01 -3.874104757655506548e-01 -3.889051496923900952e-02 7.944417575335164239e-01 -5.971230217586173117e-01 1.038937852729533151e-01
5.870188977738151070e-01 4.105196262335172319e-01 -3.874173920616471589e-01 -3.867982818852717941e-02 7.944566522199865144e-01 -5.971005029937348496e-01 1.039879221801557341e-01
5.870005686177898196e-01 4.105123003674930882e-01 -3.874432813303292367e-01 -3.878383063507265249e-02 7.944676009073028400e-01 -5.970897293527855920e-01 1.039273818167362196e-01
5.869996522484000057e-01 4.105084045255819603e-01 -3.874474403075845452e-01 -3.865894037136913264e-02 7.944775299618217490e-01 -5.970775848863182356e-01 1.039677754953283462e-01
5.869992088817488352e-01 4.105054436129439432e-01 -3.874502570380765065e-01 -3.857057544518531500e-02 7.944837395585638840e-01 -5.970681586375093941e-01 1.040072700732075084e-01
5.869787810040626441e-01 4.104797246459772619e-01 -3.874814621639038892e-01 -3.858919917722771625e-02 7.945114833359088191e-01 -5.970317312282716893e-01 1.039975406478768211e-01
5.869774943910263110e-01 4.104766247511388855e-01 -3.874852290046872927e-01 -3.848142138736476703e-02 7.945214391225154937e-01 -5.970236255902937605e-01 1.040079490698454651e-01
5.869766912744277532e-01 4.104749260731821447e-01 -3.874874431735226277e-01 -3.841939743728470247e-02 7.945275141359910975e-01 -5.970190510602257916e-01 1.040107295070368948e-01
5.869897286805366710e-01 4.104642261854614116e-01 -3.874828463298883308e-01 -3.851267571548265545e-02 7.944993888778759672e-01 -5.970567431731461649e-01 1.039747099702206523e-01
5.869889684016824649e-01 4.104636590506358096e-01 -3.874841559654906842e-01 -3.848040748406850176e-02 7.945037802254059089e-01 -5.970556438684828660e-01 1.039594131004555888e-01
5.869885200749805909e-01 4.104621163482169988e-01 -3.874857415543335737e-01 -3.843208641738003056e-02 7.945079348171819600e-01 -5.970512074086024024e-01 1.039710150862892535e-01
5.870046020143349086e-01 4.104324132768170097e-01 -3.874759874022595807e-01 -3.847435700981787637e-02 7.944756374696340107e-01 -5.971009681256299606e-01 1.039164047844952643e-01
5.870054607048865725e-01 4.104300564388968509e-01 -3.874765624090595884e-01 -3.843768611427320070e-02 7.944749313242120969e-01 -5.970924812476960941e-01 1.039841171575667245e-01
5.870462677025656273e-01 4.104273113791426786e-01 -3.874307026134081733e-01 -3.844199566405595569e-02 7.944462434648104088e-01 -5.971311246472416068e-01 1.039798018440902250e-01
5.870290548058751945e-01 4.104196295365583058e-01 -3.874652574248178549e-01 -3.845461159247895444e-02 7.944439076362199703e-01 -5.971347388035682657e-01 1.039722279311122710e-01
5.870289007136134662e-01 4.104192180087488095e-01 -3.874657242700153548e-01 -3.844085003646263710e-02 7.944453085222398236e-01 -5.971334124352551953e-01 1.039742303116725497e-01
5.870449706559933700e-01 4.104369248027402439e-01 -3.874356784199809445e-01 -3.844858436056911022e-02 7.944589046484449302e-01 -5.971173318699719568e-01 1.039598343878393588e-01
5.870268622441506823e-01 4.104263787262361074e-01 -3.874743084390303571e-01 -3.843718611716200745e-02 7.944502031337384862e-01 -5.971254233721892124e-01 1.039840671773318848e-01
5.870264792172568136e-01 4.104255542201245555e-01 -3.874752419601131814e-01 -3.840924368653735738e-02 7.944529938802056268e-01 -5.971233418998520559e-01 1.039850233089286424e-01
5.870563552868980350e-01 4.104275837412519334e-01 -3.874165126830927952e-01 -3.846264684463525374e-02 7.944354105739340755e-01 -5.971450714269512794e-01 1.039748377946845825e-01
5.870459233219981199e-01 4.104226554976245223e-01 -3.874397466436607651e-01 -3.845457500895251013e-02 7.944316119740195692e-01 -5.971450575737377031e-01 1.040069217528281215e-01
5.870451251854861274e-01 4.104218412466680288e-01 -3.874410556070612133e-01 -3.841800268275803731e-02 7.944361062093197035e-01 -5.971434737539567106e-01 1.039952016869030299e-01
5.870478112462038656e-01 4.104289755213403890e-01 -3.874282454549228261e-01 -3.847329107849973423e-02 7.944089990868902218e-01 -5.971817316216372351e-01 1.039621443638836240e-01
5.870466905047995176e-01 4.104268614867071507e-01 -3.874305387204973750e-01 -3.840173084920609631e-02 7.944163261616526972e-01 -5.971770800087090603e-01 1.039593329522633530e-01
5.870465212413684686e-01 4.104256310858400147e-01 -3.874313915899281757e-01 -3.837107000531488066e-02 7.944187011108541085e-01 -5.971736071174474914e-01 1.039724544017656821e-01
5.870476237510910966e-01 4.104258049302171307e-01 -3.874223249726020391e-01 -3.842847402691618175e-02 7.944268684064114128e-01 -5.971596693199107131e-01 1.039689014834718483e-01
5.870475007967218550e-01 4.104225667467727434e-01 -3.874241283017521020e-01 -3.835754303739825205e-02 7.944311799979469901e-01 -5.971512326074320809e-01 1.040105981841663862e-01
5.870467570143588221e-01 4.104196247018002119e-01 -3.874263712879298938e-01 -3.827888045136285805e-02 7.944377642702042941e-01 -5.971441180356780176e-01 1.040301317318305108e-01
5.870467570143588221e-01 4.104196247018002119e-01 -3.874263712879298938e-01 -3.827888045136285805e-02 7.944377642702042941e-01 -5.971441180356780176e-01 1.040301317318305108e-01
5.870525872434241288e-01 4.104422994055236251e-01 -3.874100835335360649e-01 -3.836843734359107749e-02 7.944258358948321774e-01 -5.971510236914973069e-01 1.040485904892748670e-01
5.870529721925854538e-01 4.104412633609926253e-01 -3.874102907867775225e-01 -3.835487733156719981e-02 7.944256434570742265e-01 -5.971476890221388834e-01 1.040741941992011088e-01
5.870652027876295254e-01 4.104442982805308615e-01 -3.873948258703533987e-01 -3.839500192872270096e-02 7.944334924459202085e-01 -5.971432966703278389e-01 1.040246756724789862e-01
5.870650437922502185e-01 4.104414983873799216e-01 -3.873963470557677535e-01 -3.833448866499094415e-02 7.944373574662438875e-01 -5.971362547833295453e-01 1.040578938100501644e-01
5.870651977972917157e-01 4.104408078349247591e-01 -3.873965862369996849e-01 -3.832318705500723649e-02 7.944377431423335079e-01 -5.971340356116641157e-01 1.040718459478381097e-01
5.870648967979866795e-01 4.104239463865752002e-01 -3.873966533701045933e-01 -3.838756888750165935e-02 7.944366981436914443e-01 -5.971356474053799435e-01 1.040468442347693145e-01
5.870643797892414195e-01 4.104220907173399269e-01 -3.873980363457237286e-01 -3.833822607718961883e-02 7.944411531395115800e-01 -5.971309635952188888e-01 1.040579018405748679e-01
5.870639228972416301e-01 4.104198870451085113e-01 -3.873995346369967785e-01 -3.828325294281989533e-02 7.944455379233876791e-01 -5.971257148901647493e-01 1.040747828950164267e-01
5.870556526736003811e-01 4.104241262954720915e-01 -3.873993694768430585e-01 -3.836286541766021491e-02 7.944223348895219639e-01 -5.971534916395548898e-01 1.040632106381247091e-01
5.870547231979513780e-01 4.104214137791701855e-01 -3.874014606825551543e-01 -3.828816436599913331e-02 7.944290873749386694e-01 -5.971474085599365322e-01 1.040740796368455345e-01
5.870544158824984038e-01 4.104183949805285669e-01 -3.874031755181560066e-01 -3.822065351612058404e-02 7.944336853079367877e-01 -5.971400646090848641e-01 1.041059293772878813e-01
5.870592494997893818e-01 4.104341946081188630e-01 -3.873899655927011132e-01 -3.830494672386790950e-02 7.944091097922958422e-01 -5.971694257487267787e-01 1.040940646071115555e-01
5.870597021497983015e-01 4.104316407205853556e-01 -3.873908024091826663e-01 -3.826357781973870054e-02 7.944104151503859068e-01 -5.971623521045266170e-01 1.041398873727731322e-01
5.870592590327893268e-01 4.104305917965516137e-01 -3.873916653845891345e-01 -3.823316981108032531e-02 7.944133467586128594e-01 -5.971600890345714063e-01 1.041416692885216155e-01
5.870811551198961142e-01 4.104437025037039333e-01 -3.873570217103299851e-01 -3.826439958596675184e-02 7.944251679437526192e-01 -5.971440642589139758e-01 1.041319104895904596e-01
5.870584567007900434e-01 4.104276240947665744e-01 -3.874011565860865924e-01 -3.825674846616159558e-02 7.944121996661457352e-01 -5.971604782735844275e-01 1.041395285492317940e-01
5.870585358418727306e-01 4.104260289731185840e-01 -3.874018090566929140e-01 -3.822750155451416082e-02 7.944137057960111159e-01 -5.971563943720288314e-01 1.041621948162866906e-01
5.870810017999894548e-01 4.104233845596613195e-01 -3.873609627727365168e-01 -3.821982510402189420e-02 7.944222350245221387e-01 -5.971462491814932827e-01 1.041581228523955904e-01
5.870685812619366173e-01 4.104157754877096886e-01 -3.873857125546881219e-01 -3.821202980521701265e-02 7.944092598560199558e-01 -5.971642444067138955e-01 1.041567752733071200e-01
5.870687422088959329e-01 4.104147045658442794e-01 -3.873860711923588496e-01 -3.819474458224912661e-02 7.944098688809185793e-01 -5.971614606548854010e-01 1.041744288173545030e-01
5.870761475499496340e-01 4.104277595605285711e-01 -3.873646634693315161e-01 -3.825647708031811034e-02 7.944010272664890904e-01 -5.971730245914387281e-01 1.041529094152574275e-01
5.870762336343194887e-01 4.104256721099853178e-01 -3.873655123250119292e-01 -3.821850564931832811e-02 7.944031874878352273e-01 -5.971676312846173618e-01 1.041812923754530384e-01
5.870670969130576955e-01 4.103824780637115865e-01 -3.873930196242105217e-01 -3.823547113757119059e-02 7.943974701744747069e-01 -5.971758954456649615e-01 1.041712917552183593e-01
5.870664759019449397e-01 4.103810273880924009e-01 -3.873941246002126082e-01 -3.819550820655282647e-02 7.944016049312564443e-01 -5.971726285795695421e-01 1.041731487037545756e-01
5.870660095591087035e-01 4.103798862522793356e-01 -3.873949460934518196e-01 -3.816508314858398088e-02 7.944045223506288611e-01 -5.971704131891396594e-01 1.041747517810486801e-01
5.870670056179639884e-01 4.103807496173342839e-01 -3.873880466836330250e-01 -3.820495828321526094e-02 7.944069582782443684e-01 -5.971652584554077992e-01 1.041711087373623223e-01
5.870660683539511426e-01 4.103788015569690972e-01 -3.873895151178439189e-01 -3.815072457298529507e-02 7.944126308716514817e-01 -5.971612548306778345e-01 1.041706765610532492e-01
5.870658373426480559e-01 4.103786207686448972e-01 -3.873898037168347352e-01 -3.814197629092284936e-02 7.944139768844600269e-01 -5.971605986654311415e-01 1.041673767394722949e-01
5.870816188373524369e-01 4.103817542992033718e-01 -3.873614315173127820e-01 -3.816753706391898954e-02 7.944402509812936719e-01 -5.971275419770358805e-01 1.041471331708980624e-01
5.870701589838320800e-01 4.103789789972914215e-01 -3.873841117752157004e-01 -3.815422729651869738e-02 7.944439852384654888e-01 -5.971279440368673086e-01 1.041212164168971999e-01
5.870701703852626574e-01 4.103776871370984902e-01 -3.873846152136550813e-01 -3.813125158912782781e-02 7.944453185427190478e-01 -5.971249103551674597e-01 1.041368567373607001e-01
5.870626125326817712e-01 4.103654071970218586e-01 -3.873869046246176673e-01 -3.820057698542127234e-02 7.944664206635498882e-01 -5.970945556178897107e-01 1.041245120396878387e-01
5.870619250291158053e-01 4.103638069419908718e-01 -3.873880280256927766e-01 -3.815818176795415101e-02 7.944708597122852600e-01 -5.970910084385028238e-01 1.041265281956422623e-01
5.870619127925422731e-01 4.103633422761020499e-01 -3.873882531401848239e-01 -3.814911462813400794e-02 7.944716271472653801e-01 -5.970896109192147527e-01 1.041320087360587954e-01
5.870616876749233937e-01 4.103626679977990799e-01 -3.873886963466064426e-01 -3.813229592714380972e-02 7.944733883798517082e-01 -5.970878814152753566e-01 1.041346485593540871e-01
5.870622605206715638e-01 4.103727877342810415e-01 -3.873765458247701021e-01 -3.817378441402041744e-02 7.944513948315109486e-01 -5.971160056872504285e-01 1.041259774786395531e-01
5.870623507156192966e-01 4.103720773786993514e-01 -3.873767881916445610e-01 -3.816249453630281285e-02 7.944520455105980039e-01 -5.971139408335244259e-01 1.041369917803059986e-01
5.870622535667310293e-01 4.103708504236220911e-01 -3.873773276073025351e-01 -3.813888256010487809e-02 7.944537066119083946e-01 -5.971111461092677430e-01 1.041489936568913144e-01
5.870472180954329211e-01 4.103868029345457136e-01 -3.873844547032435082e-01 -3.815329539240203821e-02 7.944650997415800830e-01 -5.971021570037151616e-01 1.041083351361068721e-01
5.870469584274723429e-01 4.103857824495221740e-01 -3.873850121761641674e-01 -3.813038066034579732e-02 7.944670509898785760e-01 -5.971000875864949098e-01 1.041137088300235769e-01
5.870470773865156255e-01 4.103847787361458721e-01 -3.873853215022787233e-01 -3.811492499335589895e-02 7.944677591325245425e-01 -5.970975078882363452e-01 1.041287581091477066e-01
5.870391224643534134e-01 4.103874444286276790e-01 -3.873889840460298939e-01 -3.812339300184107438e-02 7.944440417919738096e-01 -5.971327135445836376e-01 1.041047250711609334e-01
5.870389674775245981e-01 4.103871022659593137e-01 -3.873892554526101595e-01 -3.811373782484048234e-02 7.944452191032402855e-01 -5.971316417601753024e-01 1.041054236907075492e-01
5.870461446844825737e-01 4.103933428699177433e-01 -3.873902937985183592e-01 -3.816219415191597630e-02 7.944308091291552021e-01 -5.971492900662692671e-01 1.040964063609196300e-01
5.870460799711915145e-01 4.103917023728216318e-01 -3.873909767682784944e-01 -3.813198209924417020e-02 7.944330449030884145e-01 -5.971451252453345848e-01 1.041143049869906467e-01
5.870458007644377973e-01 4.103909138986929772e-01 -3.873914712520290515e-01 -3.811255515668719035e-02 7.944348894632589086e-01 -5.971435005650700401e-01 1.041166618549708017e-01
5.870455938073579905e-01 4.103904421321113993e-01 -3.873918182787682296e-01 -3.809973283507494396e-02 7.944363383680694835e-01 -5.971422522291107704e-01 1.041174588672588025e-01
5.870394144388422220e-01 4.103753186590631818e-01 -3.874120108601656898e-01 -3.812996588686520111e-02 7.944336472940349836e-01 -5.971447639505020888e-01 1.041125191082337698e-01
5.870394144454966767e-01 4.103727219282349292e-01 -3.874129693893073045e-01 -3.808517549483454029e-02 7.944362607120081243e-01 -5.971388836054105642e-01 1.041426942225601865e-01
5.870394034613042322e-01 4.103906010297063700e-01 -3.874128171289077383e-01 -3.813794362363817636e-02 7.944557468072209749e-01 -5.971109535723865269e-01 1.041348776588137126e-01
5.870392000327067095e-01 4.103896452776473747e-01 -3.874133140431259004e-01 -3.811734420839486132e-02 7.944574551021138520e-01 -5.971089206589580423e-01 1.041410436507412135e-01
5.870388985439425333e-01 4.103880123866917584e-01 -3.874141475846709093e-01 -3.808281685190712668e-02 7.944603958931448773e-01 -5.971051316597737468e-01 1.041529652170121584e-01
5.870394357703616617e-01 4.103795984753655368e-01 -3.874058229230362693e-01 -3.811384131675436826e-02 7.944478665225286340e-01 -5.971242819475762742e-01 1.041273949855420627e-01
5.870394916966725773e-01 4.103785731219337651e-01 -3.874061682208276847e-01 -3.809728400982261703e-02 7.944487524274785883e-01 -5.971218583472008845e-01 1.041405924771079128e-01
5.870391607747850182e-01 4.103783389690685013e-01 -3.874065700533303458e-01 -3.808533330059821892e-02 7.944507777520510849e-01 -5.971206910864682582e-01 1.041362059658504369e-01
5.870339378613554926e-01 4.103675337976336879e-01 -3.874111912669969682e-01 -3.814280617317448302e-02 7.944501389019087423e-01 -5.971194240823829436e-01 1.041273091916655735e-01
5.870339797438995921e-01 4.103666336159390027e-01 -3.874115046168816190e-01 -3.812809940745319481e-02 7.944509273758524337e-01 -5.971173368252394864e-01 1.041386483970143662e-01
5.870331607577032873e-01 4.103653067982283575e-01 -3.874125575436508373e-01 -3.808921192398448397e-02 7.944554137971449048e-01 -5.971146089408227997e-01 1.041342941247760112e-01
5.870395307408983188e-01 4.103740096537225601e-01 -3.874014385836283547e-01 -3.812829788295070410e-02 7.944399400928687793e-01 -5.971380862745385709e-01 1.041034120774607663e-01
5.870392141483598003e-01 4.103733556828147999e-01 -3.874018996823415661e-01 -3.811066970716998209e-02 7.944419043792754209e-01 -5.971365702085161820e-01 1.041035731390180796e-01
5.870389090312666536e-01 4.103727120348289459e-01 -3.874023515389403149e-01 -3.809345014425553205e-02 7.944436872543046979e-01 -5.971353038399769275e-01 1.041035337816632600e-01
5.870286811464296983e-01 4.103704038646187047e-01 -3.874235580600200457e-01 -3.811988750693615091e-02 7.944348721509847389e-01 -5.971435180009168064e-01 1.041140096067560694e-01
5.870286828036407334e-01 4.103696820800670220e-01 -3.874238443309405699e-01 -3.810722961825515481e-02 7.944357398459914732e-01 -5.971416594133636124e-01 1.041226819632885825e-01
5.870287428272001895e-01 4.103691455592646253e-01 -3.874240365575095657e-01 -3.809867601259421532e-02 7.944363039971581442e-01 -5.971400435515306082e-01 1.041307743402417468e-01
5.870228245466720951e-01 4.103678484101205837e-01 -3.874351897124037603e-01 -3.811061400939128735e-02 7.944253328087903521e-01 -5.971548951956487938e-01 1.041249385850652465e-01
5.870228472418818066e-01 4.103666950154114534e-01 -3.874355969418761259e-01 -3.809142769902264247e-02 7.944263682199963483e-01 -5.971523360476931330e-01 1.041387351825437124e-01
5.870223232755666931e-01 4.103660933517422338e-01 -3.874361797666928120e-01 -3.807074126910425099e-02 7.944289105442843280e-01 -5.971512124597917470e-01 1.041333482052840265e-01
5.870293625266789217e-01 4.103373321728024381e-01 -3.874500209397256922e-01 -3.808996155924040256e-02 7.944091218645381591e-01 -5.971792872257328799e-01 1.041162851594051586e-01
5.870292299046877549e-01 4.103363262467942807e-01 -3.874504823413470467e-01 -3.807027158636794306e-02 7.944105467028267364e-01 -5.971772240469201964e-01 1.041244485616640292e-01
5.870289369737304863e-01 4.103357634680638855e-01 -3.874509051007817284e-01 -3.805472780666097760e-02 7.944123020762239307e-01 -5.971759449525668728e-01 1.041240739287704331e-01
5.870210048682391601e-01 4.103273122349155311e-01 -3.874658387197013054e-01 -3.808226680972249395e-02 7.944051650447558899e-01 -5.971836390889402324e-01 1.041243290942974742e-01
5.870207327132422881e-01 4.103269153478929510e-01 -3.874661970235286357e-01 -3.806988125030623393e-02 7.944066188196302614e-01 -5.971828238372470787e-01 1.041224424940260934e-01
5.870200789736603753e-01 4.103257275579552665e-01 -3.874670412002705899e-01 -3.803770076762414548e-02 7.944099672777438226e-01 -5.971808652071710632e-01 1.041198897449535921e-01
5.870265903347463565e-01 4.103138280412278460e-01 -3.874678187259216200e-01 -3.805635949250534694e-02 7.943772533970460126e-01 -5.972264751986884335e-01 1.041010571958470299e-01
5.870266147023170955e-01 4.103126430984528339e-01 -3.874682347318716968e-01 -3.803694544723229543e-02 7.943782941457537827e-01 -5.972239229444749053e-01 1.041148521294560925e-01
5.870263295732398579e-01 4.103121677501092024e-01 -3.874686251582010743e-01 -3.802307961745455406e-02 7.943799809828330227e-01 -5.972227623746443337e-01 1.041137038612962445e-01
5.870249551083398520e-01 4.103141259562003706e-01 -3.874698181072280811e-01 -3.805438838797729761e-02 7.943832959393462012e-01 -5.972200452689953032e-01 1.040925558618736452e-01
5.870248864348603934e-01 4.103128965407776274e-01 -3.874702988106280555e-01 -3.803259873972639205e-02 7.943848347405645383e-01 -5.972172455042011885e-01 1.041048386948634635e-01
5.870245039008825660e-01 4.103119660045490558e-01 -3.874708870640996006e-01 -3.800970566689709784e-02 7.943870764759237701e-01 -5.972155117168899130e-01 1.041060400163406757e-01
5.870214124767361152e-01 4.103090132770418341e-01 -3.874627526398001232e-01 -3.804858108069769651e-02 7.943931447204273244e-01 -5.972083363258281485e-01 1.040866952202462031e-01
5.870215537848543219e-01 4.103077770294559778e-01 -3.874631708326169433e-01 -3.802951142935606654e-02 7.943942584567321719e-01 -5.972049519623625624e-01 1.041045807976528348e-01
5.870215537848543219e-01 4.103077770294559778e-01 -3.874631708326169433e-01 -3.802951142935606654e-02 7.943942584567321719e-01 -5.972049519623625624e-01 1.041045807976528348e-01
5.870117206182619007e-01 4.103137002720902982e-01 -3.874692079348820428e-01 -3.805312871574591249e-02 7.944052681818241091e-01 -5.971909704663084240e-01 1.040921422270469632e-01
5.870115198151157898e-01 4.103126160334228389e-01 -3.874697871257459791e-01 -3.803026429767301930e-02 7.944073593020513080e-01 -5.971882412570409526e-01 1.041001968706726094e-01
5.870115198151157898e-01 4.103126160334228389e-01 -3.874697871257459791e-01 -3.803026429767301930e-02 7.944073593020513080e-01 -5.971882412570409526e-01 1.041001968706726094e-01
5.870101608370897894e-01 4.103160700760539181e-01 -3.874660196028746895e-01 -3.807048165577302246e-02 7.943950580940387640e-01 -5.972047604653095698e-01 1.040846010696988705e-01
5.870097411296647527e-01 4.103143126023525156e-01 -3.874669305630215055e-01 -3.803293456970627956e-02 7.943984265768246900e-01 -5.972009248847728324e-01 1.040946254955255751e-01
5.870097411296647527e-01 4.103143126023525156e-01 -3.874669305630215055e-01 -3.803293456970627956e-02 7.943984265768246900e-01 -5.972009248847728324e-01 1.040946254955255751e-01
5.870070416810712066e-01 4.103177779976537876e-01 -3.874621701874399471e-01 -3.805922570111180264e-02 7.943927664728785976e-01 -5.972096864155854723e-01 1.040779437056500167e-01
5.870073279733641902e-01 4.103164430300324517e-01 -3.874625096605661123e-01 -3.804137581835304038e-02 7.943933552906771167e-01 -5.972061334814924294e-01 1.041003598838769473e-01
5.870073279733641902e-01 4.103164430300324517e-01 -3.874625096605661123e-01 -3.804137581835304038e-02 7.943933552906771167e-01 -5.972061334814924294e-01 1.041003598838769473e-01
5.869981580307597202e-01 4.102900785143148710e-01 -3.874781597648336295e-01 -3.807277987291969590e-02 7.943997244983312944e-01 -5.971966642014543414e-01 1.040945984015449466e-01
5.869978867950538248e-01 4.102888104118461721e-01 -3.874788266582717133e-01 -3.804601969076781831e-02 7.944021133554786118e-01 -5.971937790413430758e-01 1.041027038859147630e-01
5.869980414739434105e-01 4.102995469736419043e-01 -3.874835091208189697e-01 -3.807868084261471775e-02 7.944073049751627646e-01 -5.971887859214932703e-01 1.040797859192551938e-01
5.869978805010560574e-01 4.102989533538374256e-01 -3.874838437724602014e-01 -3.806550342465297304e-02 7.944086465644337736e-01 -5.971872819040724423e-01 1.040829959441892105e-01
5.869978202452464933e-01 4.102979845714146423e-01 -3.874843015893867371e-01 -3.804700190487502603e-02 7.944101625407160583e-01 -5.971846370173532481e-01 1.040933648631624520e-01
5.870188267901665924e-01 4.103058598146271940e-01 -3.874479384876149957e-01 -3.807806550438545823e-02 7.944044311287803417e-01 -5.971922167768213274e-01 1.040822605038367599e-01
5.870011633200113987e-01 4.102943891723798697e-01 -3.874803351834911758e-01 -3.808137157128560490e-02 7.943940453021672843e-01 -5.972026004782657882e-01 1.041007392370723317e-01
5.870011052613026692e-01 4.102938820468954306e-01 -3.874805881050522594e-01 -3.807122584491814260e-02 7.943949890566897043e-01 -5.972011478638572513e-01 1.041055815716838973e-01
5.870010725600962598e-01 4.102932277853990062e-01 -3.874808714541034815e-01 -3.805917951191840898e-02 7.943958342395764927e-01 -5.971996055382765567e-01 1.041123841942623723e-01
5.870079290774439240e-01 4.102840682802552097e-01 -3.874829947558809939e-01 -3.808790548561635791e-02 7.943905464237295266e-01 -5.972079913852481603e-01 1.040941219950704821e-01
5.870071873649884697e-01 4.102815398492804522e-01 -3.874844181882276528e-01 -3.803103568714560206e-02 7.943958038109701913e-01 -5.972026997775867763e-01 1.041051516037845848e-01
5.870125798070794376e-01 4.102778042403006364e-01 -3.874809765428894881e-01 -3.805905446124937391e-02 7.943899676347021543e-01 -5.972114412695944674e-01 1.040892987369317485e-01
5.870120553921073236e-01 4.102772755231191004e-01 -3.874815297129252656e-01 -3.804004027163900709e-02 7.943924163469189281e-01 -5.972105518680558278e-01 1.040826638979218677e-01
5.870120043519341246e-01 4.102757140898605215e-01 -3.874821673006083600e-01 -3.801209138956036793e-02 7.943944024180302765e-01 -5.972067855452722895e-01 1.040993257123954130e-01
5.870202131961533842e-01 4.102875070135694746e-01 -3.874769749872156166e-01 -3.804208427656136787e-02 7.943730267132378398e-01 -5.972355843323085001e-01 1.040862674015680667e-01
5.870202175363941066e-01 4.102868079239471166e-01 -3.874772566742105129e-01 -3.802978594220874503e-02 7.943738509164118833e-01 -5.972338502667259297e-01 1.040944208735603699e-01
5.870199120544984384e-01 4.102859023092780832e-01 -3.874778081040286537e-01 -3.800828136992342315e-02 7.943757936800291963e-01 -5.972321415867396510e-01 1.040972526930703246e-01
5.870371286324462812e-01 4.102990774436566790e-01 -3.874389546767141868e-01 -3.802141239985943472e-02 7.943708153992652399e-01 -5.972394968649872293e-01 1.040882472975845352e-01
5.870414307695954736e-01 4.103146618729016648e-01 -3.874265666427820221e-01 -3.806881956487822433e-02 7.943671330788130147e-01 -5.972446473232534414e-01 1.040694676877264579e-01
5.870280302994222987e-01 4.103072128199700130e-01 -3.874492391321741058e-01 -3.808674866856983504e-02 7.943654128524207936e-01 -5.972447866005718975e-01 1.040752387366825349e-01
5.870280752473783226e-01 4.103063124544613083e-01 -3.874496521079113243e-01 -3.806997858508907179e-02 7.943665876191681186e-01 -5.972421177436229023e-01 1.040877226089703261e-01
5.870282807774827027e-01 4.103056615262307139e-01 -3.874498025742592056e-01 -3.806162642838085974e-02 7.943667617574832196e-01 -5.972400835546444187e-01 1.041011191303807260e-01
5.870273783471804396e-01 4.103213492277822394e-01 -3.874333193670440600e-01 -3.811369223587830757e-02 7.943602744780204894e-01 -5.972509329070996298e-01 1.040693227466758797e-01
5.870274713528055299e-01 4.103201117879148319e-01 -3.874338124237989289e-01 -3.809209245085497936e-02 7.943616508728899017e-01 -5.972473665865570824e-01 1.040871904733480791e-01
5.870277235425644946e-01 4.103195704169758096e-01 -3.874338845912941864e-01 -3.808658277619090399e-02 7.943615678612673259e-01 -5.972454980083535814e-01 1.041005611232499739e-01
5.870287285790535270e-01 4.103189762474115376e-01 -3.874339051296724068e-01 -3.812878243802422795e-02 7.943499207070575663e-01 -5.972596271121607403e-01 1.040929260052184391e-01
5.870282590322046801e-01 4.103182385311612279e-01 -3.874346199778775368e-01 -3.810485789584616007e-02 7.943527214536721948e-01 -5.972578567700310703e-01 1.040904714676181564e-01
5.870280968870010829e-01 4.103175617393513552e-01 -3.874350352752647386e-01 -3.808900096359060794e-02 7.943541409946474063e-01 -5.972562276304912432e-01 1.040947897199763078e-01
5.870408658019338199e-01 4.103312280618539587e-01 -3.874181419123230996e-01 -3.811459439711133157e-02 7.943502867625777952e-01 -5.972640868988484675e-01 1.040697367875920154e-01
5.870405474821144276e-01 4.103303578565642429e-01 -3.874188036720609407e-01 -3.809106397675064010e-02 7.943527244580680380e-01 -5.972618194494531130e-01 1.040727582948223207e-01
5.870405852571194405e-01 4.103301540987223661e-01 -3.874189119287586025e-01 -3.808716433586438466e-02 7.943531006151884899e-01 -5.972609093801047875e-01 1.040765371365683645e-01
5.870509660299955135e-01 4.103246315170595016e-01 -3.874003974493310798e-01 -3.812728040857230744e-02 7.943408591645455541e-01 -5.972766048970296060e-01 1.040652064479539313e-01
5.870509718166440072e-01 4.103236589075087148e-01 -3.874008682960696226e-01 -3.810819689840281438e-02 7.943423152632754780e-01 -5.972737385451341030e-01 1.040775324248731926e-01
5.870509715927109129e-01 4.103231688347293571e-01 -3.874011061997866268e-01 -3.809856044201646169e-02 7.943430440535704795e-01 -5.972723204065009117e-01 1.040836362363824208e-01
5.870559247712709983e-01 4.103262724305025699e-01 -3.873913730209803119e-01 -3.811548625709754862e-02 7.943488679415660059e-01 -5.972657820550879570e-01 1.040705111617205025e-01
5.870555121045815117e-01 4.103247074157709839e-01 -3.873923509600132320e-01 -3.807802229842312258e-02 7.943521659668373314e-01 -5.972623291165121140e-01 1.040788684601915148e-01
5.870552382209494047e-01 4.103238095080674608e-01 -3.873929280086215732e-01 -3.805601081103418548e-02 7.943541443989015072e-01 -5.972604389122787572e-01 1.040826663174601041e-01
5.870559338265430860e-01 4.103402097939174431e-01 -3.873823614559221973e-01 -3.808013189033945117e-02 7.943466793033142626e-01 -5.972683221709853552e-01 1.040855800102403333e-01
5.870558978601171374e-01 4.103392362056248466e-01 -3.873828676800238346e-01 -3.806004265357703503e-02 7.943482850629153269e-01 -5.972654899503706538e-01 1.040969244750143130e-01
5.870559221503782732e-01 4.103383863546767318e-01 -3.873832178018036809e-01 -3.804455502438902625e-02 7.943492018706019842e-01 -5.972633376220015666e-01 1.041079384733029078e-01
5.870525416600101964e-01 4.103090698028745154e-01 -3.873975478840154252e-01 -3.807650471046349766e-02 7.943472845058883181e-01 -5.972639709874750791e-01 1.041072540576676864e-01
5.870526867010383842e-01 4.103084151684532332e-01 -3.873978011059814319e-01 -3.806581849626264336e-02 7.943480116492079857e-01 -5.972615642380120216e-01 1.041194205473806589e-01
5.870529339296395310e-01 4.103080528044433239e-01 -3.873978201441374281e-01 -3.806318464035296500e-02 7.943477779589385168e-01 -5.972601322287843795e-01 1.041303801817042018e-01
5.870466677156509494e-01 4.103086908467409311e-01 -3.873978820757392194e-01 -3.810236642798159323e-02 7.943431563805055662e-01 -5.972661921114612582e-01 1.041165469304401459e-01
5.870467060094176626e-01 4.103076676410509216e-01 -3.873983471104264220e-01 -3.808319332144512875e-02 7.943444850853208505e-01 -5.972632343873325311e-01 1.041303906175345406e-01
5.870467020783994849e-01 4.103071571432588827e-01 -3.873985976762746031e-01 -3.807314690236167365e-02 7.943451944311981094e-01 -5.972618387619741398e-01 1.041366579436792672e-01
5.870345969567334343e-01 4.103163116262324994e-01 -3.874072143338228025e-01 -3.810166583613384950e-02 7.943411635409358684e-01 -5.972679358896956225e-01 1.041220040289574933e-01
5.870345436465992384e-01 4.103150711534059303e-01 -3.874078210174755621e-01 -3.807702908575139739e-02 7.943430007893245159e-01 -5.972645521520234535e-01 1.041364090779825224e-01
5.870343533780897349e-01 4.103146368465933613e-01 -3.874081719264316770e-01 -3.806478102176287515e-02 7.943443780429072509e-01 -5.972633486231921918e-01 1.041372839515387200e-01
5.870376995005703868e-01 4.103061402154756232e-01 -3.874039774105467737e-01 -3.809040557979935515e-02 7.943325317591157786e-01 -5.972786642445553351e-01 1.041304337365372285e-01
5.870378688593047567e-01 4.103042842738340856e-01 -3.874046520384072378e-01 -3.805928905661172534e-02 7.943340930557853952e-01 -5.972737721394737465e-01 1.041579581214609473e-01
5.870377299679018224e-01 4.103037182542415562e-01 -3.874050178298928393e-01 -3.804566151450057554e-02 7.943354093723551390e-01 -5.972722242330326115e-01 1.041617742595762897e-01
5.870366406513105595e-01 4.103071785415776107e-01 -3.874101196179181583e-01 -3.806766841576837701e-02 7.943271573868542212e-01 -5.972839426916630723e-01 1.041494669300270792e-01
5.870365078838551964e-01 4.103065378900743188e-01 -3.874105697065474141e-01 -3.805189241406091438e-02 7.943287448068548917e-01 -5.972819536389381012e-01 1.041545318962570632e-01
5.870366133100518580e-01 4.103059443752491431e-01 -3.874107766093950467e-01 -3.804243703567043722e-02 7.943292218068893629e-01 -5.972800855002129428e-01 1.041650605189043677e-01
5.870366133100518580e-01 4.103059443752491431e-01 -3.874107766093950467e-01 -3.804243703567043722e-02 7.943292218068893629e-01 -5.972800855002129428e-01 1.041650605189043677e-01
5.870517372877958051e-01 4.103042299822522998e-01 -3.873925203229102165e-01 -3.803744790336225506e-02 7.943325607250746323e-01 -5.972793376822178590e-01 1.041457070974877441e-01
5.870517330980160597e-01 4.103038027783012520e-01 -3.873927427232866649e-01 -3.802873606407832646e-02 7.943333410832181807e-01 -5.972778618952919727e-01 1.041514002149216828e-01
5.870437189195260030e-01 4.103001837790223316e-01 -3.873967405111917728e-01 -3.804994424142039977e-02 7.943228978663701145e-01 -5.972909669348687167e-01 1.041481468217574508e-01
5.870437099166351258e-01 4.102989482645736374e-01 -3.873973277113842428e-01 -3.802597602508169666e-02 7.943244856747140314e-01 -5.972877134760720130e-01 1.041634481738513973e-01
5.870437809768074278e-01 4.102986247054743463e-01 -3.873974596676899029e-01 -3.802052784283566772e-02 7.943248911160339931e-01 -5.972864084344677860e-01 1.041698282397877928e-01
5.870437809768074278e-01 4.102986247054743463e-01 -3.873974596676899029e-01 -3.802052784283566772e-02 7.943248911160339931e-01 -5.972864084344677860e-01 1.041698282397877928e-01
5.870437809768074278e-01 4.102986247054743463e-01 -3.873974596676899029e-01 -3.802052784283566772e-02 7.943248911160339931e-01 -5.972864084344677860e-01 1.041698282397877928e-01
5.870437809768074278e-01 4.102986247054743463e-01 -3.873974596676899029e-01 -3.802052784283566772e-02 7.943248911160339931e-01 -5.972864084344677860e-01 1.041698282397877928e-01
5.870453046772516892e-01 4.102861772828390596e-01 -3.874002861448371249e-01 -3.806049801287390150e-02 7.943112347723617628e-01 -5.973047667249624659e-01 1.041540995499281586e-01
5.870453046772516892e-01 4.102861772828390596e-01 -3.874002861448371249e-01 -3.806049801287390150e-02 7.943112347723617628e-01 -5.973047667249624659e-01 1.041540995499281586e-01
5.870438277234112379e-01 4.102683999122286873e-01 -3.874096887886426255e-01 -3.809510580812920655e-02 7.943075500987146764e-01 -5.973106634545308768e-01 1.041357291862568119e-01
5.870574175079065204e-01 4.102543529938333378e-01 -3.873962985032798900e-01 -3.811037812592950325e-02 7.942876291517292353e-01 -5.973387722023475455e-01 1.041208551607957222e-01
5.870574520075108049e-01 4.102533971372989696e-01 -3.873967689261739178e-01 -3.809193375858074132e-02 7.942889683498092213e-01 -5.973357558596081862e-01 1.041346921633613254e-01
5.870573289639452463e-01 4.102528889303769799e-01 -3.873971195972661374e-01 -3.807948791050609627e-02 7.942901911389708136e-01 -5.973342834123395173e-01 1.041383633497161010e-01
5.870667974611927242e-01 4.102515111372541101e-01 -3.873901114696412518e-01 -3.811698468753989960e-02 7.942820089030281361e-01 -5.973434231293801577e-01 1.041346275519056674e-01
5.870666784646443315e-01 4.102502760796234993e-01 -3.873908034302406267e-01 -3.809072217671150007e-02 7.942840809272160296e-01 -5.973400958403900507e-01 1.041475183144460470e-01
5.870666490698980278e-01 4.102494630514101903e-01 -3.873912090930281549e-01 -3.807458033646855117e-02 7.942852039212076054e-01 -5.973379297523139231e-01 1.041572793580316098e-01
5.870666490698980278e-01 4.102494630514101903e-01 -3.873912090930281549e-01 -3.807458033646855117e-02 7.942852039212076054e-01 -5.973379297523139231e-01 1.041572793580316098e-01
5.870666490698980278e-01 4.102494630514101903e-01 -3.873912090930281549e-01 -3.807458033646855117e-02 7.942852039212076054e-01 -5.973379297523139231e-01 1.041572793580316098e-01
5.870666490698980278e-01 4.102494630514101903e-01 -3.873912090930281549e-01 -3.807458033646855117e-02 7.942852039212076054e-01 -5.973379297523139231e-01 1.041572793580316098e-01
5.870643128170310865e-01 4.102557322550287044e-01 -3.873908143360479395e-01 -3.811999139736266251e-02 7.942871629436335512e-01 -5.973332278632991210e-01 1.041526952566788761e-01
5.870642390101248331e-01 4.102587575306044232e-01 -3.873905865600707488e-01 -3.811795316070106660e-02 7.942962470761426585e-01 -5.973244604971331695e-01 1.041344439626124552e-01
5.870642951386915165e-01 4.102583645779906418e-01 -3.873907717521787308e-01 -3.811072436792718732e-02 7.942967113911266752e-01 -5.973230326781804322e-01 1.041417379993948011e-01
5.870642951386915165e-01 4.102583645779906418e-01 -3.873907717521787308e-01 -3.811072436792718732e-02 7.942967113911266752e-01 -5.973230326781804322e-01 1.041417379993948011e-01
5.870659328864582527e-01 4.102441013392602032e-01 -3.873894860187012679e-01 -3.814990883830501195e-02 7.942847044948638802e-01 -5.973399561630347021e-01 1.041218969875190026e-01
5.870658941445183743e-01 4.102436661897148618e-01 -3.873899140378141426e-01 -3.813649310726226205e-02 7.942866718552542560e-01 -5.973373202691258932e-01 1.041269255297734564e-01
5.870689528864928564e-01 4.102523466788089990e-01 -3.873769796809753418e-01 -3.817084970211398476e-02 7.942878136176289017e-01 -5.973345752603305137e-01 1.041213742230958084e-01
5.870685202912854228e-01 4.102517335285598143e-01 -3.873777517510275104e-01 -3.814790837060023920e-02 7.942907339893410246e-01 -5.973324951499563440e-01 1.041194372994286854e-01
5.870684648363955205e-01 4.102507655245352103e-01 -3.873783201131206222e-01 -3.812671707482269412e-02 7.942920948157466965e-01 -5.973299046499437326e-01 1.041316789896257478e-01
5.870689420134537206e-01 4.102478437078623252e-01 -3.873719992975740434e-01 -3.818571406345883101e-02 7.942842949090038740e-01 -5.973400008567470998e-01 1.041116394973754383e-01
5.870687545643322736e-01 4.102467311443797615e-01 -3.873728597840623844e-01 -3.815638249018502015e-02 7.942870385852184301e-01 -5.973362971099039909e-01 1.041227110952014090e-01
5.870685366614966094e-01 4.102463532696045689e-01 -3.873732938910542933e-01 -3.814323193904452236e-02 7.942885401509914844e-01 -5.973351521977148249e-01 1.041226430272672032e-01
5.870662941954674086e-01 4.102389923455596055e-01 -3.873745365279747666e-01 -3.818021358872201315e-02 7.942753846696587461e-01 -5.973513282363097643e-01 1.041166425337542722e-01
5.870662544686560125e-01 4.102386732296513516e-01 -3.873748426711097204e-01 -3.817103120085597878e-02 7.942764597475295840e-01 -5.973496896631382835e-01 1.041212088258033769e-01
5.870661186108079299e-01 4.102383920980767207e-01 -3.873751579112789667e-01 -3.816155722797954369e-02 7.942774748353365055e-01 -5.973488395618111735e-01 1.041218151651928381e-01
5.870695368733541697e-01 4.102345046509311421e-01 -3.873807277835042973e-01 -3.820558909656907726e-02 7.942758172091501923e-01 -5.973486984791497312e-01 1.041191220851699351e-01
5.870685759812345195e-01 4.102334621216127686e-01 -3.873821800655466996e-01 -3.816269702872867459e-02 7.942808671145560329e-01 -5.973466379734898579e-01 1.041081495033459592e-01
5.870683740575752818e-01 4.102324069668440432e-01 -3.873829310662424419e-01 -3.813626479136651704e-02 7.942829166576045319e-01 -5.973439104673752276e-01 1.041178478513457017e-01
5.870670137396097887e-01 4.102292804796373038e-01 -3.873834937772949738e-01 -3.817344987424138580e-02 7.942749011278812388e-01 -5.973549074494075573e-01 1.041022752349977099e-01
5.870668316808599352e-01 4.102287532407364323e-01 -3.873840898069640382e-01 -3.815573412680222515e-02 7.942772082980281700e-01 -5.973523351458541741e-01 1.041059269558205214e-01
5.870665894825102260e-01 4.102281288872784426e-01 -3.873846663597975137e-01 -3.813713703652545778e-02 7.942789387171705906e-01 -5.973507971444744769e-01 1.041083639283766210e-01
5.870706691442502123e-01 4.102300344501492724e-01 -3.873825079352160583e-01 -3.815297424183688307e-02 7.942753178434363015e-01 -5.973548985602423755e-01 1.041066529444326927e-01
5.870708365194630129e-01 4.102293709667558796e-01 -3.873827462758449025e-01 -3.814214309329845565e-02 7.942756157160938413e-01 -5.973526880811803608e-01 1.041210316951297066e-01
5.870707449416369128e-01 4.102286326306240904e-01 -3.873832492250304793e-01 -3.812435936319024526e-02 7.942768508117661330e-01 -5.973507710713955587e-01 1.041291207496676530e-01
5.870742698699340512e-01 4.102276301640351286e-01 -3.873780017650105822e-01 -3.815517852370584745e-02 7.942794536676088812e-01 -5.973481753153752072e-01 1.041128679880660990e-01
5.870739238660357406e-01 4.102267621328993252e-01 -3.873788355380401449e-01 -3.812865743080996045e-02 7.942820712626432744e-01 -5.973457617406905396e-01 1.041164621166290327e-01
5.870860502277855941e-01 4.102134034575464216e-01 -3.873727445542470282e-01 -3.815465004291983958e-02 7.942654453926251135e-01 -5.973667066387720048e-01 1.041136049462522972e-01
5.870858480727124684e-01 4.102127891155462613e-01 -3.873732713976354436e-01 -3.813729251597600817e-02 7.942669697540564178e-01 -5.973652338467008160e-01 1.041167857193840696e-01
5.870856705389868591e-01 4.102117008297812562e-01 -3.873740648359041416e-01 -3.811000746504952796e-02 7.942691713141840637e-01 -5.973621551195441581e-01 1.041276450412030874e-01
5.870816021156528564e-01 4.102187823145247436e-01 -3.873716164820697472e-01 -3.815828543080172774e-02 7.942618299521344571e-01 -5.973712070274812547e-01 1.041140324288630792e-01
5.870811947750903537e-01 4.102182955068057191e-01 -3.873722410595278887e-01 -3.813953494862508398e-02 7.942640548262174249e-01 -5.973701604389846098e-01 1.041099346941479070e-01
5.870810851783093698e-01 4.102177949206179397e-01 -3.873726869932615502e-01 -3.812533722562887889e-02 7.942656208632181691e-01 -5.973680909933947181e-01 1.041150615382129552e-01
5.870851829274136291e-01 4.102244056255779925e-01 -3.873633095925479441e-01 -3.815974733094790183e-02 7.942574426618381755e-01 -5.973776284792808866e-01 1.041101217576143323e-01
5.870848406014830267e-01 4.102234920378165506e-01 -3.873641404540134059e-01 -3.813282533878026986e-02 7.942601447255505098e-01 -5.973750449944345009e-01 1.041141957185806877e-01
5.870847229902915743e-01 4.102227702740352533e-01 -3.873646378773067944e-01 -3.811520412878692532e-02 7.942615222350053461e-01 -5.973731016019268036e-01 1.041212898193593223e-01
5.870843429330080410e-01 4.102276089756035082e-01 -3.873576710724253580e-01 -3.815330956115652039e-02 7.942461831258244009e-01 -5.973940353362551248e-01 1.041042367257705020e-01
5.870838908587691085e-01 4.102266007973415229e-01 -3.873586326548968950e-01 -3.812245167627897197e-02 7.942494113371287856e-01 -5.973913012848490744e-01 1.041066012220592807e-01
5.870835729056645969e-01 4.102259924521880485e-01 -3.873592445253549732e-01 -3.810300291228168462e-02 7.942514813646555094e-01 -5.973897523494461348e-01 1.041068168132340543e-01
5.870767624071993041e-01 4.102338505743368668e-01 -3.873700587900564263e-01 -3.812513588421915373e-02 7.942498176213771410e-01 -5.973929607274202080e-01 1.040929954201819663e-01
5.870758300067193680e-01 4.102326137510050041e-01 -3.873715330602612306e-01 -3.808000935767681672e-02 7.942548991392713864e-01 -5.973904127127908081e-01 1.040853634255392846e-01
5.870758149493929823e-01 4.102321642339052388e-01 -3.873718124773444793e-01 -3.806990678599013467e-02 7.942557105454848276e-01 -5.973888745317089688e-01 1.040916953888789687e-01
5.870665319462129439e-01 4.102370760808354833e-01 -3.873863824033946801e-01 -3.810688673649775815e-02 7.942537382315959515e-01 -5.973893266589371809e-01 1.040906186088293162e-01
5.870661885093338972e-01 4.102361389415321580e-01 -3.873872288296640320e-01 -3.807957355265169375e-02 7.942563947151066728e-01 -5.973867855888612688e-01 1.040949275229909599e-01
5.870663381242562373e-01 4.102355620010057491e-01 -3.873874310448575664e-01 -3.807031660787281446e-02 7.942566482674828787e-01 -5.973848704144020250e-01 1.041073689814918379e-01
5.870663381242562373e-01 4.102355620010057491e-01 -3.873874310448575664e-01 -3.807031660787281446e-02 7.942566482674828787e-01 -5.973848704144020250e-01 1.041073689814918379e-01
5.870663381242562373e-01 4.102355620010057491e-01 -3.873874310448575664e-01 -3.807031660787281446e-02 7.942566482674828787e-01 -5.973848704144020250e-01 1.041073689814918379e-01
5.870663381242562373e-01 4.102355620010057491e-01 -3.873874310448575664e-01 -3.807031660787281446e-02 7.942566482674828787e-01 -5.973848704144020250e-01 1.041073689814918379e-01
5.870727766641153922e-01 4.102344589684986387e-01 -3.873874788890643295e-01 -3.808264153737030838e-02 7.942500981644480262e-01 -5.973927489673956925e-01 1.041076244108894988e-01
5.870727766641153922e-01 4.102344589684986387e-01 -3.873874788890643295e-01 -3.808264153737030838e-02 7.942500981644480262e-01 -5.973927489673956925e-01 1.041076244108894988e-01
5.870727766641153922e-01 4.102344589684986387e-01 -3.873874788890643295e-01 -3.808264153737030838e-02 7.942500981644480262e-01 -5.973927489673956925e-01 1.041076244108894988e-01
5.870737651008657298e-01 4.102288137716712524e-01 -3.873949576410448126e-01 -3.814301483152849476e-02 7.942317155520064453e-01 -5.974224446837615998e-01 1.040553459412658921e-01
5.870738907530494988e-01 4.102272102277254584e-01 -3.873959953629359521e-01 -3.810580741808552996e-02 7.942334815957055039e-01 -5.974169071821739951e-01 1.040872862854327063e-01
5.870737645655403902e-01 4.102263706721465120e-01 -3.873967528709568731e-01 -3.808183062181259848e-02 7.942352043971754316e-01 -5.974142486339357738e-01 1.040981738639943366e-01
5.870796191866269886e-01 4.102196000875257820e-01 -3.873969165542982540e-01 -3.812381390795214348e-02 7.942158297420129909e-01 -5.974392470700451430e-01 1.040871589615893766e-01
5.870794570555245562e-01 4.102186145585289823e-01 -3.873978454079542444e-01 -3.809500134023292850e-02 7.942180880143592248e-01 -5.974359200470161779e-01 1.040995724356183760e-01
5.870792639707096416e-01 4.102180489576457978e-01 -3.873984842999666500e-01 -3.807616384659204961e-02 7.942198758031601136e-01 -5.974339828183012902e-01 1.041039422875132403e-01
5.870778596295165297e-01 4.102215817608375614e-01 -3.873973759411487583e-01 -3.813244803379350206e-02 7.942337027484260847e-01 -5.974134628384472068e-01 1.040956110739064133e-01
5.870774494891874973e-01 4.102210206222462463e-01 -3.873982845731062108e-01 -3.810805151571807631e-02 7.942366790042734159e-01 -5.974113347863464485e-01 1.040940497950477994e-01
5.870774277117094542e-01 4.102209435224324352e-01 -3.873984072386873478e-01 -3.810484577156470626e-02 7.942371364350636620e-01 -5.974107195599076547e-01 1.040952640184398537e-01
5.870712881735249411e-01 4.102187107100557784e-01 -3.874062448012206006e-01 -3.810758960347274821e-02 7.942431737439785699e-01 -5.974054771819389265e-01 1.040782801968076765e-01
5.870710376563388344e-01 4.102184717529519520e-01 -3.874067165977626015e-01 -3.809543822037551181e-02 7.942447491287143446e-01 -5.974046625834884550e-01 1.040753822561877318e-01
5.870704225746352645e-01 4.102233684473191588e-01 -3.873949131419126002e-01 -3.811315956165479968e-02 7.942478505957530910e-01 -5.974026296670925662e-01 1.040568928956499412e-01
5.870610669792295511e-01 4.102221822604195101e-01 -3.874034710300457984e-01 -3.815420095312006821e-02 7.942542956292916179e-01 -5.973944590056790016e-01 1.040395654227697225e-01
5.870605971304186932e-01 4.102210653157043474e-01 -3.874047444869352930e-01 -3.811661990066368688e-02 7.942579887391515436e-01 -5.973909974626895325e-01 1.040450227637963188e-01
5.870606945965639589e-01 4.102204828474826370e-01 -3.874050567181456795e-01 -3.810462715277886103e-02 7.942584702511183981e-01 -5.973888934318762889e-01 1.040578196395602895e-01
5.870606945965639589e-01 4.102204828474826370e-01 -3.874050567181456795e-01 -3.810462715277886103e-02 7.942584702511183981e-01 -5.973888934318762889e-01 1.040578196395602895e-01
5.870606945965639589e-01 4.102204828474826370e-01 -3.874050567181456795e-01 -3.810462715277886103e-02 7.942584702511183981e-01 -5.973888934318762889e-01 1.040578196395602895e-01
5.870595512771181745e-01 4.102112769478213905e-01 -3.874061464769825713e-01 -3.814726190544811407e-02 7.942329537216117341e-01 -5.974199604997281199e-01 1.040586009336307849e-01
5.870659479938535874e-01 4.102092484104309378e-01 -3.874024542238692637e-01 -3.822044053370324962e-02 7.942286662194808500e-01 -5.974231346751283089e-01 1.040462485415868943e-01
5.870739106894804493e-01 4.102112476855357959e-01 -3.873884016142082332e-01 -3.829049628934499266e-02 7.942179382227504414e-01 -5.974379238591324137e-01 1.040174583135373143e-01
5.870735776189076605e-01 4.102097555438063425e-01 -3.873902042536311874e-01 -3.823873295110321452e-02 7.942219133176962043e-01 -5.974322289618885229e-01 1.040388557506365386e-01
5.870736186759004660e-01 4.102087078757100658e-01 -3.873911008687241364e-01 -3.820936846953519594e-02 7.942233126680510180e-01 -5.974281237390468569e-01 1.040625328415020756e-01
5.870752871103396275e-01 4.102106344067579791e-01 -3.873821551732327673e-01 -3.828141125504726933e-02 7.942164127373346760e-01 -5.974410861296097774e-01 1.040142869765200428e-01
5.870747254318468000e-01 4.102091163591819467e-01 -3.873842249735051646e-01 -3.822398099091817852e-02 7.942214814328392158e-01 -5.974356708552006623e-01 1.040278082900356338e-01
5.870743536111906469e-01 4.102085977222468816e-01 -3.873851751240686703e-01 -3.819965126454024501e-02 7.942241420379431149e-01 -5.974338674174517472e-01 1.040267893861350490e-01
5.870743536111906469e-01 4.102085977222468816e-01 -3.873851751240686703e-01 -3.819965126454024501e-02 7.942241420379431149e-01 -5.974338674174517472e-01 1.040267893861350490e-01
5.870743536111906469e-01 4.102085977222468816e-01 -3.873851751240686703e-01 -3.819965126454024501e-02 7.942241420379431149e-01 -5.974338674174517472e-01 1.040267893861350490e-01
5.870751997393238719e-01 4.102152889611338504e-01 -3.873801463716208815e-01 -3.825065822667707283e-02 7.942407979571922683e-01 -5.974112455193963944e-01 1.040107962305439615e-01
5.870813181467384734e-01 4.102248493844539712e-01 -3.873655713757611641e-01 -3.828099781737197282e-02 7.942549028709281478e-01 -5.973925148702904364e-01 1.039995079245498028e-01
5.870811883295381506e-01 4.102240070843508057e-01 -3.873664605726841459e-01 -3.825431337732020792e-02 7.942568055862865295e-01 -5.973893718214762227e-01 1.040128488343597946e-01
5.870789871085442257e-01 4.102273322777244546e-01 -3.873651060940258573e-01 -3.833689355562031054e-02 7.942371708177795586e-01 -5.974133928123745996e-01 1.039944093318554141e-01
5.870787881077965675e-01 4.102251736199311605e-01 -3.873671464819112842e-01 -3.827292874154290120e-02 7.942413193807690286e-01 -5.974054521685754349e-01 1.040318952682300901e-01
5.870765827712987051e-01 4.102259123258606976e-01 -3.873624181696593838e-01 -3.828250412946639092e-02 7.942250904327601280e-01 -5.974265338614443976e-01 1.040312080240920756e-01
5.870772093315861362e-01 4.102294341965378455e-01 -3.873630139524449345e-01 -3.827617549769055799e-02 7.942298089528074811e-01 -5.974226700121558764e-01 1.040197015742863051e-01
5.870770371259970144e-01 4.102289700378928816e-01 -3.873636267638329023e-01 -3.825894750985220361e-02 7.942314588279139054e-01 -5.974208168740721137e-01 1.040240852352868756e-01
5.870770254129827892e-01 4.102277147126102697e-01 -3.873646624916464720e-01 -3.822468808780168925e-02 7.942333419561167229e-01 -5.974161883248318983e-01 1.040488811724438190e-01
5.870811623017978542e-01 4.102193457275497557e-01 -3.873692665218832487e-01 -3.827979782545704729e-02 7.942356946770703363e-01 -5.974158016084105682e-01 1.040128759714572387e-01
5.870803262143446943e-01 4.102168569255602026e-01 -3.873722701203535790e-01 -3.819310032576972436e-02 7.942431733529593529e-01 -5.974073987667415375e-01 1.040359003829068596e-01
5.870803262143446943e-01 4.102168569255602026e-01 -3.873722701203535790e-01 -3.819310032576972436e-02 7.942431733529593529e-01 -5.974073987667415375e-01 1.040359003829068596e-01
5.870862371857213935e-01 4.102159351329046633e-01 -3.873658202738361478e-01 -3.823017223600420900e-02 7.942383959049830189e-01 -5.974193549810291604e-01 1.039900894082508437e-01
5.870860718765288366e-01 4.102146308919508710e-01 -3.873670621975696116e-01 -3.819140302592384517e-02 7.942411701267194646e-01 -5.974145854882126905e-01 1.040105449298182327e-01
5.870860718765288366e-01 4.102146308919508710e-01 -3.873670621975696116e-01 -3.819140302592384517e-02 7.942411701267194646e-01 -5.974145854882126905e-01 1.040105449298182327e-01
