repeatability steamvr; 20211015-225502; x y z w i j k;  frequency = 150 duration = 2 sys.args = ['.\\repeatability.py']
3.432285189628601074e-01 -4.990383684635162354e-01 -1.831645131111145020e+00 5.976945587811256511e-01 6.266483724638514108e-01 -3.732599899198926763e-01 3.327911430799460057e-01
3.432286679744720459e-01 -4.990383982658386230e-01 -1.831645369529724121e+00 5.976944372421770790e-01 6.266483004419242109e-01 -3.732601780107382416e-01 3.327913167088343283e-01
3.432287275791168213e-01 -4.990383982658386230e-01 -1.831645369529724121e+00 5.976943941971268881e-01 6.266482707789789997e-01 -3.732602508590357471e-01 3.327913843053375009e-01
3.432287573814392090e-01 -4.990383982658386230e-01 -1.831645488739013672e+00 5.976943653705757420e-01 6.266482511398212552e-01 -3.732602906759106554e-01 3.327914221704157405e-01
3.432287871837615967e-01 -4.990383982658386230e-01 -1.831645488739013672e+00 5.976943366414101400e-01 6.266482313985584085e-01 -3.732603304319720428e-01 3.327914568648899785e-01
3.432288765907287598e-01 -4.990384280681610107e-01 -1.831645607948303223e+00 5.976942663279889434e-01 6.266481804627762608e-01 -3.732604421240972581e-01 3.327915614589233018e-01
3.432289063930511475e-01 -4.990384280681610107e-01 -1.831645727157592773e+00 5.976942312686622794e-01 6.266481424272404288e-01 -3.732604858333626874e-01 3.327916027943801924e-01
3.432284593582153320e-01 -4.990388453006744385e-01 -1.831646561622619629e+00 5.976943523207176590e-01 6.266551208667696660e-01 -3.732523637326510824e-01 3.327874155338094719e-01
3.432285189628601074e-01 -4.990388751029968262e-01 -1.831646680831909180e+00 5.976942924277085512e-01 6.266552584550744154e-01 -3.732522375248821800e-01 3.327873647389805734e-01
3.432285189628601074e-01 -4.990389049053192139e-01 -1.831646680831909180e+00 5.976942595108978296e-01 6.266553428290065897e-01 -3.732521490075405568e-01 3.327873550191153273e-01
3.432285487651824951e-01 -4.990389049053192139e-01 -1.831646800041198730e+00 5.976942361380133129e-01 6.266554171965722508e-01 -3.732520825775967888e-01 3.327873399853314984e-01
3.432285785675048828e-01 -4.990389347076416016e-01 -1.831646800041198730e+00 5.976942049741659213e-01 6.266554997326178045e-01 -3.732520256875768716e-01 3.327873292894398816e-01
3.432286083698272705e-01 -4.990389347076416016e-01 -1.831646919250488281e+00 5.976941812117311237e-01 6.266555745086224150e-01 -3.732519657336609842e-01 3.327873144725495558e-01
3.432286381721496582e-01 -4.990389645099639893e-01 -1.831646919250488281e+00 5.976941596891971464e-01 6.266556220051164861e-01 -3.732519059391451455e-01 3.327872952921291927e-01
3.432286381721496582e-01 -4.990389943122863770e-01 -1.831647038459777832e+00 5.976941317391180064e-01 6.266557011716903380e-01 -3.732518493794431680e-01 3.327872828068550448e-01
3.432286679744720459e-01 -4.990389943122863770e-01 -1.831647038459777832e+00 5.976941075871322617e-01 6.266557514250563621e-01 -3.732517888896858538e-01 3.327872682068572785e-01
3.432286977767944336e-01 -4.990390241146087646e-01 -1.831647157669067383e+00 5.976940803187599238e-01 6.266558049458198498e-01 -3.732517287878714396e-01 3.327872553420164747e-01
3.432287275791168213e-01 -4.990390241146087646e-01 -1.831647157669067383e+00 5.976940550955145426e-01 6.266558812534477330e-01 -3.732516674088980357e-01 3.327872413384779238e-01
3.432287573814392090e-01 -4.990390539169311523e-01 -1.831647276878356934e+00 5.976940092262120752e-01 6.266560041386541879e-01 -3.732515597117643247e-01 3.327872107828863113e-01
3.432287871837615967e-01 -4.990390837192535400e-01 -1.831647396087646484e+00 5.976939694922912549e-01 6.266561205911987953e-01 -3.732514551950233406e-01 3.327872017422884299e-01
3.432288169860839844e-01 -4.990391135215759277e-01 -1.831647396087646484e+00 5.976939413474291474e-01 6.266561999620426926e-01 -3.732513933032456377e-01 3.327871893654582025e-01
3.432288467884063721e-01 -4.990391135215759277e-01 -1.831647515296936035e+00 5.976939113522111713e-01 6.266562812729122856e-01 -3.732513302296932012e-01 3.327871499714005754e-01
3.432288765907287598e-01 -4.990391433238983154e-01 -1.831647515296936035e+00 5.976938826230238089e-01 6.266563363253193630e-01 -3.732512687028062826e-01 3.327871379199103807e-01
3.432289063930511475e-01 -4.990391433238983154e-01 -1.831647634506225586e+00 5.976938532121254255e-01 6.266564170235696674e-01 -3.732511811123456202e-01 3.327871262479856762e-01
3.432289361953735352e-01 -4.990391731262207031e-01 -1.831647753715515137e+00 5.976938214639355706e-01 6.266565001723785056e-01 -3.732511113425116545e-01 3.327871127610425028e-01
3.432289659976959229e-01 -4.990392029285430908e-01 -1.831647753715515137e+00 5.976937850411634390e-01 6.266566131533934936e-01 -3.732510148862020483e-01 3.327871049932234482e-01
3.432289958000183105e-01 -4.990392327308654785e-01 -1.831647872924804688e+00 5.976937449176793482e-01 6.266567050833652397e-01 -3.732509417765344506e-01 3.327870712384204954e-01
3.432290256023406982e-01 -4.990392327308654785e-01 -1.831647992134094238e+00 5.976937142407418024e-01 6.266568120401403430e-01 -3.732508409529169402e-01 3.327870602714018133e-01
3.432290554046630859e-01 -4.990392625331878662e-01 -1.831648111343383789e+00 5.976936685661875526e-01 6.266569097902019436e-01 -3.732507650770141017e-01 3.327870296073459078e-01
3.432290852069854736e-01 -4.990392923355102539e-01 -1.831648111343383789e+00 5.976936366232135089e-01 6.266570180743881169e-01 -3.732506704976740197e-01 3.327870162288463773e-01
3.432291448116302490e-01 -4.990393221378326416e-01 -1.831648349761962891e+00 5.976935627063861833e-01 6.266572202286558868e-01 -3.732504938358703894e-01 3.327869732421719351e-01
3.432292044162750244e-01 -4.990393519401550293e-01 -1.831648349761962891e+00 5.976935155710132452e-01 6.266573195103825045e-01 -3.732503869291993182e-01 3.327869433914639186e-01
3.432292342185974121e-01 -4.990393817424774170e-01 -1.831648468971252441e+00 5.976934726232837614e-01 6.266574393326590497e-01 -3.732502813028790167e-01 3.327869361402422399e-01
3.432292640209197998e-01 -4.990394115447998047e-01 -1.831648588180541992e+00 5.976934468156898106e-01 6.266575162530994003e-01 -3.732502124977267743e-01 3.327868975309224986e-01
3.432292938232421875e-01 -4.990394115447998047e-01 -1.831648588180541992e+00 5.976934203263846168e-01 6.266575938882933405e-01 -3.732501526883560405e-01 3.327868811158884998e-01
3.432293236255645752e-01 -4.990394413471221924e-01 -1.831648707389831543e+00 5.976933910128506833e-01 6.266576744845853142e-01 -3.732500954217635170e-01 3.327868693897310659e-01
3.432293236255645752e-01 -4.990394711494445801e-01 -1.831648707389831543e+00 5.976933630627355720e-01 6.266577287202809154e-01 -3.732500341873427607e-01 3.327868569044409308e-01
3.432293534278869629e-01 -4.990394711494445801e-01 -1.831648826599121094e+00 5.976933375472983645e-01 6.266578053344331600e-01 -3.732499722115960039e-01 3.327868430635568808e-01
3.432293832302093506e-01 -4.990395009517669678e-01 -1.831648826599121094e+00 5.976933098893422169e-01 6.266578841949385081e-01 -3.732498866426968709e-01 3.327868304155945922e-01
3.432294130325317383e-01 -4.990395009517669678e-01 -1.831648945808410645e+00 5.976932770698645259e-01 6.266579684671040873e-01 -3.732498159835379026e-01 3.327868175251006977e-01
3.432294428348541260e-01 -4.990395307540893555e-01 -1.831649065017700195e+00 5.976932508727134108e-01 6.266580457960280182e-01 -3.732497536543947225e-01 3.327868040637812497e-01
3.432294726371765137e-01 -4.990395605564117432e-01 -1.831649065017700195e+00 5.976932271102406435e-01 6.266581205722929759e-01 -3.732496944794140292e-01 3.327867892468675537e-01
3.432295322418212891e-01 -4.990395903587341309e-01 -1.831649184226989746e+00 5.976931509534570974e-01 6.266583001442211920e-01 -3.732495176579891938e-01 3.327867443909198752e-01
3.432295620441436768e-01 -4.990396201610565186e-01 -1.831649303436279297e+00 5.976931108299303741e-01 6.266583920744484004e-01 -3.732494203961435053e-01 3.327867137524711527e-01
3.432296216487884521e-01 -4.990396499633789062e-01 -1.831649422645568848e+00 5.976930595068716823e-01 6.266585456092247375e-01 -3.732493044179812092e-01 3.327866831169710715e-01
3.432296514511108398e-01 -4.990396797657012939e-01 -1.831649541854858398e+00 5.976930231814403527e-01 6.266586335573223199e-01 -3.732492079006508034e-01 3.327866752949180107e-01
3.432296812534332275e-01 -4.990396797657012939e-01 -1.831649541854858398e+00 5.976929866612323838e-01 6.266587217096466489e-01 -3.732491364360728259e-01 3.327866644649216110e-01
3.432297408580780029e-01 -4.990397393703460693e-01 -1.831649780273437500e+00 5.976929149842310496e-01 6.266589215159703574e-01 -3.732489614915460163e-01 3.327866202310547084e-01
3.432297706604003906e-01 -4.990397691726684570e-01 -1.831649899482727051e+00 5.976928771005951546e-01 6.266590110978322858e-01 -3.732488636099494661e-01 3.327865852290556314e-01
3.432298004627227783e-01 -4.990397989749908447e-01 -1.831649899482727051e+00 5.976928459366768198e-01 6.266591185654626361e-01 -3.732487872422272646e-01 3.327865745331398117e-01
3.432298302650451660e-01 -4.990397989749908447e-01 -1.831650018692016602e+00 5.976928044497080705e-01 6.266592119253110438e-01 -3.732486955063167855e-01 3.327865664685533686e-01
3.432298898696899414e-01 -4.990398585796356201e-01 -1.831650137901306152e+00 5.976927456278038342e-01 6.266593733225065410e-01 -3.732485577215938766e-01 3.327865150771324165e-01
3.432299196720123291e-01 -4.990398585796356201e-01 -1.831650257110595703e+00 5.976927053094753806e-01 6.266594903882519718e-01 -3.732484527902864002e-01 3.327865063618588026e-01
3.432299494743347168e-01 -4.990398883819580078e-01 -1.831650376319885254e+00 5.976926677179880132e-01 6.266595796638739779e-01 -3.732483874483065178e-01 3.327864743135690584e-01
3.431919217109680176e-01 -4.990706741809844971e-01 -1.831607222557067871e+00 5.976852281602712536e-01 6.266569335947491659e-01 -3.732664768838893643e-01 3.327845489089106823e-01
3.431918919086456299e-01 -4.990707337856292725e-01 -1.831607222557067871e+00 5.976852353670193407e-01 6.266570008330254460e-01 -3.732664451143534734e-01 3.327844358211671238e-01
3.431918621063232422e-01 -4.990707933902740479e-01 -1.831607341766357422e+00 5.976852429633212616e-01 6.266570925943155679e-01 -3.732664123224262998e-01 3.327843225165271202e-01
3.431918621063232422e-01 -4.990708529949188232e-01 -1.831607341766357422e+00 5.976852462745297911e-01 6.266571389855060126e-01 -3.732663775319791100e-01 3.327842271799379970e-01
3.431918323040008545e-01 -4.990708827972412109e-01 -1.831607460975646973e+00 5.976852471510262221e-01 6.266571629979749147e-01 -3.732663668561871373e-01 3.327841612468527832e-01
3.431918025016784668e-01 -4.990710020065307617e-01 -1.831607580184936523e+00 5.976852572794285612e-01 6.266572770358723732e-01 -3.732662927484131643e-01 3.327839966694715046e-01
3.431917428970336914e-01 -4.990710616111755371e-01 -1.831607580184936523e+00 5.976852654600611769e-01 6.266573931159516997e-01 -3.732662666035337917e-01 3.327838394094529417e-01
3.431917428970336914e-01 -4.990711212158203125e-01 -1.831607699394226074e+00 5.976852722772548754e-01 6.266574358312045900e-01 -3.732662280653161746e-01 3.327837670522322266e-01
3.431917130947113037e-01 -4.990711510181427002e-01 -1.831607699394226074e+00 5.976852734459165983e-01 6.266575094002466706e-01 -3.732662156488462113e-01 3.327837071893393617e-01
3.431916832923889160e-01 -4.990711808204650879e-01 -1.831607818603515625e+00 5.976852801657217551e-01 6.266575272861562018e-01 -3.732661982073623985e-01 3.327836473520712213e-01
3.431916534900665283e-01 -4.990712702274322510e-01 -1.831607818603515625e+00 5.976852861064190225e-01 6.266575958518409983e-01 -3.732661461925947388e-01 3.327834975720934119e-01
3.431916534900665283e-01 -4.990713298320770264e-01 -1.831607937812805176e+00 5.976852951635475142e-01 6.266576611500263017e-01 -3.732661085928203892e-01 3.327834208512810976e-01
3.431916236877441406e-01 -4.990713596343994141e-01 -1.831607937812805176e+00 5.976852942870511942e-01 6.266577368633610146e-01 -3.732660990118077393e-01 3.327833309627956648e-01
3.431915938854217529e-01 -4.990714192390441895e-01 -1.831608057022094727e+00 5.976852994486404613e-01 6.266577813144669218e-01 -3.732660622866588174e-01 3.327832595274028415e-01
3.431915938854217529e-01 -4.990714490413665771e-01 -1.831608057022094727e+00 5.976853020781294212e-01 6.266578284204147309e-01 -3.732660497369825747e-01 3.327831708032633617e-01
3.431915640830993652e-01 -4.990714788436889648e-01 -1.831608057022094727e+00 5.976853051945606454e-01 6.266578750158156019e-01 -3.732660103935361851e-01 3.327831098558828860e-01
3.431915342807769775e-01 -4.990715384483337402e-01 -1.831608176231384277e+00 5.976853142516888040e-01 6.266579153825455606e-01 -3.732659930505680124e-01 3.327830424843726820e-01
3.431914746761322021e-01 -4.990716576576232910e-01 -1.831608295440673828e+00 5.976853232114284209e-01 6.266580555771800176e-01 -3.732659321383854922e-01 3.327828224619635566e-01
3.431914746761322021e-01 -4.990717172622680664e-01 -1.831608295440673828e+00 5.976853321711678158e-01 6.266581209774644279e-01 -3.732658945994380417e-01 3.327827426789600751e-01
3.431914448738098145e-01 -4.990717470645904541e-01 -1.831608414649963379e+00 5.976853312946716068e-01 6.266581966907950330e-01 -3.732658857975333921e-01 3.327826527904791387e-01
3.431914150714874268e-01 -4.990718066692352295e-01 -1.831608414649963379e+00 5.976853401570224600e-01 6.266582372617375274e-01 -3.732658444238693418e-01 3.327825855274279543e-01
3.431914150714874268e-01 -4.990718364715576172e-01 -1.831608533859252930e+00 5.976853436630072958e-01 6.266582834486960074e-01 -3.732658328850221863e-01 3.327824900824153387e-01
3.431913852691650391e-01 -4.990718960762023926e-01 -1.831608533859252930e+00 5.976853485324308268e-01 6.266583531375700122e-01 -3.732657963423415826e-01 3.327824188097092684e-01
3.431913554668426514e-01 -4.990719258785247803e-01 -1.831608653068542480e+00 5.976853513566964260e-01 6.266584000392929621e-01 -3.732657836710259192e-01 3.327823549085799359e-01
3.431913554668426514e-01 -4.990719556808471680e-01 -1.831608653068542480e+00 5.976853524279694962e-01 6.266584487789852442e-01 -3.732657471630393964e-01 3.327822670520435011e-01
3.431913256645202637e-01 -4.990720152854919434e-01 -1.831608653068542480e+00 5.976853573947813469e-01 6.266584934343000235e-01 -3.732657354909868497e-01 3.327821957251159146e-01
3.431912958621978760e-01 -4.990720748901367188e-01 -1.831608772277832031e+00 5.976853624589816283e-01 6.266585379875045936e-01 -3.732656980475584363e-01 3.327821025289486867e-01
3.431912660598754883e-01 -4.990721344947814941e-01 -1.831608772277832031e+00 5.976853721978282463e-01 6.266586025709025565e-01 -3.732656623593731404e-01 3.327820160793045212e-01
3.431912660598754883e-01 -4.990721642971038818e-01 -1.831608891487121582e+00 5.976853729769359136e-01 6.266586765483680432e-01 -3.732656525235132361e-01 3.327819252690140117e-01
3.431912362575531006e-01 -4.990721940994262695e-01 -1.831608891487121582e+00 5.976853799889053631e-01 6.266587190593808643e-01 -3.732656130845607989e-01 3.327818559198109094e-01
3.431912064552307129e-01 -4.990722537040710449e-01 -1.831609010696411133e+00 5.976853829105592819e-01 6.266587658589902743e-01 -3.732655995733181187e-01 3.327817950808941716e-01
3.431912064552307129e-01 -4.990722835063934326e-01 -1.831609010696411133e+00 5.976853859296016314e-01 6.266588374879362711e-01 -3.732655649653467411e-01 3.327816967905840029e-01
3.431911766529083252e-01 -4.990723431110382080e-01 -1.831609010696411133e+00 5.976853913833555243e-01 6.266588816326982281e-01 -3.732655514309767275e-01 3.327816283089744531e-01
3.431911468505859375e-01 -4.990723729133605957e-01 -1.831609129905700684e+00 5.976853961553901806e-01 6.266589264922257652e-01 -3.732655110535840204e-01 3.327815664397978934e-01
3.431911468505859375e-01 -4.990724325180053711e-01 -1.831609129905700684e+00 5.976853972266632509e-01 6.266589503004674766e-01 -3.732655002561544033e-01 3.327814785832694522e-01
3.431911170482635498e-01 -4.990724623203277588e-01 -1.831609249114990234e+00 5.976854040438553950e-01 6.266590179471405175e-01 -3.732654858702930123e-01 3.327814093425231490e-01
3.431910872459411621e-01 -4.990725219249725342e-01 -1.831609249114990234e+00 5.976854094976091769e-01 6.266590870233450516e-01 -3.732654520791247044e-01 3.327813065801808468e-01
3.431910872459411621e-01 -4.990725517272949219e-01 -1.831609368324279785e+00 5.976854166069666130e-01 6.266591294322414463e-01 -3.732654125793564703e-01 3.327812371767652211e-01
3.431910574436187744e-01 -4.990726113319396973e-01 -1.831609368324279785e+00 5.976854175808511416e-01 6.266591782740366101e-01 -3.732654010636405895e-01 3.327811743059097549e-01
3.431910276412963867e-01 -4.990726411342620850e-01 -1.831609368324279785e+00 5.976854245928200360e-01 6.266592457164859020e-01 -3.732653624038020368e-01 3.327810800252761214e-01
3.431909680366516113e-01 -4.990727603435516357e-01 -1.831609487533569336e+00 5.976854308256812631e-01 6.266593887701435994e-01 -3.732653218932082684e-01 3.327808989183823618e-01
3.431909680366516113e-01 -4.990728199481964111e-01 -1.831609606742858887e+00 5.976854383245923108e-01 6.266594058391526945e-01 -3.732652852665902521e-01 3.327807950173415352e-01
3.431910574436187744e-01 -4.990731775760650635e-01 -1.831609845161437988e+00 5.976825718833473911e-01 6.266584222009285998e-01 -3.732703079522619594e-01 3.327821946732647529e-01
3.431910276412963867e-01 -4.990732967853546143e-01 -1.831609964370727539e+00 5.976824856941458375e-01 6.266584876370570045e-01 -3.732704311208776549e-01 3.327821055387222837e-01
3.431909978389739990e-01 -4.990733563899993896e-01 -1.831610083580017090e+00 5.976824380709545581e-01 6.266585375690528759e-01 -3.732705021558866409e-01 3.327820354448880469e-01
3.431983888149261475e-01 -4.990801513195037842e-01 -1.831616520881652832e+00 5.976773106184989359e-01 6.266659829884410060e-01 -3.732665583578999580e-01 3.327816554712867969e-01
3.431983590126037598e-01 -4.990802109241485596e-01 -1.831616640090942383e+00 5.976772714678066922e-01 6.266659991062463186e-01 -3.732665921580469170e-01 3.327815993582335929e-01
3.431983590126037598e-01 -4.990803301334381104e-01 -1.831616759300231934e+00 5.976771938481429958e-01 6.266660555588652315e-01 -3.732667014049922960e-01 3.327814992184229270e-01
3.431983292102813721e-01 -4.990803897380828857e-01 -1.831616759300231934e+00 5.976771434002258188e-01 6.266661084536390147e-01 -3.732667710879828404e-01 3.327814369296500652e-01
3.431869745254516602e-01 -4.990606904029846191e-01 -1.831699967384338379e+00 5.976820148184582848e-01 6.266457177371441700e-01 -3.732762132625399576e-01 3.328004836310571868e-01
3.431869447231292725e-01 -4.990607202053070068e-01 -1.831700086593627930e+00 5.976819740124609259e-01 6.266457605206052772e-01 -3.732762738075583453e-01 3.328004222084863795e-01
3.431869149208068848e-01 -4.990607202053070068e-01 -1.831700205802917480e+00 5.976819320377924072e-01 6.266458045293776813e-01 -3.732763311869059519e-01 3.328003739024401608e-01
3.431868553161621094e-01 -4.990607500076293945e-01 -1.831700325012207031e+00 5.976818929847919071e-01 6.266458454749026519e-01 -3.732763898580114259e-01 3.328003146202013207e-01
3.431867957115173340e-01 -4.990607798099517822e-01 -1.831700563430786133e+00 5.976818188717339941e-01 6.266458733163342565e-01 -3.732764688673225750e-01 3.328002218804012036e-01
3.431953191757202148e-01 -4.990393817424774170e-01 -1.831671833992004395e+00 5.976783065255444338e-01 6.266465890175042519e-01 -3.733035568266116488e-01 3.327748586747746318e-01
3.431953191757202148e-01 -4.990393817424774170e-01 -1.831671953201293945e+00 5.976782742895805356e-01 6.266466228158832363e-01 -3.733036042299492929e-01 3.327748142937325126e-01
3.431953191757202148e-01 -4.990393817424774170e-01 -1.831671953201293945e+00 5.976782420536149720e-01 6.266466316825232141e-01 -3.733036524124100919e-01 3.327747917279629819e-01
3.431952893733978271e-01 -4.990393817424774170e-01 -1.831672072410583496e+00 5.976781967674368312e-01 6.266466542318981370e-01 -3.733037149788422382e-01 3.327747359141896566e-01
3.431952893733978271e-01 -4.990393817424774170e-01 -1.831672191619873047e+00 5.976781577141921931e-01 6.266466951779906536e-01 -3.733037479413910953e-01 3.327746797465095385e-01
3.431952893733978271e-01 -4.990393817424774170e-01 -1.831672310829162598e+00 5.976781125253973759e-01 6.266467425570201311e-01 -3.733038096678974460e-01 3.327746269949676261e-01
3.431952595710754395e-01 -4.990393817424774170e-01 -1.831672310829162598e+00 5.976780717191334524e-01 6.266467853411100686e-01 -3.733038709944789812e-01 3.327745655703788774e-01
3.431952595710754395e-01 -4.990393817424774170e-01 -1.831672430038452148e+00 5.976780311076461683e-01 6.266468029892353631e-01 -3.733039306411787273e-01 3.327745071538033561e-01
3.431952595710754395e-01 -4.990393817424774170e-01 -1.831672549247741699e+00 5.976779840684379730e-01 6.266468523083841280e-01 -3.733039958608146414e-01 3.327744491995694442e-01
3.431952297687530518e-01 -4.990393817424774170e-01 -1.831672668457031250e+00 5.976779416065408634e-01 6.266468968283710472e-01 -3.733040590006325155e-01 3.327743886967767240e-01
3.431952297687530518e-01 -4.990393817424774170e-01 -1.831672787666320801e+00 5.976778945673256738e-01 6.266469212157830260e-01 -3.733041242202926879e-01 3.327743307425286567e-01
3.431952297687530518e-01 -4.990393519401550293e-01 -1.831672787666320801e+00 5.976778591174798372e-01 6.266469334520997636e-01 -3.733041510366472138e-01 3.327742819179083100e-01
3.431951999664306641e-01 -4.990393519401550293e-01 -1.831672906875610352e+00 5.976778205511616981e-01 6.266469738877059603e-01 -3.733042031730523513e-01 3.327742379449376009e-01
3.431951999664306641e-01 -4.990393519401550293e-01 -1.831673026084899902e+00 5.976777849065321169e-01 6.266470112600156517e-01 -3.733042566010738583e-01 3.327741829958162367e-01
3.431951999664306641e-01 -4.990393519401550293e-01 -1.831673026084899902e+00 5.976777492619004262e-01 6.266470486323318934e-01 -3.733043100291030258e-01 3.327741311631601251e-01
3.431951701641082764e-01 -4.990393519401550293e-01 -1.831673145294189453e+00 5.976777124485900261e-01 6.266470872299771955e-01 -3.733043595123790581e-01 3.327741142623719672e-01
3.431951701641082764e-01 -4.990393519401550293e-01 -1.831673264503479004e+00 5.976776615137678883e-01 6.266471157018406180e-01 -3.733044357355466136e-01 3.327740397782437132e-01
3.431951701641082764e-01 -4.990393519401550293e-01 -1.831673383712768555e+00 5.976776230448267446e-01 6.266471311036048153e-01 -3.733044870320486597e-01 3.327739957510253976e-01
3.431951403617858887e-01 -4.990393519401550293e-01 -1.831673383712768555e+00 5.976775942174666900e-01 6.266471613282319497e-01 -3.733045299691510333e-01 3.327739525885205496e-01
3.431951403617858887e-01 -4.990393519401550293e-01 -1.831673502922058105e+00 5.976775636370899036e-01 6.266471933908481784e-01 -3.733045763385313132e-01 3.327739104020532857e-01
3.431951403617858887e-01 -4.990393519401550293e-01 -1.831673502922058105e+00 5.976775268237680683e-01 6.266472319885262321e-01 -3.733046008900719470e-01 3.327738685694783816e-01
3.431951105594635010e-01 -4.990393519401550293e-01 -1.831673622131347656e+00 5.976774963407777141e-01 6.266472390172672657e-01 -3.733046464195163283e-01 3.327738232123074735e-01
3.431951105594635010e-01 -4.990393519401550293e-01 -1.831673741340637207e+00 5.976774675134115533e-01 6.266472692419124968e-01 -3.733046885775212487e-01 3.327737800497885257e-01
3.431951105594635010e-01 -4.990393519401550293e-01 -1.831673741340637207e+00 5.976774290444578641e-01 6.266473095754830913e-01 -3.733047398740640954e-01 3.327737391390185318e-01
3.431951105594635010e-01 -4.990393519401550293e-01 -1.831673860549926758e+00 5.976774001196986097e-01 6.266473399022489676e-01 -3.733047844302636031e-01 3.327736929142446343e-01
3.431950807571411133e-01 -4.990393519401550293e-01 -1.831673860549926758e+00 5.976773678836859727e-01 6.266473737007708378e-01 -3.733048318337698346e-01 3.327736485330994864e-01
3.431950807571411133e-01 -4.990393519401550293e-01 -1.831673979759216309e+00 5.976773260060836979e-01 6.266473926764417612e-01 -3.733048891549384241e-01 3.327735970542834987e-01
3.431950509548187256e-01 -4.990393519401550293e-01 -1.831674098968505859e+00 5.976772598784221291e-01 6.266474370776049518e-01 -3.733049873334325364e-01 3.327735029808424616e-01
3.431950509548187256e-01 -4.990393519401550293e-01 -1.831674218177795410e+00 5.976772196564388295e-01 6.266474792492017221e-01 -3.733050163513921271e-01 3.327734568131417436e-01
3.431950509548187256e-01 -4.990393221378326416e-01 -1.831674337387084961e+00 5.976771489514446367e-01 6.266475533813756771e-01 -3.733051166097703932e-01 3.327733902200156191e-01
3.431950211524963379e-01 -4.990393221378326416e-01 -1.831674575805664062e+00 5.976770743508494910e-01 6.266476066662022282e-01 -3.733052278716433858e-01 3.327732821652198969e-01
3.431949615478515625e-01 -4.990394115447998047e-01 -1.831674456596374512e+00 5.976834751649091615e-01 6.266398734719410557e-01 -3.733023230990720198e-01 3.327795756748452294e-01
3.431949317455291748e-01 -4.990394115447998047e-01 -1.831674575805664062e+00 5.976835426553257502e-01 6.266398027117759950e-01 -3.733023308088260217e-01 3.327796097755101878e-01
3.431949317455291748e-01 -4.990393817424774170e-01 -1.831674575805664062e+00 5.976835883306539365e-01 6.266397298920756143e-01 -3.733023443527867524e-01 3.327796591388627045e-01
3.431949317455291748e-01 -4.990393817424774170e-01 -1.831674695014953613e+00 5.976836322529810452e-01 6.266396589103152559e-01 -3.733023574334181083e-01 3.327797063618078699e-01
3.431949019432067871e-01 -4.990393817424774170e-01 -1.831674695014953613e+00 5.976836801682433586e-01 6.266395837421847581e-01 -3.733023446468349826e-01 3.327797326629118313e-01
3.431949019432067871e-01 -4.990393817424774170e-01 -1.831674814224243164e+00 5.976837591505068659e-01 6.266394760019744492e-01 -3.733023482954256345e-01 3.327797946459220557e-01
3.431948721408843994e-01 -4.990393817424774170e-01 -1.831674933433532715e+00 5.976838328737692496e-01 6.266393737755725502e-01 -3.733023786019826762e-01 3.327798564405963777e-01
3.431948721408843994e-01 -4.990393817424774170e-01 -1.831675052642822266e+00 5.976838970529294581e-01 6.266392815556712792e-01 -3.733023860425467855e-01 3.327798861519814522e-01
3.431948423385620117e-01 -4.990393519401550293e-01 -1.831675052642822266e+00 5.976839474028879939e-01 6.266392038349575255e-01 -3.733023725144102856e-01 3.327799360289697694e-01
3.431948423385620117e-01 -4.990393519401550293e-01 -1.831675171852111816e+00 5.976840071995449533e-01 6.266391162099079759e-01 -3.733023826922041155e-01 3.327799931119454491e-01
3.431948125362396240e-01 -4.990393519401550293e-01 -1.831675291061401367e+00 5.976840677753054720e-01 6.266390277680286003e-01 -3.733023923833823088e-01 3.327800279460547128e-01
3.431948125362396240e-01 -4.990393519401550293e-01 -1.831675291061401367e+00 5.976841338048251018e-01 6.266389336082007766e-01 -3.733023986682418860e-01 3.327800815586606231e-01
3.431948125362396240e-01 -4.990393519401550293e-01 -1.831675410270690918e+00 5.976842104497009922e-01 6.266388283187797059e-01 -3.733024029976020897e-01 3.327801448429943409e-01
3.431947827339172363e-01 -4.990393519401550293e-01 -1.831675529479980469e+00 5.976842651821221430e-01 6.266387460033762125e-01 -3.733024147801971004e-01 3.327802016291657727e-01
3.431947827339172363e-01 -4.990393221378326416e-01 -1.831675648689270020e+00 5.976843376392698692e-01 6.266386451046014328e-01 -3.733024193878034525e-01 3.327802578958157231e-01
3.431947529315948486e-01 -4.990393221378326416e-01 -1.831675648689270020e+00 5.976844052269776331e-01 6.266385243796981364e-01 -3.733024262576602470e-01 3.327802919421843919e-01
3.431947529315948486e-01 -4.990393221378326416e-01 -1.831675767898559570e+00 5.976844709642942233e-01 6.266384554578220412e-01 -3.733024342832348963e-01 3.327803519502955942e-01
3.431947231292724609e-01 -4.990393221378326416e-01 -1.831675887107849121e+00 5.976845401102046651e-01 6.266383580307617329e-01 -3.733024417380821913e-01 3.327804131769828144e-01
3.431947231292724609e-01 -4.990393221378326416e-01 -1.831676006317138672e+00 5.976846039971230873e-01 6.266382411859985346e-01 -3.733024485820506944e-01 3.327804648660322440e-01
3.431946933269500732e-01 -4.990393221378326416e-01 -1.831676006317138672e+00 5.976846536653019903e-01 6.266381641802711844e-01 -3.733024604112284428e-01 3.327804901910390023e-01
3.431946933269500732e-01 -4.990393221378326416e-01 -1.831676125526428223e+00 5.976847088846254374e-01 6.266381062859751605e-01 -3.733024718896995053e-01 3.327805467060378497e-01
3.431946933269500732e-01 -4.990392923355102539e-01 -1.831676244735717773e+00 5.976847691681491659e-01 6.266380181506954195e-01 -3.733024802051657653e-01 3.327805754698944796e-01
3.431946635246276855e-01 -4.990392923355102539e-01 -1.831676363945007324e+00 5.976849038565168470e-01 6.266378270748066415e-01 -3.733024950281631504e-01 3.327806936966161144e-01
3.431946337223052979e-01 -4.990392923355102539e-01 -1.831676483154296875e+00 5.976849570306580484e-01 6.266377463933557879e-01 -3.733025062257911419e-01 3.327807451174288889e-01
3.431946337223052979e-01 -4.990392923355102539e-01 -1.831676483154296875e+00 5.976850066014190999e-01 6.266376694898520006e-01 -3.733025173366942284e-01 3.327807704966379565e-01
3.431946337223052979e-01 -4.990392923355102539e-01 -1.831676602363586426e+00 5.976850563669530159e-01 6.266376173136132266e-01 -3.733025041735920091e-01 3.327808206988568385e-01
3.431946039199829102e-01 -4.990392923355102539e-01 -1.831676721572875977e+00 5.976851042821011983e-01 6.266375421459452477e-01 -3.733025163185570983e-01 3.327808438834400917e-01
3.431946039199829102e-01 -4.990392625331878662e-01 -1.831676840782165527e+00 5.976851911526445127e-01 6.266374012044138020e-01 -3.733025197148983065e-01 3.327809170562553986e-01
3.431945741176605225e-01 -4.990392625331878662e-01 -1.831676840782165527e+00 5.976852565003206719e-01 6.266373077598147434e-01 -3.733025529152657063e-01 3.327809741647326236e-01
3.431945741176605225e-01 -4.990392625331878662e-01 -1.831676959991455078e+00 5.976853065579992297e-01 6.266372303458820348e-01 -3.733025395696982218e-01 3.327810242042523736e-01
3.431944847106933594e-01 -4.990392327308654785e-01 -1.831677556037902832e+00 5.976857714904011409e-01 6.266365683724841595e-01 -3.733025888729882280e-01 3.327813761580354357e-01
3.431944549083709717e-01 -4.990392327308654785e-01 -1.831677675247192383e+00 5.976858685866278664e-01 6.266364167102591587e-01 -3.733026154886273096e-01 3.327814561029161511e-01
3.431944251060485840e-01 -4.990392029285430908e-01 -1.831677913665771484e+00 5.976859690914317902e-01 6.266362864058260262e-01 -3.733026134856929357e-01 3.327815310335044408e-01
3.431944251060485840e-01 -4.990392029285430908e-01 -1.831677913665771484e+00 5.976860343416345867e-01 6.266361930636651367e-01 -3.733026218154674170e-01 3.327815913125392044e-01
3.431943953037261963e-01 -4.990392029285430908e-01 -1.831678032875061035e+00 5.976861110836549917e-01 6.266360627416642792e-01 -3.733026510155269539e-01 3.327816545423896155e-01
3.431943953037261963e-01 -4.990392029285430908e-01 -1.831678152084350586e+00 5.976862247358423197e-01 6.266358937217381131e-01 -3.733026446965324596e-01 3.327817315019494515e-01
3.431943356990814209e-01 -4.990391731262207031e-01 -1.831678390502929688e+00 5.976864013982395862e-01 6.266356586397264783e-01 -3.733026722586581525e-01 3.327818699876380903e-01
3.431943356990814209e-01 -4.990391731262207031e-01 -1.831678509712219238e+00 5.976864723943040580e-01 6.266355592735377567e-01 -3.733026808952045750e-01 3.327819364166670346e-01
3.431943058967590332e-01 -4.990391731262207031e-01 -1.831678628921508789e+00 5.976865442668545247e-01 6.266354589884340909e-01 -3.733026850887828374e-01 3.327819930083929512e-01
3.431941866874694824e-01 -4.990385472774505615e-01 -1.831679463386535645e+00 5.976784606932870059e-01 6.266447569513314830e-01 -3.733047795797152513e-01 3.327766707657539014e-01
3.431941866874694824e-01 -4.990385174751281738e-01 -1.831679582595825195e+00 5.976783894041021172e-01 6.266448067637946373e-01 -3.733048007328220730e-01 3.327766263136842095e-01
3.431941568851470947e-01 -4.990385174751281738e-01 -1.831679701805114746e+00 5.976783295094934001e-01 6.266448695611953612e-01 -3.733048397007190378e-01 3.327765879831785512e-01
3.431941568851470947e-01 -4.990384876728057861e-01 -1.831679821014404297e+00 5.976782538377597431e-01 6.266449489003771411e-01 -3.733048893020021186e-01 3.327765459712138107e-01
3.431941270828247070e-01 -4.990384876728057861e-01 -1.831679940223693848e+00 5.976781867363044620e-01 6.266449943221901187e-01 -3.733049327712544274e-01 3.327765054203977724e-01
3.431941270828247070e-01 -4.990384578704833984e-01 -1.831679940223693848e+00 5.976781161288142741e-01 6.266450434199708486e-01 -3.733049784303579255e-01 3.327764699381387525e-01
3.431940972805023193e-01 -4.990384578704833984e-01 -1.831680059432983398e+00 5.976780401648845720e-01 6.266451230655606386e-01 -3.733050282141796572e-01 3.327764467876482835e-01
3.431940972805023193e-01 -4.990384280681610107e-01 -1.831680178642272949e+00 5.976779648826729963e-01 6.266452019964122711e-01 -3.733050767931007097e-01 3.327764076752359190e-01
3.431940674781799316e-01 -4.990384280681610107e-01 -1.831680297851562500e+00 5.976778934960391698e-01 6.266452519111417319e-01 -3.733050987862439052e-01 3.327763632773558244e-01
3.431940376758575439e-01 -4.990383982658386230e-01 -1.831680417060852051e+00 5.976778355491746408e-01 6.266452877347327144e-01 -3.733051365376565123e-01 3.327763238623228648e-01
3.431940376758575439e-01 -4.990383982658386230e-01 -1.831680536270141602e+00 5.976777833482969093e-01 6.266453424656177607e-01 -3.733051699210574448e-01 3.327762999468423799e-01
3.431940376758575439e-01 -4.990383982658386230e-01 -1.831680536270141602e+00 5.976777326082602926e-01 6.266453956648686541e-01 -3.733052031711510677e-01 3.327762689850461419e-01
3.431939780712127686e-01 -4.990383386611938477e-01 -1.831680893898010254e+00 5.976775346149475476e-01 6.266455533908495967e-01 -3.733053322902133986e-01 3.327761517217797116e-01
3.431939780712127686e-01 -4.990383088588714600e-01 -1.831681013107299805e+00 5.976774569953180460e-01 6.266456347725297693e-01 -3.733053823291496154e-01 3.327761357260346498e-01
3.431939482688903809e-01 -4.990383088588714600e-01 -1.831681132316589355e+00 5.976773854138440756e-01 6.266457098234172740e-01 -3.733054044440438646e-01 3.327760883200952535e-01
3.431939482688903809e-01 -4.990382790565490723e-01 -1.831681251525878906e+00 5.976773189940197684e-01 6.266457794624961108e-01 -3.733054474876748574e-01 3.327760536225947141e-01
3.431939184665679932e-01 -4.990382790565490723e-01 -1.831681251525878906e+00 5.976772637740135341e-01 6.266458124271474528e-01 -3.733054835359788659e-01 3.327760189221742326e-01
3.431939184665679932e-01 -4.990382790565490723e-01 -1.831681370735168457e+00 5.976772108913573911e-01 6.266458429411666531e-01 -3.733055181243950527e-01 3.327759860368260103e-01
3.431938886642456055e-01 -4.990382492542266846e-01 -1.831681489944458008e+00 5.976771541131042920e-01 6.266459024713929571e-01 -3.733055543668652998e-01 3.327759584369444079e-01
3.431938886642456055e-01 -4.990382492542266846e-01 -1.831681489944458008e+00 5.976771031782346366e-01 6.266459558750238079e-01 -3.733055877387181365e-01 3.327759275835661112e-01
3.431938588619232178e-01 -4.990382194519042969e-01 -1.831681728363037109e+00 5.976769748184481701e-01 6.266460655245211786e-01 -3.733056710279742951e-01 3.327758556941816104e-01
3.431938290596008301e-01 -4.990381896495819092e-01 -1.831681847572326660e+00 5.976768988543734729e-01 6.266461202387445528e-01 -3.733056958802691838e-01 3.327758076118491060e-01
3.431938290596008301e-01 -4.990381896495819092e-01 -1.831681966781616211e+00 5.976768364274791523e-01 6.266461856914586903e-01 -3.733057364300049752e-01 3.327757925064248057e-01
3.431938290596008301e-01 -4.990381598472595215e-01 -1.831682085990905762e+00 5.976767791622411563e-01 6.266462457323439539e-01 -3.733057737558058142e-01 3.327757620611763723e-01
3.431937992572784424e-01 -4.990381598472595215e-01 -1.831682085990905762e+00 5.976767286168990223e-01 6.266462987276295582e-01 -3.733058068844014032e-01 3.327757309908799810e-01
3.431937992572784424e-01 -4.990381598472595215e-01 -1.831682205200195312e+00 5.976766781689425434e-01 6.266463266890083261e-01 -3.733058391730569303e-01 3.327756998663558008e-01
3.431937694549560547e-01 -4.990381300449371338e-01 -1.831682324409484863e+00 5.976766233384366300e-01 6.266463592453660469e-01 -3.733058749781558161e-01 3.327756742984280813e-01
3.431937694549560547e-01 -4.990381300449371338e-01 -1.831682324409484863e+00 5.976765728904712693e-01 6.266464121385783015e-01 -3.733059080459475432e-01 3.327756431738985166e-01
3.431937694549560547e-01 -4.990381300449371338e-01 -1.831682443618774414e+00 5.976765241955198649e-01 6.266464631938152285e-01 -3.733059400188205590e-01 3.327756110733168793e-01
3.431937396526336670e-01 -4.990381002426147461e-01 -1.831682443618774414e+00 5.976764692676099777e-01 6.266465207841375173e-01 -3.733059751056566622e-01 3.327755855596072343e-01
3.431937396526336670e-01 -4.990381002426147461e-01 -1.831682562828063965e+00 5.976764207674299945e-01 6.266465716351800053e-01 -3.733060069568873707e-01 3.327755533505700747e-01
3.431937098503112793e-01 -4.990380704402923584e-01 -1.831682682037353516e+00 5.976763723646361104e-01 6.266465725204791726e-01 -3.733060138154738472e-01 3.327755242037826466e-01
3.431937098503112793e-01 -4.990380704402923584e-01 -1.831682682037353516e+00 5.976763158784731411e-01 6.266466317446102163e-01 -3.733060498756037848e-01 3.327754964411879235e-01
3.431936800479888916e-01 -4.990380406379699707e-01 -1.831682920455932617e+00 5.976762329996280210e-01 6.266467186407360668e-01 -3.733061039787392010e-01 3.327754709076485851e-01
3.431936800479888916e-01 -4.990380406379699707e-01 -1.831683039665222168e+00 5.976761294740977615e-01 6.266468271843612659e-01 -3.733061717568476046e-01 3.327754101226234051e-01
3.431936502456665039e-01 -4.990380108356475830e-01 -1.831683158874511719e+00 5.976760762017813144e-01 6.266468581070762101e-01 -3.733062058096508484e-01 3.327753774541147846e-01
3.431936502456665039e-01 -4.990380108356475830e-01 -1.831683158874511719e+00 5.976760254615997026e-01 6.266468863749227181e-01 -3.733062390600179192e-01 3.327753464922325044e-01
3.431936204433441162e-01 -4.990379810333251953e-01 -1.831683278083801270e+00 5.976759691701840627e-01 6.266469453949304880e-01 -3.733062757776716145e-01 3.327753186211730441e-01
3.431936204433441162e-01 -4.990379810333251953e-01 -1.831683397293090820e+00 5.976759114179129861e-01 6.266470059466167086e-01 -3.733063134077774237e-01 3.327752822140458977e-01
3.431936204433441162e-01 -4.990379810333251953e-01 -1.831683397293090820e+00 5.976758561977767448e-01 6.266470638434393781e-01 -3.733063245244835904e-01 3.327752475135448140e-01
3.431935906410217285e-01 -4.990379512310028076e-01 -1.831683516502380371e+00 5.976758013671954473e-01 6.266471213318347555e-01 -3.733063603297233080e-01 3.327752219455824001e-01
3.431935906410217285e-01 -4.990379512310028076e-01 -1.831683635711669922e+00 5.976757433227380956e-01 6.266471323262071680e-01 -3.733063981423465072e-01 3.327751825846387290e-01
3.431935608386993408e-01 -4.990379214286804199e-01 -1.831683635711669922e+00 5.976756928746983499e-01 6.266471852196405790e-01 -3.733064304311572434e-01 3.327751763919140626e-01
3.431935608386993408e-01 -4.990379214286804199e-01 -1.831683754920959473e+00 5.976756426214344664e-01 6.266472379088654510e-01 -3.733064633774373364e-01 3.327751513918509874e-01
3.431935310363769531e-01 -4.990379214286804199e-01 -1.831683874130249023e+00 5.976755894464645946e-01 6.266472936614319034e-01 -3.733064981486123313e-01 3.327751186690918739e-01
3.431935310363769531e-01 -4.990378916263580322e-01 -1.831683874130249023e+00 5.976755389984119704e-01 6.266473465549060595e-01 -3.733065304374478255e-01 3.327750875445101841e-01
3.431935310363769531e-01 -4.990378916263580322e-01 -1.831683993339538574e+00 5.976754866999435256e-01 6.266474013885025007e-01 -3.733065646611742894e-01 3.327750636831666164e-01
3.431935012340545654e-01 -4.990378618240356445e-01 -1.831684112548828125e+00 5.976754360571020497e-01 6.266474046225030126e-01 -3.733065978508062210e-01 3.327750326670299019e-01
3.431935012340545654e-01 -4.990381300449371338e-01 -1.831684231758117676e+00 5.976794745180707968e-01 6.266435942668834302e-01 -3.733068405357068409e-01 3.327746820642505932e-01
3.431934714317321777e-01 -4.990381300449371338e-01 -1.831684470176696777e+00 5.976794789979844591e-01 6.266435895698688752e-01 -3.733069483719679837e-01 3.327745829596241989e-01
3.431934416294097900e-01 -4.990381002426147461e-01 -1.831684708595275879e+00 5.976794807509940854e-01 6.266435877319067593e-01 -3.733070298632812367e-01 3.327745071885092609e-01
3.431934118270874023e-01 -4.990380704402923584e-01 -1.831684827804565430e+00 5.976794883473691700e-01 6.266435797674042574e-01 -3.733070975763620458e-01 3.327744406297871715e-01
3.431933820247650146e-01 -4.990380704402923584e-01 -1.831685066223144531e+00 5.976794911716624137e-01 6.266435518745508970e-01 -3.733072009929021551e-01 3.327743455634382119e-01
3.431933522224426270e-01 -4.990380406379699707e-01 -1.831685185432434082e+00 5.976794976967537698e-01 6.266435450332481505e-01 -3.733072561301360448e-01 3.327742889505701518e-01
3.431933224201202393e-01 -4.990380108356475830e-01 -1.831685423851013184e+00 5.976795026636142483e-01 6.266435398256894329e-01 -3.733073652204763060e-01 3.327741864583682596e-01
3.431933224201202393e-01 -4.990380108356475830e-01 -1.831685543060302734e+00 5.976795017871094906e-01 6.266435407446703243e-01 -3.733074156313201941e-01 3.327741433159250861e-01
3.431932926177978516e-01 -4.990380108356475830e-01 -1.831685662269592285e+00 5.976795055852969218e-01 6.266435367624196839e-01 -3.733074537729917375e-01 3.327741038036444721e-01
3.431932926177978516e-01 -4.990380108356475830e-01 -1.831685781478881836e+00 5.976795080200324461e-01 6.266435342096948746e-01 -3.733074888706909289e-01 3.327740681669641432e-01
3.431932926177978516e-01 -4.990379810333251953e-01 -1.831685781478881836e+00 5.976795116234409067e-01 6.266434805682794540e-01 -3.733075224593274677e-01 3.327740349960556232e-01
3.431932628154754639e-01 -4.990379810333251953e-01 -1.831685900688171387e+00 5.976795093834843531e-01 6.266434829167858434e-01 -3.733075604768146816e-01 3.327740050785968351e-01
3.431932628154754639e-01 -4.990379810333251953e-01 -1.831686019897460938e+00 5.976795131816716733e-01 6.266434789345357581e-01 -3.733075986184849482e-01 3.327739655663176088e-01
3.431932628154754639e-01 -4.990379512310028076e-01 -1.831686019897460938e+00 5.976795168824695637e-01 6.266434750543946608e-01 -3.733076321462915348e-01 3.327739323411858519e-01
3.431932330131530762e-01 -4.990379512310028076e-01 -1.831686139106750488e+00 5.976795140581764310e-01 6.266434780155549777e-01 -3.733076689705218665e-01 3.327739027490718149e-01
3.431932330131530762e-01 -4.990379512310028076e-01 -1.831686258316040039e+00 5.976795177589744323e-01 6.266434741354137694e-01 -3.733077017192125702e-01 3.327738695239404465e-01
3.431932032108306885e-01 -4.990379512310028076e-01 -1.831686258316040039e+00 5.976795211676040331e-01 6.266434705615996359e-01 -3.733077346503897997e-01 3.327738364614819533e-01
3.431932032108306885e-01 -4.990379214286804199e-01 -1.831686377525329590e+00 5.976795242840654554e-01 6.266434672941124662e-01 -3.733077662058228441e-01 3.327738035616961687e-01
3.431932032108306885e-01 -4.990379214286804199e-01 -1.831686496734619141e+00 5.976795217519405012e-01 6.266434699489458193e-01 -3.733078036266818667e-01 3.327737738069095341e-01
3.431931734085083008e-01 -4.990379214286804199e-01 -1.831686496734619141e+00 5.976795254527383916e-01 6.266434660688048330e-01 -3.733078371544867324e-01 3.327737405817794980e-01
3.431931734085083008e-01 -4.990379214286804199e-01 -1.831686615943908691e+00 5.976795289587574223e-01 6.266434623928818226e-01 -3.733078700248337878e-01 3.327737074650980453e-01
3.431931734085083008e-01 -4.990378916263580322e-01 -1.831686735153198242e+00 5.976795333412812106e-01 6.266434577979781428e-01 -3.733079148135648451e-01 3.327736894427067438e-01
3.431931436061859131e-01 -4.990378916263580322e-01 -1.831686854362487793e+00 5.976795314908822654e-01 6.266434348063579796e-01 -3.733079533668516303e-01 3.327736561918900327e-01
3.431931436061859131e-01 -4.990378916263580322e-01 -1.831686854362487793e+00 5.976795342177859682e-01 6.266434319473068726e-01 -3.733079594547931146e-01 3.327736266254634478e-01
3.431931138038635254e-01 -4.990378916263580322e-01 -1.831686973571777344e+00 5.976795370420789899e-01 6.266434289861469997e-01 -3.733079904135960247e-01 3.327735938883518152e-01
3.431931138038635254e-01 -4.990378618240356445e-01 -1.831687092781066895e+00 5.976795349969012960e-01 6.266434311304351912e-01 -3.733080384379247052e-01 3.327735545130605099e-01
3.431931138038635254e-01 -4.990378618240356445e-01 -1.831687092781066895e+00 5.976795389898673649e-01 6.266434269439676852e-01 -3.733080725623556528e-01 3.327735180087990630e-01
3.431930840015411377e-01 -4.990378618240356445e-01 -1.831687211990356445e+00 5.976795423011074249e-01 6.266434234722630947e-01 -3.733081055543587268e-01 3.327734850005678591e-01
3.431930840015411377e-01 -4.990378618240356445e-01 -1.831687331199645996e+00 5.976795460019052042e-01 6.266434195921226635e-01 -3.733081383030452671e-01 3.327734517754408206e-01
3.431930840015411377e-01 -4.990378320217132568e-01 -1.831687331199645996e+00 5.976795444436745486e-01 6.266434212258660263e-01 -3.733081782320754050e-01 3.327734183619518449e-01
3.431930541992187500e-01 -4.990378320217132568e-01 -1.831687450408935547e+00 5.976795474627464300e-01 6.266434180604882886e-01 -3.733082191977177833e-01 3.327733792834711712e-01
3.431930541992187500e-01 -4.990378320217132568e-01 -1.831687569618225098e+00 5.976795516504912475e-01 6.266434136698031399e-01 -3.733082539796040988e-01 3.327733426707635833e-01
3.431930243968963623e-01 -4.990378022193908691e-01 -1.831687688827514648e+00 5.976795495079241238e-01 6.266434159162002082e-01 -3.733082919362625263e-01 3.327733126990801704e-01
3.431930243968963623e-01 -4.990378022193908691e-01 -1.831687688827514648e+00 5.976795530139429324e-01 6.266434122402778639e-01 -3.733083248066056958e-01 3.327732795824026590e-01
3.431930243968963623e-01 -4.990378022193908691e-01 -1.831687808036804199e+00 5.976795565199618521e-01 6.266433836326658069e-01 -3.733083576769484768e-01 3.327732464657255362e-01
3.431929945945739746e-01 -4.990378022193908691e-01 -1.831687927246093750e+00 5.976795597338124821e-01 6.266433553313810467e-01 -3.733083899506627334e-01 3.327732135117209000e-01
3.431929945945739746e-01 -4.990377724170684814e-01 -1.831688046455383301e+00 5.976795581755818265e-01 6.266433569651241875e-01 -3.733084392290761944e-01 3.327731707488484902e-01
3.431929647922515869e-01 -4.990377724170684814e-01 -1.831688046455383301e+00 5.976795607077065586e-01 6.266433543102917225e-01 -3.733084750450546552e-01 3.327731381744123973e-01
3.431929647922515869e-01 -4.990377724170684814e-01 -1.831688165664672852e+00 5.976795658693453417e-01 6.266433488985178046e-01 -3.733085115559936495e-01 3.327730979030062430e-01
3.431929647922515869e-01 -4.990377426147460938e-01 -1.831688284873962402e+00 5.976795631424418609e-01 6.266433517575681345e-01 -3.733085483193959164e-01 3.327730682566665266e-01
3.431929349899291992e-01 -4.990377426147460938e-01 -1.831688284873962402e+00 5.976795665510712396e-01 6.266433481837552222e-01 -3.733085804714506573e-01 3.327730351942152498e-01
3.431929349899291992e-01 -4.990377426147460938e-01 -1.831688404083251953e+00 5.976795699597006184e-01 6.266433446099424209e-01 -3.733086134026203373e-01 3.327730021317643616e-01
3.431929349899291992e-01 -4.990377426147460938e-01 -1.831688523292541504e+00 5.976795734657194270e-01 6.266433409340206317e-01 -3.733086462729605648e-01 3.327729690150898478e-01
3.431929051876068115e-01 -4.990377128124237061e-01 -1.831688523292541504e+00 5.976795705440370865e-01 6.266433439972888264e-01 -3.733086823789059094e-01 3.327729425936590268e-01
3.431929051876068115e-01 -4.990377128124237061e-01 -1.831688642501831055e+00 5.976795732709405673e-01 6.266433411382386076e-01 -3.733087180732244104e-01 3.327729067943155372e-01
3.431928753852844238e-01 -4.990377128124237061e-01 -1.831688761711120605e+00 5.976795770691275544e-01 6.266433122243013631e-01 -3.733087523193070467e-01 3.327728735149699246e-01
3.431928753852844238e-01 -4.990377128124237061e-01 -1.831688761711120605e+00 5.976795809647038604e-01 6.266433081399441773e-01 -3.733087857254449027e-01 3.327728370649397083e-01
3.431928753852844238e-01 -4.990376830101013184e-01 -1.831688880920410156e+00 5.976795787247475289e-01 6.266433104884494565e-01 -3.733088237429323386e-01 3.327728071474797544e-01
3.431928455829620361e-01 -4.990376830101013184e-01 -1.831689000129699707e+00 5.976795808673145416e-01 6.266433082420530543e-01 -3.733088582439939573e-01 3.327727747899421051e-01
3.431928455829620361e-01 -4.990376830101013184e-01 -1.831689119338989258e+00 5.976795864185107110e-01 6.266433024218444059e-01 -3.733089007445341001e-01 3.327727311851838565e-01
3.431928455829620361e-01 -4.990376830101013184e-01 -1.831689119338989258e+00 5.976795837889967711e-01 6.266433051787853037e-01 -3.733089374471076360e-01 3.327726983681584261e-01
3.431928157806396484e-01 -4.990376532077789307e-01 -1.831689238548278809e+00 5.976795904114764468e-01 6.266432982353784542e-01 -3.733090026519839122e-01 3.327726354681717624e-01
3.431927859783172607e-01 -4.990376532077789307e-01 -1.831689357757568359e+00 5.976795940148844632e-01 6.266432944573483432e-01 -3.733090401361831567e-01 3.327726209960427672e-01
3.431927859783172607e-01 -4.990376532077789307e-01 -1.831689476966857910e+00 5.976795909958129149e-01 6.266432976227248597e-01 -3.733090817567650266e-01 3.327725883959128939e-01
3.431927859783172607e-01 -4.990376234054565430e-01 -1.831689596176147461e+00 5.976795942096633230e-01 6.266432942531304784e-01 -3.733091132513584598e-01 3.327725554419138088e-01
3.431927561759948730e-01 -4.990376234054565430e-01 -1.831689596176147461e+00 5.976795987869654159e-01 6.266432894540112652e-01 -3.733091438943431095e-01 3.327725248452414464e-01
3.432097136974334717e-01 -4.990042448043823242e-01 -1.831670284271240234e+00 5.976851175269382033e-01 6.266348855250053473e-01 -3.733027074977502968e-01 3.327856326981063484e-01
3.432097136974334717e-01 -4.990042150020599365e-01 -1.831670403480529785e+00 5.976851198642623153e-01 6.266348830744694620e-01 -3.733027372022242329e-01 3.327856033488158505e-01
3.432097434997558594e-01 -4.990041851997375488e-01 -1.831670522689819336e+00 5.976851239545795114e-01 6.266348538545744029e-01 -3.733027416594624781e-01 3.327855730234751119e-01
3.432097434997558594e-01 -4.990041255950927734e-01 -1.831670522689819336e+00 5.976851204485933433e-01 6.266348575303780644e-01 -3.733027765717726321e-01 3.327855469276862488e-01
3.432097733020782471e-01 -4.990040957927703857e-01 -1.831670641899108887e+00 5.976851229806945387e-01 6.266348548756308645e-01 -3.733028069337001598e-01 3.327855143535139448e-01
3.432097733020782471e-01 -4.990040659904479980e-01 -1.831670761108398438e+00 5.976851274605657904e-01 6.266348501787707415e-01 -3.733028376373030977e-01 3.327854838112739300e-01
3.432098031044006348e-01 -4.990040361881256104e-01 -1.831670880317687988e+00 5.976851299926668748e-01 6.266348475240237637e-01 -3.733028726738782943e-01 3.327854481206702353e-01
3.432098031044006348e-01 -4.990040063858032227e-01 -1.831670880317687988e+00 5.976851273631772488e-01 6.266348502808763987e-01 -3.733029047014214674e-01 3.327854246532880311e-01
3.432098329067230225e-01 -4.990039467811584473e-01 -1.831670999526977539e+00 5.976851308691634168e-01 6.266348466050728483e-01 -3.733029422461581204e-01 3.327853853040024790e-01
3.432098329067230225e-01 -4.990039169788360596e-01 -1.831671118736267090e+00 5.976851346673150989e-01 6.266348426229524371e-01 -3.733029710382248512e-01 3.327853582577708913e-01
3.432098627090454102e-01 -4.990038871765136719e-01 -1.831671118736267090e+00 5.976851311613289308e-01 6.266348462987558765e-01 -3.733030106251839508e-01 3.327853259291169152e-01
3.432098925113677979e-01 -4.990037977695465088e-01 -1.831671357154846191e+00 5.976851380759127252e-01 6.266348390492546550e-01 -3.733030717515377073e-01 3.327852628669334401e-01
3.432098925113677979e-01 -4.990037679672241211e-01 -1.831671357154846191e+00 5.976851408027907819e-01 6.266348361902964736e-01 -3.733031027709170502e-01 3.327852333007455532e-01
3.432098925113677979e-01 -4.990037381649017334e-01 -1.831671476364135742e+00 5.976851446009423530e-01 6.266348322081762845e-01 -3.733031307838743929e-01 3.327852031380833520e-01
3.432099223136901855e-01 -4.990037083625793457e-01 -1.831671595573425293e+00 5.976851406080138096e-01 6.266348114630511112e-01 -3.733031644421048734e-01 3.327851773134178903e-01
3.432099223136901855e-01 -4.990036785602569580e-01 -1.831671595573425293e+00 5.976851445035538113e-01 6.266348073788254869e-01 -3.733031939524507625e-01 3.327851470965311753e-01
3.432099521160125732e-01 -4.990036487579345703e-01 -1.831671714782714844e+00 5.976851466461008400e-01 6.266348051325013602e-01 -3.733032229994676654e-01 3.327851209721258696e-01
3.432099521160125732e-01 -4.990036189556121826e-01 -1.831671833992004395e+00 5.976851504442524110e-01 6.266348011503813931e-01 -3.733032517915319537e-01 3.327850908094647231e-01
