repeatability steamvr; 20211015-225442; x y z w i j k;  frequency = 150 duration = 2 sys.args = ['.\\repeatability.py']
3.431747555732727051e-01 -4.990274012088775635e-01 -1.831820368766784668e+00 5.975922569947420548e-01 6.267176967901214590e-01 -3.734652809594316558e-01 3.326139521110001995e-01
3.431747555732727051e-01 -4.990276396274566650e-01 -1.831820487976074219e+00 5.975921065060997295e-01 6.267178296779780666e-01 -3.734649113658904396e-01 3.326144005508333557e-01
3.431747555732727051e-01 -4.990276992321014404e-01 -1.831820607185363770e+00 5.975920706615501787e-01 6.267178672695382646e-01 -3.734648122071461684e-01 3.326145015414425088e-01
3.431747555732727051e-01 -4.990277290344238281e-01 -1.831820607185363770e+00 5.975920440703476055e-01 6.267178951567597966e-01 -3.734647392139228139e-01 3.326145755633072021e-01
3.431747257709503174e-01 -4.990277886390686035e-01 -1.831820726394653320e+00 5.975920072517575399e-01 6.267179337698419728e-01 -3.734646796253558443e-01 3.326146677453267753e-01
3.431747257709503174e-01 -4.990278482437133789e-01 -1.831820726394653320e+00 5.975919719916241712e-01 6.267179707485146523e-01 -3.734645855559572958e-01 3.326147871121952759e-01
3.431747257709503174e-01 -4.990279376506805420e-01 -1.831820845603942871e+00 5.975919189066128956e-01 6.267180014854921710e-01 -3.734644356124457443e-01 3.326149382186906478e-01
3.431747257709503174e-01 -4.990279674530029297e-01 -1.831820845603942871e+00 5.975918880296408053e-01 6.267180338673812301e-01 -3.734643754275586147e-01 3.326150239767748928e-01
3.431747257709503174e-01 -4.990280270576477051e-01 -1.831820845603942871e+00 5.975918630942931298e-01 6.267180600180587424e-01 -3.734643060748467636e-01 3.326150939601306145e-01
3.431747257709503174e-01 -4.990280568599700928e-01 -1.831820964813232422e+00 5.975918410810555637e-01 6.267180581688572838e-01 -3.734642419090272170e-01 3.326151560832302234e-01
3.431747257709503174e-01 -4.990280866622924805e-01 -1.831820964813232422e+00 5.975918185807986838e-01 6.267181067011122764e-01 -3.734641772683353067e-01 3.326152465296746130e-01
3.431747257709503174e-01 -4.990281164646148682e-01 -1.831820964813232422e+00 5.975917946194853059e-01 6.267181318302875725e-01 -3.734641135407236190e-01 3.326153128539883763e-01
3.431747257709503174e-01 -4.990281760692596436e-01 -1.831820964813232422e+00 5.975917661775997924e-01 6.267181616584183157e-01 -3.734640783278154741e-01 3.326153785552434239e-01
3.431747257709503174e-01 -4.990282058715820312e-01 -1.831821084022521973e+00 5.975917441643587846e-01 6.267181598092239625e-01 -3.734640149412090659e-01 3.326154437952846266e-01
3.431747257709503174e-01 -4.990282356739044189e-01 -1.831821084022521973e+00 5.975917208848684492e-01 6.267181842233496836e-01 -3.734639523459383770e-01 3.326155066231972213e-01
3.431747257709503174e-01 -4.990282654762268066e-01 -1.831821084022521973e+00 5.975916986768181616e-01 6.267182075138153508e-01 -3.734638883018384092e-01 3.326155688547582923e-01
3.431747257709503174e-01 -4.990283250808715820e-01 -1.831821203231811523e+00 5.975916693582945527e-01 6.267182133259635579e-01 -3.734638061037443557e-01 3.326156537454843520e-01
3.431747257709503174e-01 -4.990283548831939697e-01 -1.831821203231811523e+00 5.975916464684162266e-01 6.267182622668499015e-01 -3.734637689795576310e-01 3.326157163565574004e-01
3.431747257709503174e-01 -4.990283846855163574e-01 -1.831821203231811523e+00 5.975916252344006807e-01 6.267182845358121313e-01 -3.734637066644115877e-01 3.326158029813504613e-01
3.431747257709503174e-01 -4.990284144878387451e-01 -1.831821203231811523e+00 5.975916027341356962e-01 6.267183081327425409e-01 -3.734636459198311109e-01 3.326158653755774131e-01
3.431746959686279297e-01 -4.990284740924835205e-01 -1.831821322441101074e+00 5.975915777013723895e-01 6.267183094502475349e-01 -3.734635766279354452e-01 3.326159354132226520e-01
3.431747555732727051e-01 -4.990287721157073975e-01 -1.831821441650390625e+00 5.975962503358216438e-01 6.267155535331896399e-01 -3.734659754802920895e-01 3.326100837507216523e-01
3.431747555732727051e-01 -4.990288019180297852e-01 -1.831821441650390625e+00 5.975962942645680620e-01 6.267155323990768467e-01 -3.734659332219032457e-01 3.326100873529232449e-01
3.431747555732727051e-01 -4.990288317203521729e-01 -1.831821441650390625e+00 5.975963379011022258e-01 6.267155115714182489e-01 -3.734659160812991985e-01 3.326100630657070623e-01
3.431747555732727051e-01 -4.990288913249969482e-01 -1.831821560859680176e+00 5.975963840701103980e-01 6.267154880878885725e-01 -3.734658732021004512e-01 3.326100404858656767e-01
3.431747555732727051e-01 -4.990289509296417236e-01 -1.831821560859680176e+00 5.975964288754735954e-01 6.267154660344538275e-01 -3.734658561102712770e-01 3.326100467170572395e-01
3.431747555732727051e-01 -4.990289807319641113e-01 -1.831821560859680176e+00 5.975964751418776366e-01 6.267154424487896280e-01 -3.734658131702165429e-01 3.326100240830119903e-01
3.431747555732727051e-01 -4.990290403366088867e-01 -1.831821680068969727e+00 5.975965187783986998e-01 6.267154216211575646e-01 -3.734657960296346446e-01 3.326100247309690117e-01
3.431747555732727051e-01 -4.990290701389312744e-01 -1.831821680068969727e+00 5.975965578369784037e-01 6.267154305296896988e-01 -3.734657560356470229e-01 3.326100029917621881e-01
3.431747853755950928e-01 -4.990290999412536621e-01 -1.831821680068969727e+00 5.975965968955555541e-01 6.267154145030726653e-01 -3.734657401975935431e-01 3.326100030708165067e-01
3.431747853755950928e-01 -4.990291595458984375e-01 -1.831821680068969727e+00 5.975966379021886432e-01 6.267153964334799543e-01 -3.734656989861864229e-01 3.326099802473675426e-01
3.431747853755950928e-01 -4.990291893482208252e-01 -1.831821799278259277e+00 5.975966710191824571e-01 6.267153866379623350e-01 -3.734656876405311743e-01 3.326099867502795293e-01
3.431747853755950928e-01 -4.990292191505432129e-01 -1.831821799278259277e+00 5.975967114413930359e-01 6.267153691812730187e-01 -3.734656460151419832e-01 3.326099611352187346e-01
3.431747853755950928e-01 -4.990292489528656006e-01 -1.831821799278259277e+00 5.975967484544990604e-01 6.267153303646588736e-01 -3.734656314554085088e-01 3.326099654696356156e-01
3.431747853755950928e-01 -4.990293383598327637e-01 -1.831821918487548828e+00 5.975968354352892975e-01 6.267152890159253253e-01 -3.734655716425670513e-01 3.326099201748300427e-01
3.431747853755950928e-01 -4.990293979644775391e-01 -1.831821918487548828e+00 5.975968774159349239e-01 6.267152699248763614e-01 -3.734655555368452395e-01 3.326099217444198897e-01
3.431747853755950928e-01 -4.990294277667999268e-01 -1.831821918487548828e+00 5.975969095588866686e-01 6.267152611508727267e-01 -3.734655190855650786e-01 3.326099007374340721e-01
3.431747853755950928e-01 -4.990294575691223145e-01 -1.831822037696838379e+00 5.975969482278293832e-01 6.267152455328958149e-01 -3.734655034910366322e-01 3.326099010333573580e-01
3.431747853755950928e-01 -4.990294873714447021e-01 -1.831822037696838379e+00 5.975969876759924526e-01 6.267152290977325846e-01 -3.734654632536286156e-01 3.326098790773403535e-01
3.431747853755950928e-01 -4.990295469760894775e-01 -1.831822037696838379e+00 5.975970313124759903e-01 6.267152082701733518e-01 -3.734654453338874802e-01 3.326098828422198728e-01
3.431747853755950928e-01 -4.990295767784118652e-01 -1.831822156906127930e+00 5.975970616047652229e-01 6.267152014370119817e-01 -3.734654349743166124e-01 3.326098628652811029e-01
3.431747853755950928e-01 -4.990296065807342529e-01 -1.831822156906127930e+00 5.975971029035750393e-01 6.267152079961643141e-01 -3.734653935803680658e-01 3.326098648143697156e-01
3.431747853755950928e-01 -4.990296661853790283e-01 -1.831822156906127930e+00 5.975971434231591717e-01 6.267151904373816640e-01 -3.734653768293035858e-01 3.326098391451396963e-01
3.431748151779174805e-01 -4.990296959877014160e-01 -1.831822156906127930e+00 5.975971852089775327e-01 6.267151715506696918e-01 -3.734653359102339532e-01 3.326098408231711323e-01
3.431748151779174805e-01 -4.990297257900238037e-01 -1.831822276115417480e+00 5.975972263129730733e-01 6.267151533790049633e-01 -3.734653195731734154e-01 3.326098179455659332e-01
3.431748151779174805e-01 -4.990297853946685791e-01 -1.831822276115417480e+00 5.975972586507116713e-01 6.267151444007348360e-01 -3.734652830001962132e-01 3.326098217653068456e-01
3.431748151779174805e-01 -4.990298151969909668e-01 -1.831822276115417480e+00 5.975972957611866976e-01 6.267151054820568890e-01 -3.734652683796482742e-01 3.326098011104133834e-01
3.431748151779174805e-01 -4.990298449993133545e-01 -1.831822395324707031e+00 5.975973392028421927e-01 6.267150848588383116e-01 -3.734652256465677000e-01 3.326098018668438017e-01
3.431748151779174805e-01 -4.990299046039581299e-01 -1.831822395324707031e+00 5.975973854691757348e-01 6.267150612733135562e-01 -3.734652076417889766e-01 3.326097792328912006e-01
3.431748151779174805e-01 -4.990300536155700684e-01 -1.831822514533996582e+00 5.975975252421829031e-01 6.267150144304087789e-01 -3.734651047069904028e-01 3.326097419578337155e-01
3.431748151779174805e-01 -4.990301728248596191e-01 -1.831822633743286133e+00 5.975976715411421836e-01 6.267149607436037773e-01 -3.734650218497699847e-01 3.326097010505923990e-01
3.431748449802398682e-01 -4.990302920341491699e-01 -1.831822752952575684e+00 5.975977619308939781e-01 6.267149158199293302e-01 -3.734649614651444627e-01 3.326096819105326952e-01
3.431748449802398682e-01 -4.990303814411163330e-01 -1.831822752952575684e+00 5.975978621583076800e-01 6.267148855143798158e-01 -3.734648972702197534e-01 3.326096354768445784e-01
3.431748449802398682e-01 -4.990304708480834961e-01 -1.831822872161865234e+00 5.975979553727093219e-01 6.267148376284551459e-01 -3.734648366788297369e-01 3.326096178815509674e-01
3.431748449802398682e-01 -4.990307390689849854e-01 -1.831823110580444336e+00 5.975982191391923104e-01 6.267147355561292210e-01 -3.734646585930440632e-01 3.326095614647834320e-01
3.431748449802398682e-01 -4.990307986736297607e-01 -1.831823110580444336e+00 5.975982775807902048e-01 6.267147241372741373e-01 -3.734646103820772889e-01 3.326095382881791851e-01
3.431748747825622559e-01 -4.990308582782745361e-01 -1.831823229789733887e+00 5.975983268665333581e-01 6.267146973852919523e-01 -3.734645671137810097e-01 3.326095170906332443e-01
3.431748747825622559e-01 -4.990308880805969238e-01 -1.831823229789733887e+00 5.975983752756487410e-01 6.267146715526533685e-01 -3.734645485491889794e-01 3.326094963810016791e-01
3.431748747825622559e-01 -4.990309476852416992e-01 -1.831823229789733887e+00 5.975984288470996830e-01 6.267146403061637505e-01 -3.734645018233639924e-01 3.326094977332109681e-01
3.431748747825622559e-01 -4.990310072898864746e-01 -1.831823348999023438e+00 5.975984830029615891e-01 6.267146333818671700e-01 -3.734644812258382518e-01 3.326094800588464406e-01
3.431748747825622559e-01 -4.990310370922088623e-01 -1.831823348999023438e+00 5.975985220614129512e-01 6.267145924204153840e-01 -3.734644404529273709e-01 3.326094552029343343e-01
3.431748747825622559e-01 -4.990310966968536377e-01 -1.831823348999023438e+00 5.975985679380445559e-01 6.267145941787327645e-01 -3.734644226917862020e-01 3.326094577210208514e-01
3.431748747825622559e-01 -4.990311861038208008e-01 -1.831823468208312988e+00 5.975986586198686057e-01 6.267145738839432489e-01 -3.734643629040345081e-01 3.326094415353492151e-01
3.431748747825622559e-01 -4.990312159061431885e-01 -1.831823468208312988e+00 5.975987030354508178e-01 6.267145522394326207e-01 -3.734643211209112135e-01 3.326094199315592359e-01
3.431748747825622559e-01 -4.990312755107879639e-01 -1.831823587417602539e+00 5.975987421912903885e-01 6.267145361109293100e-01 -3.734643052222249571e-01 3.326093950214562556e-01
3.431748747825622559e-01 -4.990313053131103516e-01 -1.831823587417602539e+00 5.975987829055685596e-01 6.267145183480605786e-01 -3.734642641937689911e-01 3.326093972959082712e-01
3.431748747825622559e-01 -4.990313351154327393e-01 -1.831823587417602539e+00 5.975988223536106148e-01 6.267145019131227235e-01 -3.734642481124792468e-01 3.326093753400592989e-01
3.431748747825622559e-01 -4.990313649177551270e-01 -1.831823706626892090e+00 5.975988570289243462e-01 6.267144904834476282e-01 -3.734642108580309428e-01 3.326093778587749239e-01
3.431634902954101562e-01 -4.990283846855163574e-01 -1.831793069839477539e+00 5.976171470999011026e-01 6.267085998666641622e-01 -3.734400193040275928e-01 3.326147760494777006e-01
3.431670665740966797e-01 -4.990308284759521484e-01 -1.831811785697937012e+00 5.976272343973795254e-01 6.266775260642809542e-01 -3.734555627901235964e-01 3.326377173912981600e-01
3.431670367717742920e-01 -4.990309178829193115e-01 -1.831811904907226562e+00 5.976273004331785765e-01 6.266774318846604075e-01 -3.734556017804375738e-01 3.326377429706274813e-01
3.431670069694519043e-01 -4.990309774875640869e-01 -1.831812024116516113e+00 5.976273530280574731e-01 6.266773517993287079e-01 -3.734556413781023321e-01 3.326377729143975004e-01
3.431669771671295166e-01 -4.990310668945312500e-01 -1.831812024116516113e+00 5.976274088370627791e-01 6.266772434097851452e-01 -3.734556844215445870e-01 3.326378073026544646e-01
3.431669771671295166e-01 -4.990311264991760254e-01 -1.831812143325805664e+00 5.976274669836125764e-01 6.266771575029559393e-01 -3.734557228875209911e-01 3.326378341563683283e-01
3.431669473648071289e-01 -4.990311861038208008e-01 -1.831812262535095215e+00 5.976275119814411507e-01 6.266770853839995770e-01 -3.734557609990743487e-01 3.326378402780263976e-01
3.431669473648071289e-01 -4.990312457084655762e-01 -1.831812262535095215e+00 5.976275542521255479e-01 6.266769911909000346e-01 -3.734558000356237306e-01 3.326378697347310287e-01
3.431669175624847412e-01 -4.990313053131103516e-01 -1.831812381744384766e+00 5.976275885361808093e-01 6.266769552403699262e-01 -3.734558339336105370e-01 3.326378974033033509e-01
3.431669175624847412e-01 -4.990313649177551270e-01 -1.831812381744384766e+00 5.976276332418065662e-01 6.266768584939937936e-01 -3.734558683318295880e-01 3.326379005708626768e-01
3.431668877601623535e-01 -4.990313947200775146e-01 -1.831812500953674316e+00 5.976276713243741101e-01 6.266767936264736605e-01 -3.734558772598227105e-01 3.326379261251879438e-01
3.431668877601623535e-01 -4.990314543247222900e-01 -1.831812500953674316e+00 5.976277096017349466e-01 6.266767534885527846e-01 -3.734559117791243499e-01 3.326379297539676094e-01
3.431668579578399658e-01 -4.990315437316894531e-01 -1.831812620162963867e+00 5.976277915133308971e-01 6.266766177277722782e-01 -3.734559837036804941e-01 3.326379870143338913e-01
3.431668281555175781e-01 -4.990316331386566162e-01 -1.831812739372253418e+00 5.976278438159731143e-01 6.266765379490193411e-01 -3.734560227047142855e-01 3.326379921868690137e-01
3.431667983531951904e-01 -4.990316927433013916e-01 -1.831812858581542969e+00 5.976278983587608451e-01 6.266764558212493119e-01 -3.734560610850630180e-01 3.326380210463892317e-01
3.431667983531951904e-01 -4.990317523479461670e-01 -1.831812858581542969e+00 5.976279404346221957e-01 6.266763618325478236e-01 -3.734560745302847873e-01 3.326380506115000912e-01
3.431667685508728027e-01 -4.990318119525909424e-01 -1.831812977790832520e+00 5.976279866011889874e-01 6.266762884881625917e-01 -3.734561134698052287e-01 3.326380810164615287e-01
3.431667685508728027e-01 -4.990318715572357178e-01 -1.831812977790832520e+00 5.976280344235148645e-01 6.266762134075500867e-01 -3.734561521538226625e-01 3.326380855659883951e-01
3.431667387485504150e-01 -4.990319311618804932e-01 -1.831813097000122070e+00 5.976280869209313895e-01 6.266761334246234716e-01 -3.734561871371999131e-01 3.326381124472091444e-01
3.431667089462280273e-01 -4.990319907665252686e-01 -1.831813216209411621e+00 5.976281348406471405e-01 6.266760333080776402e-01 -3.734562257603463165e-01 3.326381418763605935e-01
3.431667089462280273e-01 -4.990320503711700439e-01 -1.831813216209411621e+00 5.976281699038513695e-01 6.266759716067844543e-01 -3.734562638464814510e-01 3.326381722279474484e-01
3.431666791439056396e-01 -4.990321099758148193e-01 -1.831813335418701172e+00 5.976282139276491989e-01 6.266759254432070492e-01 -3.734562978915250686e-01 3.326381726582576803e-01
3.431666791439056396e-01 -4.990321695804595947e-01 -1.831813335418701172e+00 5.976282688599942050e-01 6.266758429070522496e-01 -3.734563360283916222e-01 3.326382013009171468e-01
3.431666195392608643e-01 -4.990323185920715332e-01 -1.831813573837280273e+00 5.976283903150015897e-01 6.266756407473077495e-01 -3.734564183054387976e-01 3.326382614852666508e-01
3.431666195392608643e-01 -4.990323781967163086e-01 -1.831813573837280273e+00 5.976284387216816985e-01 6.266755401202194209e-01 -3.734564566242443151e-01 3.326382937600759759e-01
3.431665897369384766e-01 -4.990324378013610840e-01 -1.831813693046569824e+00 5.976284833298461940e-01 6.266754684101052408e-01 -3.734564910832711138e-01 3.326382938651202825e-01
3.431665897369384766e-01 -4.990324974060058594e-01 -1.831813693046569824e+00 5.976285129387569617e-01 6.266754124282729599e-01 -3.734565053063779172e-01 3.326383272525246793e-01
3.431665599346160889e-01 -4.990325272083282471e-01 -1.831813812255859375e+00 5.976285498524958051e-01 6.266753487865782679e-01 -3.734565383401691752e-01 3.326383534573518763e-01
3.431665599346160889e-01 -4.990325868129730225e-01 -1.831813812255859375e+00 5.976285854026641697e-01 6.266752865747358126e-01 -3.734565730052298305e-01 3.326383554873193482e-01
3.431665301322937012e-01 -4.990326464176177979e-01 -1.831813931465148926e+00 5.976286226085916198e-01 6.266752226266667503e-01 -3.734565824809739643e-01 3.326383846462371285e-01
3.431665301322937012e-01 -4.990326762199401855e-01 -1.831813931465148926e+00 5.976286597171189818e-01 6.266752086483654560e-01 -3.734566161722132072e-01 3.326383858088243217e-01
3.431665301322937012e-01 -4.990327358245849609e-01 -1.831814050674438477e+00 5.976286954620763092e-01 6.266751462322865951e-01 -3.734566507155397397e-01 3.326384157809083586e-01
3.431665003299713135e-01 -4.990327656269073486e-01 -1.831814050674438477e+00 5.976287327653946324e-01 6.266750821821137629e-01 -3.734566593512363974e-01 3.326384168350734472e-01
3.431665003299713135e-01 -4.990328252315521240e-01 -1.831814169883728027e+00 5.976287705556989627e-01 6.266750176212940726e-01 -3.734566933956054990e-01 3.326384456687177527e-01
3.431664705276489258e-01 -4.990328550338745117e-01 -1.831814169883728027e+00 5.976288082486033160e-01 6.266749531626164549e-01 -3.734567275008353060e-01 3.326384465060383544e-01
3.431664407253265381e-01 -4.990329742431640625e-01 -1.831814289093017578e+00 5.976288858745512078e-01 6.266748218962712169e-01 -3.734567756110719894e-01 3.326385061516077823e-01
3.431664109230041504e-01 -4.990331232547760010e-01 -1.831814527511596680e+00 5.976290094721814494e-01 6.266745925563872444e-01 -3.734568861579107835e-01 3.326385682599803384e-01
3.431701958179473877e-01 -4.990378022193908691e-01 -1.831823229789733887e+00 5.976175405940867824e-01 6.266916308580021688e-01 -3.734445927450664726e-01 3.326408533549197744e-01
3.431798219680786133e-01 -4.990149438381195068e-01 -1.831793785095214844e+00 5.975965410836726610e-01 6.266972953079325004e-01 -3.734757771902761925e-01 3.326329370726134882e-01
3.431797623634338379e-01 -4.990151822566986084e-01 -1.831794142723083496e+00 5.975966479346899174e-01 6.266971333833865065e-01 -3.734764374277720345e-01 3.326322760369753717e-01
3.431797623634338379e-01 -4.990153014659881592e-01 -1.831794261932373047e+00 5.975966866036495073e-01 6.266970928314111733e-01 -3.734767039113695009e-01 3.326320238630787740e-01
3.431797623634338379e-01 -4.990153610706329346e-01 -1.831794381141662598e+00 5.975967228375338447e-01 6.266970298979482878e-01 -3.734769290594878721e-01 3.326318291486932699e-01
3.431797325611114502e-01 -4.990153908729553223e-01 -1.831794500350952148e+00 5.975967400778490202e-01 6.266970118181067750e-01 -3.734769930903317769e-01 3.326317416301330376e-01
3.431797325611114502e-01 -4.990154206752777100e-01 -1.831794500350952148e+00 5.975967476752758190e-01 6.266970038507195806e-01 -3.734770678229794583e-01 3.326316719465318705e-01
3.431797325611114502e-01 -4.990154504776000977e-01 -1.831794500350952148e+00 5.975967612142798480e-01 6.266969896524277051e-01 -3.734771388423465677e-01 3.326316020726515776e-01
3.431797325611114502e-01 -4.990154802799224854e-01 -1.831794619560241699e+00 5.975967686169006976e-01 6.266969818893332045e-01 -3.734772098006205465e-01 3.326315356143795809e-01
3.431797325611114502e-01 -4.990155100822448730e-01 -1.831794619560241699e+00 5.975967821559041715e-01 6.266969427558999328e-01 -3.734772761446429890e-01 3.326314688573980272e-01
3.431797325611114502e-01 -4.990155398845672607e-01 -1.831794738769531250e+00 5.975967905325537677e-01 6.266969339713468479e-01 -3.734773581825265309e-01 3.326313956231852220e-01
3.431797325611114502e-01 -4.990155696868896484e-01 -1.831794738769531250e+00 5.975968081624785100e-01 6.266969154829284960e-01 -3.734774430088842467e-01 3.326313078877848883e-01
3.431797325611114502e-01 -4.990155696868896484e-01 -1.831794738769531250e+00 5.975968160521132333e-01 6.266969072091064241e-01 -3.734775191173441145e-01 3.326312380415498704e-01
3.431797027587890625e-01 -4.990155994892120361e-01 -1.831794857978820801e+00 5.975968279352664725e-01 6.266968947473010587e-01 -3.734775857169809199e-01 3.326311722062509357e-01
3.431797027587890625e-01 -4.990156292915344238e-01 -1.831794857978820801e+00 5.975968360197067009e-01 6.266968862691878472e-01 -3.734776624829126979e-01 3.326311022515884286e-01
3.431797027587890625e-01 -4.990156590938568115e-01 -1.831794857978820801e+00 5.975968517015722847e-01 6.266968448885523735e-01 -3.734777430721639702e-01 3.326310218343062619e-01
3.431797027587890625e-01 -4.990156888961791992e-01 -1.831794977188110352e+00 5.975968659223942492e-01 6.266968299752474492e-01 -3.734778105484978794e-01 3.326309515809433015e-01
3.431797027587890625e-01 -4.990157186985015869e-01 -1.831794977188110352e+00 5.975968745912512148e-01 6.266968208842608190e-01 -3.734778635724880780e-01 3.326308813009936083e-01
3.431797027587890625e-01 -4.990157485008239746e-01 -1.831794977188110352e+00 5.975968869614177725e-01 6.266968079117299917e-01 -3.734779275300753598e-01 3.326308183115220807e-01
3.431797027587890625e-01 -4.990157485008239746e-01 -1.831795096397399902e+00 5.975968930977995086e-01 6.266968014765378348e-01 -3.734779953835661859e-01 3.326307556749723560e-01
3.431797027587890625e-01 -4.990157783031463623e-01 -1.831795096397399902e+00 5.975969037147137453e-01 6.266967903426344799e-01 -3.734780549823113471e-01 3.326306967782821089e-01
3.431797027587890625e-01 -4.990158081054687500e-01 -1.831795096397399902e+00 5.975969160848797479e-01 6.266967524349680296e-01 -3.734781142645536289e-01 3.326306369057099310e-01
3.431796729564666748e-01 -4.990158379077911377e-01 -1.831795215606689453e+00 5.975969232926927610e-01 6.266967448761724402e-01 -3.734781892406606740e-01 3.326305705558997849e-01
3.431796729564666748e-01 -4.990158379077911377e-01 -1.831795215606689453e+00 5.975969361498727483e-01 6.266967313929158179e-01 -3.734782497769766896e-01 3.326305072953615882e-01
3.431796729564666748e-01 -4.990158677101135254e-01 -1.831795215606689453e+00 5.975969414096280463e-01 6.266967258770383964e-01 -3.734783150614290892e-01 3.326304482636542326e-01
3.431796729564666748e-01 -4.990158975124359131e-01 -1.831795334815979004e+00 5.975969527083615507e-01 6.266967140281171078e-01 -3.734783765717182291e-01 3.326303889874645536e-01
3.431796729564666748e-01 -4.990159273147583008e-01 -1.831795334815979004e+00 5.975969641044978076e-01 6.266967020770504160e-01 -3.734784333457936145e-01 3.326303296570614076e-01
3.431796729564666748e-01 -4.990159273147583008e-01 -1.831795334815979004e+00 5.975969700460729284e-01 6.266966958461528403e-01 -3.734784966456803912e-01 3.326302733627404806e-01
3.431796729564666748e-01 -4.990159571170806885e-01 -1.831795334815979004e+00 5.975969805655829692e-01 6.266966598792652610e-01 -3.734785563052833712e-01 3.326302145202827965e-01
3.431796729564666748e-01 -4.990159869194030762e-01 -1.831795454025268555e+00 5.975969867019638171e-01 6.266966534440765457e-01 -3.734786194834199824e-01 3.326301581175332145e-01
3.431796729564666748e-01 -4.990160167217254639e-01 -1.831795454025268555e+00 5.975969997539480882e-01 6.266966397565332247e-01 -3.734786845733115701e-01 3.326300916316883294e-01
3.431796431541442871e-01 -4.990160167217254639e-01 -1.831795454025268555e+00 5.975970117345005272e-01 6.266966271925950016e-01 -3.734787230600083441e-01 3.326300288591104715e-01
3.431796431541442871e-01 -4.990160465240478516e-01 -1.831795573234558105e+00 5.975970170916581337e-01 6.266966215745739532e-01 -3.734787890627979667e-01 3.326299697731994187e-01
3.431796431541442871e-01 -4.990160763263702393e-01 -1.831795573234558105e+00 5.975970293644188303e-01 6.266966087041992983e-01 -3.734788476266660551e-01 3.326299099548706839e-01
3.431796431541442871e-01 -4.990161061286926270e-01 -1.831795692443847656e+00 5.975970476761565120e-01 6.266965645656527029e-01 -3.734789787802070826e-01 3.326297875542374993e-01
3.431796431541442871e-01 -4.990161359310150146e-01 -1.831795692443847656e+00 5.975970624813908838e-01 6.266965490394895699e-01 -3.734790568003703015e-01 3.326297076249617457e-01
3.431796431541442871e-01 -4.990161657333374023e-01 -1.831795692443847656e+00 5.975970707606336196e-01 6.266965403570962101e-01 -3.734791295483925189e-01 3.326296406788085136e-01
3.431796431541442871e-01 -4.990161955356597900e-01 -1.831795811653137207e+00 5.975970826437818628e-01 6.266965278953086083e-01 -3.734791922518578833e-01 3.326295779604634961e-01
3.431800603866577148e-01 -4.990165233612060547e-01 -1.831795692443847656e+00 5.975934932404589617e-01 6.266983970226696066e-01 -3.734709408923308493e-01 3.326417619386066171e-01
3.431800603866577148e-01 -4.990165531635284424e-01 -1.831795811653137207e+00 5.975934599284821180e-01 6.266984070217771485e-01 -3.734708892427622828e-01 3.326418521701715592e-01
3.431800603866577148e-01 -4.990165829658508301e-01 -1.831795811653137207e+00 5.975934257398723970e-01 6.266984179402139699e-01 -3.734708599594193656e-01 3.326419460066222800e-01
3.431800603866577148e-01 -4.990166127681732178e-01 -1.831795811653137207e+00 5.975933944733643477e-01 6.266984257942330716e-01 -3.734708327460202204e-01 3.326420101643416949e-01
3.431800603866577148e-01 -4.990166425704956055e-01 -1.831795930862426758e+00 5.975933617458027980e-01 6.266984351804653075e-01 -3.734707822896573548e-01 3.326421000706287212e-01
3.431800603866577148e-01 -4.990166723728179932e-01 -1.831795930862426758e+00 5.975933275571875258e-01 6.266984460989113437e-01 -3.734707530063069991e-01 3.326421939071121381e-01
3.431800603866577148e-01 -4.990167021751403809e-01 -1.831795930862426758e+00 5.975932928815528289e-01 6.266984325928093291e-01 -3.734707193519534174e-01 3.326422661963215899e-01
3.431800603866577148e-01 -4.990167319774627686e-01 -1.831796050071716309e+00 5.975932587903370896e-01 6.266984434091131817e-01 -3.734706900077254255e-01 3.326423599786091367e-01
3.431800603866577148e-01 -4.990167617797851562e-01 -1.831796050071716309e+00 5.975932280108376959e-01 6.266984756876990970e-01 -3.734706391131142889e-01 3.326424488005724212e-01
3.431800603866577148e-01 -4.990168213844299316e-01 -1.831796050071716309e+00 5.975931936274078149e-01 6.266984868104528150e-01 -3.734706099515001099e-01 3.326425178102451197e-01
3.431800603866577148e-01 -4.990168511867523193e-01 -1.831796169281005859e+00 5.975931593413793541e-01 6.266984978310624621e-01 -3.734705807290107926e-01 3.326426117010026218e-01
3.431800603866577148e-01 -4.990168809890747070e-01 -1.831796169281005859e+00 5.975931272956294116e-01 6.266984815669881526e-01 -3.734705275088268106e-01 3.326427012278361239e-01
3.431800603866577148e-01 -4.990169405937194824e-01 -1.831796288490295410e+00 5.975930562884752550e-01 6.266985061619080311e-01 -3.734704596764689688e-01 3.326428716633971772e-01
3.431800901889801025e-01 -4.990169703960418701e-01 -1.831796288490295410e+00 5.975930089503677101e-01 6.266985059349958753e-01 -3.734704082210659748e-01 3.326429946378673397e-01
3.431800901889801025e-01 -4.990170300006866455e-01 -1.831796407699584961e+00 5.975929546966062267e-01 6.266985378958647157e-01 -3.734703416069412585e-01 3.326431308126132635e-01
3.431800901889801025e-01 -4.990171194076538086e-01 -1.831796407699584961e+00 5.975928645983378251e-01 6.266985575764368877e-01 -3.734702389519813925e-01 3.326433679795666176e-01
3.431800901889801025e-01 -4.990172088146209717e-01 -1.831796526908874512e+00 5.975927820001296631e-01 6.266985693916637956e-01 -3.734701565450809779e-01 3.326435853871947956e-01
3.431800901889801025e-01 -4.990172684192657471e-01 -1.831796646118164062e+00 5.975926956031708537e-01 6.266986101259771624e-01 -3.734700609276447869e-01 3.326437893248475053e-01
3.431800901889801025e-01 -4.990173578262329102e-01 -1.831796765327453613e+00 5.975926030697737978e-01 6.266986323603014331e-01 -3.734699699244226068e-01 3.326440216136639649e-01
3.431800901889801025e-01 -4.990174770355224609e-01 -1.831796884536743164e+00 5.975924931985217015e-01 6.266986478416181061e-01 -3.734698305352042724e-01 3.326443009564895581e-01
3.431801199913024902e-01 -4.990175068378448486e-01 -1.831796884536743164e+00 5.975924473214238031e-01 6.266986710178715780e-01 -3.734697859589229951e-01 3.326444168841000693e-01
3.431801199913024902e-01 -4.990175664424896240e-01 -1.831797003746032715e+00 5.975923991066355301e-01 6.266986717103525395e-01 -3.734697366097601279e-01 3.326445372298988401e-01
3.431801199913024902e-01 -4.990176260471343994e-01 -1.831797003746032715e+00 5.975923399826372773e-01 6.266986838433875606e-01 -3.734696816107153650e-01 3.326447135188919657e-01
3.431801199913024902e-01 -4.990176558494567871e-01 -1.831797122955322266e+00 5.975922948847567362e-01 6.266987062024796939e-01 -3.734696381058917880e-01 3.326448009605724732e-01
3.431801199913024902e-01 -4.990176856517791748e-01 -1.831797122955322266e+00 5.975922594298329615e-01 6.266986935136146242e-01 -3.734696064968959228e-01 3.326448986191747337e-01
3.431801199913024902e-01 -4.990177154541015625e-01 -1.831797122955322266e+00 5.975922258255764730e-01 6.266987038192749493e-01 -3.734695495752045069e-01 3.326449921307126356e-01
3.431801199913024902e-01 -4.990177452564239502e-01 -1.831797242164611816e+00 5.975921921239144563e-01 6.266987142270861177e-01 -3.734695176497154212e-01 3.326450638780634184e-01
3.431801199913024902e-01 -4.990177750587463379e-01 -1.831797242164611816e+00 5.975921595910943518e-01 6.266987483444622642e-01 -3.734694920068098445e-01 3.326451536762972117e-01
3.431801199913024902e-01 -4.990178048610687256e-01 -1.831797242164611816e+00 5.975921272530797523e-01 6.266987573222112529e-01 -3.734694420860484865e-01 3.326452402491865690e-01
3.431801199913024902e-01 -4.990178346633911133e-01 -1.831797361373901367e+00 5.975920935514121846e-01 6.266987677300329684e-01 -3.734694140566982012e-01 3.326453088796489932e-01
3.431801199913024902e-01 -4.990178644657135010e-01 -1.831797361373901367e+00 5.975920614082014248e-01 6.266987515681519127e-01 -3.734693850533761239e-01 3.326453984610376335e-01
3.431801199913024902e-01 -4.990178942680358887e-01 -1.831797361373901367e+00 5.975920258558602427e-01 6.266987639167883595e-01 -3.734693496090875087e-01 3.326454992908579045e-01
3.431801199913024902e-01 -4.990179538726806641e-01 -1.831797480583190918e+00 5.975919842644885627e-01 6.266987825985985694e-01 -3.734693007958808098e-01 3.326456128330300133e-01
3.431801199913024902e-01 -4.990179836750030518e-01 -1.831797480583190918e+00 5.975919425757102443e-01 6.266987764472174982e-01 -3.734692403550993189e-01 3.326456921433394998e-01
3.431801497936248779e-01 -4.990180134773254395e-01 -1.831797480583190918e+00 5.975919080948026707e-01 6.266988126075843102e-01 -3.734692104750317321e-01 3.326457861429539253e-01
3.431801497936248779e-01 -4.990180432796478271e-01 -1.831797599792480469e+00 5.975918747827374533e-01 6.266988226068341827e-01 -3.734691790852549542e-01 3.326458826088686815e-01
3.431801497936248779e-01 -4.990180730819702148e-01 -1.831797599792480469e+00 5.975918383537517364e-01 6.266988109394728834e-01 -3.734691410718893878e-01 3.326459839267282836e-01
3.431801497936248779e-01 -4.990181326866149902e-01 -1.831797719001770020e+00 5.975917730932638339e-01 6.266988295079142235e-01 -3.734690649724235478e-01 3.326461355796020425e-01
3.431801497936248779e-01 -4.990181922912597656e-01 -1.831797719001770020e+00 5.975917347161975313e-01 6.266988448188711702e-01 -3.734690235011319803e-01 3.326462442157213650e-01
3.431801497936248779e-01 -4.990182220935821533e-01 -1.831797719001770020e+00 5.975917004300853597e-01 6.266988309042610394e-01 -3.734689903823834034e-01 3.326463131716134725e-01
3.431801497936248779e-01 -4.990182518959045410e-01 -1.831797838211059570e+00 5.975916670206048442e-01 6.266988410056756331e-01 -3.734689582742338754e-01 3.326464096918168578e-01
3.431801497936248779e-01 -4.990182816982269287e-01 -1.831797838211059570e+00 5.975916322474701392e-01 6.266988774725236189e-01 -3.734689036414077234e-01 3.326465038541828734e-01
3.431801497936248779e-01 -4.990183115005493164e-01 -1.831797838211059570e+00 5.975915985457745938e-01 6.266988878803901875e-01 -3.734688756120213560e-01 3.326465693678690161e-01
3.431801497936248779e-01 -4.990183413028717041e-01 -1.831797957420349121e+00 5.975915667921521957e-01 6.266988962452983980e-01 -3.734688479236304981e-01 3.326466618494571259e-01
3.431801497936248779e-01 -4.990183711051940918e-01 -1.831797957420349121e+00 5.975915321164154692e-01 6.266988827392897532e-01 -3.734688173860511995e-01 3.326467559576374300e-01
3.431801497936248779e-01 -4.990184009075164795e-01 -1.831797957420349121e+00 5.975914981225030065e-01 6.266988934536084077e-01 -3.734687599285340665e-01 3.326468278678509916e-01
3.431801497936248779e-01 -4.990184307098388672e-01 -1.831798076629638672e+00 5.975914595506114368e-01 6.266989089688913550e-01 -3.734687177997310092e-01 3.326469334955927670e-01
3.431798815727233887e-01 -4.990189373493194580e-01 -1.831798553466796875e+00 5.975993191065093191e-01 6.266982718849291034e-01 -3.734687929905380899e-01 3.326339590913608979e-01
3.431798815727233887e-01 -4.990189671516418457e-01 -1.831798672676086426e+00 5.975993976129100327e-01 6.266982643609220194e-01 -3.734687486034066750e-01 3.326338624064200111e-01
3.431798815727233887e-01 -4.990190267562866211e-01 -1.831798672676086426e+00 5.975994685219082614e-01 6.266982648042581650e-01 -3.734687011720727035e-01 3.326337668334657938e-01
3.431798815727233887e-01 -4.990190565586090088e-01 -1.831798672676086426e+00 5.975995310542870920e-01 6.266982740320938827e-01 -3.734686815730711706e-01 3.326337039750044133e-01
3.431798815727233887e-01 -4.990190863609313965e-01 -1.831798791885375977e+00 5.975995942684765305e-01 6.266982825449178840e-01 -3.734686350545128319e-01 3.326336158020236633e-01
3.431798815727233887e-01 -4.990191161632537842e-01 -1.831798791885375977e+00 5.975996552424032160e-01 6.266982684720637797e-01 -3.734686140918152542e-01 3.326335538110507528e-01
3.431798815727233887e-01 -4.990191459655761719e-01 -1.831798911094665527e+00 5.975997173851528288e-01 6.266982781084974308e-01 -3.734685916194493416e-01 3.326334662344845872e-01
3.431798815727233887e-01 -4.990192055702209473e-01 -1.831798911094665527e+00 5.975997717357027783e-01 6.266982709815307473e-01 -3.734685483025673158e-01 3.326334079302150637e-01
3.431798815727233887e-01 -4.990192353725433350e-01 -1.831798911094665527e+00 5.975998328070137866e-01 6.266982817415714946e-01 -3.734685272790247423e-01 3.326333458850760927e-01
3.431798815727233887e-01 -4.990192651748657227e-01 -1.831799030303955078e+00 5.975998936835138498e-01 6.266982677708936578e-01 -3.734684806630007015e-01 3.326332590133714850e-01
3.431798815727233887e-01 -4.990192949771881104e-01 -1.831799030303955078e+00 5.975999571898720220e-01 6.266982759773180867e-01 -3.734684596761314035e-01 3.326331956128762979e-01
3.431798815727233887e-01 -4.990193247795104980e-01 -1.831799030303955078e+00 5.976000280014014399e-01 6.266982765228672481e-01 -3.734684115265700100e-01 3.326331032112191943e-01
3.431799113750457764e-01 -4.990193843841552734e-01 -1.831799149513244629e+00 5.976000937479997166e-01 6.266982823799676083e-01 -3.734683938149948035e-01 3.326330105119236769e-01
3.431799113750457764e-01 -4.990194141864776611e-01 -1.831799149513244629e+00 5.976001643647083084e-01 6.266982831298228973e-01 -3.734683457872048362e-01 3.326329431537515813e-01
3.431799113750457764e-01 -4.990194439888000488e-01 -1.831799149513244629e+00 5.976002269944166168e-01 6.266982673205780952e-01 -3.734683230105626528e-01 3.326328553062753435e-01
3.431799113750457764e-01 -4.990194737911224365e-01 -1.831799268722534180e+00 5.976002816371273063e-01 6.266982848222288904e-01 -3.734682810695944544e-01 3.326327968394903190e-01
3.431799113750457764e-01 -4.990197420120239258e-01 -1.831799507141113281e+00 5.976007042656954482e-01 6.266982655102394384e-01 -3.734680574688239441e-01 3.326322904306984740e-01
3.431799113750457764e-01 -4.990198016166687012e-01 -1.831799626350402832e+00 5.976008146224491835e-01 6.266982744550395612e-01 -3.734680142160382577e-01 3.326321479660439007e-01
3.431799113750457764e-01 -4.990198612213134766e-01 -1.831799626350402832e+00 5.976009117324795339e-01 6.266982723565761582e-01 -3.734679675534805510e-01 3.326320378097014641e-01
3.431799113750457764e-01 -4.990198910236358643e-01 -1.831799745559692383e+00 5.976009979334460098e-01 6.266982816983409643e-01 -3.734679222539819543e-01 3.326319368423823475e-01
3.431799113750457764e-01 -4.990199506282806396e-01 -1.831799745559692383e+00 5.976010777058547996e-01 6.266982728467037633e-01 -3.734678801927744929e-01 3.326318363364331732e-01
3.431799113750457764e-01 -4.990199804306030273e-01 -1.831799864768981934e+00 5.976011507575018644e-01 6.266982710430635262e-01 -3.734678353187269040e-01 3.326317426882349215e-01
3.431799113750457764e-01 -4.990200400352478027e-01 -1.831799864768981934e+00 5.976012488414993440e-01 6.266982679232125930e-01 -3.734677911644184167e-01 3.326316070549425463e-01
3.431799113750457764e-01 -4.990200698375701904e-01 -1.831799983978271484e+00 5.976013156593870113e-01 6.266982726568519624e-01 -3.734677462900626299e-01 3.326315418115324829e-01
3.431799113750457764e-01 -4.990201294422149658e-01 -1.831799983978271484e+00 5.976013875421791743e-01 6.266982720789782135e-01 -3.734676998088670707e-01 3.326314488140049153e-01
3.431799411773681641e-01 -4.990202188491821289e-01 -1.831800103187561035e+00 5.976015579959200741e-01 6.266982678705947940e-01 -3.734676088691095130e-01 3.326312448472424910e-01
3.431799411773681641e-01 -4.990202486515045166e-01 -1.831800222396850586e+00 5.976016252033816700e-01 6.266982721956897429e-01 -3.734675902447101015e-01 3.326311513352573357e-01
3.431799411773681641e-01 -4.990206956863403320e-01 -1.831800699234008789e+00 5.976023610758909310e-01 6.266982734774231290e-01 -3.734672121837914749e-01 3.326302804457896833e-01
3.431799411773681641e-01 -4.990207254886627197e-01 -1.831800699234008789e+00 5.976024442571870043e-01 6.266982859858561961e-01 -3.734671656547686736e-01 3.326301780428777000e-01
3.431799411773681641e-01 -4.990207850933074951e-01 -1.831800818443298340e+00 5.976025189645005620e-01 6.266982824459417234e-01 -3.734671197462149372e-01 3.326300834735397838e-01
3.431799411773681641e-01 -4.990208446979522705e-01 -1.831800818443298340e+00 5.976026333143990010e-01 6.266982872031514606e-01 -3.734670545178596091e-01 3.326299387871121671e-01
3.431799411773681641e-01 -4.990208745002746582e-01 -1.831800937652587891e+00 5.976027059762482052e-01 6.266982858082901231e-01 -3.734670091084152932e-01 3.326298422394918797e-01
3.431799411773681641e-01 -4.990209341049194336e-01 -1.831800937652587891e+00 5.976027708459344945e-01 6.266982676500765237e-01 -3.734669896074465645e-01 3.326297780808203930e-01
3.431799709796905518e-01 -4.990209639072418213e-01 -1.831801056861877441e+00 5.976028419493362165e-01 6.266982678895414161e-01 -3.734669420550981722e-01 3.326296855175452927e-01
3.431799709796905518e-01 -4.990209937095642090e-01 -1.831801056861877441e+00 5.976029084748402109e-01 6.266982729297869703e-01 -3.734669222985669834e-01 3.326295955023792494e-01
3.431799709796905518e-01 -4.990210235118865967e-01 -1.831801056861877441e+00 5.976029794808237483e-01 6.266982732714123649e-01 -3.734668740279030730e-01 3.326295279282551198e-01
3.431799709796905518e-01 -4.990210831165313721e-01 -1.831801176071166992e+00 5.976030448374897164e-01 6.266982795374009818e-01 -3.734668557810542633e-01 3.326294354468494197e-01
3.431799709796905518e-01 -4.990211129188537598e-01 -1.831801176071166992e+00 5.976031069798868334e-01 6.266982891741484929e-01 -3.734668114911997017e-01 3.326293728062835187e-01
3.431799709796905518e-01 -4.990211427211761475e-01 -1.831801295280456543e+00 5.976031698040905615e-01 6.266982731610161172e-01 -3.734667893724972210e-01 3.326292848513567879e-01
3.431799709796905518e-01 -4.990211725234985352e-01 -1.831801295280456543e+00 5.976032308750542921e-01 6.266982839213597334e-01 -3.734667434145970688e-01 3.326292228071852652e-01
3.431799709796905518e-01 -4.990212321281433105e-01 -1.831801295280456543e+00 5.976032945758614767e-01 6.266982669889494817e-01 -3.734667223065104014e-01 3.326291343643704712e-01
3.431799709796905518e-01 -4.990212619304656982e-01 -1.831801414489746094e+00 5.976033642181736161e-01 6.266982687606383884e-01 -3.734666725504713347e-01 3.326290426145028789e-01
3.431799709796905518e-01 -4.990212917327880859e-01 -1.831801414489746094e+00 5.976034265553411551e-01 6.266982781931288438e-01 -3.734666530738053325e-01 3.326289798656011376e-01
3.431799709796905518e-01 -4.990213215351104736e-01 -1.831801414489746094e+00 5.976034900613238499e-01 6.266982863998974418e-01 -3.734666071526258624e-01 3.326288915312813899e-01
3.431799709796905518e-01 -4.990213811397552490e-01 -1.831801533699035645e+00 5.976035544439161074e-01 6.266982687525159967e-01 -3.734665879561310242e-01 3.326288276439159919e-01
3.431799709796905518e-01 -4.990214109420776367e-01 -1.831801533699035645e+00 5.976036301251086424e-01 6.266982891261747568e-01 -3.734665429975472239e-01 3.326287294160002461e-01
3.431810140609741211e-01 -4.990213513374328613e-01 -1.831801295280456543e+00 5.975972057609756360e-01 6.266957754049298224e-01 -3.734712132104924254e-01 3.326397515347064293e-01
3.431810438632965088e-01 -4.990213811397552490e-01 -1.831801295280456543e+00 5.975971899817165145e-01 6.266957420822708569e-01 -3.734712308640424916e-01 3.326398101881469227e-01
3.431810438632965088e-01 -4.990214109420776367e-01 -1.831801295280456543e+00 5.975971742998597014e-01 6.266957086574650448e-01 -3.734712500151668446e-01 3.326398656704827039e-01
3.431810736656188965e-01 -4.990214705467224121e-01 -1.831801414489746094e+00 5.975971586180025552e-01 6.266956752326579005e-01 -3.734712691662924744e-01 3.326399492048398021e-01
3.431811034679412842e-01 -4.990215003490447998e-01 -1.831801414489746094e+00 5.975971428387421014e-01 6.266956419099950493e-01 -3.734713133134196505e-01 3.326400047413998751e-01
3.431811034679412842e-01 -4.990215301513671875e-01 -1.831801414489746094e+00 5.975971271568841781e-01 6.266956084851851294e-01 -3.734713324645483890e-01 3.326400633406368934e-01
3.431811332702636719e-01 -4.990215599536895752e-01 -1.831801533699035645e+00 5.975971098191773523e-01 6.266955767968497293e-01 -3.734713526505093473e-01 3.326401197446799962e-01
3.431811630725860596e-01 -4.990216195583343506e-01 -1.831801533699035645e+00 5.975970941373184298e-01 6.266955433720373669e-01 -3.734713718016408057e-01 3.326401752270325418e-01
3.431811630725860596e-01 -4.990216493606567383e-01 -1.831801533699035645e+00 5.975970783580563106e-01 6.266955100493691866e-01 -3.734714159487764751e-01 3.326402588156274764e-01
3.431811928749084473e-01 -4.990216791629791260e-01 -1.831801652908325195e+00 5.975970626761966109e-01 6.266954516894227556e-01 -3.734714350999110977e-01 3.326403142979870164e-01
3.431811928749084473e-01 -4.990217089653015137e-01 -1.831801652908325195e+00 5.975970469943365782e-01 6.266954182646056193e-01 -3.734714542510469415e-01 3.326403697803496651e-01
3.431812226772308350e-01 -4.990217685699462891e-01 -1.831801772117614746e+00 5.975970296566274209e-01 6.266953865762628917e-01 -3.734714752162384688e-01 3.326404293013021096e-01
3.431812524795532227e-01 -4.990217983722686768e-01 -1.831801772117614746e+00 5.975970139747663890e-01 6.266953531514432019e-01 -3.734715193025103241e-01 3.326404847836714196e-01
3.431812524795532227e-01 -4.990218281745910645e-01 -1.831801772117614746e+00 5.975969981955021604e-01 6.266953447639017627e-01 -3.734715385145231936e-01 3.326405403202611910e-01
3.431812822818756104e-01 -4.990218579769134521e-01 -1.831801891326904297e+00 5.975969809551945344e-01 6.266953129734100791e-01 -3.734715594188472987e-01 3.326405966701149741e-01
3.431813120841979980e-01 -4.990219175815582275e-01 -1.831801891326904297e+00 5.975969605005915231e-01 6.266952845537230310e-01 -3.734715792150725688e-01 3.326406859780659531e-01
3.431813120841979980e-01 -4.990219473838806152e-01 -1.831801891326904297e+00 5.975969448187287147e-01 6.266952511288986782e-01 -3.734716225221303421e-01 3.326407445773414406e-01
3.431813716888427734e-01 -4.990220367908477783e-01 -1.831802010536193848e+00 5.975969101433039610e-01 6.266951628170600586e-01 -3.734716815954427505e-01 3.326408916713252673e-01
3.431814014911651611e-01 -4.990220963954925537e-01 -1.831802129745483398e+00 5.975968850133600574e-01 6.266951143652189637e-01 -3.734717004174410437e-01 3.326409898155215372e-01
3.431814014911651611e-01 -4.990221261978149414e-01 -1.831802129745483398e+00 5.975968693314952507e-01 6.266950809403879497e-01 -3.734717437245086979e-01 3.326410452979211008e-01
3.431814312934875488e-01 -4.990221858024597168e-01 -1.831802129745483398e+00 5.975968536496301109e-01 6.266950475155556033e-01 -3.734717620964388973e-01 3.326411038972162393e-01
3.431814610958099365e-01 -4.990222156047821045e-01 -1.831802248954772949e+00 5.975968378703616635e-01 6.266950141928676610e-01 -3.734717820876891636e-01 3.326411594338395949e-01
3.431814610958099365e-01 -4.990222454071044922e-01 -1.831802248954772949e+00 5.975968221884956355e-01 6.266949807680326501e-01 -3.734718012388450470e-01 3.326412180331412838e-01
3.431814908981323242e-01 -4.990222752094268799e-01 -1.831802248954772949e+00 5.975968048507800390e-01 6.266949490796720479e-01 -3.734718471392005634e-01 3.326412993723935618e-01
3.431814908981323242e-01 -4.990223050117492676e-01 -1.831802368164062500e+00 5.975967891689131228e-01 6.266949156548345945e-01 -3.734718670695829634e-01 3.326413548548098342e-01
3.431815207004547119e-01 -4.990223646163940430e-01 -1.831802368164062500e+00 5.975967719285993907e-01 6.266948838643258135e-01 -3.734718887531508491e-01 3.326414080878172808e-01
3.431815505027770996e-01 -4.990223944187164307e-01 -1.831802368164062500e+00 5.975967608246682827e-01 6.266948456386407518e-01 -3.734719066017485045e-01 3.326414610220140289e-01
3.431815505027770996e-01 -4.990224242210388184e-01 -1.831802487373352051e+00 5.975967435843536624e-01 6.266948387832739220e-01 -3.734719282853191658e-01 3.326415173719206586e-01
3.431815803050994873e-01 -4.990224540233612061e-01 -1.831802487373352051e+00 5.975967325778249739e-01 6.266948253905860744e-01 -3.734719460730461238e-01 3.326415671350114733e-01
3.431815803050994873e-01 -4.990224838256835938e-01 -1.831802487373352051e+00 5.975967153375095764e-01 6.266947936000734076e-01 -3.734719685358426911e-01 3.326416234849242648e-01
3.431816399097442627e-01 -4.990226030349731445e-01 -1.831802606582641602e+00 5.975966728698379749e-01 6.266946885246917898e-01 -3.734720504011517228e-01 3.326417873840076811e-01
3.431816697120666504e-01 -4.990226328372955322e-01 -1.831802725791931152e+00 5.975966461814372632e-01 6.266946417071522779e-01 -3.734720717555879421e-01 3.326418801619815957e-01
3.431816995143890381e-01 -4.990226924419403076e-01 -1.831802725791931152e+00 5.975966319606101917e-01 6.266946067501174555e-01 -3.734721125911503181e-01 3.326419410649523178e-01
3.431816995143890381e-01 -4.990227222442626953e-01 -1.831802845001220703e+00 5.975966116033981645e-01 6.266945782282565824e-01 -3.734721315473175096e-01 3.326420272018967284e-01
3.431817293167114258e-01 -4.990227818489074707e-01 -1.831802845001220703e+00 5.975965958241232778e-01 6.266945199703987113e-01 -3.734721756945169058e-01 3.326420858554643978e-01
3.431817591190338135e-01 -4.990228116512298584e-01 -1.831802845001220703e+00 5.975965801422509216e-01 6.266944865455439384e-01 -3.734721948456948271e-01 3.326421413379237468e-01
3.431817591190338135e-01 -4.990228414535522461e-01 -1.831802964210510254e+00 5.975965628045282196e-01 6.266944548571635742e-01 -3.734722150317091871e-01 3.326422008589816071e-01
3.431817889213562012e-01 -4.990228712558746338e-01 -1.831802964210510254e+00 5.975965471226550862e-01 6.266944214323060258e-01 -3.734722349621131809e-01 3.326422563414474509e-01
3.431818187236785889e-01 -4.990229308605194092e-01 -1.831802964210510254e+00 5.975965313433784232e-01 6.266943881095929925e-01 -3.734722791093211813e-01 3.326423118781343113e-01
3.431818187236785889e-01 -4.990229606628417969e-01 -1.831803083419799805e+00 5.975965156615044016e-01 6.266943546847328905e-01 -3.734722974812813567e-01 3.326423954126548899e-01
3.431818485260009766e-01 -4.990229904651641846e-01 -1.831803083419799805e+00 5.975964999796299360e-01 6.266943461950261751e-01 -3.734723166324663834e-01 3.326424508951309478e-01
3.431818485260009766e-01 -4.990230202674865723e-01 -1.831803083419799805e+00 5.975964826419050135e-01 6.266943145066399268e-01 -3.734723375977119786e-01 3.326425072993126064e-01
3.431818783283233643e-01 -4.990230798721313477e-01 -1.831803202629089355e+00 5.975964669600296597e-01 6.266942810817764942e-01 -3.734723575281232999e-01 3.326425627817952146e-01
3.431819379329681396e-01 -4.990231692790985107e-01 -1.831803321838378906e+00 5.975964182585509210e-01 6.266941825436541658e-01 -3.734724417309119304e-01 3.326427582030179186e-01
3.431819677352905273e-01 -4.990232288837432861e-01 -1.831803321838378906e+00 5.975963931285862563e-01 6.266941340917537850e-01 -3.734724847089061495e-01 3.326428314122258367e-01
3.431819975376129150e-01 -4.990232586860656738e-01 -1.831803441047668457e+00 5.975963773493057074e-01 6.266941007690286503e-01 -3.734725031417509555e-01 3.326429150009991842e-01
3.431819975376129150e-01 -4.990233182907104492e-01 -1.831803441047668457e+00 5.975963616674275780e-01 6.266940673441566689e-01 -3.734725230721718248e-01 3.326429704835038303e-01
3.431820273399353027e-01 -4.990233480930328369e-01 -1.831803441047668457e+00 5.975963443296985478e-01 6.266940356557592073e-01 -3.734725681933682706e-01 3.326430268877158536e-01
3.431820273399353027e-01 -4.990233778953552246e-01 -1.831803560256958008e+00 5.975963286478196412e-01 6.266940022308845615e-01 -3.734725881237924705e-01 3.326430823702268835e-01
3.431820571422576904e-01 -4.990234076976776123e-01 -1.831803560256958008e+00 5.975963176412831812e-01 6.266939639030177922e-01 -3.734726051323249973e-01 3.326431352502807193e-01
3.431820869445800781e-01 -4.990234673023223877e-01 -1.831803560256958008e+00 5.975963018620005229e-01 6.266939305802862181e-01 -3.734726251236242800e-01 3.326431907870154858e-01
3.431820869445800781e-01 -4.990234971046447754e-01 -1.831803679466247559e+00 5.975962846216728019e-01 6.266939237249015138e-01 -3.734726468072404604e-01 3.326432471370225352e-01
3.431821167469024658e-01 -4.990235269069671631e-01 -1.831803679466247559e+00 5.975962689397922301e-01 6.266938653648578272e-01 -3.734726901143863853e-01 3.326433275547102109e-01
3.431821167469024658e-01 -4.990235567092895508e-01 -1.831803679466247559e+00 5.975962531605083505e-01 6.266938569772871892e-01 -3.734727093264664233e-01 3.326433862083508775e-01
3.431821465492248535e-01 -4.990236163139343262e-01 -1.831803798675537109e+00 5.975962327058804702e-01 6.266938285575418544e-01 -3.734727291227706858e-01 3.326434505813540832e-01
3.431821763515472412e-01 -4.990236461162567139e-01 -1.831803798675537109e+00 5.975962170239985660e-01 6.266937951326586598e-01 -3.734727482739807480e-01 3.326435060638882613e-01
3.431821763515472412e-01 -4.990236759185791016e-01 -1.831803917884826660e+00 5.975961997836682915e-01 6.266937633421044707e-01 -3.734727941135484452e-01 3.326435624139138514e-01
3.431822061538696289e-01 -4.990237355232238770e-01 -1.831803917884826660e+00 5.975961793290386348e-01 6.266937099871870975e-01 -3.734728123514105547e-01 3.326436517220979772e-01
3.431822359561920166e-01 -4.990237653255462646e-01 -1.831803917884826660e+00 5.975961651082003501e-01 6.266936750301146386e-01 -3.734728524078054224e-01 3.326437126251646781e-01
3.431822657585144043e-01 -4.990238249301910400e-01 -1.831804037094116211e+00 5.975961494263166696e-01 6.266936416052254488e-01 -3.734728715590219794e-01 3.326437681077130115e-01
3.431822657585144043e-01 -4.990238547325134277e-01 -1.831804037094116211e+00 5.975961336470296814e-01 6.266936082824804410e-01 -3.734728915503366387e-01 3.326438485796525124e-01
3.431822955608367920e-01 -4.990238845348358154e-01 -1.831804037094116211e+00 5.975961164066969644e-01 6.266935764919189245e-01 -3.734729124547456758e-01 3.326439080465935505e-01
3.431759774684906006e-01 -4.990192949771881104e-01 -1.831777691841125488e+00 5.975941624017050424e-01 6.267028069984194039e-01 -3.734568122023911307e-01 3.326480908091560273e-01
3.431760072708129883e-01 -4.990193545818328857e-01 -1.831777811050415039e+00 5.975941745771210512e-01 6.267028441004460770e-01 -3.734567788790834619e-01 3.326480559796076153e-01
