repeatability steamvr; 20211015-225457; x y z w i j k;  frequency = 150 duration = 2 sys.args = ['.\\repeatability.py']
3.431774079799652100e-01 -4.990545809268951416e-01 -1.831766009330749512e+00 5.975987250484355862e-01 6.267216855167072609e-01 -3.731339692226169902e-01 3.329664684152504606e-01
3.431771397590637207e-01 -4.990543127059936523e-01 -1.831766247749328613e+00 5.975985711523307264e-01 6.267215476918995831e-01 -3.731339118071364536e-01 3.329670840323815661e-01
3.431770801544189453e-01 -4.990542531013488770e-01 -1.831766247749328613e+00 5.975985323860903975e-01 6.267215135421413397e-01 -3.731339056227315210e-01 3.329672303073190620e-01
3.431770205497741699e-01 -4.990541934967041016e-01 -1.831766366958618164e+00 5.975984931328345295e-01 6.267214799031279870e-01 -3.731338974047499479e-01 3.329673799705126780e-01
3.431769907474517822e-01 -4.990541636943817139e-01 -1.831766366958618164e+00 5.975984678081519563e-01 6.267214815268962180e-01 -3.731338843860249610e-01 3.329674688860297938e-01
3.431769609451293945e-01 -4.990541338920593262e-01 -1.831766366958618164e+00 5.975984482302234557e-01 6.267214521887777279e-01 -3.731338716751942952e-01 3.329675514827163951e-01
3.431769013404846191e-01 -4.990541040897369385e-01 -1.831766366958618164e+00 5.975984237821626577e-01 6.267214279581277969e-01 -3.731338612259985643e-01 3.329676367929303438e-01
3.431768715381622314e-01 -4.990540742874145508e-01 -1.831766486167907715e+00 5.975984043016354663e-01 6.267213985178574642e-01 -3.731338492335710133e-01 3.329677193353587916e-01
3.431768417358398438e-01 -4.990540146827697754e-01 -1.831766486167907715e+00 5.975983783925332693e-01 6.267213758194464246e-01 -3.731338396966317195e-01 3.329678054596438286e-01
3.431768119335174561e-01 -4.990539848804473877e-01 -1.831766486167907715e+00 5.975983580353807501e-01 6.267213722335955861e-01 -3.731338500697502503e-01 3.329678916074039763e-01
3.431767523288726807e-01 -4.990539550781250000e-01 -1.831766605377197266e+00 5.975983325158871207e-01 6.267213241915079447e-01 -3.731338309388886332e-01 3.329679868652766217e-01
3.431767225265502930e-01 -4.990538954734802246e-01 -1.831766605377197266e+00 5.975983078730162656e-01 6.267213001651518178e-01 -3.731338198321052513e-01 3.329680972191478849e-01
3.431766927242279053e-01 -4.990538656711578369e-01 -1.831766605377197266e+00 5.975982885872905825e-01 6.267213203907370245e-01 -3.731338077180420543e-01 3.329681796530683524e-01
3.431766331195831299e-01 -4.990538358688354492e-01 -1.831766724586486816e+00 5.975982623859753540e-01 6.267212979987717425e-01 -3.731338232986349812e-01 3.329682659402045664e-01
3.431766033172607422e-01 -4.990538060665130615e-01 -1.831766724586486816e+00 5.975982431976508691e-01 6.267212682520465483e-01 -3.731338119029760647e-01 3.329683483198670468e-01
3.431765735149383545e-01 -4.990537762641906738e-01 -1.831766724586486816e+00 5.975982171911389251e-01 6.267212456557805789e-01 -3.731338024268541775e-01 3.329684344984771838e-01
3.431765437126159668e-01 -4.990537464618682861e-01 -1.831766724586486816e+00 5.975981981976183910e-01 6.267212157047539201e-01 -3.731337916887816353e-01 3.329685136527253397e-01
3.431764841079711914e-01 -4.990536868572235107e-01 -1.831766843795776367e+00 5.975981724833125952e-01 6.267211928020376410e-01 -3.731337835886506249e-01 3.329685996685382565e-01
3.431764543056488037e-01 -4.990536570549011230e-01 -1.831766843795776367e+00 5.975981525157637586e-01 6.267211638725032063e-01 -3.731337695626422146e-01 3.329686824823906988e-01
3.431764245033264160e-01 -4.990536272525787354e-01 -1.831766843795776367e+00 5.975981281650935006e-01 6.267211644747795463e-01 -3.731337598318489879e-01 3.329687677384292055e-01
3.431763350963592529e-01 -4.990535378456115723e-01 -1.831766963005065918e+00 5.975980700156890979e-01 6.267211257176558137e-01 -3.731337408149778545e-01 3.329689965018519104e-01
3.431762456893920898e-01 -4.990534782409667969e-01 -1.831766963005065918e+00 5.975980372883835656e-01 6.267210852346081218e-01 -3.731337300806896740e-01 3.329691394122678560e-01
3.431762158870697021e-01 -4.990534186363220215e-01 -1.831767082214355469e+00 5.975980047558816510e-01 6.267210445472589653e-01 -3.731337371468643749e-01 3.329692416946344324e-01
3.431760370731353760e-01 -4.990533292293548584e-01 -1.831767201423645020e+00 5.976032116868893462e-01 6.267179277901007151e-01 -3.731322579582633803e-01 3.329674501276295717e-01
3.431760072708129883e-01 -4.990532696247100830e-01 -1.831767201423645020e+00 5.976032500632186828e-01 6.267178626092390070e-01 -3.731322121787893908e-01 3.329675066669141037e-01
3.431759476661682129e-01 -4.990532398223876953e-01 -1.831767201423645020e+00 5.976032899979749624e-01 6.267177957940340827e-01 -3.731321903611403701e-01 3.329675903896105460e-01
3.431759178638458252e-01 -4.990531802177429199e-01 -1.831767320632934570e+00 5.976033318807653094e-01 6.267177269358985559e-01 -3.731321665479642169e-01 3.329676761437650456e-01
3.431758582592010498e-01 -4.990531504154205322e-01 -1.831767320632934570e+00 5.976033739583563875e-01 6.267176828083493856e-01 -3.731321426131614660e-01 3.329677368545020943e-01
3.431758284568786621e-01 -4.990530908107757568e-01 -1.831767320632934570e+00 5.976034155489354793e-01 6.267176142566787123e-01 -3.731321197616576657e-01 3.329678196545879376e-01
3.431757688522338867e-01 -4.990530610084533691e-01 -1.831767439842224121e+00 5.976034558732880031e-01 6.267175470329322540e-01 -3.731320969215499717e-01 3.329678813421617090e-01
3.431757390499114990e-01 -4.990530014038085938e-01 -1.831767439842224121e+00 5.976034956132268983e-01 6.267174804220798645e-01 -3.731320510699080439e-01 3.329679651733510881e-01
3.431756794452667236e-01 -4.990529716014862061e-01 -1.831767439842224121e+00 5.976035355479668576e-01 6.267174385418062821e-01 -3.731320292522889992e-01 3.329680457791339698e-01
3.431756496429443359e-01 -4.990529119968414307e-01 -1.831767559051513672e+00 5.976035735346681976e-01 6.267173737696210001e-01 -3.731320094302045254e-01 3.329681025354395141e-01
3.431756198406219482e-01 -4.990528821945190430e-01 -1.831767559051513672e+00 5.976036116187689595e-01 6.267173088952995297e-01 -3.731319887680940028e-01 3.329681872891848138e-01
3.431755602359771729e-01 -4.990528225898742676e-01 -1.831767559051513672e+00 5.976036573976080124e-01 6.267172359513818458e-01 -3.731319617431143043e-01 3.329682490544814133e-01
3.431755006313323975e-01 -4.990527629852294922e-01 -1.831767678260803223e+00 5.976037135984334503e-01 6.267171770126149788e-01 -3.731319227563574259e-01 3.329683486489191102e-01
3.431754708290100098e-01 -4.990527331829071045e-01 -1.831767678260803223e+00 5.976037536305605080e-01 6.267171100953933260e-01 -3.731319008779483970e-01 3.329684323172419913e-01
3.431754112243652344e-01 -4.990526735782623291e-01 -1.831767678260803223e+00 5.976037917146497236e-01 6.267170452211202614e-01 -3.731318560602217560e-01 3.329684921360967498e-01
3.431753814220428467e-01 -4.990526437759399414e-01 -1.831767797470092773e+00 5.976038312597629076e-01 6.267169788146557119e-01 -3.731318352651157300e-01 3.329685729588938714e-01
3.431753218173980713e-01 -4.990525841712951660e-01 -1.831767797470092773e+00 5.976038692464454849e-01 6.267169389773986632e-01 -3.731318154430650624e-01 3.329686297151482899e-01
3.431752920150756836e-01 -4.990525543689727783e-01 -1.831767797470092773e+00 5.976039075253308797e-01 6.267168738988632137e-01 -3.731317946593575297e-01 3.329687112434336349e-01
3.431752324104309082e-01 -4.990525245666503906e-01 -1.831767916679382324e+00 5.976039473626415521e-01 6.267168071859905432e-01 -3.731317729026035201e-01 3.329687950202515623e-01
3.431752026081085205e-01 -4.990524649620056152e-01 -1.831767916679382324e+00 5.976039872973512024e-01 6.267167403709830165e-01 -3.731317261501961302e-01 3.329688538079478843e-01
3.431751728057861328e-01 -4.990524351596832275e-01 -1.831767916679382324e+00 5.976040252840238987e-01 6.267167005337619390e-01 -3.731317063281638369e-01 3.329689354990158501e-01
3.431751132011413574e-01 -4.990523755550384521e-01 -1.831768035888671875e+00 5.976040656083352332e-01 6.267166333101888975e-01 -3.731316866049879666e-01 3.329689847190548391e-01
3.431750833988189697e-01 -4.990523457527160645e-01 -1.831768035888671875e+00 5.976041011599602104e-01 6.267165710918142230e-01 -3.731316698617815897e-01 3.329690615331380443e-01
3.431750535964965820e-01 -4.990523159503936768e-01 -1.831768035888671875e+00 5.976041371985915118e-01 6.267165083627159738e-01 -3.731316520352869759e-01 3.329691193747381095e-01
3.431749939918518066e-01 -4.990522563457489014e-01 -1.831768035888671875e+00 5.976041771332886166e-01 6.267164415477627371e-01 -3.731316052829103391e-01 3.329692030972354888e-01
3.431749641895294189e-01 -4.990522265434265137e-01 -1.831768155097961426e+00 5.976042130745137237e-01 6.267164038556645167e-01 -3.731315875172402374e-01 3.329692547593835483e-01
3.431749045848846436e-01 -4.990521669387817383e-01 -1.831768155097961426e+00 5.976042533014107594e-01 6.267163367342923896e-01 -3.731315678549020354e-01 3.329693289684934610e-01
3.431748747825622559e-01 -4.990521371364593506e-01 -1.831768155097961426e+00 5.976042950867318515e-01 6.267162679785874824e-01 -3.731315448818790514e-01 3.329694147766951717e-01
3.431747853755950928e-01 -4.990520179271697998e-01 -1.831768274307250977e+00 5.976043870339085018e-01 6.267161466174426820e-01 -3.731314859135792528e-01 3.329695786090227094e-01
3.431747257709503174e-01 -4.990519881248474121e-01 -1.831768393516540527e+00 5.976044291114253060e-01 6.267160775553367591e-01 -3.731314370440891870e-01 3.329696642543839014e-01
3.431746959686279297e-01 -4.990519583225250244e-01 -1.831768393516540527e+00 5.976044649552335608e-01 6.267160150306162469e-01 -3.731314193392617495e-01 3.329697190876134139e-01
3.431746363639831543e-01 -4.990518987178802490e-01 -1.831768393516540527e+00 5.976045009938429908e-01 6.267159523016126998e-01 -3.731314015128067152e-01 3.329697987471190723e-01
3.431746065616607666e-01 -4.990518689155578613e-01 -1.831768393516540527e+00 5.976045410259173130e-01 6.267158853846165334e-01 -3.731313819721335800e-01 3.329698481298875579e-01
3.431745767593383789e-01 -4.990518391132354736e-01 -1.831768512725830078e+00 5.976045751164895670e-01 6.267158496333788964e-01 -3.731313412063905766e-01 3.329699257579193383e-01
3.431745171546936035e-01 -4.990517795085906982e-01 -1.831768512725830078e+00 5.976046107654857664e-01 6.267157873129893808e-01 -3.731313244024225817e-01 3.329699806996641032e-01
3.431744873523712158e-01 -4.990517497062683105e-01 -1.831768512725830078e+00 5.976046467066847834e-01 6.267157246861704278e-01 -3.731313066367985543e-01 3.329700572965572647e-01
3.431744575500488281e-01 -4.990516901016235352e-01 -1.831768631935119629e+00 5.976046848881186868e-01 6.267156597099959869e-01 -3.731312866932101069e-01 3.329701170609810634e-01
3.431743979454040527e-01 -4.990516602993011475e-01 -1.831768631935119629e+00 5.976047268682129765e-01 6.267156156849384985e-01 -3.731312651570369843e-01 3.329701902931372359e-01
3.431743681430816650e-01 -4.990516304969787598e-01 -1.831768631935119629e+00 5.976047627120033567e-01 6.267155531602955909e-01 -3.731312232966426112e-01 3.329702451263178431e-01
3.431743383407592773e-01 -4.990515708923339844e-01 -1.831768751144409180e+00 5.976047948545308852e-01 6.267154945172200842e-01 -3.731312086820483542e-01 3.329703238396996001e-01
3.431742787361145020e-01 -4.990515410900115967e-01 -1.831768751144409180e+00 5.976048348865856674e-01 6.267154525351149585e-01 -3.731311899206227189e-01 3.329703701055686804e-01
3.431742489337921143e-01 -4.990515112876892090e-01 -1.831768751144409180e+00 5.976048686849363412e-01 6.267153921555703722e-01 -3.731311501165799904e-01 3.329704478963510517e-01
3.431742191314697266e-01 -4.990514814853668213e-01 -1.831768751144409180e+00 5.976049025806866588e-01 6.267153566086925975e-01 -3.731311344073192093e-01 3.329705256328560070e-01
3.431741595268249512e-01 -4.990513920783996582e-01 -1.831768870353698730e+00 5.976049647228905970e-01 6.267152415698291623e-01 -3.731310862565704323e-01 3.329706156827833552e-01
3.431740701198577881e-01 -4.990513026714324951e-01 -1.831768989562988281e+00 5.976050424493372093e-01 6.267151101876192731e-01 -3.731310455180578134e-01 3.329707812044827575e-01
3.431740105152130127e-01 -4.990512430667877197e-01 -1.831768989562988281e+00 5.976050989422369009e-01 6.267150509428873750e-01 -3.731310055699005868e-01 3.329708588177685002e-01
3.431739807128906250e-01 -4.990512132644653320e-01 -1.831768989562988281e+00 5.976051344938003718e-01 6.267149887247788209e-01 -3.731309888268021235e-01 3.329709356316416513e-01
3.431739211082458496e-01 -4.990511834621429443e-01 -1.831769108772277832e+00 5.976051687791417155e-01 6.267149278345783836e-01 -3.731309728743056886e-01 3.329709882162207313e-01
3.431738913059234619e-01 -4.990511238574981689e-01 -1.831769108772277832e+00 5.976052086163683441e-01 6.267148611220644261e-01 -3.731309261829134916e-01 3.329710719927568285e-01
3.431738317012786865e-01 -4.990510940551757812e-01 -1.831769108772277832e+00 5.976052564405170964e-01 6.267148109683812196e-01 -3.731308963226190323e-01 3.329711637865571672e-01
3.431738018989562988e-01 -4.990510344505310059e-01 -1.831769227981567383e+00 5.976052943297075482e-01 6.267147462988101880e-01 -3.731308765615471978e-01 3.329712205968318184e-01
3.431737422943115234e-01 -4.990510046482086182e-01 -1.831769227981567383e+00 5.976053305630698587e-01 6.267146833657308846e-01 -3.731308586135504979e-01 3.329713001476247158e-01
3.431737124919891357e-01 -4.990509748458862305e-01 -1.831769227981567383e+00 5.976053704976872494e-01 6.267146165511167100e-01 -3.731308399130027209e-01 3.329713495845247895e-01
3.431736826896667480e-01 -4.990509152412414551e-01 -1.831769227981567383e+00 5.976054063414389939e-01 6.267145789614246842e-01 -3.731307972734911327e-01 3.329714262355335519e-01
3.431736230850219727e-01 -4.990508854389190674e-01 -1.831769347190856934e+00 5.976054384839319944e-01 6.267145203185009450e-01 -3.731307834381689670e-01 3.329714800140044506e-01
3.431735932826995850e-01 -4.990508556365966797e-01 -1.831769347190856934e+00 5.976054765679138514e-01 6.267144803794686414e-01 -3.731307658931227733e-01 3.329715522999461830e-01
3.431735634803771973e-01 -4.990507960319519043e-01 -1.831769347190856934e+00 5.976055105610311724e-01 6.267144197957903451e-01 -3.731307501231060919e-01 3.329716050472800726e-01
3.431735336780548096e-01 -4.990507662296295166e-01 -1.831769466400146484e+00 5.976055425087156703e-01 6.267143613571827254e-01 -3.731307122538570775e-01 3.329716807522049571e-01
3.431734144687652588e-01 -4.990506768226623535e-01 -1.831769466400146484e+00 5.976056341634959912e-01 6.267142403032232023e-01 -3.731306565852204882e-01 3.329718322793714935e-01
3.431733846664428711e-01 -4.990506172180175781e-01 -1.831769585609436035e+00 5.976056803317859600e-01 6.267141420165952548e-01 -3.731306277588473108e-01 3.329719218788049773e-01
3.431733250617980957e-01 -4.990505874156951904e-01 -1.831769585609436035e+00 5.976057144222931550e-01 6.267141062655934292e-01 -3.731306119280359268e-01 3.329719776886827520e-01
3.431732952594757080e-01 -4.990505576133728027e-01 -1.831769585609436035e+00 5.976057480257911392e-01 6.267140460905574750e-01 -3.731305722457458063e-01 3.329720524709810503e-01
3.431732654571533203e-01 -4.990504980087280273e-01 -1.831769704818725586e+00 5.976057901032121311e-01 6.267140019636242565e-01 -3.731305483112583588e-01 3.329721381160263838e-01
3.431732058525085449e-01 -4.990504682064056396e-01 -1.831769704818725586e+00 5.976058301352001889e-01 6.267139350469935755e-01 -3.731305287707383789e-01 3.329721874985797081e-01
3.431748449802398682e-01 -4.990565180778503418e-01 -1.831768274307250977e+00 5.975955501053245023e-01 6.267302017234048783e-01 -3.731288840630132553e-01 3.329618259585314655e-01
3.431748151779174805e-01 -4.990564882755279541e-01 -1.831768274307250977e+00 5.975955567287355441e-01 6.267301698418878964e-01 -3.731289103172316102e-01 3.329618690216598620e-01
3.431747853755950928e-01 -4.990564584732055664e-01 -1.831768393516540527e+00 5.975955574105572543e-01 6.267301192564371792e-01 -3.731289652164750947e-01 3.329619153952586563e-01
3.431747257709503174e-01 -4.990563988685607910e-01 -1.831768393516540527e+00 5.975955653002084089e-01 6.267300361765609784e-01 -3.731289937969716197e-01 3.329619702204721921e-01
3.431746661663055420e-01 -4.990563690662384033e-01 -1.831768512725830078e+00 5.975955737742780771e-01 6.267299774189698525e-01 -3.731290492854336671e-01 3.329620590059549912e-01
3.431746363639831543e-01 -4.990563094615936279e-01 -1.831768512725830078e+00 5.975955762093555501e-01 6.267299000595959457e-01 -3.731291046484201956e-01 3.329621355716829711e-01
3.431746065616607666e-01 -4.990562796592712402e-01 -1.831768512725830078e+00 5.975955820535414631e-01 6.267298440601049014e-01 -3.731291321683954387e-01 3.329621853027650014e-01
3.431745469570159912e-01 -4.990562498569488525e-01 -1.831768631935119629e+00 5.975955853652468175e-01 6.267297907165598758e-01 -3.731291612696107096e-01 3.329622302110696319e-01
3.431745171546936035e-01 -4.990561902523040771e-01 -1.831768631935119629e+00 5.975955923782697576e-01 6.267297334912502738e-01 -3.731292145534238491e-01 3.329622855247073021e-01
3.431744575500488281e-01 -4.990561604499816895e-01 -1.831768631935119629e+00 5.975955967614090536e-01 6.267296540888458445e-01 -3.731292702585183862e-01 3.329623672388283828e-01
3.431744277477264404e-01 -4.990561008453369141e-01 -1.831768751144409180e+00 5.975955990016802444e-01 6.267295769337796196e-01 -3.731293273015854339e-01 3.329624501468904652e-01
3.431743681430816650e-01 -4.990560710430145264e-01 -1.831768751144409180e+00 5.975956073783463829e-01 6.267295182783505503e-01 -3.731293540195411151e-01 3.329624984669448673e-01
3.431743383407592773e-01 -4.990560412406921387e-01 -1.831768870353698730e+00 5.975956067939277583e-01 6.267294690208766728e-01 -3.731293855534330017e-01 3.329625486629495534e-01
3.431743085384368896e-01 -4.990560114383697510e-01 -1.831768870353698730e+00 5.975956100082299161e-01 6.267294157794877085e-01 -3.731294147154626262e-01 3.329625967424194588e-01
3.431742787361145020e-01 -4.990559816360473633e-01 -1.831768870353698730e+00 5.975956150731907002e-01 6.267293605972181769e-01 -3.731294668779363555e-01 3.329626687259480966e-01
3.431742489337921143e-01 -4.990559518337249756e-01 -1.831768870353698730e+00 5.975956246186936438e-01 6.267293256511655697e-01 -3.731294920868609699e-01 3.329627132778577026e-01
3.431741893291473389e-01 -4.990558922290802002e-01 -1.831768989562988281e+00 5.975956276381895194e-01 6.267292726140824000e-01 -3.731295213705232428e-01 3.329627614658656753e-01
3.431741595268249512e-01 -4.990558624267578125e-01 -1.831768989562988281e+00 5.975956328979563636e-01 6.267292172275126250e-01 -3.731295492553943771e-01 3.329628084056596715e-01
3.431741297245025635e-01 -4.990558326244354248e-01 -1.831768989562988281e+00 5.975956363070644706e-01 6.267291637818244165e-01 -3.731296032309787680e-01 3.329628532596869972e-01
3.431740999221801758e-01 -4.990558028221130371e-01 -1.831769108772277832e+00 5.975956413720250326e-01 6.267291085995596589e-01 -3.731296304582581436e-01 3.329629003080198935e-01
3.431740701198577881e-01 -4.990557730197906494e-01 -1.831769108772277832e+00 5.975956404953972623e-01 6.267290596485428633e-01 -3.731296621745994191e-01 3.329629537837314190e-01
3.431740403175354004e-01 -4.990557432174682617e-01 -1.831769108772277832e+00 5.975956438071022836e-01 6.267290063050078297e-01 -3.731296912758090834e-01 3.329630236272180244e-01
3.431740105152130127e-01 -4.990557134151458740e-01 -1.831769227981567383e+00 5.975956507227214720e-01 6.267289491818652802e-01 -3.731297422827541954e-01 3.329630696444152438e-01
3.431739211082458496e-01 -4.990556538105010986e-01 -1.831769227981567383e+00 5.975956556902788375e-01 6.267288691665654499e-01 -3.731298007398362593e-01 3.329631603835978559e-01
3.431738913059234619e-01 -4.990555942058563232e-01 -1.831769347190856934e+00 5.975956642617503700e-01 6.267287853716598800e-01 -3.731298538297881939e-01 3.329632148288951266e-01
3.431738317012786865e-01 -4.990555644035339355e-01 -1.831769347190856934e+00 5.975956712747724220e-01 6.267287032111813483e-01 -3.731298821783974318e-01 3.329632919608050412e-01
3.431737720966339111e-01 -4.990554749965667725e-01 -1.831769466400146484e+00 5.975956803332590495e-01 6.267286189055231160e-01 -3.731299653540232630e-01 3.329633960051259223e-01
3.431736826896667480e-01 -4.990554153919219971e-01 -1.831769466400146484e+00 5.975956844241884225e-01 6.267285148744048406e-01 -3.731300243584543264e-01 3.329635184017196714e-01
3.431735932826995850e-01 -4.990553259849548340e-01 -1.831769585609436035e+00 5.975956988398443137e-01 6.267283750800443087e-01 -3.731301306827746189e-01 3.329636443963579495e-01
3.431735336780548096e-01 -4.990552663803100586e-01 -1.831769704818725586e+00 5.975957058528659216e-01 6.267282679843878546e-01 -3.731301886419148284e-01 3.329637433465480467e-01
3.431734740734100342e-01 -4.990552067756652832e-01 -1.831769704818725586e+00 5.975957144243366770e-01 6.267281592543113566e-01 -3.731302705631677763e-01 3.329638383115124944e-01
3.431733846664428711e-01 -4.990551173686981201e-01 -1.831769824028015137e+00 5.975957223139858332e-01 6.267280263041105082e-01 -3.731303552478119623e-01 3.329639679422489174e-01
3.431733548641204834e-01 -4.990550875663757324e-01 -1.831769824028015137e+00 5.975957278659610461e-01 6.267279955462942143e-01 -3.731303829502205516e-01 3.329640178361126801e-01
3.431732952594757080e-01 -4.990550577640533447e-01 -1.831769943237304688e+00 5.975957307880532809e-01 6.267279426113788743e-01 -3.731304122946907387e-01 3.329640629614780134e-01
3.431732654571533203e-01 -4.990550279617309570e-01 -1.831769943237304688e+00 5.975957340997577472e-01 6.267278892678587177e-01 -3.731304406166675580e-01 3.329641359218465935e-01
3.431732356548309326e-01 -4.990549683570861816e-01 -1.831769943237304688e+00 5.975957372166560422e-01 6.267278361286418020e-01 -3.731304947746895140e-01 3.329641840555684906e-01
3.431732058525085449e-01 -4.990549385547637939e-01 -1.831770062446594238e+00 5.975957418920035957e-01 6.267277813550038434e-01 -3.731305230244503224e-01 3.329642282040657375e-01
3.431731760501861572e-01 -4.990549087524414062e-01 -1.831770062446594238e+00 5.975957449114988052e-01 6.267277532531257966e-01 -3.731305515288774743e-01 3.329642763920569459e-01
3.431731462478637695e-01 -4.990548789501190186e-01 -1.831770062446594238e+00 5.975957544569996394e-01 6.267276933719228005e-01 -3.731305767377806060e-01 3.329643209439323570e-01
3.431731164455413818e-01 -4.990548491477966309e-01 -1.831770181655883789e+00 5.975957532881628342e-01 6.267276447273669726e-01 -3.731306086365686059e-01 3.329643714655486364e-01
3.431730568408966064e-01 -4.990548193454742432e-01 -1.831770181655883789e+00 5.975957623466482405e-01 6.267275604217376062e-01 -3.731306598639663186e-01 3.329644443408576460e-01
3.431730270385742188e-01 -4.990547895431518555e-01 -1.831770181655883789e+00 5.975957655609495101e-01 6.267275071803738440e-01 -3.731306890259821207e-01 3.329644924203053469e-01
3.431729972362518311e-01 -4.990547597408294678e-01 -1.831770181655883789e+00 5.975957686778476941e-01 6.267274540411618133e-01 -3.731307174695902007e-01 3.329645405540229142e-01
3.431729674339294434e-01 -4.990547001361846924e-01 -1.831770300865173340e+00 5.975957738402102315e-01 6.267273987567737459e-01 -3.731307703504471718e-01 3.329645875480612971e-01
3.431729376316070557e-01 -4.990546703338623047e-01 -1.831770300865173340e+00 5.975957771519144757e-01 6.267273454132605837e-01 -3.731307994516446791e-01 3.329646355732369112e-01
3.431728184223175049e-01 -4.990545809268951416e-01 -1.831770420074462891e+00 5.975957932234201575e-01 6.267272038823813451e-01 -3.731309094173861363e-01 3.329648073987028778e-01
3.431727588176727295e-01 -4.990545213222503662e-01 -1.831770539283752441e+00 5.975957980935733271e-01 6.267271239692674412e-01 -3.731309640391399784e-01 3.329648607893444523e-01
3.431727290153503418e-01 -4.990544915199279785e-01 -1.831770539283752441e+00 5.975957985805886441e-01 6.267270985233273084e-01 -3.731309941248094897e-01 3.329649072714621627e-01
3.431726992130279541e-01 -4.990544617176055908e-01 -1.831770539283752441e+00 5.975958051065937138e-01 6.267270418088284334e-01 -3.731310196605880924e-01 3.329649503888106321e-01
3.431726694107055664e-01 -4.990544319152832031e-01 -1.831770539283752441e+00 5.975958052039967994e-01 6.267269918363098657e-01 -3.731310499895260091e-01 3.329649970880095844e-01
3.431726396083831787e-01 -4.990544021129608154e-01 -1.831770658493041992e+00 5.975958113403896377e-01 6.267269604656009463e-01 -3.731310765477969804e-01 3.329650373055406121e-01
3.432242274284362793e-01 -4.990105032920837402e-01 -1.831826329231262207e+00 5.975839117822341340e-01 6.267169732952566630e-01 -3.732058828329218314e-01 3.329213255447902586e-01
3.432242572307586670e-01 -4.990104138851165771e-01 -1.831826448440551758e+00 5.975838387284796438e-01 6.267170249748114097e-01 -3.732059136512359543e-01 3.329213600100169868e-01
3.432242572307586670e-01 -4.990103542804718018e-01 -1.831826448440551758e+00 5.975837763892688503e-01 6.267170654174815114e-01 -3.732059206347745350e-01 3.329213666873209188e-01
3.432242870330810547e-01 -4.990102946758270264e-01 -1.831826567649841309e+00 5.975837139526464226e-01 6.267171059623206641e-01 -3.732059526148387985e-01 3.329214014715447534e-01
3.432242870330810547e-01 -4.990102052688598633e-01 -1.831826567649841309e+00 5.975836529770931493e-01 6.267171449748689671e-01 -3.732059587467445594e-01 3.329214354417956989e-01
3.432243168354034424e-01 -4.990101456642150879e-01 -1.831826686859130859e+00 5.975835968717861935e-01 6.267171788797429866e-01 -3.732059867727536284e-01 3.329214386461222808e-01
3.432243168354034424e-01 -4.990100860595703125e-01 -1.831826686859130859e+00 5.975835328766641030e-01 6.267172210590866710e-01 -3.732059932319800044e-01 3.329214711816623207e-01
3.432243466377258301e-01 -4.990099966526031494e-01 -1.831826806068420410e+00 5.975834700503959152e-01 6.267172620126006954e-01 -3.732059997404695295e-01 3.329214812472895413e-01
3.432243466377258301e-01 -4.990099370479583740e-01 -1.831826806068420410e+00 5.975834067370957570e-01 6.267172536054973486e-01 -3.732060314888253072e-01 3.329215134029891443e-01
3.432253301143646240e-01 -4.990034997463226318e-01 -1.831829667091369629e+00 5.975857874099701483e-01 6.267164275634863335e-01 -3.732183909761057627e-01 3.329050200245988189e-01
3.432253897190093994e-01 -4.990032613277435303e-01 -1.831829786300659180e+00 5.975856235752520229e-01 6.267164996423028045e-01 -3.732184325175158524e-01 3.329050645399315722e-01
3.432254195213317871e-01 -4.990031719207763672e-01 -1.831829905509948730e+00 5.975855390279481982e-01 6.267165384398746264e-01 -3.732184681777895863e-01 3.329051022889879530e-01
3.432254195213317871e-01 -4.990030825138092041e-01 -1.831829905509948730e+00 5.975854689939398279e-01 6.267165869522827171e-01 -3.732184737344545478e-01 3.329051350698861156e-01
3.432254493236541748e-01 -4.990029633045196533e-01 -1.831830024719238281e+00 5.975853996417564984e-01 6.267166347496393453e-01 -3.732185053593849999e-01 3.329051674709582742e-01
3.432254791259765625e-01 -4.990028440952301025e-01 -1.831830143928527832e+00 5.975852981459905955e-01 6.267166913219187618e-01 -3.732185399161762618e-01 3.329051803752798855e-01
3.432135581970214844e-01 -4.989890158176422119e-01 -1.831827163696289062e+00 5.975968333898286078e-01 6.266914531664296018e-01 -3.732386093730143406e-01 3.329095357315923764e-01
3.432135879993438721e-01 -4.989889264106750488e-01 -1.831827282905578613e+00 5.975967645259786520e-01 6.266914505775644795e-01 -3.732386165387632238e-01 3.329095678605180075e-01
3.432135879993438721e-01 -4.989888370037078857e-01 -1.831827402114868164e+00 5.975967008244753575e-01 6.266914924453095281e-01 -3.732386477531035585e-01 3.329096002305005908e-01
3.432135879993438721e-01 -4.989887475967407227e-01 -1.831827402114868164e+00 5.975966349801008493e-01 6.266915365602636623e-01 -3.732386545914430642e-01 3.329096088590934310e-01
3.432136178016662598e-01 -4.989886283874511719e-01 -1.831827521324157715e+00 5.975965623175135688e-01 6.266915878253966898e-01 -3.732386859480209540e-01 3.329096431042422588e-01
3.432136178016662598e-01 -4.989885389804840088e-01 -1.831827521324157715e+00 5.975964872198435973e-01 6.266916416441816740e-01 -3.732386970072165133e-01 3.329096787059377949e-01
3.432136178016662598e-01 -4.989884197711944580e-01 -1.831827640533447266e+00 5.975964206936249523e-01 6.266916864742092530e-01 -3.732387284273552264e-01 3.329096877143848943e-01
3.432136178016662598e-01 -4.989883303642272949e-01 -1.831827759742736816e+00 5.975963547518166052e-01 6.266917306913830643e-01 -3.732387353265607111e-01 3.329097182155356660e-01
3.432136476039886475e-01 -4.989882409572601318e-01 -1.831827759742736816e+00 5.975962884203891434e-01 6.266917503819917634e-01 -3.732387666250505665e-01 3.329097271154746185e-01
3.432136476039886475e-01 -4.989881515502929688e-01 -1.831827878952026367e+00 5.975962247188351117e-01 6.266917922498552729e-01 -3.732387729042972446e-01 3.329097594855282005e-01
3.432136476039886475e-01 -4.989880025386810303e-01 -1.831827878952026367e+00 5.975961430951213238e-01 6.266918529124795301e-01 -3.732388044031662022e-01 3.329097924890048188e-01
3.432136774063110352e-01 -4.989879131317138672e-01 -1.831827998161315918e+00 5.975960777377005151e-01 6.266918715816797159e-01 -3.732388117166182129e-01 3.329098008463539649e-01
3.432136774063110352e-01 -4.989878237247467041e-01 -1.831828117370605469e+00 5.975960078997332170e-01 6.266919198847554773e-01 -3.732388436467522497e-01 3.329098366349106941e-01
3.432136774063110352e-01 -4.989877045154571533e-01 -1.831828117370605469e+00 5.975959265681990429e-01 6.266919553058351022e-01 -3.732388788592780893e-01 3.329098725925391800e-01
3.432137072086334229e-01 -4.989876151084899902e-01 -1.831828236579895020e+00 5.975958595549025754e-01 6.266920006467325832e-01 -3.732388848692735905e-01 3.329098787554608530e-01
3.432137072086334229e-01 -4.989874958992004395e-01 -1.831828236579895020e+00 5.975957903987313413e-01 6.266920482348491417e-01 -3.732389171528246452e-01 3.329099141642233861e-01
3.432137072086334229e-01 -4.989874064922332764e-01 -1.831828355789184570e+00 5.975957235802258349e-01 6.266920933714922315e-01 -3.732389230411656822e-01 3.329099451538237164e-01
3.432137370109558105e-01 -4.989873170852661133e-01 -1.831828355789184570e+00 5.975956553980695807e-01 6.266921399381912838e-01 -3.732389554956148658e-01 3.329099550848054756e-01
3.432137370109558105e-01 -4.989871680736541748e-01 -1.831828474998474121e+00 5.975955628651309359e-01 6.266921871061166271e-01 -3.732389649767722251e-01 3.329099910487785530e-01
3.432137668132781982e-01 -4.989870488643646240e-01 -1.831828594207763672e+00 5.975954754945429492e-01 6.266922537955500472e-01 -3.732389969481161862e-01 3.329100241369070678e-01
3.432137668132781982e-01 -4.989868998527526855e-01 -1.831828713417053223e+00 5.975953752667291230e-01 6.266922840978443876e-01 -3.732390322743327493e-01 3.329100612706834550e-01
3.432137668132781982e-01 -4.989867806434631348e-01 -1.831828832626342773e+00 5.975952895519672792e-01 6.266923490508642391e-01 -3.732390421724406937e-01 3.329100996702016313e-01
3.432137966156005859e-01 -4.989866614341735840e-01 -1.831828832626342773e+00 5.975952208827457479e-01 6.266923711931988716e-01 -3.732390741519073241e-01 3.329101316908510411e-01
3.432137966156005859e-01 -4.989865720272064209e-01 -1.831828951835632324e+00 5.975951544537891902e-01 6.266924159214047885e-01 -3.732390805761969244e-01 3.329101406451845935e-01
3.432137966156005859e-01 -4.989864826202392578e-01 -1.831828951835632324e+00 5.975950883170347838e-01 6.266924603431909269e-01 -3.732391125324266978e-01 3.329101743719528606e-01
3.432138562202453613e-01 -4.989860653877258301e-01 -1.831829309463500977e+00 5.975948169517185660e-01 6.266926451807258713e-01 -3.732391885116588259e-01 3.329102569732071970e-01
3.432138562202453613e-01 -4.989859461784362793e-01 -1.831829428672790527e+00 5.975947192562784949e-01 6.266926977626687822e-01 -3.732391988795267235e-01 3.329102926963193321e-01
3.432138860225677490e-01 -4.989855289459228516e-01 -1.831829667091369629e+00 5.975944413647746867e-01 6.266928395739093105e-01 -3.732392789349028295e-01 3.329104038685545275e-01
3.432139158248901367e-01 -4.989854097366333008e-01 -1.831829786300659180e+00 5.975943566239118043e-01 6.266929035057894337e-01 -3.732393100431325439e-01 3.329104354918269171e-01
3.432139158248901367e-01 -4.989852607250213623e-01 -1.831829786300659180e+00 5.975942630193356031e-01 6.266929517977544162e-01 -3.732393459081523868e-01 3.329104751698511167e-01
3.432139158248901367e-01 -4.989851713180541992e-01 -1.831829905509948730e+00 5.975941967850791903e-01 6.266929963219158850e-01 -3.732393522108786166e-01 3.329104840157727785e-01
3.432139456272125244e-01 -4.989850521087646484e-01 -1.831830024719238281e+00 5.975941261676654959e-01 6.266930454426754560e-01 -3.732393830695417969e-01 3.329105140049261613e-01
3.432139456272125244e-01 -4.989849627017974854e-01 -1.831830024719238281e+00 5.975940450306818086e-01 6.266931055952530416e-01 -3.732393940047111225e-01 3.329105529712860778e-01
3.432139456272125244e-01 -4.989848434925079346e-01 -1.831830143928527832e+00 5.975939752898803414e-01 6.266931288614800977e-01 -3.732394258743349513e-01 3.329105606537552386e-01
3.432139754295349121e-01 -4.989846646785736084e-01 -1.831830263137817383e+00 5.975938427238931538e-01 6.266931930768500081e-01 -3.732394634759577667e-01 3.329106251535524641e-01
3.432139754295349121e-01 -4.989845156669616699e-01 -1.831830382347106934e+00 5.975937583725590141e-01 6.266932566003478033e-01 -3.732394701849146568e-01 3.329106347415267675e-01
3.432140052318572998e-01 -4.989844262599945068e-01 -1.831830382347106934e+00 5.975936893135479488e-01 6.266933040868856164e-01 -3.732395024079635526e-01 3.329106669794657525e-01
3.432140052318572998e-01 -4.989843368530273438e-01 -1.831830501556396484e+00 5.975936156765682128e-01 6.266933563743266600e-01 -3.732395367110581952e-01 3.329107048846413064e-01
3.432140052318572998e-01 -4.989842176437377930e-01 -1.831830501556396484e+00 5.975935469097509722e-01 6.266933786191871691e-01 -3.732395438163487733e-01 3.329107120245411999e-01
3.432143330574035645e-01 -4.989841282367706299e-01 -1.831830978393554688e+00 5.975925734590837868e-01 6.266924295835533121e-01 -3.732412481810939431e-01 3.329123577085427166e-01
3.432143330574035645e-01 -4.989840388298034668e-01 -1.831831097602844238e+00 5.975924919322749274e-01 6.266924652096894643e-01 -3.732412866330283574e-01 3.329123968924216359e-01
3.432143628597259521e-01 -4.989839196205139160e-01 -1.831831216812133789e+00 5.975924139119850320e-01 6.266924971585646764e-01 -3.732413252325756381e-01 3.329124621751073931e-01
3.432143628597259521e-01 -4.989838302135467529e-01 -1.831831216812133789e+00 5.975923329695761455e-01 6.266925072365332472e-01 -3.732413640987581327e-01 3.329125010334478274e-01
3.432143628597259521e-01 -4.989837408065795898e-01 -1.831831336021423340e+00 5.975922547544583185e-01 6.266925393897376795e-01 -3.732414020407814337e-01 3.329125414893693291e-01
3.432143926620483398e-01 -4.989836215972900391e-01 -1.831831455230712891e+00 5.975921566689846864e-01 6.266925674455794404e-01 -3.732414453802894716e-01 3.329125836641258496e-01
3.432144224643707275e-01 -4.989834725856781006e-01 -1.831831574440002441e+00 5.975920505963937535e-01 6.266926288128313871e-01 -3.732415124098766301e-01 3.329126521068632161e-01
3.432144224643707275e-01 -4.989833831787109375e-01 -1.831831574440002441e+00 5.975919724786425968e-01 6.266926608639588059e-01 -3.732415502911243799e-01 3.329126925085815758e-01
3.432144522666931152e-01 -4.989832937717437744e-01 -1.831831693649291992e+00 5.975919045882694958e-01 6.266926821896763311e-01 -3.732415856807546062e-01 3.329127272127360149e-01
3.432144522666931152e-01 -4.989831745624542236e-01 -1.831831812858581543e+00 5.975918257886733143e-01 6.266927149558673138e-01 -3.732416239878853514e-01 3.329127648774047876e-01
3.432144820690155029e-01 -4.989830553531646729e-01 -1.831831812858581543e+00 5.975917235147690798e-01 6.266927474041532609e-01 -3.732416668265364779e-01 3.329128343209181162e-01
3.432145118713378906e-01 -4.989828169345855713e-01 -1.831832051277160645e+00 5.975915310449740891e-01 6.266927996345745822e-01 -3.732417511940772648e-01 3.329129446610195053e-01
3.432145118713378906e-01 -4.989826977252960205e-01 -1.831832170486450195e+00 5.975914458166796672e-01 6.266928391425632405e-01 -3.732418137764545452e-01 3.329129859071122133e-01
3.432145416736602783e-01 -4.989826083183288574e-01 -1.831832170486450195e+00 5.975913618546223605e-01 6.266928523872936641e-01 -3.732418529703086518e-01 3.329130233308856823e-01
3.432145416736602783e-01 -4.989824891090393066e-01 -1.831832289695739746e+00 5.975912779899570371e-01 6.266928904652656618e-01 -3.732418913241146163e-01 3.329130638173349865e-01
3.432146012783050537e-01 -4.989822208881378174e-01 -1.831832528114318848e+00 5.975910639937715985e-01 6.266929902058502311e-01 -3.732419797859232169e-01 3.329132048513076536e-01
3.432146310806274414e-01 -4.989820420742034912e-01 -1.831832647323608398e+00 5.975909333752157382e-01 6.266930274438458071e-01 -3.732420496788997344e-01 3.329132745009535377e-01
3.432146310806274414e-01 -4.989819228649139404e-01 -1.831832766532897949e+00 5.975908370427949201e-01 6.266930785967955719e-01 -3.732420927029226898e-01 3.329133188162350931e-01
3.432146608829498291e-01 -4.989818334579467773e-01 -1.831832885742187500e+00 5.975907426584362581e-01 6.266930778360400023e-01 -3.732421586664062541e-01 3.329133620462800258e-01
3.432146608829498291e-01 -4.989817142486572266e-01 -1.831832885742187500e+00 5.975906527546421820e-01 6.266931222473154373e-01 -3.732421976752792192e-01 3.329134245987225293e-01
3.432146906852722168e-01 -4.989815950393676758e-01 -1.831833004951477051e+00 5.975905560325603938e-01 6.266931488735391076e-01 -3.732422393842573793e-01 3.329134691311264604e-01
3.432146906852722168e-01 -4.989814758300781250e-01 -1.831833124160766602e+00 5.975904599922905458e-01 6.266931997201620197e-01 -3.732422822258668060e-01 3.329135382191188430e-01
3.432147800922393799e-01 -4.989809691905975342e-01 -1.831833481788635254e+00 5.975900649218091054e-01 6.266933646766731369e-01 -3.732424970301329581e-01 3.329137302579632252e-01
3.432148098945617676e-01 -4.989807307720184326e-01 -1.831833720207214355e+00 5.975898844321754222e-01 6.266934043438249224e-01 -3.732425778117693937e-01 3.329138370415102299e-01
3.432148098945617676e-01 -4.989806115627288818e-01 -1.831833720207214355e+00 5.975897872229490870e-01 6.266934314809978757e-01 -3.732426190458911219e-01 3.329139067808584707e-01
3.432148396968841553e-01 -4.989804923534393311e-01 -1.831833839416503906e+00 5.975897010203654602e-01 6.266934720109308410e-01 -3.732426588601229778e-01 3.329139454530501419e-01
3.432148396968841553e-01 -4.989804029464721680e-01 -1.831833958625793457e+00 5.975896228049030201e-01 6.266935041647645477e-01 -3.732426968026981151e-01 3.329139859095308629e-01
3.432148694992065430e-01 -4.989801943302154541e-01 -1.831834077835083008e+00 5.975894608219142201e-01 6.266935742949204524e-01 -3.732427995325723336e-01 3.329140636816886323e-01
3.432148993015289307e-01 -4.989800155162811279e-01 -1.831834197044372559e+00 5.975893084818894030e-01 6.266936343125101283e-01 -3.732428518234117143e-01 3.329141672511580774e-01
3.432149291038513184e-01 -4.989799261093139648e-01 -1.831834316253662109e+00 5.975892373768773025e-01 6.266936590096350290e-01 -3.732428868834508084e-01 3.329142037464953296e-01
3.432149291038513184e-01 -4.989798069000244141e-01 -1.831834435462951660e+00 5.975891585769294023e-01 6.266936668410089117e-01 -3.732429251911438262e-01 3.329142414117228221e-01
3.432150483131408691e-01 -4.989791214466094971e-01 -1.831834912300109863e+00 5.975886143797247696e-01 6.266938884461094039e-01 -3.732432175535044805e-01 3.329145414648866375e-01
3.432150781154632568e-01 -4.989787340164184570e-01 -1.831835269927978516e+00 5.975883102836305749e-01 6.266939829337558887e-01 -3.732433700833670542e-01 3.329147202266619088e-01
3.432151079177856445e-01 -4.989785850048065186e-01 -1.831835389137268066e+00 5.975881731383843043e-01 6.266940270167163929e-01 -3.732434183386930671e-01 3.329147935129618818e-01
3.432151377201080322e-01 -4.989783465862274170e-01 -1.831835508346557617e+00 5.975880077458508577e-01 6.266941007227939675e-01 -3.732435208608529398e-01 3.329148731849765896e-01
3.432151675224304199e-01 -4.989781975746154785e-01 -1.831835627555847168e+00 5.975878838475272570e-01 6.266941558491875286e-01 -3.732435662970716161e-01 3.329149453253947288e-01
3.432151973247528076e-01 -4.989780783653259277e-01 -1.831835746765136719e+00 5.975877810859264727e-01 6.266941888093846558e-01 -3.732436086617100801e-01 3.329149869889758140e-01
3.432152271270751953e-01 -4.989778101444244385e-01 -1.831835985183715820e+00 5.975875691339813667e-01 6.266942365361538592e-01 -3.732437207833786963e-01 3.329151268856192503e-01
3.432152271270751953e-01 -4.989776909351348877e-01 -1.831836104393005371e+00 5.975874792297097837e-01 6.266942809483401211e-01 -3.732437597929920692e-01 3.329151676203357391e-01
3.432152867317199707e-01 -4.989774227142333984e-01 -1.831836223602294922e+00 5.975872586086612426e-01 6.266943627020614693e-01 -3.732438726539466511e-01 3.329152811772380094e-01
3.432149291038513184e-01 -4.989773035049438477e-01 -1.831836819648742676e+00 5.975970453384878978e-01 6.266907321962699173e-01 -3.732383164772421491e-01 3.329108233772367642e-01
3.432149291038513184e-01 -4.989772140979766846e-01 -1.831836819648742676e+00 5.975970830333933170e-01 6.266907176013415404e-01 -3.732382742329697911e-01 3.329108273131983764e-01
3.432149589061737061e-01 -4.989770948886871338e-01 -1.831836938858032227e+00 5.975971233581731656e-01 6.266907002485069267e-01 -3.732382560605267963e-01 3.329108048489741178e-01
3.432149589061737061e-01 -4.989769458770751953e-01 -1.831837058067321777e+00 5.975971688453007857e-01 6.266906774820023562e-01 -3.732382120664061720e-01 3.329108106778089771e-01
3.432149589061737061e-01 -4.989768266677856445e-01 -1.831837177276611328e+00 5.975972146246334438e-01 6.266906544090704578e-01 -3.732381920456935287e-01 3.329107914087358067e-01
3.432149887084960938e-01 -4.989767074584960938e-01 -1.831837296485900879e+00 5.975972549494042996e-01 6.266906370562534967e-01 -3.732381489381424999e-01 3.329107689445239271e-01
3.432149887084960938e-01 -4.989765882492065430e-01 -1.831837415695190430e+00 5.975972952741726019e-01 6.266906197034414205e-01 -3.732381315449429526e-01 3.329107745323282019e-01
3.432150185108184814e-01 -4.989764988422393799e-01 -1.831837415695190430e+00 5.975973331638677610e-01 6.266906049042533233e-01 -3.732380891790411659e-01 3.329107503077674002e-01
3.432150185108184814e-01 -4.989763796329498291e-01 -1.831837534904479980e+00 5.975973710535605887e-01 6.266905901050695560e-01 -3.732380725274870303e-01 3.329107541352192001e-01
3.432150185108184814e-01 -4.989762306213378906e-01 -1.831837654113769531e+00 5.975974216056149091e-01 6.266905620270776245e-01 -3.732380261492485030e-01 3.329107353242493628e-01
3.432150483131408691e-01 -4.989760518074035645e-01 -1.831837773323059082e+00 5.975974814109298316e-01 6.266905741155776033e-01 -3.732379997060987775e-01 3.329107175922375039e-01
3.432151377201080322e-01 -4.989752173423767090e-01 -1.831838488578796387e+00 5.975977744958477222e-01 6.266904413081434422e-01 -3.732377714609663721e-01 3.329106447097689436e-01
3.432151675224304199e-01 -4.989749193191528320e-01 -1.831838726997375488e+00 5.975978744310510571e-01 6.266903863780379780e-01 -3.732377020320979955e-01 3.329106295572618612e-01
3.432151973247528076e-01 -4.989746510982513428e-01 -1.831838965415954590e+00 5.975979699831157621e-01 6.266903609795635433e-01 -3.732376361200210879e-01 3.329105919114307421e-01
3.432152271270751953e-01 -4.989743828773498535e-01 -1.831839203834533691e+00 5.975980562819093178e-01 6.266903452848362477e-01 -3.732375736495504026e-01 3.329105781217510107e-01
3.432152271270751953e-01 -4.989742636680603027e-01 -1.831839323043823242e+00 5.975981058598787143e-01 6.266903182284024876e-01 -3.732375255421199189e-01 3.329105785547776253e-01
3.432152271270751953e-01 -4.989741444587707520e-01 -1.831839442253112793e+00 5.975981485222539025e-01 6.266902984242308516e-01 -3.732375066890051829e-01 3.329105579052644148e-01
3.432152569293975830e-01 -4.989740550518035889e-01 -1.831839442253112793e+00 5.975981798859159033e-01 6.266902904688158582e-01 -3.732374941134256607e-01 3.329105373162803971e-01
3.432152569293975830e-01 -4.989739358425140381e-01 -1.831839561462402344e+00 5.975982157300989694e-01 6.266902778147614983e-01 -3.732374530251771905e-01 3.329105422832546735e-01
3.432152867317199707e-01 -4.989738166332244873e-01 -1.831839680671691895e+00 5.975982615093513584e-01 6.266902547419849201e-01 -3.732374330046079325e-01 3.329105230142805349e-01
3.432152867317199707e-01 -4.989736974239349365e-01 -1.831839799880981445e+00 5.975983015418437905e-01 6.266902376957321774e-01 -3.732373908589509126e-01 3.329105256480283104e-01
3.432153165340423584e-01 -4.989733695983886719e-01 -1.831840038299560547e+00 5.975984117042358879e-01 6.266901969757241453e-01 -3.732373173803561484e-01 3.329104892137637051e-01
3.432153165340423584e-01 -4.989732205867767334e-01 -1.831840157508850098e+00 5.975984637172415681e-01 6.266901673657424565e-01 -3.732372693105865946e-01 3.329104914071701615e-01
3.432153463363647461e-01 -4.989731311798095703e-01 -1.831840276718139648e+00 5.975984929380292465e-01 6.266901865926016724e-01 -3.732372572941628497e-01 3.329104720119540062e-01
3.432153463363647461e-01 -4.989730417728424072e-01 -1.831840276718139648e+00 5.975985299510250259e-01 6.266901477777785390e-01 -3.732372154759543981e-01 3.329104732109230969e-01
3.432153463363647461e-01 -4.989729523658752441e-01 -1.831840395927429199e+00 5.975985616068747452e-01 6.266901395159648613e-01 -3.732372019386880346e-01 3.329104524591846026e-01
3.432153761386871338e-01 -4.989727139472961426e-01 -1.831840634346008301e+00 5.975986380679203513e-01 6.266901092028754894e-01 -3.732371432749587159e-01 3.329104347993048219e-01
3.432154059410095215e-01 -4.989725947380065918e-01 -1.831840634346008301e+00 5.975986811198679138e-01 6.266900889901995120e-01 -3.732371241785761296e-01 3.329104139327972445e-01
3.432154059410095215e-01 -4.989723563194274902e-01 -1.831840872764587402e+00 5.975987666393381970e-01 6.266900491777309679e-01 -3.732370621949888112e-01 3.329103974604226135e-01
3.432154357433319092e-01 -4.989722073078155518e-01 -1.831840991973876953e+00 5.975988128081586304e-01 6.266900256964608174e-01 -3.732370177753212004e-01 3.329104029095149575e-01
3.432154357433319092e-01 -4.989721179008483887e-01 -1.831841111183166504e+00 5.975988506003551137e-01 6.266900109995928725e-01 -3.732370004055481361e-01 3.329103818562359485e-01
3.432154655456542969e-01 -4.989719986915588379e-01 -1.831841230392456055e+00 5.975988883925491546e-01 6.266899963027293685e-01 -3.732369588799441806e-01 3.329103857380159570e-01
3.432154655456542969e-01 -4.989719092845916748e-01 -1.831841230392456055e+00 5.975989262821433945e-01 6.266899815037261234e-01 -3.732369414493462156e-01 3.329103615136006500e-01
3.432154655456542969e-01 -4.989717900753021240e-01 -1.831841349601745605e+00 5.975989575483620087e-01 6.266899736505250340e-01 -3.732369039996198956e-01 3.329103690308712338e-01
3.432154953479766846e-01 -4.989717006683349609e-01 -1.831841468811035156e+00 5.975989930028882124e-01 6.266899863401821369e-01 -3.732368873106550744e-01 3.329103430461057278e-01
3.432154953479766846e-01 -4.989716112613677979e-01 -1.831841468811035156e+00 5.975990222236500227e-01 6.266899556969612872e-01 -3.732368752942768486e-01 3.329103485859778999e-01
3.432154953479766846e-01 -4.989714920520782471e-01 -1.831841588020324707e+00 5.975990600158332944e-01 6.266899410001167681e-01 -3.732368337686994830e-01 3.329103275327170430e-01
3.432155251502990723e-01 -4.989714026451110840e-01 -1.831841707229614258e+00 5.975990979054165431e-01 6.266899262011327298e-01 -3.732368163381212800e-01 3.329103313602456149e-01
3.432155251502990723e-01 -4.989712834358215332e-01 -1.831841826438903809e+00 5.975991383274630309e-01 6.266899087464085083e-01 -3.732367739492645775e-01 3.329103088419452794e-01
3.432155251502990723e-01 -4.989711940288543701e-01 -1.831841826438903809e+00 5.975991699832805537e-01 6.266899004846497867e-01 -3.732367604120555016e-01 3.329103161421783086e-01
3.432155549526214600e-01 -4.989710450172424316e-01 -1.831841945648193359e+00 5.975992196585601102e-01 6.266898733262561416e-01 -3.732367130232261410e-01 3.329102915859750711e-01
3.432155549526214600e-01 -4.989709258079528809e-01 -1.831842064857482910e+00 5.975992654377356716e-01 6.266898502536298876e-01 -3.732366937820151276e-01 3.329102723170953571e-01
3.432155847549438477e-01 -4.989707767963409424e-01 -1.831842184066772461e+00 5.975993106324927195e-01 6.266898527289118670e-01 -3.732366491915541373e-01 3.329102783088235262e-01
3.432155847549438477e-01 -4.989706873893737793e-01 -1.831842303276062012e+00 5.975993487168651530e-01 6.266898127906325167e-01 -3.732366316393374572e-01 3.329102570928046956e-01
3.432155847549438477e-01 -4.989705383777618408e-01 -1.831842422485351562e+00 5.975993963466778025e-01 6.266898127123259332e-01 -3.732365863072693024e-01 3.329102367929801520e-01
3.432162106037139893e-01 -4.989702403545379639e-01 -1.831841826438903809e+00 5.975957111126320997e-01 6.266876929179079347e-01 -3.732432305894408109e-01 3.329134180903814966e-01
3.432162106037139893e-01 -4.989701211452484131e-01 -1.831841945648193359e+00 5.975957024437581477e-01 6.266876521384215915e-01 -3.732432788611556029e-01 3.329134447379969997e-01
3.432162404060363770e-01 -4.989700317382812500e-01 -1.831842064857482910e+00 5.975956982554258001e-01 6.266876066602725670e-01 -3.732433251136622610e-01 3.329134688895567518e-01
3.432162404060363770e-01 -4.989699423313140869e-01 -1.831842064857482910e+00 5.975956876384901362e-01 6.266875928588691025e-01 -3.732433738228655984e-01 3.329134966224157055e-01
3.432162702083587646e-01 -4.989698529243469238e-01 -1.831842184066772461e+00 5.975956853982192785e-01 6.266875453378224492e-01 -3.732434188586632451e-01 3.329135196887342829e-01
3.432163000106811523e-01 -4.989697337150573730e-01 -1.831842184066772461e+00 5.975956750734926493e-01 6.266875062947943054e-01 -3.732434681645874219e-01 3.329135472588085065e-01
3.432163000106811523e-01 -4.989696443080902100e-01 -1.831842303276062012e+00 5.975956649435719692e-01 6.266874670474753550e-01 -3.732435181280670533e-01 3.329135747203595397e-01
3.432163298130035400e-01 -4.989695250988006592e-01 -1.831842422485351562e+00 5.975956626058979149e-01 6.266874196285713294e-01 -3.732435632247025348e-01 3.329135978409414887e-01
3.432163298130035400e-01 -4.989694356918334961e-01 -1.831842422485351562e+00 5.975956532552016975e-01 6.266874044992820636e-01 -3.732436384159150689e-01 3.329136248683970400e-01
3.432163596153259277e-01 -4.989693164825439453e-01 -1.831842541694641113e+00 5.975956456577609099e-01 6.266873625961957295e-01 -3.732436883561234819e-01 3.329136509191350513e-01
3.432163894176483154e-01 -4.989692270755767822e-01 -1.831842660903930664e+00 5.975956375733045833e-01 6.266873212038324148e-01 -3.732437370420618739e-01 3.329136772411844802e-01
3.432164192199707031e-01 -4.989690780639648438e-01 -1.831842660903930664e+00 5.975956281252049473e-01 6.266872563063038415e-01 -3.732437951511721752e-01 3.329137261411969639e-01
3.432164192199707031e-01 -4.989689290523529053e-01 -1.831842780113220215e+00 5.975956160472216672e-01 6.266872191018739713e-01 -3.732438751626895868e-01 3.329137546879968879e-01
3.432164490222930908e-01 -4.989688396453857422e-01 -1.831842899322509766e+00 5.975956083523772389e-01 6.266871773009280444e-01 -3.732439251637401090e-01 3.329137807930006021e-01
3.432164788246154785e-01 -4.989687204360961914e-01 -1.831842899322509766e+00 5.975955997809050402e-01 6.266871364192838634e-01 -3.732439757123127699e-01 3.329138073863645575e-01
3.432165086269378662e-01 -4.989686012268066406e-01 -1.831843018531799316e+00 5.975955924756728432e-01 6.266870942097567676e-01 -3.732440262492481842e-01 3.329138582095136356e-01
3.432165086269378662e-01 -4.989684820175170898e-01 -1.831843137741088867e+00 5.975955858522622455e-01 6.266870512852154018e-01 -3.732440763603351863e-01 3.329138837176358057e-01
3.432165384292602539e-01 -4.989683628082275391e-01 -1.831843256950378418e+00 5.975955737742780771e-01 6.266870140807796474e-01 -3.732441563718644773e-01 3.329139091475422640e-01
3.432165682315826416e-01 -4.989682435989379883e-01 -1.831843256950378418e+00 5.975955647157897843e-01 6.266869737098551552e-01 -3.732442072246222042e-01 3.329139360122208569e-01
3.432165682315826416e-01 -4.989681541919708252e-01 -1.831843376159667969e+00 5.975955572157509721e-01 6.266869317046136478e-01 -3.732442571040102686e-01 3.329139620087050999e-01
3.432165980339050293e-01 -4.989680349826812744e-01 -1.831843376159667969e+00 5.975955495209058776e-01 6.266868899036605045e-01 -3.732443071050711159e-01 3.329139881137144763e-01
3.432166278362274170e-01 -4.989679157733917236e-01 -1.831843495368957520e+00 5.975955402676110806e-01 6.266868497370223778e-01 -3.732443573002799941e-01 3.329140150869199788e-01
3.432166278362274170e-01 -4.989678263664245605e-01 -1.831843614578247070e+00 5.975955330597813031e-01 6.266868074253435505e-01 -3.732444077763897861e-01 3.329140658558148447e-01
