repeatability steamvr; 20211015-225217; x y z w i j k;  frequency = 150 duration = 2 sys.args = ['.\\repeatability.py']
7.475150376558303833e-02 -3.551113605499267578e-01 -1.705446481704711914e+00 4.799373564659705771e-01 3.888233437081794475e-01 -4.925203150881959369e-01 6.131069645499448439e-01
7.475156337022781372e-02 -3.551112413406372070e-01 -1.705446600914001465e+00 4.799372730240928919e-01 3.888236752182099853e-01 -4.925203934408522999e-01 6.131067839493756777e-01
7.475157827138900757e-02 -3.551112115383148193e-01 -1.705446600914001465e+00 4.799372477974758744e-01 3.888237422279031685e-01 -4.925204144775960358e-01 6.131067540794032933e-01
7.475160062313079834e-02 -3.551111817359924316e-01 -1.705446600914001465e+00 4.799372167493299868e-01 3.888238605261677416e-01 -4.925204271772472553e-01 6.131066773120152913e-01
7.475161552429199219e-02 -3.551111519336700439e-01 -1.705446600914001465e+00 4.799371992847470958e-01 3.888239522955692640e-01 -4.925204424315249296e-01 6.131066452882844020e-01
7.475163042545318604e-02 -3.551111221313476562e-01 -1.705446720123291016e+00 4.799371779391448656e-01 3.888240006369849122e-01 -4.925204672475422263e-01 6.131066026983724715e-01
7.475164532661437988e-02 -3.551110923290252686e-01 -1.705446720123291016e+00 4.799371604745604758e-01 3.888240924064001458e-01 -4.925204817741330454e-01 6.131065396264877565e-01
7.475166022777557373e-02 -3.551110625267028809e-01 -1.705446720123291016e+00 4.799371381587018148e-01 3.888241492959234047e-01 -4.925205061304673837e-01 6.131064982760436877e-01
7.475166767835617065e-02 -3.551110327243804932e-01 -1.705446720123291016e+00 4.799371255453899199e-01 3.888241905628319062e-01 -4.925204933627337911e-01 6.131064833410504455e-01
7.475168257951736450e-02 -3.551110327243804932e-01 -1.705446720123291016e+00 4.799371119618228709e-01 3.888242636639548944e-01 -4.925205126388472743e-01 6.131064385973771236e-01
7.475169748067855835e-02 -3.551110029220581055e-01 -1.705446839332580566e+00 4.799370906162167549e-01 3.888243197674351448e-01 -4.925205379400036110e-01 6.131063960074533137e-01
7.475170493125915527e-02 -3.551109731197357178e-01 -1.705446839332580566e+00 4.799370731516292565e-01 3.888244037748421200e-01 -4.925205597435144411e-01 6.131063562216705343e-01
7.475171983242034912e-02 -3.551109433174133301e-01 -1.705446839332580566e+00 4.799370556870410920e-01 3.888244567340984892e-01 -4.925205439496496140e-01 6.131063241979252121e-01
7.475173473358154297e-02 -3.551109433174133301e-01 -1.705446839332580566e+00 4.799370382224523168e-01 3.888245329794780547e-01 -4.925205676936734722e-01 6.131062844121386579e-01
7.475174218416213989e-02 -3.551109135150909424e-01 -1.705446839332580566e+00 4.799370246388828254e-01 3.888245750324667016e-01 -4.925205876974863006e-01 6.131062474304944665e-01
7.475175708532333374e-02 -3.551108837127685547e-01 -1.705446958541870117e+00 4.799370071742928845e-01 3.888246590398965474e-01 -4.925205789379715204e-01 6.131061998826639048e-01
7.475177198648452759e-02 -3.551108539104461670e-01 -1.705446958541870117e+00 4.799369897097023330e-01 3.888247042371310025e-01 -4.925206021968733250e-01 6.131061911450326196e-01
7.475177943706512451e-02 -3.551108539104461670e-01 -1.705446958541870117e+00 4.799369732153662138e-01 3.888247486483094595e-01 -4.925206247026467365e-01 6.131061501197649921e-01
7.475179433822631836e-02 -3.551108241081237793e-01 -1.705446958541870117e+00 4.799369557507743855e-01 3.888248326557561252e-01 -4.925206465061705008e-01 6.131061103339692231e-01
7.475180178880691528e-02 -3.551107943058013916e-01 -1.705446958541870117e+00 4.799369421672025626e-01 3.888248747087623691e-01 -4.925206347341353763e-01 6.131060655902755840e-01
7.475181668996810913e-02 -3.551107943058013916e-01 -1.705447077751159668e+00 4.799369247026096796e-01 3.888249509541784610e-01 -4.925206567802258295e-01 6.131060490905997362e-01
7.475185394287109375e-02 -3.551107048988342285e-01 -1.705447077751159668e+00 4.799368761898482050e-01 3.888251222119235018e-01 -4.925206910408908567e-01 6.131059247752936869e-01
7.475186884403228760e-02 -3.551106750965118408e-01 -1.705447077751159668e+00 4.799368548442315974e-01 3.888252171256908474e-01 -4.925207066395251299e-01 6.131058899473820212e-01
7.475188374519348145e-02 -3.551106452941894531e-01 -1.705447196960449219e+00 4.799368373796354947e-01 3.888252700850073351e-01 -4.925207250471679288e-01 6.131058346374866908e-01
7.475189864635467529e-02 -3.551106452941894531e-01 -1.705447196960449219e+00 4.799368160340171663e-01 3.888253261885742940e-01 -4.925207488929776445e-01 6.131057920475272427e-01
7.475190609693527222e-02 -3.551106154918670654e-01 -1.705447196960449219e+00 4.799367975991642443e-01 3.888254109821358551e-01 -4.925207685388842682e-01 6.131057767873170361e-01
7.475192099809646606e-02 -3.551105856895446777e-01 -1.705447196960449219e+00 4.799367801345660323e-01 3.888254639414674418e-01 -4.925207566260501602e-01 6.131057292394574976e-01
7.475193589925765991e-02 -3.551105558872222900e-01 -1.705447196960449219e+00 4.799367626699672096e-01 3.888255479489795552e-01 -4.925207764890836559e-01 6.131056739295511759e-01
7.475195080041885376e-02 -3.551105260848999023e-01 -1.705447316169738770e+00 4.799367413243456060e-01 3.888256040525703283e-01 -4.925207991220832970e-01 6.131056623877597644e-01
7.475196570158004761e-02 -3.551105260848999023e-01 -1.705447316169738770e+00 4.799367238597453400e-01 3.888256880600955423e-01 -4.925208182574297711e-01 6.131056148398930095e-01
7.475197315216064453e-02 -3.551104962825775146e-01 -1.705447316169738770e+00 4.799367063951444634e-01 3.888257410194474462e-01 -4.925208068297261543e-01 6.131055595299786942e-01
7.475198805332183838e-02 -3.551104664802551270e-01 -1.705447316169738770e+00 4.799366850495203618e-01 3.888258281712366760e-01 -4.925208306755519683e-01 6.131055169400027038e-01
7.475200295448303223e-02 -3.551104366779327393e-01 -1.705447435379028320e+00 4.799366714659408228e-01 3.888258779863466019e-01 -4.925208436450435046e-01 6.131054877203679920e-01
7.475201785564422607e-02 -3.551104068756103516e-01 -1.705447435379028320e+00 4.799366491500594023e-01 3.888259659242128685e-01 -4.925208675163149086e-01 6.131054463698618617e-01
7.475203275680541992e-02 -3.551103770732879639e-01 -1.705447435379028320e+00 4.799366316854558057e-01 3.888260188835853670e-01 -4.925208881070546330e-01 6.131053988219824502e-01
7.475205510854721069e-02 -3.551103472709655762e-01 -1.705447435379028320e+00 4.799366016075259367e-01 3.888261363961174610e-01 -4.925209015090447062e-01 6.131053518631716104e-01
7.475207000970840454e-02 -3.551103174686431885e-01 -1.705447554588317871e+00 4.799365802618971166e-01 3.888262235479471030e-01 -4.925209200184774150e-01 6.131052937490890642e-01
7.475208491086959839e-02 -3.551102876663208008e-01 -1.705447554588317871e+00 4.799365618270351463e-01 3.888262772934028555e-01 -4.925209389367176671e-01 6.131052396786272896e-01
7.475209236145019531e-02 -3.551102578639984131e-01 -1.705447554588317871e+00 4.799365443624283301e-01 3.888263613009892983e-01 -4.925209595274669949e-01 6.131052231789262397e-01
7.475210726261138916e-02 -3.551102578639984131e-01 -1.705447554588317871e+00 4.799365268978209587e-01 3.888264142603908291e-01 -4.925209495551549077e-01 6.131051833930809547e-01
7.475212216377258301e-02 -3.551102280616760254e-01 -1.705447554588317871e+00 4.799365055521888079e-01 3.888264936502008329e-01 -4.925209748563882384e-01 6.131051408030826488e-01
7.475212961435317993e-02 -3.551101982593536377e-01 -1.705447673797607422e+00 4.799364919686042730e-01 3.888265434653522812e-01 -4.925209914643540188e-01 6.131050882972873817e-01
7.475214451551437378e-02 -3.551101684570312500e-01 -1.705447673797607422e+00 4.799364706229705679e-01 3.888265995690287635e-01 -4.925210160379006052e-01 6.131050767554788727e-01
7.475215941667556763e-02 -3.551101684570312500e-01 -1.705447673797607422e+00 4.799364570393849783e-01 3.888266726703347165e-01 -4.925210008699817399e-01 6.131050242496792757e-01
7.475217431783676147e-02 -3.551101386547088623e-01 -1.705447673797607422e+00 4.799364356937497744e-01 3.888267675842689286e-01 -4.925210176814827090e-01 6.131049661355728597e-01
7.475218921899795532e-02 -3.551101088523864746e-01 -1.705447673797607422e+00 4.799364143481135714e-01 3.888268236879639517e-01 -4.925210410422156682e-01 6.131049468317111284e-01
7.475220412015914917e-02 -3.551100790500640869e-01 -1.705447793006896973e+00 4.799363968835014260e-01 3.888268766474005100e-01 -4.925210616329804836e-01 6.131048992838010747e-01
7.475221157073974609e-02 -3.551100492477416992e-01 -1.705447793006896973e+00 4.799363794188886700e-01 3.888269606550424640e-01 -4.925210822237474639e-01 6.131048594979386923e-01
7.475222647190093994e-02 -3.551100194454193115e-01 -1.705447793006896973e+00 4.799363658353005269e-01 3.888270027081726643e-01 -4.925210687537787679e-01 6.131048069921263277e-01
7.475224137306213379e-02 -3.551100194454193115e-01 -1.705447793006896973e+00 4.799363444896612152e-01 3.888270898600921233e-01 -4.925210928422128487e-01 6.131047954503093811e-01
7.475225627422332764e-02 -3.551099896430969238e-01 -1.705447793006896973e+00 4.799363270250465718e-01 3.888271428195481105e-01 -4.925211134329851581e-01 6.131047479023902236e-01
7.475202530622482300e-02 -3.551090955734252930e-01 -1.705447793006896973e+00 4.799405408300428388e-01 3.888185827816361684e-01 -4.925246857773229459e-01 6.131040298876545558e-01
7.475204020738601685e-02 -3.551090359687805176e-01 -1.705447912216186523e+00 4.799405951639204582e-01 3.888185077157157998e-01 -4.925247643981203183e-01 6.131039449544349873e-01
7.475205510854721069e-02 -3.551089465618133545e-01 -1.705447912216186523e+00 4.799406543490301602e-01 3.888184287196422839e-01 -4.925248722416963876e-01 6.131038538239912405e-01
7.475207746028900146e-02 -3.551088571548461914e-01 -1.705448031425476074e+00 4.799407222663601424e-01 3.888183736972024018e-01 -4.925249851926516986e-01 6.131037515385315828e-01
7.475209236145019531e-02 -3.551087677478790283e-01 -1.705448031425476074e+00 4.799407814514541903e-01 3.888182947011790125e-01 -4.925251153518778180e-01 6.131036681701348412e-01
7.475211471319198608e-02 -3.551086783409118652e-01 -1.705448150634765625e+00 4.799408600414857839e-01 3.888182232704357477e-01 -4.925252457299531539e-01 6.131035444888388586e-01
7.475214451551437378e-02 -3.551085591316223145e-01 -1.705448150634765625e+00 4.799409512447161963e-01 3.888181028114091609e-01 -4.925253973652672923e-01 6.131034124567539267e-01
7.475215941667556763e-02 -3.551084995269775391e-01 -1.705448269844055176e+00 4.799409978165718460e-01 3.888180728437874434e-01 -4.925254698828852584e-01 6.131033374393156654e-01
7.475216686725616455e-02 -3.551084399223327637e-01 -1.705448269844055176e+00 4.799410356562012758e-01 3.888180189025722822e-01 -4.925255329269920268e-01 6.131032813388962444e-01
7.475217431783676147e-02 -3.551084101200103760e-01 -1.705448269844055176e+00 4.799410657338532560e-01 3.888179790116043644e-01 -4.925255908382611403e-01 6.131032351540643965e-01
7.475218921899795532e-02 -3.551083505153656006e-01 -1.705448269844055176e+00 4.799410987222436087e-01 3.888179367625452243e-01 -4.925256428517218454e-01 6.131031852509007951e-01
7.475219666957855225e-02 -3.551083207130432129e-01 -1.705448269844055176e+00 4.799411297701383639e-01 3.888178960855584454e-01 -4.925257007375395402e-01 6.131031378266396104e-01
7.475220412015914917e-02 -3.551082611083984375e-01 -1.705448389053344727e+00 4.799411666395107523e-01 3.888178817402768161e-01 -4.925257807863780424e-01 6.131030829657108105e-01
7.475221157073974609e-02 -3.551082313060760498e-01 -1.705448389053344727e+00 4.799411957469080225e-01 3.888178426353670614e-01 -4.925258365400105309e-01 6.131030380203602581e-01
7.475222647190093994e-02 -3.551081717014312744e-01 -1.705448389053344727e+00 4.799412277650429437e-01 3.888177934103960176e-01 -4.925258885788905139e-01 6.131029893566807276e-01
7.475223392248153687e-02 -3.551081418991088867e-01 -1.705448389053344727e+00 4.799412597831757554e-01 3.888177519474045885e-01 -4.925259398900809216e-01 6.131029717408956747e-01
7.475224137306213379e-02 -3.551081120967864990e-01 -1.705448508262634277e+00 4.799412879203209803e-01 3.888177136285463908e-01 -4.925259951840167405e-01 6.131029357969838278e-01
7.475224882364273071e-02 -3.551080524921417236e-01 -1.705448508262634277e+00 4.799413238194349396e-01 3.888177000693247010e-01 -4.925260442103787661e-01 6.131028821755489799e-01
7.475226372480392456e-02 -3.551080226898193359e-01 -1.705448508262634277e+00 4.799413568078075842e-01 3.888176578203217937e-01 -4.925261042283298196e-01 6.131028322724590973e-01
7.475227117538452148e-02 -3.551079630851745605e-01 -1.705448508262634277e+00 4.799413849449471470e-01 3.888176195014814707e-01 -4.925261590371275977e-01 6.131027885666006094e-01
7.475227862596511841e-02 -3.551079332828521729e-01 -1.705448508262634277e+00 4.799414189035616229e-01 3.888175764664621448e-01 -4.925262054461808092e-01 6.131027374240849426e-01
7.475228607654571533e-02 -3.551078736782073975e-01 -1.705448627471923828e+00 4.799414460704515273e-01 3.888175699815383246e-01 -4.925262597952875798e-01 6.131026949576861007e-01
7.475230097770690918e-02 -3.551078438758850098e-01 -1.705448627471923828e+00 4.799414819695536627e-01 3.888175253744705073e-01 -4.925263136728556534e-01 6.131026413363019900e-01
7.475231587886810303e-02 -3.551077544689178467e-01 -1.705448627471923828e+00 4.799415401843081241e-01 3.888174471647827812e-01 -4.925264130519439454e-01 6.131025514457700831e-01
7.475233823060989380e-02 -3.551076650619506836e-01 -1.705448746681213379e+00 4.799416148932327264e-01 3.888173788785108109e-01 -4.925265702132511914e-01 6.131024404847463805e-01
7.475235313177108765e-02 -3.551076054573059082e-01 -1.705448746681213379e+00 4.799416517625678114e-01 3.888173334854536645e-01 -4.925266274612080664e-01 6.131023856239742331e-01
7.475236058235168457e-02 -3.551075756549835205e-01 -1.705448746681213379e+00 4.799416798996901101e-01 3.888172951666699073e-01 -4.925266757208016100e-01 6.131023419181907963e-01
7.475236803293228149e-02 -3.551075458526611328e-01 -1.705448746681213379e+00 4.799417090070562386e-01 3.888172560618627926e-01 -4.925267234698266772e-01 6.131022969729730265e-01
7.475237548351287842e-02 -3.551074862480163574e-01 -1.705448865890502930e+00 4.799417410251569094e-01 3.888172145989747808e-01 -4.925267684743475649e-01 6.131022483094388242e-01
7.475238293409347534e-02 -3.551074564456939697e-01 -1.705448865890502930e+00 4.799417711027647027e-01 3.888172057560039807e-01 -4.925268263854994943e-01 6.131022021247959364e-01
7.475239783525466919e-02 -3.551074266433715820e-01 -1.705448865890502930e+00 4.799417992398800070e-01 3.888171674372428721e-01 -4.925268802239871624e-01 6.131021584190431417e-01
7.475240528583526611e-02 -3.551073670387268066e-01 -1.705448865890502930e+00 4.799418302877294096e-01 3.888171267604019765e-01 -4.925269245262531848e-01 6.131021187569376529e-01
7.475241273641586304e-02 -3.551073372364044189e-01 -1.705448865890502930e+00 4.799418613355768137e-01 3.888170860835680198e-01 -4.925269739223028242e-01 6.131020713328783067e-01
7.475242018699645996e-02 -3.551073074340820312e-01 -1.705448985099792480e+00 4.799418855917061966e-01 3.888170509089381999e-01 -4.925270268922999906e-01 6.131020325849090291e-01
7.475242763757705688e-02 -3.551072478294372559e-01 -1.705448985099792480e+00 4.799419185800402055e-01 3.888170397079033780e-01 -4.925270709011089765e-01 6.131019826819853469e-01
7.475243508815765381e-02 -3.551072180271148682e-01 -1.705448985099792480e+00 4.799419467171468501e-01 3.888170013891708021e-01 -4.925271206160333204e-01 6.131019389762698557e-01
7.475244253873825073e-02 -3.551071882247924805e-01 -1.705448985099792480e+00 4.799419758244967693e-01 3.888169622844163675e-01 -4.925271686075827215e-01 6.131018940311221410e-01
7.475245743989944458e-02 -3.551071286201477051e-01 -1.705448985099792480e+00 4.799420097830695009e-01 3.888169192495303239e-01 -4.925272523709788852e-01 6.131018428887861083e-01
7.475246489048004150e-02 -3.551070690155029297e-01 -1.705449104309082031e+00 4.799420466523742768e-01 3.888168738565704330e-01 -4.925273166531423663e-01 6.131017880281437460e-01
7.475247979164123535e-02 -3.551070392131805420e-01 -1.705449104309082031e+00 4.799420835216762216e-01 3.888168517494937637e-01 -4.925273717179737831e-01 6.131017331675133741e-01
7.475248724222183228e-02 -3.551069796085357666e-01 -1.705449104309082031e+00 4.799421223314647156e-01 3.888168047844967057e-01 -4.925274449240026331e-01 6.131016758280184442e-01
7.475249469280242920e-02 -3.551069498062133789e-01 -1.705449104309082031e+00 4.799421553197824042e-01 3.888167625356701018e-01 -4.925274896604613928e-01 6.131016569729921262e-01
7.475250959396362305e-02 -3.551068902015686035e-01 -1.705449223518371582e+00 4.799421795758969655e-01 3.888167273610902419e-01 -4.925275423878540670e-01 6.131016182250863533e-01
7.475251704454421997e-02 -3.551068603992462158e-01 -1.705449223518371582e+00 4.799422193559221284e-01 3.888167028959600424e-01 -4.925276153258589251e-01 6.131015596461846240e-01
7.475252449512481689e-02 -3.551068007946014404e-01 -1.705449223518371582e+00 4.799422513739887708e-01 3.888166614331806104e-01 -4.925276593600629305e-01 6.131015109827947507e-01
7.475253939628601074e-02 -3.551067709922790527e-01 -1.705449223518371582e+00 4.799422804813202603e-01 3.888166223284865164e-01 -4.925277090494957211e-01 6.131014660377251957e-01
7.475254684686660767e-02 -3.551067411899566650e-01 -1.705449342727661133e+00 4.799423124993828504e-01 3.888165808657210731e-01 -4.925277525985699012e-01 6.131014173743528639e-01
7.475255429744720459e-02 -3.551066815853118896e-01 -1.705449342727661133e+00 4.799423367554894182e-01 3.888165456911683582e-01 -4.925278053259402600e-01 6.131013863884361426e-01
7.475256174802780151e-02 -3.551066517829895020e-01 -1.705449342727661133e+00 4.799423648925715269e-01 3.888165151344714632e-01 -4.925278526151928848e-01 6.131013426828250124e-01
7.475256919860839844e-02 -3.551066219806671143e-01 -1.705449342727661133e+00 4.799423969106284549e-01 3.888165047195367707e-01 -4.925278966493776833e-01 6.131012940194767724e-01
7.475257664918899536e-02 -3.551065623760223389e-01 -1.705449342727661133e+00 4.799424240774630146e-01 3.888164671869216993e-01 -4.925279442066263225e-01 6.131012515533168505e-01
7.475258409976959229e-02 -3.551065325736999512e-01 -1.705449342727661133e+00 4.799424483335639202e-01 3.888164320123875251e-01 -4.925280267689839397e-01 6.131012128054708077e-01
7.475259155035018921e-02 -3.551065027713775635e-01 -1.705449461936950684e+00 4.799424803516152971e-01 3.888163905496583306e-01 -4.925280703180331954e-01 6.131011641421467706e-01
7.475260645151138306e-02 -3.551064729690551758e-01 -1.705449461936950684e+00 4.799425084886890236e-01 3.888163522310353337e-01 -4.925281190626306094e-01 6.131011281985235817e-01
7.475261390209197998e-02 -3.551063835620880127e-01 -1.705449461936950684e+00 4.799425589413687243e-01 3.888163191197050450e-01 -4.925281958442296881e-01 6.131010482240043524e-01
7.475262880325317383e-02 -3.551063537597656250e-01 -1.705449461936950684e+00 4.799425909594127182e-01 3.888162776569988877e-01 -4.925282537043601527e-01 6.131009995607119567e-01
7.475263625383377075e-02 -3.551063239574432373e-01 -1.705449581146240234e+00 4.799426181262362867e-01 3.888162401244207866e-01 -4.925283087809690930e-01 6.131009570945998854e-01
7.475265115499496460e-02 -3.551062643527984619e-01 -1.705449581146240234e+00 4.799426627574430171e-01 3.888161806814683374e-01 -4.925283721317907926e-01 6.131008923186833659e-01
7.475265860557556152e-02 -3.551062047481536865e-01 -1.705449581146240234e+00 4.799426870135319323e-01 3.888161765547687998e-01 -4.925284236463050025e-01 6.131008535708900586e-01
7.475266605615615845e-02 -3.551061749458312988e-01 -1.705449581146240234e+00 4.799427141803500052e-01 3.888161390222083513e-01 -4.925284709609511480e-01 6.131008111048018572e-01
7.475267350673675537e-02 -3.551061451435089111e-01 -1.705449581146240234e+00 4.799427461983836740e-01 3.888161053214833074e-01 -4.925285152376473463e-01 6.131007624415542034e-01
7.475268095731735229e-02 -3.551061153411865234e-01 -1.705449700355529785e+00 4.799427743354417464e-01 3.888160670029109367e-01 -4.925285625268427392e-01 6.131007264979945193e-01
7.476562261581420898e-02 -3.551197648048400879e-01 -1.705472707748413086e+00 4.799209812046690837e-01 3.888161492292784849e-01 -4.925119252800427283e-01 6.131311210949986767e-01
7.476564496755599976e-02 -3.551197052001953125e-01 -1.705472707748413086e+00 4.799209453040334528e-01 3.888161472655919382e-01 -4.925119417465133043e-01 6.131311281489635334e-01
7.476566731929779053e-02 -3.551196753978729248e-01 -1.705472707748413086e+00 4.799209016410946327e-01 3.888161593529687043e-01 -4.925119649660795185e-01 6.131311451197922757e-01
7.476568967103958130e-02 -3.551196455955505371e-01 -1.705472707748413086e+00 4.799208618593024389e-01 3.888161682959697107e-01 -4.925119861432534218e-01 6.131311260829934717e-01
7.476570457220077515e-02 -3.551196157932281494e-01 -1.705472826957702637e+00 4.799208269289456097e-01 3.888162043577049753e-01 -4.925120025842854576e-01 6.131311318973641233e-01
7.476572692394256592e-02 -3.551195561885833740e-01 -1.705472826957702637e+00 4.799207871471472542e-01 3.888162133007161403e-01 -4.925120237614721286e-01 6.131311439097788529e-01
7.476574182510375977e-02 -3.551195263862609863e-01 -1.705472826957702637e+00 4.799207473653455680e-01 3.888162222437314131e-01 -4.925120444535218134e-01 6.131311559221999108e-01
7.476576417684555054e-02 -3.551194965839385986e-01 -1.705472826957702637e+00 4.799207124349804121e-01 3.888162272562713517e-01 -4.925120608945705025e-01 6.131311617365846622e-01
7.476577907800674438e-02 -3.551194667816162109e-01 -1.705472946166992188e+00 4.799206726531725642e-01 3.888162284369899302e-01 -4.925120818292048064e-01 6.131311504621039798e-01
7.476583868265151978e-02 -3.551193475723266602e-01 -1.705472946166992188e+00 4.799205639809001056e-01 3.888162854305508565e-01 -4.925121373185291085e-01 6.131311806260359987e-01
7.476586103439331055e-02 -3.551193177700042725e-01 -1.705473065376281738e+00 4.799205193476382414e-01 3.888162905417678061e-01 -4.925121608061966416e-01 6.131311910742301974e-01
7.476588338613510132e-02 -3.551192581653594971e-01 -1.705473065376281738e+00 4.799204795658143508e-01 3.888163305340421871e-01 -4.925122115772332387e-01 6.131311720374604812e-01
7.476741820573806763e-02 -3.551224470138549805e-01 -1.705480217933654785e+00 4.799373496741903833e-01 3.888180943131676059e-01 -4.924915937978535108e-01 6.131334107159974733e-01
7.476744055747985840e-02 -3.551224172115325928e-01 -1.705480337142944336e+00 4.799373137747791618e-01 3.888181001107367529e-01 -4.924916100184216217e-01 6.131333789581530080e-01
7.476746290922164917e-02 -3.551223874092102051e-01 -1.705480337142944336e+00 4.799372701133294838e-01 3.888181432448158947e-01 -4.924916337189453319e-01 6.131333959267053491e-01
7.476748526096343994e-02 -3.551223576068878174e-01 -1.705480337142944336e+00 4.799372303328940936e-01 3.888181521865771706e-01 -4.924916546497558056e-01 6.131334079371549839e-01
7.476750761270523071e-02 -3.551223278045654297e-01 -1.705480456352233887e+00 4.799371866714367552e-01 3.888181565104887882e-01 -4.924916768949135770e-01 6.131334249057227570e-01
7.476752996444702148e-02 -3.551222681999206543e-01 -1.705480456352233887e+00 4.799371507720133767e-01 3.888181623080744220e-01 -4.924916926303785636e-01 6.131334241960352260e-01
7.476755976676940918e-02 -3.551222383975982666e-01 -1.705480456352233887e+00 4.799371061402940564e-01 3.888181984661935875e-01 -4.924917163563138356e-01 6.131334113559907539e-01
7.476757466793060303e-02 -3.551222085952758789e-01 -1.705480575561523438e+00 4.799370663598450659e-01 3.888182074079735151e-01 -4.924917372871522869e-01 6.131334233664631483e-01
7.476759701967239380e-02 -3.551221787929534912e-01 -1.705480575561523438e+00 4.799370275496477323e-01 3.888182155637111004e-01 -4.924917572223616591e-01 6.131334341374130581e-01
7.476761937141418457e-02 -3.551221489906311035e-01 -1.705480575561523438e+00 4.799369867989371485e-01 3.888182252915458048e-01 -4.924918087416290113e-01 6.131334473874266999e-01
7.476764917373657227e-02 -3.551220893859863281e-01 -1.705480694770812988e+00 4.799369431374577166e-01 3.888182606636487182e-01 -4.924918317145260960e-01 6.131334255458290583e-01
7.476766407489776611e-02 -3.551220595836639404e-01 -1.705480694770812988e+00 4.799369072380160750e-01 3.888182664612598316e-01 -4.924918486628483971e-01 6.131334325982064071e-01
7.476771622896194458e-02 -3.551219999790191650e-01 -1.705480813980102539e+00 4.799368189447833499e-01 3.888182836572516288e-01 -4.924918951191900596e-01 6.131334600129390022e-01
7.476775348186492920e-02 -3.551219403743743896e-01 -1.705480813980102539e+00 4.799367490863899466e-01 3.888183247285804667e-01 -4.924919299353687774e-01 6.131334483525370249e-01
7.476780563592910767e-02 -3.551218509674072266e-01 -1.705480933189392090e+00 4.799366559418495326e-01 3.888183458548519211e-01 -4.924919782166293225e-01 6.131334819649727486e-01
7.476785033941268921e-02 -3.551217913627624512e-01 -1.705481052398681641e+00 4.799365744403618073e-01 3.888183885967553821e-01 -4.924920179461616532e-01 6.131334696548804697e-01
7.476788014173507690e-02 -3.551217317581176758e-01 -1.705481052398681641e+00 4.799365210762850387e-01 3.888184007812274801e-01 -4.924920452965505513e-01 6.131334834947720358e-01
7.476790249347686768e-02 -3.551217019557952881e-01 -1.705481052398681641e+00 4.799364812957875315e-01 3.888184097230743541e-01 -4.924920659849275628e-01 6.131334955053271418e-01
7.476792484521865845e-02 -3.551216721534729004e-01 -1.705481171607971191e+00 4.799364415152867491e-01 3.888184497131224049e-01 -4.924920874010034755e-01 6.131335075158883541e-01
7.476794719696044922e-02 -3.551216423511505127e-01 -1.705481171607971191e+00 4.799364065860638462e-01 3.888184547247351408e-01 -4.924921038388899164e-01 6.131334822805954987e-01
7.476796954870223999e-02 -3.551216125488281250e-01 -1.705481171607971191e+00 4.799363677758131663e-01 3.888184628805471665e-01 -4.924921245019032723e-01 6.131334930516331161e-01
7.476798444986343384e-02 -3.551215827465057373e-01 -1.705481171607971191e+00 4.799363318763285036e-01 3.888184686782152344e-01 -4.924921421780042441e-01 6.131335078661298565e-01
7.476800680160522461e-02 -3.551215231418609619e-01 -1.705481290817260742e+00 4.799362930660717730e-01 3.888184768340345321e-01 -4.924921621133377947e-01 6.131335186371789092e-01
7.476802915334701538e-02 -3.551214933395385742e-01 -1.705481290817260742e+00 4.799362571665815036e-01 3.888185059178658198e-01 -4.924921793043217644e-01 6.131335256896348618e-01
7.476805150508880615e-02 -3.551214635372161865e-01 -1.705481290817260742e+00 4.799362135050356803e-01 3.888185180039430144e-01 -4.924922347809523315e-01 6.131335116101489513e-01
7.476811110973358154e-02 -3.551213741302490234e-01 -1.705481410026550293e+00 4.799361145388504890e-01 3.888185360846058702e-01 -4.924922846701218493e-01 6.131335371358603847e-01
7.476813346147537231e-02 -3.551213443279266357e-01 -1.705481529235839844e+00 4.799360640854932747e-01 3.888185769592180097e-01 -4.924923102465169622e-01 6.131335472572362333e-01
7.476815581321716309e-02 -3.551213145256042480e-01 -1.705481529235839844e+00 4.799360243049579089e-01 3.888185859011186740e-01 -4.924923299647174790e-01 6.131335282196322956e-01
7.476817816495895386e-02 -3.551212549209594727e-01 -1.705481529235839844e+00 4.799359806433909359e-01 3.888185979872261777e-01 -4.924923541506192604e-01 6.131335451883936916e-01
7.476820051670074463e-02 -3.551212251186370850e-01 -1.705481529235839844e+00 4.799359457141344487e-01 3.888185952368244380e-01 -4.924923701034468193e-01 6.131335510013513623e-01
7.476822286844253540e-02 -3.551211953163146973e-01 -1.705481648445129395e+00 4.799359059335893130e-01 3.888186352269684121e-01 -4.924923900642315111e-01 6.131335630119872926e-01
7.476825267076492310e-02 -3.551211655139923096e-01 -1.705481648445129395e+00 4.799358554802101717e-01 3.888186450533915872e-01 -4.924924146704139361e-01 6.131335420851633522e-01
7.476827502250671387e-02 -3.551211059093475342e-01 -1.705481648445129395e+00 4.799358118186278221e-01 3.888186571395211288e-01 -4.924924386137833898e-01 6.131335590539515046e-01
7.476830482482910156e-02 -3.551210761070251465e-01 -1.705481767654418945e+00 4.799357565139510950e-01 3.888186941823952858e-01 -4.924924665002486379e-01 6.131335753730547955e-01
7.476834207773208618e-02 -3.551210165023803711e-01 -1.705481767654418945e+00 4.799357021795256917e-01 3.888187071530476713e-01 -4.924924941187771021e-01 6.131335594043891835e-01
7.476837188005447388e-02 -3.551209568977355957e-01 -1.705481886863708496e+00 4.799356391127742039e-01 3.888187194361139576e-01 -4.924925280298988461e-01 6.131335778777399215e-01
7.476840168237686157e-02 -3.551209270954132080e-01 -1.705481886863708496e+00 4.799355935106563997e-01 3.888187563805650671e-01 -4.924925508112585892e-01 6.131335895635743327e-01
7.476842403411865234e-02 -3.551208972930908203e-01 -1.705482006072998047e+00 4.799355488787922508e-01 3.888187614907193668e-01 -4.924925725969833135e-01 6.131336000098797090e-01
7.476844638586044312e-02 -3.551208674907684326e-01 -1.705482006072998047e+00 4.799355139495043998e-01 3.888187665024167017e-01 -4.924925895201313075e-01 6.131335747746297082e-01
7.476849108934402466e-02 -3.551207780838012695e-01 -1.705482006072998047e+00 4.799354295370481527e-01 3.888188193648747792e-01 -4.924926635278211728e-01 6.131336049937116117e-01
7.476852089166641235e-02 -3.551207482814788818e-01 -1.705482125282287598e+00 4.799353800538772585e-01 3.888188284053145649e-01 -4.924926900492384019e-01 6.131336138756633414e-01
7.476853579282760620e-02 -3.551207184791564941e-01 -1.705482125282287598e+00 4.799353402732852159e-01 3.888188373472947212e-01 -4.924927107378150870e-01 6.131336026001772410e-01
7.476856559514999390e-02 -3.551206588745117188e-01 -1.705482244491577148e+00 4.799352898198466222e-01 3.888188394117310098e-01 -4.924927353441212463e-01 6.131336127216803211e-01
7.476858794689178467e-02 -3.551206290721893311e-01 -1.705482244491577148e+00 4.799352510095056812e-01 3.888188786159403332e-01 -4.924927564924556633e-01 6.131336234928688178e-01
7.476823776960372925e-02 -3.551212847232818604e-01 -1.705482244491577148e+00 4.799457034911902564e-01 3.888168298276641344e-01 -4.924901795368308299e-01 6.131288007099687798e-01
7.476826757192611694e-02 -3.551212549209594727e-01 -1.705482363700866699e+00 4.799458024553982516e-01 3.888167962255204002e-01 -4.924901876227956721e-01 6.131287441406784167e-01
7.476828992366790771e-02 -3.551212251186370850e-01 -1.705482363700866699e+00 4.799459033600598223e-01 3.888167843370669008e-01 -4.924901655807124023e-01 6.131286618068020333e-01
7.476831227540969849e-02 -3.551211953163146973e-01 -1.705482482910156250e+00 4.799459965028055608e-01 3.888167787367489137e-01 -4.924901439840886352e-01 6.131286049125580506e-01
7.476832717657089233e-02 -3.551211655139923096e-01 -1.705482482910156250e+00 4.799460692705631026e-01 3.888167741189530457e-01 -4.924901595464545312e-01 6.131285740472749435e-01
7.476834952831268311e-02 -3.551211357116699219e-01 -1.705482482910156250e+00 4.799461420383095978e-01 3.888167695011674474e-01 -4.924901443038166571e-01 6.131285121344458577e-01
7.476837188005447388e-02 -3.551211059093475342e-01 -1.705482602119445801e+00 4.799462283893544678e-01 3.888167616410954652e-01 -4.924901248252349095e-01 6.131284639166166839e-01
7.476838678121566772e-02 -3.551210761070251465e-01 -1.705482602119445801e+00 4.799463079487303330e-01 3.888167592831306418e-01 -4.924901402101262149e-01 6.131283933275608611e-01
7.476840913295745850e-02 -3.551210463047027588e-01 -1.705482602119445801e+00 4.799464001211615760e-01 3.888167544688986288e-01 -4.924901174261688830e-01 6.131283454348753770e-01
7.476845383644104004e-02 -3.551209867000579834e-01 -1.705482721328735352e+00 4.799465786445568649e-01 3.888167340327859378e-01 -4.924901083943160618e-01 6.131282182770149136e-01
7.476847618818283081e-02 -3.551209270954132080e-01 -1.705482721328735352e+00 4.799466746978779952e-01 3.888167338364398873e-01 -4.924901211651560584e-01 6.131281654265831049e-01
7.476850599050521851e-02 -3.551208972930908203e-01 -1.705482840538024902e+00 4.799467756023562126e-01 3.888166986625232746e-01 -4.924900986381973156e-01 6.131281063788587282e-01
7.476852834224700928e-02 -3.551208674907684326e-01 -1.705482840538024902e+00 4.799468687449326976e-01 3.888166853004885737e-01 -4.924900770417994789e-01 6.131280494850420704e-01
7.476854324340820312e-02 -3.551208376884460449e-01 -1.705482959747314453e+00 4.799469405423230639e-01 3.888166814688333028e-01 -4.924900916594045497e-01 6.131279888120171329e-01
7.476855814456939697e-02 -3.551208078861236572e-01 -1.705482959747314453e+00 4.799470103992330983e-01 3.888166792092091484e-01 -4.924900745525397361e-01 6.131279616654694564e-01
7.476857304573059082e-02 -3.551208078861236572e-01 -1.705482959747314453e+00 4.799470773454289629e-01 3.888166715457480049e-01 -4.924900616452562718e-01 6.131278994279538708e-01
7.476859539747238159e-02 -3.551207780838012695e-01 -1.705482959747314453e+00 4.799471462320845649e-01 3.888166700721523150e-01 -4.924900760963989987e-01 6.131278657590416570e-01
7.476861029863357544e-02 -3.551207482814788818e-01 -1.705483078956604004e+00 4.799472131782615558e-01 3.888166624087099343e-01 -4.924900622189039567e-01 6.131278112834561700e-01
7.476862519979476929e-02 -3.551207184791564941e-01 -1.705483078956604004e+00 4.799472810946633916e-01 3.888166617211414877e-01 -4.924900504990937233e-01 6.131277866159293710e-01
7.476864755153656006e-02 -3.551206886768341064e-01 -1.705483078956604004e+00 4.799473577431625504e-01 3.888166539594954951e-01 -4.924900625643901519e-01 6.131277119838823841e-01
7.476866245269775391e-02 -3.551206588745117188e-01 -1.705483198165893555e+00 4.799474256595439581e-01 3.888166532719450341e-01 -4.924900506020459257e-01 6.131276873164032137e-01
7.476867735385894775e-02 -3.551206290721893311e-01 -1.705483198165893555e+00 4.799475013377861865e-01 3.888166462963304482e-01 -4.924900304324439371e-01 6.131276216857574068e-01
7.476869970560073853e-02 -3.551205992698669434e-01 -1.705483198165893555e+00 4.799475954504554553e-01 3.888166399103004656e-01 -4.924900408285905473e-01 6.131275635528384838e-01
7.476873695850372314e-02 -3.551205396652221680e-01 -1.705483317375183105e+00 4.799477468068744646e-01 3.888165949116700326e-01 -4.924900390562512165e-01 6.131274633392023166e-01
7.476875931024551392e-02 -3.551205098628997803e-01 -1.705483317375183105e+00 4.799478399492624336e-01 3.888165893117001559e-01 -4.924900186728934925e-01 6.131274142077313138e-01
7.476878166198730469e-02 -3.551204800605773926e-01 -1.705483436584472656e+00 4.799479185381382296e-01 3.888165799781321263e-01 -4.924900010954587071e-01 6.131273448588879793e-01
7.476880401372909546e-02 -3.551204502582550049e-01 -1.705483436584472656e+00 4.799479932460699594e-01 3.888165815504688871e-01 -4.924900168499328212e-01 6.131273115153723641e-01
7.476881891489028931e-02 -3.551204204559326172e-01 -1.705483436584472656e+00 4.799480708646879923e-01 3.888165730029323752e-01 -4.924899990553255336e-01 6.131272356441981319e-01
7.476884126663208008e-02 -3.551203906536102295e-01 -1.705483555793762207e+00 4.799481494535259851e-01 3.888165636694021488e-01 -4.924899807502668425e-01 6.131271973429053279e-01
7.476885616779327393e-02 -3.551203906536102295e-01 -1.705483555793762207e+00 4.799482270721188160e-01 3.888165628837504384e-01 -4.924899940031317036e-01 6.131271292336650802e-01
7.476887851953506470e-02 -3.551203608512878418e-01 -1.705483555793762207e+00 4.799483056609312182e-01 3.888165535502455805e-01 -4.924899749704318985e-01 6.131270909324348928e-01
7.476889342069625854e-02 -3.551203310489654541e-01 -1.705483675003051758e+00 4.799483735771784554e-01 3.888165528628193535e-01 -4.924899642210514017e-01 6.131270662652636982e-01
7.476890832185745239e-02 -3.551203012466430664e-01 -1.705483675003051758e+00 4.799484502255031426e-01 3.888165451013497753e-01 -4.924899762865131980e-01 6.131269993955795750e-01
7.476893067359924316e-02 -3.551202714443206787e-01 -1.705483675003051758e+00 4.799485307547424751e-01 3.888165419577247484e-01 -4.924899581733885312e-01 6.131269586155224660e-01
7.476895302534103394e-02 -3.551202416419982910e-01 -1.705483794212341309e+00 4.799486083732735775e-01 3.888165334102746673e-01 -4.924899719114255725e-01 6.131268905064538588e-01
7.476896792650222778e-02 -3.551202118396759033e-01 -1.705483794212341309e+00 4.799486947238746914e-01 3.888164945032406283e-01 -4.924899526759881629e-01 6.131268422897310222e-01
7.476899027824401855e-02 -3.551201820373535156e-01 -1.705483794212341309e+00 4.799487674912231161e-01 3.888164898858452179e-01 -4.924899374338735369e-01 6.131267803780117154e-01
7.476900517940521240e-02 -3.551201522350311279e-01 -1.705483913421630859e+00 4.799488451097159714e-01 3.888164891002874324e-01 -4.924899502017153208e-01 6.131267433164490077e-01
7.476904988288879395e-02 -3.551200926303863525e-01 -1.705483913421630859e+00 4.799490139298945302e-01 3.888164765251510002e-01 -4.924899152281922987e-01 6.131266207936788559e-01
7.476910203695297241e-02 -3.551200032234191895e-01 -1.705484032630920410e+00 4.799492341722221833e-01 3.888164611011248328e-01 -4.924898956476080891e-01 6.131264869130226280e-01
7.476914674043655396e-02 -3.551199436187744141e-01 -1.705484151840209961e+00 4.799494029922639071e-01 3.888164485261192405e-01 -4.924898929344189713e-01 6.131263721524564669e-01
7.476916909217834473e-02 -3.551199138164520264e-01 -1.705484271049499512e+00 4.799495145686956676e-01 3.888164357542572835e-01 -4.924898951127832381e-01 6.131262994722285198e-01
7.476922869682312012e-02 -3.551198244094848633e-01 -1.705484390258789062e+00 4.799497532451496018e-01 3.888163898727617918e-01 -4.924898743231394538e-01 6.131261575663013996e-01
7.476927340030670166e-02 -3.551197648048400879e-01 -1.705484390258789062e+00 4.799499356482131995e-01 3.888163818175980335e-01 -4.924898685871221815e-01 6.131260254539476762e-01
7.476929575204849243e-02 -3.551197350025177002e-01 -1.705484509468078613e+00 4.799500297604050725e-01 3.888163754320390075e-01 -4.924898484215340377e-01 6.131259750840759581e-01
7.476931810379028320e-02 -3.551197052001953125e-01 -1.705484509468078613e+00 4.799501054382367404e-01 3.888163684568387013e-01 -4.924898282524946547e-01 6.131259016927524952e-01
7.476935535669326782e-02 -3.551196455955505371e-01 -1.705484628677368164e+00 4.799502732877438116e-01 3.888163566681361871e-01 -4.924898238670982198e-01 6.131257881724369030e-01
7.476938515901565552e-02 -3.551195859909057617e-01 -1.705484628677368164e+00 4.799503926257969733e-01 3.888163453703148975e-01 -4.924898256003356622e-01 6.131257133390051184e-01
7.476941496133804321e-02 -3.551195561885833740e-01 -1.705484747886657715e+00 4.799504964401767881e-01 3.888163466484998998e-01 -4.924898068792813999e-01 6.131256505749217434e-01
7.475062459707260132e-02 -3.551332056522369385e-01 -1.705447316169738770e+00 4.799317066418847810e-01 3.888244901320828117e-01 -4.924927328127170489e-01 6.131328422825496061e-01
7.475063949823379517e-02 -3.551331758499145508e-01 -1.705447435379028320e+00 4.799315950613129433e-01 3.888244252883689689e-01 -4.924928727831425213e-01 6.131328528752635343e-01
7.475063949823379517e-02 -3.551331758499145508e-01 -1.705447435379028320e+00 4.799315484885448568e-01 3.888244319715482566e-01 -4.924929312477935306e-01 6.131328658011742094e-01
7.475064694881439209e-02 -3.551331460475921631e-01 -1.705447435379028320e+00 4.799314980347076376e-01 3.888244107505243741e-01 -4.924929932099731955e-01 6.131328603989306680e-01
7.475064694881439209e-02 -3.551331460475921631e-01 -1.705447435379028320e+00 4.799314543727288829e-01 3.888243840269597351e-01 -4.924930169114528633e-01 6.131328773683173416e-01
7.475065439939498901e-02 -3.551331460475921631e-01 -1.705447435379028320e+00 4.799314116810124431e-01 3.888243953279693077e-01 -4.924930704232349243e-01 6.131328620496331316e-01
7.475066184997558594e-02 -3.551331460475921631e-01 -1.705447435379028320e+00 4.799313641379601147e-01 3.888243717487147033e-01 -4.924931296410414161e-01 6.131328839772607342e-01
7.475066184997558594e-02 -3.551331162452697754e-01 -1.705447554588317871e+00 4.799313039814382398e-01 3.888243351020710947e-01 -4.924932059261112327e-01 6.131328676842168202e-01
7.475066930055618286e-02 -3.551331162452697754e-01 -1.705447554588317871e+00 4.799312457654421049e-01 3.888243434560687550e-01 -4.924932777942152007e-01 6.131328954848631607e-01
7.475068420171737671e-02 -3.551330864429473877e-01 -1.705447554588317871e+00 4.799311050767556264e-01 3.888243021946884981e-01 -4.924934224079877687e-01 6.131328889295358797e-01
7.474613189697265625e-02 -3.551278114318847656e-01 -1.705453276634216309e+00 4.799393037624146707e-01 3.888087259388885997e-01 -4.924991205847815690e-01 6.131317603820300999e-01
7.474613189697265625e-02 -3.551277816295623779e-01 -1.705453276634216309e+00 4.799392465176394174e-01 3.888086946940280120e-01 -4.924991931537057721e-01 6.131317481313056650e-01
7.474613934755325317e-02 -3.551277816295623779e-01 -1.705453395843505859e+00 4.799391776298499446e-01 3.888086651194018195e-01 -4.924992788831744628e-01 6.131317818027778310e-01
7.474613934755325317e-02 -3.551277816295623779e-01 -1.705453395843505859e+00 4.799391087420505908e-01 3.888086588307934632e-01 -4.924993648552405401e-01 6.131317766642417899e-01
7.474613934755325317e-02 -3.551277518272399902e-01 -1.705453395843505859e+00 4.799390553782555413e-01 3.888086322038562526e-01 -4.924994006957079673e-01 6.131317672174912969e-01
7.474613934755325317e-02 -3.551277518272399902e-01 -1.705453395843505859e+00 4.799390010442036170e-01 3.888086063629384581e-01 -4.924994680947386572e-01 6.131317900582928804e-01
7.474614679813385010e-02 -3.551277220249176025e-01 -1.705453515052795410e+00 4.799389437993922258e-01 3.888086061661082948e-01 -4.924995401786615989e-01 6.131317778076104119e-01
7.474614679813385010e-02 -3.551277220249176025e-01 -1.705453515052795410e+00 4.799388710305543815e-01 3.888085719735597245e-01 -4.924996306185441264e-01 6.131318086752175489e-01
7.474614679813385010e-02 -3.551277220249176025e-01 -1.705453515052795410e+00 4.799388137857274472e-01 3.888085640147271316e-01 -4.924996718970412468e-01 6.131317964245538432e-01
7.474614679813385010e-02 -3.551276922225952148e-01 -1.705453515052795410e+00 4.799387594516481559e-01 3.888085381738107804e-01 -4.924997392961646403e-01 6.131318192654051646e-01
7.474615424871444702e-02 -3.551276922225952148e-01 -1.705453515052795410e+00 4.799387089985690524e-01 3.888085091888081046e-01 -4.924998027127284184e-01 6.131318138621641989e-01
7.474615424871444702e-02 -3.551276624202728271e-01 -1.705453634262084961e+00 4.799386013006323726e-01 3.888084877690057839e-01 -4.924999377282489599e-01 6.131318194943350397e-01
7.474615424871444702e-02 -3.551276326179504395e-01 -1.705453634262084961e+00 4.799385081564513933e-01 3.888084700829161910e-01 -4.925000231226465686e-01 6.131318298198181749e-01
7.474616169929504395e-02 -3.551276326179504395e-01 -1.705453753471374512e+00 4.799383674698938229e-01 3.888083900056920061e-01 -4.925001995097851859e-01 6.131318465476123247e-01
7.474616914987564087e-02 -3.551276028156280518e-01 -1.705453753471374512e+00 4.799382267832950633e-01 3.888083565005765463e-01 -4.925003441212985056e-01 6.131318477514281495e-01
7.474616914987564087e-02 -3.551275730133056641e-01 -1.705453753471374512e+00 4.799381656573806221e-01 3.888083516858609756e-01 -4.925004206732584433e-01 6.131318715070149805e-01
7.474616914987564087e-02 -3.551275730133056641e-01 -1.705453872680664062e+00 4.799380793048851346e-01 3.888083129735904753e-01 -4.925004971578631485e-01 6.131318731559839419e-01
7.474616914987564087e-02 -3.551275432109832764e-01 -1.705453872680664062e+00 4.799380259409756211e-01 3.888083096327213384e-01 -4.925005647744349901e-01 6.131318637093701174e-01
7.474617660045623779e-02 -3.551275432109832764e-01 -1.705453872680664062e+00 4.799379754878193571e-01 3.888082884097373015e-01 -4.925006274635718717e-01 6.131318815922973675e-01
7.474617660045623779e-02 -3.551275134086608887e-01 -1.705453872680664062e+00 4.799379133916197859e-01 3.888082533329580981e-01 -4.925007047687279260e-01 6.131318755393611042e-01
7.474618405103683472e-02 -3.551275134086608887e-01 -1.705453991889953613e+00 4.799377659131136009e-01 3.888082098059899017e-01 -4.925008582907288157e-01 6.131319009440650003e-01
7.474618405103683472e-02 -3.551274836063385010e-01 -1.705453991889953613e+00 4.799376184345620078e-01 3.888081662790317528e-01 -4.925010426184280865e-01 6.131319030627518929e-01
7.474618405103683472e-02 -3.551274538040161133e-01 -1.705453991889953613e+00 4.799375398439996165e-01 3.888081523266942452e-01 -4.925011104104201065e-01 6.131318947956696519e-01
7.474619150161743164e-02 -3.551274538040161133e-01 -1.705454111099243164e+00 4.799374709559651730e-01 3.888081149900508571e-01 -4.925011968684107622e-01 6.131319207055631049e-01
7.474619150161743164e-02 -3.551274240016937256e-01 -1.705454111099243164e+00 4.799374166217338367e-01 3.888080891491345614e-01 -4.925012642680514086e-01 6.131319202605861607e-01
7.474619150161743164e-02 -3.551274240016937256e-01 -1.705454111099243164e+00 4.799373448229187766e-01 3.888080774566654019e-01 -4.925013544407573218e-01 6.131319110789115179e-01
7.474619895219802856e-02 -3.551273941993713379e-01 -1.705454111099243164e+00 4.799372836968920364e-01 3.888080493558895290e-01 -4.925014001875229752e-01 6.131319348346936371e-01
7.474619895219802856e-02 -3.551273941993713379e-01 -1.705454230308532715e+00 4.799372264518758091e-01 3.888080491591581755e-01 -4.925014713018899815e-01 6.131319303462827719e-01
7.474619895219802856e-02 -3.551273643970489502e-01 -1.705454230308532715e+00 4.799371187536064509e-01 3.888079889292644364e-01 -4.925016068036707773e-01 6.131319359789221268e-01
7.474571466445922852e-02 -3.551280498504638672e-01 -1.705454111099243164e+00 4.799455521341268738e-01 3.888041841174571522e-01 -4.924973765929550051e-01 6.131311441149288610e-01
7.474569976329803467e-02 -3.551280498504638672e-01 -1.705454111099243164e+00 4.799456782650163289e-01 3.888040276054745004e-01 -4.924973839669339881e-01 6.131311304586731792e-01
7.474568486213684082e-02 -3.551280498504638672e-01 -1.705454230308532715e+00 4.799458043958726994e-01 3.888039099030901058e-01 -4.924973923111802820e-01 6.131311168024669023e-01
7.474566996097564697e-02 -3.551280498504638672e-01 -1.705454230308532715e+00 4.799459179136150722e-01 3.888037636091608573e-01 -4.924974322754549494e-01 6.131311037357340954e-01
7.474565505981445312e-02 -3.551280498504638672e-01 -1.705454230308532715e+00 4.799460421039349334e-01 3.888036086694606763e-01 -4.924974384874630240e-01 6.131310847966832123e-01
7.474564015865325928e-02 -3.551280498504638672e-01 -1.705454230308532715e+00 4.799461439787827133e-01 3.888035106170236732e-01 -4.924974409170175815e-01 6.131310788418667945e-01
7.474563270807266235e-02 -3.551280796527862549e-01 -1.705454349517822266e+00 4.799462138358086549e-01 3.888034152165244506e-01 -4.924974245366130488e-01 6.131310594565675398e-01
7.474561780691146851e-02 -3.551280796527862549e-01 -1.705454349517822266e+00 4.799463127999114009e-01 3.888033117602612831e-01 -4.924974624559466108e-01 6.131310572202333109e-01
7.474561035633087158e-02 -3.551280796527862549e-01 -1.705454349517822266e+00 4.799463748950242303e-01 3.888032226477286524e-01 -4.924974450657558234e-01 6.131310399888919571e-01
7.474560290575027466e-02 -3.551280796527862549e-01 -1.705454349517822266e+00 4.799464263175334811e-01 3.888031732286136855e-01 -4.924974614278159746e-01 6.131310363917942263e-01
7.474559545516967773e-02 -3.551280796527862549e-01 -1.705454349517822266e+00 4.799464767698014001e-01 3.888031245954987614e-01 -4.924974453123490692e-01 6.131310340341794562e-01
7.474558800458908081e-02 -3.551280796527862549e-01 -1.705454349517822266e+00 4.799465262518282094e-01 3.888030457008385121e-01 -4.924974607549257866e-01 6.131310251541606249e-01
7.474558800458908081e-02 -3.551280796527862549e-01 -1.705454468727111816e+00 4.799465728231428474e-01 3.888030002116934503e-01 -4.924974796694463475e-01 6.131310510401156710e-01
7.474557310342788696e-02 -3.551280796527862549e-01 -1.705454468727111816e+00 4.799466611145812300e-01 3.888029131633605751e-01 -4.924974722668414295e-01 6.131310391524436021e-01
7.474556565284729004e-02 -3.551280796527862549e-01 -1.705454468727111816e+00 4.799467057454120389e-01 3.888028381986861626e-01 -4.924974897767598336e-01 6.131310364698215887e-01
7.474555820226669312e-02 -3.551280796527862549e-01 -1.705454468727111816e+00 4.799467610488269975e-01 3.888027856357416101e-01 -4.924974706237643107e-01 6.131310279148773912e-01
7.474555075168609619e-02 -3.551280796527862549e-01 -1.705454468727111816e+00 4.799468115010597224e-01 3.888027370027298257e-01 -4.924974870112227565e-01 6.131310177954285567e-01
7.474555075168609619e-02 -3.551280796527862549e-01 -1.705454468727111816e+00 4.799468619532871183e-01 3.888026495603290056e-01 -4.924974718660427575e-01 6.131310154378692978e-01
7.474554330110549927e-02 -3.551280796527862549e-01 -1.705454468727111816e+00 4.799469133757441885e-01 3.888026001413678601e-01 -4.924974884706957434e-01 6.131310118408445087e-01
7.474553585052490234e-02 -3.551280796527862549e-01 -1.705454587936401367e+00 4.799469657684306001e-01 3.888025499364395898e-01 -4.924975067478903901e-01 6.131310070043550775e-01
7.474552839994430542e-02 -3.551280796527862549e-01 -1.705454587936401367e+00 4.799470210718156382e-01 3.888024663260682967e-01 -4.924974883226100331e-01 6.131309906875790361e-01
7.474551349878311157e-02 -3.551280796527862549e-01 -1.705454587936401367e+00 4.799471394404429270e-01 3.888023471506832918e-01 -4.924974942019915147e-01 6.131309791857949554e-01
7.474550604820251465e-02 -3.551281094551086426e-01 -1.705454587936401367e+00 4.799472063866208060e-01 3.888022541086111894e-01 -4.924975154944574718e-01 6.131309712810243395e-01
7.474549114704132080e-02 -3.551281094551086426e-01 -1.705454587936401367e+00 4.799472801244291653e-01 3.888021788503314147e-01 -4.924975060469520272e-01 6.131309624618457299e-01
7.474548369646072388e-02 -3.551281094551086426e-01 -1.705454707145690918e+00 4.799473334873097241e-01 3.888021278595396590e-01 -4.924975262392693454e-01 6.131309563859458356e-01
7.474547624588012695e-02 -3.551281094551086426e-01 -1.705454707145690918e+00 4.799473975227585565e-01 3.888020371754970506e-01 -4.924975097687355752e-01 6.131309444377546214e-01
7.474546879529953003e-02 -3.551281094551086426e-01 -1.705454707145690918e+00 4.799474479749243350e-01 3.888019885426826638e-01 -4.924975271264707688e-01 6.131309420802847354e-01
7.474546134471893311e-02 -3.551281094551086426e-01 -1.705454707145690918e+00 4.799475178317604840e-01 3.888018853809477871e-01 -4.924975204486305991e-01 6.131309382190407442e-01
7.474545389413833618e-02 -3.551281094551086426e-01 -1.705454707145690918e+00 4.799475905992873770e-01 3.888018186706598822e-01 -4.924975391633247268e-01 6.131309228775342346e-01
7.474544644355773926e-02 -3.551281094551086426e-01 -1.705454707145690918e+00 4.799476633668032233e-01 3.888017441985333611e-01 -4.924975280433452340e-01 6.131309152979143029e-01
7.474543899297714233e-02 -3.551281094551086426e-01 -1.705454826354980469e+00 4.799477244915079654e-01 3.888016558725738148e-01 -4.924975490029613323e-01 6.131309070681982831e-01
7.474542409181594849e-02 -3.551281094551086426e-01 -1.705454826354980469e+00 4.799477865864382187e-01 3.888015900462627461e-01 -4.924975403450967959e-01 6.131309053608918758e-01
7.474542409181594849e-02 -3.551281094551086426e-01 -1.705454826354980469e+00 4.799478360683299694e-01 3.888015421995453247e-01 -4.924975545749687988e-01 6.131308964810832096e-01
7.474541664123535156e-02 -3.551281094551086426e-01 -1.705454826354980469e+00 4.799478855502166130e-01 3.888014633053851754e-01 -4.924975692899596358e-01 6.131308876012827591e-01
7.474538683891296387e-02 -3.551281094551086426e-01 -1.705454945564270020e+00 4.799481135549226174e-01 3.888012087441679032e-01 -4.924975793369837374e-01 6.131308602298706223e-01
7.474537938833236694e-02 -3.551281094551086426e-01 -1.705454945564270020e+00 4.799481795307322107e-01 3.888011475359665625e-01 -4.924975674244424506e-01 6.131308846122097700e-01
7.474537193775177002e-02 -3.551281392574310303e-01 -1.705454945564270020e+00 4.799482377446743220e-01 3.888010538062979249e-01 -4.924975855495083432e-01 6.131308801009875964e-01
7.474536448717117310e-02 -3.551281392574310303e-01 -1.705454945564270020e+00 4.799482891669840101e-01 3.888010043877688227e-01 -4.924976011840205281e-01 6.131308687423182580e-01
7.474535703659057617e-02 -3.551281392574310303e-01 -1.705454945564270020e+00 4.799483444702165591e-01 3.888009518253567331e-01 -4.924975830014946543e-01 6.131308601876547248e-01
7.474534958600997925e-02 -3.551281392574310303e-01 -1.705454945564270020e+00 4.799483958925147564e-01 3.888008713594351407e-01 -4.924976013041534317e-01 6.131308565908606401e-01
7.474534213542938232e-02 -3.551281392574310303e-01 -1.705454945564270020e+00 4.799484414934161447e-01 3.888008266567991589e-01 -4.924975884690466210e-01 6.131308526690067984e-01
7.474533468484878540e-02 -3.551281392574310303e-01 -1.705455064773559570e+00 4.799484900050086100e-01 3.888007795962540314e-01 -4.924976012689842864e-01 6.131308450287661360e-01
7.474532723426818848e-02 -3.551281392574310303e-01 -1.705455064773559570e+00 4.799485346356692772e-01 3.888007046322015658e-01 -4.924976173236509380e-01 6.131308423463898150e-01
