repeatability steamvr; 20211015-225227; x y z w i j k;  frequency = 150 duration = 2 sys.args = ['.\\repeatability.py']
7.475392520427703857e-02 -3.551189899444580078e-01 -1.705065727233886719e+00 4.798571893001860045e-01 3.887514348084581406e-01 -4.926715263702183267e-01 6.130938358554868239e-01
7.475391775369644165e-02 -3.551193177700042725e-01 -1.705065608024597168e+00 4.798572232647588809e-01 3.887513840024138800e-01 -4.926716335433324878e-01 6.130937614070264274e-01
7.475391775369644165e-02 -3.551194071769714355e-01 -1.705065608024597168e+00 4.798572349097547374e-01 3.887514056216626601e-01 -4.926716502146427645e-01 6.130937387653658810e-01
7.475391775369644165e-02 -3.551194369792938232e-01 -1.705065608024597168e+00 4.798572387914199489e-01 3.887513947136411185e-01 -4.926716599364493465e-01 6.130937338059229136e-01
7.475391775369644165e-02 -3.551194965839385986e-01 -1.705065608024597168e+00 4.798572417026688575e-01 3.887513923551228490e-01 -4.926716691989623254e-01 6.130937223230102928e-01
7.475391775369644165e-02 -3.551195263862609863e-01 -1.705065608024597168e+00 4.798572465547503163e-01 3.887513884242591589e-01 -4.926716801078743768e-01 6.130937083603765769e-01
7.475391775369644165e-02 -3.551195561885833740e-01 -1.705065608024597168e+00 4.798572484955828665e-01 3.887513868519137383e-01 -4.926716895176038724e-01 6.130937058806552598e-01
7.475391775369644165e-02 -3.551196455955505371e-01 -1.705065608024597168e+00 4.798572581997456177e-01 3.887513712268567123e-01 -4.926717038147012118e-01 6.130936857187191391e-01
7.475391775369644165e-02 -3.551196753978729248e-01 -1.705065608024597168e+00 4.798572649926594047e-01 3.887513657236482678e-01 -4.926717088492858498e-01 6.130936770396955282e-01
7.475391030311584473e-02 -3.551197052001953125e-01 -1.705065608024597168e+00 4.798572698447406415e-01 3.887513617927851883e-01 -4.926717198794992592e-01 6.130936630770631446e-01
7.475391030311584473e-02 -3.551197946071624756e-01 -1.705065608024597168e+00 4.798572776080705093e-01 3.887513477400748041e-01 -4.926717410213387605e-01 6.130936453948500064e-01
7.475391030311584473e-02 -3.551198542118072510e-01 -1.705065608024597168e+00 4.798572776080705093e-01 3.887513477400748041e-01 -4.926717554562800583e-01 6.130936376315202496e-01
7.475391030311584473e-02 -3.551198840141296387e-01 -1.705065608024597168e+00 4.798572824601515796e-01 3.887513360458824674e-01 -4.926717662438888090e-01 6.130936624855374273e-01
7.475391030311584473e-02 -3.551199734210968018e-01 -1.705065608024597168e+00 4.798572960459783765e-01 3.887513250394679098e-01 -4.926717763130564753e-01 6.130936373641634463e-01
7.475391030311584473e-02 -3.551200032234191895e-01 -1.705065608024597168e+00 4.798572989572269520e-01 3.887513226809506395e-01 -4.926717854542659869e-01 6.130936258812532680e-01
7.475391030311584473e-02 -3.551200628280639648e-01 -1.705065488815307617e+00 4.798573038093078003e-01 3.887513109867592465e-01 -4.926717963631762065e-01 6.130936196819523065e-01
7.475391030311584473e-02 -3.551200926303863525e-01 -1.705065488815307617e+00 4.798573057501401284e-01 3.887513404677318540e-01 -4.926718058942062828e-01 6.130936094389026758e-01
7.475390285253524780e-02 -3.551201522350311279e-01 -1.705065488815307617e+00 4.798573096318047848e-01 3.887513373230421787e-01 -4.926718219237158358e-01 6.130936044794620399e-01
7.475390285253524780e-02 -3.551201820373535156e-01 -1.705065488815307617e+00 4.798573144838855775e-01 3.887513256288509522e-01 -4.926718331965315723e-01 6.130935905168323208e-01
7.475390285253524780e-02 -3.551202416419982910e-01 -1.705065488815307617e+00 4.798573212767985874e-01 3.887513201256443951e-01 -4.926718382311146005e-01 6.130935740744829499e-01
7.475390285253524780e-02 -3.551203012466430664e-01 -1.705065488815307617e+00 4.798573280697114862e-01 3.887513146224381710e-01 -4.926718521207447132e-01 6.130935653954632247e-01
7.475390285253524780e-02 -3.551203906536102295e-01 -1.705065488815307617e+00 4.798573358330403549e-01 3.887513005697310065e-01 -4.926719101383925103e-01 6.130935399499262139e-01
7.475390285253524780e-02 -3.551204800605773926e-01 -1.705065488815307617e+00 4.798573465076174105e-01 3.887512919218364948e-01 -4.926719261077978640e-01 6.130935185481396488e-01
7.475390285253524780e-02 -3.551205098628997803e-01 -1.705065488815307617e+00 4.798573523301138954e-01 3.887512794414748063e-01 -4.926719368694890688e-01 6.130935111089812484e-01
7.475389540195465088e-02 -3.551206290721893311e-01 -1.705065488815307617e+00 4.798573630046905625e-01 3.887512707935813494e-01 -4.926719595105039651e-01 6.130934819438681460e-01
7.475163787603378296e-02 -3.551206290721893311e-01 -1.705064654350280762e+00 4.798637599446610169e-01 3.887514217862138022e-01 -4.926665920950824007e-01 6.130926995429712978e-01
7.475163042545318604e-02 -3.551208376884460449e-01 -1.705064654350280762e+00 4.798638783338264324e-01 3.887512637699884199e-01 -4.926666425512171710e-01 6.130926414430585281e-01
7.475163042545318604e-02 -3.551209270954132080e-01 -1.705064654350280762e+00 4.798639152091342397e-01 3.887512261330412500e-01 -4.926666695877666702e-01 6.130926253826329830e-01
7.475163042545318604e-02 -3.551209867000579834e-01 -1.705064654350280762e+00 4.798639482028283498e-01 3.887511838774817541e-01 -4.926666917545620139e-01 6.130926065182867868e-01
7.475162297487258911e-02 -3.551210463047027588e-01 -1.705064654350280762e+00 4.798639763445068374e-01 3.887511533159020982e-01 -4.926667187815210736e-01 6.130925938530641384e-01
7.475162297487258911e-02 -3.551211059093475342e-01 -1.705064654350280762e+00 4.798640122494045035e-01 3.887511164651272222e-01 -4.926667029036419510e-01 6.130925712692577578e-01
7.475162297487258911e-02 -3.551211655139923096e-01 -1.705064654350280762e+00 4.798640433022868801e-01 3.887510835451091218e-01 -4.926667235453135452e-01 6.130925626477943258e-01
7.475162297487258911e-02 -3.551212549209594727e-01 -1.705064654350280762e+00 4.798640859999968034e-01 3.887510334280816493e-01 -4.926667566128354325e-01 6.130925391484587372e-01
7.475162297487258911e-02 -3.551213145256042480e-01 -1.705064654350280762e+00 4.798641180232767756e-01 3.887509997219284474e-01 -4.926667781990176076e-01 6.130925215239628745e-01
7.475161552429199219e-02 -3.551213443279266357e-01 -1.705064654350280762e+00 4.798641442241405874e-01 3.887509707326770592e-01 -4.926668026091460817e-01 6.130925113384075864e-01
7.475161552429199219e-02 -3.551214039325714111e-01 -1.705064654350280762e+00 4.798641762474166739e-01 3.887509059736625194e-01 -4.926668218906211649e-01 6.130924937139208275e-01
7.475161552429199219e-02 -3.551214635372161865e-01 -1.705064654350280762e+00 4.798642073002883923e-01 3.887508730536779478e-01 -4.926668122072199174e-01 6.130924850924789338e-01
7.475161552429199219e-02 -3.551215529441833496e-01 -1.705064654350280762e+00 4.798642548499943428e-01 3.887508190059549840e-01 -4.926668422340814701e-01 6.130924553940672039e-01
7.474435865879058838e-02 -3.551127314567565918e-01 -1.705059289932250977e+00 4.798662917197085709e-01 3.887490369164032789e-01 -4.926698975361361588e-01 6.130895502602828895e-01
7.474435120820999146e-02 -3.551127612590789795e-01 -1.705059289932250977e+00 4.798663179204536999e-01 3.887489768747524055e-01 -4.926699214609066013e-01 6.130895400750876467e-01
7.474434375762939453e-02 -3.551128208637237549e-01 -1.705059289932250977e+00 4.798663538251762284e-01 3.887489400244621418e-01 -4.926699378487743308e-01 6.130895252550265795e-01
7.474433630704879761e-02 -3.551128506660461426e-01 -1.705059289932250977e+00 4.798663751739288275e-01 3.887489149662461951e-01 -4.926699235722875048e-01 6.130895135056807499e-01
7.474432885646820068e-02 -3.551129102706909180e-01 -1.705059289932250977e+00 4.798664062266582708e-01 3.887488820466565298e-01 -4.926699433647080406e-01 6.130894971214709832e-01
7.474432140588760376e-02 -3.551129400730133057e-01 -1.705059289932250977e+00 4.798664266050108873e-01 3.887488577745852880e-01 -4.926699602881431939e-01 6.130894866119351860e-01
7.474431395530700684e-02 -3.551129996776580811e-01 -1.705059289932250977e+00 4.798664537761463400e-01 3.887488279995550688e-01 -4.926699840657197682e-01 6.130895062396765072e-01
7.474430650472640991e-02 -3.551130294799804688e-01 -1.705059289932250977e+00 4.798664790064849917e-01 3.887487997968039344e-01 -4.926699961290073038e-01 6.130894972943028431e-01
7.474429905414581299e-02 -3.551130890846252441e-01 -1.705059289932250977e+00 4.798664993848344995e-01 3.887487755247424071e-01 -4.926700131737405952e-01 6.130894867847725971e-01
7.474429160356521606e-02 -3.551131188869476318e-01 -1.705059289932250977e+00 4.798665275263633845e-01 3.887487449635876890e-01 -4.926700364402243904e-01 6.130894741199913733e-01
7.474428415298461914e-02 -3.551131784915924072e-01 -1.705059289932250977e+00 4.798665517863007213e-01 3.887487175469852008e-01 -4.926700493785005630e-01 6.130894586512498634e-01
7.474427670240402222e-02 -3.551132082939147949e-01 -1.705059289932250977e+00 4.798665828390187293e-01 3.887486846274297303e-01 -4.926700376330017117e-01 6.130894422670642996e-01
7.474426925182342529e-02 -3.551132380962371826e-01 -1.705059289932250977e+00 4.798666032173637963e-01 3.887486603553819142e-01 -4.926700546777341150e-01 6.130894317575443786e-01
7.474425435066223145e-02 -3.551133573055267334e-01 -1.705059289932250977e+00 4.798666614412021580e-01 3.887485976608415772e-01 -4.926700966708282281e-01 6.130894039484063862e-01
7.474424690008163452e-02 -3.551133871078491211e-01 -1.705059289932250977e+00 4.798666886123243436e-01 3.887485368331412006e-01 -4.926701136556186911e-01 6.130893925234495168e-01
7.474423944950103760e-02 -3.551134467124938965e-01 -1.705059289932250977e+00 4.798667167538420708e-01 3.887485062720215656e-01 -4.926701377711963370e-01 6.130893798586930510e-01
7.474423199892044067e-02 -3.551134765148162842e-01 -1.705059289932250977e+00 4.798667429545639962e-01 3.887484772831782953e-01 -4.926701515067869463e-01 6.130893696735457699e-01
7.474422454833984375e-02 -3.551135361194610596e-01 -1.705059289932250977e+00 4.798667672144904528e-01 3.887484498666105015e-01 -4.926701337562565119e-01 6.130893542048304612e-01
7.474421709775924683e-02 -3.551135659217834473e-01 -1.705059289932250977e+00 4.798667885632247332e-01 3.887484248084527860e-01 -4.926701498046980321e-01 6.130893424555257099e-01
7.474420964717864990e-02 -3.551135957241058350e-01 -1.705059289932250977e+00 4.798668099119580144e-01 3.887484075134737260e-01 -4.926701659744388007e-01 6.130893384693989479e-01
7.474420219659805298e-02 -3.551136553287506104e-01 -1.705059289932250977e+00 4.798668409646593136e-01 3.887483668307944451e-01 -4.926701858881541995e-01 6.130893220852512426e-01
7.474419474601745605e-02 -3.551136851310729980e-01 -1.705059289932250977e+00 4.798668623133903188e-01 3.887483495358217134e-01 -4.926702037560883873e-01 6.130893103359539298e-01
7.474418729543685913e-02 -3.551137447357177734e-01 -1.705059289932250977e+00 4.798668836621203249e-01 3.887483244776769320e-01 -4.926702207749247830e-01 6.130892985866589484e-01
7.474417984485626221e-02 -3.551137745380401611e-01 -1.705059289932250977e+00 4.798669050108494427e-01 3.887482994195350372e-01 -4.926702369446634422e-01 6.130892946005401800e-01
7.474417239427566528e-02 -3.551138341426849365e-01 -1.705059289932250977e+00 4.798669399451312989e-01 3.887482633555108258e-01 -4.926702529945249931e-01 6.130892732572000847e-01
7.474416494369506836e-02 -3.551138639450073242e-01 -1.705059289932250977e+00 4.798669603234612668e-01 3.887482390835111934e-01 -4.926702389865584841e-01 6.130892627477144696e-01
7.474415749311447144e-02 -3.551139235496520996e-01 -1.705059289932250977e+00 4.798669981689288044e-01 3.887482006610957219e-01 -4.926702652692126483e-01 6.130892454481530196e-01
7.474415004253387451e-02 -3.551139533519744873e-01 -1.705059289932250977e+00 4.798670185472562744e-01 3.887481763891037501e-01 -4.926702824352382493e-01 6.130892349386730666e-01
7.474414259195327759e-02 -3.551140129566192627e-01 -1.705059289932250977e+00 4.798670398959793415e-01 3.887481513309803960e-01 -4.926702987262753797e-01 6.130892231893941835e-01
7.474413514137268066e-02 -3.551140427589416504e-01 -1.705059289932250977e+00 4.798670612447015205e-01 3.887481262728600395e-01 -4.926703148960124290e-01 6.130892192032889598e-01
7.474413514137268066e-02 -3.551140725612640381e-01 -1.705059289932250977e+00 4.798670816230262703e-01 3.887480709481919150e-01 -4.926703320620364757e-01 6.130892086938150021e-01
7.474412769079208374e-02 -3.551141023635864258e-01 -1.705059289932250977e+00 4.798671068533319484e-01 3.887480427455441978e-01 -4.926703438827247372e-01 6.130891919853399541e-01
7.474412024021148682e-02 -3.551141619682312012e-01 -1.705059289932250977e+00 4.798671311132399753e-01 3.887480230922044089e-01 -4.926703566997003292e-01 6.130891765166689433e-01
7.474411278963088989e-02 -3.551141917705535889e-01 -1.705059170722961426e+00 4.798671582843355710e-01 3.887479855541275398e-01 -4.926703490606820779e-01 6.130891650917701385e-01
7.474409788846969604e-02 -3.551142513751983643e-01 -1.705059170722961426e+00 4.798671932185989975e-01 3.887479494901600607e-01 -4.926703745719085981e-01 6.130891515116435597e-01
7.474408298730850220e-02 -3.551143705844879150e-01 -1.705059170722961426e+00 4.798672533831578879e-01 3.887478852235753402e-01 -4.926704191817932732e-01 6.130891212230659137e-01
7.474407553672790527e-02 -3.551144301891326904e-01 -1.705059170722961426e+00 4.798672854062264737e-01 3.887478515180259886e-01 -4.926704412530035770e-01 6.130891113623524458e-01
7.474406808614730835e-02 -3.551144599914550781e-01 -1.705059170722961426e+00 4.798673106365214380e-01 3.887478233154104679e-01 -4.926704540440879909e-01 6.130890946539033770e-01
7.474406063556671143e-02 -3.551144897937774658e-01 -1.705059170722961426e+00 4.798673319852315156e-01 3.887477982573286361e-01 -4.926704394037518808e-01 6.130890829046544699e-01
7.474405318498611450e-02 -3.551145493984222412e-01 -1.705059170722961426e+00 4.798673562451282182e-01 3.887477708408528798e-01 -4.926704524633272464e-01 6.130890674360106596e-01
7.474404573440551758e-02 -3.551145792007446289e-01 -1.705059170722961426e+00 4.798673775938362418e-01 3.887477457827774319e-01 -4.926704682691628867e-01 6.130890634499330805e-01
7.474404573440551758e-02 -3.551146090030670166e-01 -1.705059170722961426e+00 4.798673979721476135e-01 3.887477215108369744e-01 -4.926704853138833551e-01 6.130890529404896538e-01
7.474403083324432373e-02 -3.551146686077117920e-01 -1.705059170722961426e+00 4.798674232024366382e-01 3.887476933082397168e-01 -4.926705052616369152e-01 6.130890439952209059e-01
7.474403083324432373e-02 -3.551146984100341797e-01 -1.705059170722961426e+00 4.798674435807460670e-01 3.887476457468094226e-01 -4.926705224276556327e-01 6.130890334857818091e-01
7.474402338266372681e-02 -3.551147282123565674e-01 -1.705059170722961426e+00 4.798674688110327047e-01 3.887476175442207693e-01 -4.926705346122428608e-01 6.130890167773529464e-01
7.474401593208312988e-02 -3.551147878170013428e-01 -1.705059170722961426e+00 4.798674979229002324e-01 3.887475861971103619e-01 -4.926705527582402877e-01 6.130890028728993579e-01
7.474400848150253296e-02 -3.551148176193237305e-01 -1.705059170722961426e+00 4.798675221827884974e-01 3.887475587806616395e-01 -4.926705430135196462e-01 6.130889951674397542e-01
7.474400103092193604e-02 -3.551148772239685059e-01 -1.705059170722961426e+00 4.798675474130710272e-01 3.887475305780855317e-01 -4.926705551981079845e-01 6.130889784590209945e-01
7.474399358034133911e-02 -3.551149070262908936e-01 -1.705059170722961426e+00 4.798675687617705576e-01 3.887475055200376173e-01 -4.926705725808340208e-01 6.130889667097965123e-01
7.474398612976074219e-02 -3.551149368286132812e-01 -1.705059170722961426e+00 4.798675901104691999e-01 3.887474804619927005e-01 -4.926705887505652415e-01 6.130889627237371409e-01
7.474397867918014526e-02 -3.551149666309356689e-01 -1.705059170722961426e+00 4.798676114591668429e-01 3.887474554039507812e-01 -4.926706049202960180e-01 6.130889509745167665e-01
7.474397122859954834e-02 -3.551150560379028320e-01 -1.705059170722961426e+00 4.798676483341878241e-01 3.887474177678214571e-01 -4.926706331696192320e-01 6.130889349148662681e-01
7.474396377801895142e-02 -3.551150858402252197e-01 -1.705059170722961426e+00 4.798676696828828581e-01 3.887473927097874760e-01 -4.926706503097439960e-01 6.130889231656518890e-01
7.474395632743835449e-02 -3.551151454448699951e-01 -1.705059170722961426e+00 4.798677055875042452e-01 3.887473558598014689e-01 -4.926706668189141936e-01 6.130889005826469784e-01
7.474394142627716064e-02 -3.551152050495147705e-01 -1.705059170722961426e+00 4.798677463440981783e-01 3.887473073160122583e-01 -4.926706663380193141e-01 6.130888873269866313e-01
7.474430650472640991e-02 -3.551159203052520752e-01 -1.705059170722961426e+00 4.798657415037300145e-01 3.887461677742524713e-01 -4.926750111792279618e-01 6.130876991407623322e-01
7.474429905414581299e-02 -3.551160395145416260e-01 -1.705059170722961426e+00 4.798657647933080028e-01 3.887460557487200652e-01 -4.926751518719127421e-01 6.130876538590690483e-01
7.474429905414581299e-02 -3.551161289215087891e-01 -1.705059170722961426e+00 4.798657783788946585e-01 3.887459748741137755e-01 -4.926752181028971611e-01 6.130876287386159973e-01
7.474429905414581299e-02 -3.551161885261535645e-01 -1.705059170722961426e+00 4.798657880828848810e-01 3.887459359600073938e-01 -4.926752697602081454e-01 6.130876085773815376e-01
7.474429160356521606e-02 -3.551162183284759521e-01 -1.705059170722961426e+00 4.798657968164759535e-01 3.887459211216121591e-01 -4.926753201091223500e-01 6.130875586031843127e-01
7.474429160356521606e-02 -3.551163077354431152e-01 -1.705059170722961426e+00 4.798658094316627376e-01 3.887458565595327542e-01 -4.926754086851787284e-01 6.130875347225407390e-01
7.474428415298461914e-02 -3.551163971424102783e-01 -1.705059170722961426e+00 4.798658249580459723e-01 3.887457818758656147e-01 -4.926754600657591854e-01 6.130875071224874961e-01
7.474428415298461914e-02 -3.551164567470550537e-01 -1.705059170722961426e+00 4.798658317508385229e-01 3.887457220305929884e-01 -4.926755411553409569e-01 6.130874906806697000e-01
7.474427670240402222e-02 -3.551166057586669922e-01 -1.705059170722961426e+00 4.798658569812099262e-01 3.887456317224141089e-01 -4.926756927131565322e-01 6.130874118666296280e-01
7.474427670240402222e-02 -3.551167249679565430e-01 -1.705059170722961426e+00 4.798658763891869850e-01 3.887455306046602721e-01 -4.926757910544496966e-01 6.130873715441813587e-01
7.474426925182342529e-02 -3.551167845726013184e-01 -1.705059170722961426e+00 4.798658890043716596e-01 3.887454660426035158e-01 -4.926758615568033739e-01 6.130873166107874139e-01
7.474426180124282837e-02 -3.551169931888580322e-01 -1.705059170722961426e+00 4.798659219979300450e-01 3.887453306294444966e-01 -4.926760704034730542e-01 6.130872589311074927e-01
7.474426180124282837e-02 -3.551170527935028076e-01 -1.705059170722961426e+00 4.798659278203225020e-01 3.887452870967030294e-01 -4.926761266524689598e-01 6.130872437291010613e-01
7.474425435066223145e-02 -3.551171123981475830e-01 -1.705059170722961426e+00 4.798659384947083772e-01 3.887452396333036519e-01 -4.926761560859728717e-01 6.130871912753232955e-01
7.474425435066223145e-02 -3.551171422004699707e-01 -1.705059170722961426e+00 4.798659481986953801e-01 3.887451929560381547e-01 -4.926762075006512753e-01 6.130871711141084868e-01
7.474425435066223145e-02 -3.551172018051147461e-01 -1.705059170722961426e+00 4.798659549914861544e-01 3.887451564003588933e-01 -4.926762565670472216e-01 6.130871624354914395e-01
7.474425435066223145e-02 -3.551172316074371338e-01 -1.705059170722961426e+00 4.798659608138781674e-01 3.887451206308121798e-01 -4.926763051741480104e-01 6.130871472334877836e-01
7.474424690008163452e-02 -3.551172912120819092e-01 -1.705059170722961426e+00 4.798659714882633764e-01 3.887450654042311493e-01 -4.926763663882021693e-01 6.130871258324731565e-01
7.474424690008163452e-02 -3.551173508167266846e-01 -1.705059170722961426e+00 4.798659753698579222e-01 3.887450622597058425e-01 -4.926764185648064842e-01 6.130870898205078579e-01
7.474424690008163452e-02 -3.551174104213714600e-01 -1.705059170722961426e+00 4.798659908962358278e-01 3.887449953392833613e-01 -4.926764616969537824e-01 6.130870622204853682e-01
7.474423944950103760e-02 -3.551174700260162354e-01 -1.705059170722961426e+00 4.798659957482288019e-01 3.887449603558727484e-01 -4.926765086317571041e-01 6.130870482582866376e-01
7.474423944950103760e-02 -3.551175296306610107e-01 -1.705059170722961426e+00 4.798660073930118286e-01 3.887448965799804035e-01 -4.926765882574700162e-01 6.130870256174748567e-01
7.474423944950103760e-02 -3.551175892353057861e-01 -1.705059170722961426e+00 4.798660151562003096e-01 3.887448514749913264e-01 -4.926766545225237381e-01 6.130870079358716751e-01
7.474423199892044067e-02 -3.551176488399505615e-01 -1.705059170722961426e+00 4.798660297121783991e-01 3.887447931039010318e-01 -4.926767117513458638e-01 6.130869582860928313e-01
7.474423199892044067e-02 -3.551177084445953369e-01 -1.705059170722961426e+00 4.798660316529754222e-01 3.887447915316398772e-01 -4.926767617963572765e-01 6.130869480433014385e-01
7.474423199892044067e-02 -3.551177680492401123e-01 -1.705059170722961426e+00 4.798660432977575607e-01 3.887447432821330984e-01 -4.926767861093446776e-01 6.130869254024949866e-01
7.474422454833984375e-02 -3.551178276538848877e-01 -1.705059170722961426e+00 4.798660539721408824e-01 3.887446880555714968e-01 -4.926768552078671926e-01 6.130869040014913507e-01
7.474422454833984375e-02 -3.551178872585296631e-01 -1.705059170722961426e+00 4.798660656169224659e-01 3.887446398060699360e-01 -4.926769161533933183e-01 6.130868813606876744e-01
7.474422454833984375e-02 -3.551179468631744385e-01 -1.705059170722961426e+00 4.798660714393131466e-01 3.887445807469762649e-01 -4.926769982392223968e-01 6.130868351059425292e-01
7.474421709775924683e-02 -3.551180064678192139e-01 -1.705059170722961426e+00 4.798660869656879435e-01 3.887445215897725737e-01 -4.926770629627101328e-01 6.130868152691250073e-01
7.474421709775924683e-02 -3.551180958747863770e-01 -1.705059170722961426e+00 4.798660966696719488e-01 3.887444904389127376e-01 -4.926771176524519236e-01 6.130867951079279621e-01
7.474421709775924683e-02 -3.551181554794311523e-01 -1.705059170722961426e+00 4.798661073440541047e-01 3.887444352123638480e-01 -4.926771874787593264e-01 6.130867737069310985e-01
7.474420964717864990e-02 -3.551182448863983154e-01 -1.705059170722961426e+00 4.798661170480376659e-01 3.887443652455735421e-01 -4.926772712804471932e-01 6.130867224929892334e-01
7.474420219659805298e-02 -3.551184237003326416e-01 -1.705059051513671875e+00 4.798661539231734996e-01 3.887442344512371806e-01 -4.926774288347982034e-01 6.130866520910097650e-01
7.474419474601745605e-02 -3.551185727119445801e-01 -1.705059051513671875e+00 4.798661791535279164e-01 3.887440975640962249e-01 -4.926776050162850473e-01 6.130865732770884868e-01
7.474418729543685913e-02 -3.551187813282012939e-01 -1.705059051513671875e+00 4.798662092358718656e-01 3.887439645095143725e-01 -4.926777874971030036e-01 6.130865115537341703e-01
7.474417239427566528e-02 -3.551190793514251709e-01 -1.705059051513671875e+00 4.798662596965736493e-01 3.887437062616815320e-01 -4.926780970411727134e-01 6.130863539259415740e-01
7.474416494369506836e-02 -3.551194071769714355e-01 -1.705059051513671875e+00 4.798663111276680326e-01 3.887434627541476173e-01 -4.926784112899639245e-01 6.130862261111250655e-01
7.474415749311447144e-02 -3.551194965839385986e-01 -1.705059051513671875e+00 4.798663227724433988e-01 3.887434222678901596e-01 -4.926784752679195800e-01 6.130861957071744861e-01
7.474415749311447144e-02 -3.551195561885833740e-01 -1.705059051513671875e+00 4.798663324764226301e-01 3.887433600643385723e-01 -4.926785523980625747e-01 6.130861755460059737e-01
7.474415749311447144e-02 -3.551196157932281494e-01 -1.705059051513671875e+00 4.798663402396058375e-01 3.887433227225922661e-01 -4.926786005893841747e-01 6.130861656276184180e-01
7.474415004253387451e-02 -3.551196455955505371e-01 -1.705059051513671875e+00 4.798663499435847357e-01 3.887432838085942421e-01 -4.926786456963922478e-01 6.130861454664516819e-01
7.474415004253387451e-02 -3.551197052001953125e-01 -1.705059051513671875e+00 4.798663567363697924e-01 3.887432472529772087e-01 -4.926786936710208509e-01 6.130860979719491288e-01
7.474415004253387451e-02 -3.551197648048400879e-01 -1.705059051513671875e+00 4.798663683811440483e-01 3.887431912403643275e-01 -4.926787555868692992e-01 6.130860830943714035e-01
7.474414259195327759e-02 -3.551198244094848633e-01 -1.705059051513671875e+00 4.798663761443267006e-01 3.887431461354414197e-01 -4.926787906778139492e-01 6.130860654128041931e-01
7.474414259195327759e-02 -3.551198542118072510e-01 -1.705059051513671875e+00 4.798663829371114242e-01 3.887431328693760624e-01 -4.926788391376371590e-01 6.130860489710358019e-01
7.474414259195327759e-02 -3.551199138164520264e-01 -1.705059051513671875e+00 4.798663926410893787e-01 3.887430939553860876e-01 -4.926788836381387204e-01 6.130860365730567141e-01
7.474414259195327759e-02 -3.551199436187744141e-01 -1.705059051513671875e+00 4.798663994338738803e-01 3.887430573997754379e-01 -4.926789310062616445e-01 6.130859890785606003e-01
7.474413514137268066e-02 -3.551200032234191895e-01 -1.705059051513671875e+00 4.798664013746694601e-01 3.887430247747949430e-01 -4.926789835985211918e-01 6.130859788357828632e-01
7.474413514137268066e-02 -3.551200330257415771e-01 -1.705059051513671875e+00 4.798664139898403125e-01 3.887429757392498741e-01 -4.926790306898823357e-01 6.130859627184133132e-01
7.474413514137268066e-02 -3.551201224327087402e-01 -1.705059051513671875e+00 4.798664256346131807e-01 3.887429197266513148e-01 -4.926790770793530450e-01 6.130859400776605961e-01
7.474412769079208374e-02 -3.551201820373535156e-01 -1.705059051513671875e+00 4.798664314569994760e-01 3.887428761939897837e-01 -4.926791323578620374e-01 6.130859248756939106e-01
7.474412769079208374e-02 -3.551202118396759033e-01 -1.705059051513671875e+00 4.798664431017719001e-01 3.887428667604851396e-01 -4.926791791112281604e-01 6.130859022349435250e-01
7.474412024021148682e-02 -3.551204204559326172e-01 -1.705059051513671875e+00 4.798664712433040047e-01 3.887426964624117742e-01 -4.926793913621126397e-01 6.130858197017373667e-01
7.474411278963088989e-02 -3.551205396652221680e-01 -1.705059051513671875e+00 4.798664935624490369e-01 3.887426162760942439e-01 -4.926794995719988579e-01 6.130857446073234573e-01
7.474411278963088989e-02 -3.551206290721893311e-01 -1.705059051513671875e+00 4.798665100592077182e-01 3.887425408065318666e-01 -4.926795909553846053e-01 6.130857157675990710e-01
7.474410533905029297e-02 -3.551207482814788818e-01 -1.705059051513671875e+00 4.798665294671584092e-01 3.887424319258818706e-01 -4.926797207130328982e-01 6.130856754453078983e-01
7.474410533905029297e-02 -3.551208376884460449e-01 -1.705059051513671875e+00 4.798665362599409678e-01 3.887423798439325617e-01 -4.926797695367287067e-01 6.130856279508328788e-01
7.474409788846969604e-02 -3.551208972930908203e-01 -1.705059051513671875e+00 4.798665488751082675e-01 3.887423230452413114e-01 -4.926798408879964897e-01 6.130856040703017706e-01
7.475679367780685425e-02 -3.551374673843383789e-01 -1.705071806907653809e+00 4.798465825316816646e-01 3.887470862051154441e-01 -4.926559604296338324e-01 6.131174184334730048e-01
7.475679367780685425e-02 -3.551375269889831543e-01 -1.705071806907653809e+00 4.798465582707347465e-01 3.887470825695814591e-01 -4.926559719947004590e-01 6.131174106150520942e-01
7.475679367780685425e-02 -3.551376163959503174e-01 -1.705071806907653809e+00 4.798465340097865517e-01 3.887470789340481403e-01 -4.926559838023790161e-01 6.131174338506465427e-01
7.475679367780685425e-02 -3.551377356052398682e-01 -1.705071806907653809e+00 4.798464845174484905e-01 3.887470646856781564e-01 -4.926560084140874096e-01 6.131174893253157343e-01
7.475679367780685425e-02 -3.551378250122070312e-01 -1.705071806907653809e+00 4.798464583156203944e-01 3.887470548590401531e-01 -4.926559878852136420e-01 6.131174839868321902e-01
7.475680112838745117e-02 -3.551379144191741943e-01 -1.705071806907653809e+00 4.798464233798473977e-01 3.887470521081968222e-01 -4.926560077413718597e-01 6.131175208620532890e-01
7.475680112838745117e-02 -3.551381826400756836e-01 -1.705071926116943359e+00 4.798463292473351682e-01 3.887470274439730478e-01 -4.926560212930019556e-01 6.131175790306135909e-01
7.476762682199478149e-02 -3.551145792007446289e-01 -1.705025434494018555e+00 4.798620889075878582e-01 3.887476440365412733e-01 -4.926504920288088396e-01 6.131093129975889733e-01
7.476765662431716919e-02 -3.551146388053894043e-01 -1.705025434494018555e+00 4.798620559137659614e-01 3.887476319493572974e-01 -4.926505056446868203e-01 6.131093396265727691e-01
7.476769387722015381e-02 -3.551147282123565674e-01 -1.705025434494018555e+00 4.798620035118087990e-01 3.887476278219101911e-01 -4.926505337273991425e-01 6.131093677631573868e-01
7.476772367954254150e-02 -3.551147878170013428e-01 -1.705025434494018555e+00 4.798619705179810180e-01 3.887476157347277139e-01 -4.926505487988985799e-01 6.131093943921570588e-01
7.476774603128433228e-02 -3.551148474216461182e-01 -1.705025434494018555e+00 4.798619443169984677e-01 3.887476059077519253e-01 -4.926505286334236788e-01 6.131094201053406412e-01
7.476776093244552612e-02 -3.551148772239685059e-01 -1.705025315284729004e+00 4.798619258792691800e-01 3.887476053180875524e-01 -4.926505373732576465e-01 6.131094436628369282e-01
7.476778328418731689e-02 -3.551149368286132812e-01 -1.705025315284729004e+00 4.798618977374704553e-01 3.887476048266669260e-01 -4.926505532858620473e-01 6.131094408027454312e-01
7.476780563592910767e-02 -3.551149666309356689e-01 -1.705025315284729004e+00 4.798618715364839638e-01 3.887475949996923030e-01 -4.926505656290205981e-01 6.131094665159403378e-01
7.476782053709030151e-02 -3.551150262355804443e-01 -1.705025315284729004e+00 4.798618530987519004e-01 3.887475944100296510e-01 -4.926505747327628026e-01 6.131094823101898017e-01
7.476799935102462769e-02 -3.551154136657714844e-01 -1.705025196075439453e+00 4.798616357275411470e-01 3.887475376099613911e-01 -4.926506166736162040e-01 6.131096435920890819e-01
7.476813346147537231e-02 -3.551157116889953613e-01 -1.705025196075439453e+00 4.798614697878452739e-01 3.887475012500127280e-01 -4.926506671905383494e-01 6.131097469243353970e-01
7.476818561553955078e-02 -3.551158010959625244e-01 -1.705025076866149902e+00 4.798614086521533761e-01 3.887474886714331057e-01 -4.926506653021934246e-01 6.131098095097141654e-01
7.476821541786193848e-02 -3.551158607006072998e-01 -1.705025076866149902e+00 4.798613775991005803e-01 3.887474750119566114e-01 -4.926506800794338004e-01 6.131098414223491444e-01
7.476826757192611694e-02 -3.551159799098968506e-01 -1.705025076866149902e+00 4.798613096705404701e-01 3.887474679364410490e-01 -4.926507141559444136e-01 6.131098738705509366e-01
7.476828992366790771e-02 -3.551160395145416260e-01 -1.705025076866149902e+00 4.798612834695218932e-01 3.887474581094728654e-01 -4.926506945969928442e-01 6.131098995838420995e-01
7.476830482482910156e-02 -3.551160693168640137e-01 -1.705025076866149902e+00 4.798612650317671813e-01 3.887474497565573395e-01 -4.926507024877642138e-01 6.131098920883605308e-01
7.476831972599029541e-02 -3.551160991191864014e-01 -1.705025076866149902e+00 4.798612427123790103e-01 3.887474523115139191e-01 -4.926507158192368618e-01 6.131099128421670930e-01
7.476834207773208618e-02 -3.551161587238311768e-01 -1.705025076866149902e+00 4.798612165113567141e-01 3.887474424845465126e-01 -4.926507275559527943e-01 6.131099385554686920e-01
7.476835697889328003e-02 -3.551161885261535645e-01 -1.705025076866149902e+00 4.798611980735994487e-01 3.887474418948976274e-01 -4.926507369023415683e-01 6.131099543497899873e-01
7.476837188005447388e-02 -3.551162183284759521e-01 -1.705025076866149902e+00 4.798611844878831190e-01 3.887474296112234939e-01 -4.926507410247684127e-01 6.131099717080139566e-01
7.476839423179626465e-02 -3.551162779331207275e-01 -1.705024957656860352e+00 4.798611544052241995e-01 3.887474306921308020e-01 -4.926507266639199578e-01 6.131099713277511354e-01
7.476840913295745850e-02 -3.551163077354431152e-01 -1.705024957656860352e+00 4.798611359674645471e-01 3.887474223392159978e-01 -4.926507355251081854e-01 6.131099871220787589e-01
7.476842403411865234e-02 -3.551163375377655029e-01 -1.705024957656860352e+00 4.798611185001126489e-01 3.887474209634167455e-01 -4.926507442391326319e-01 6.131100094398025391e-01
7.476843893527984619e-02 -3.551163673400878906e-01 -1.705024957656860352e+00 4.798611039439855674e-01 3.887474482822332877e-01 -4.926507499643406063e-01 6.131100202746396777e-01
7.476845383644104004e-02 -3.551163971424102783e-01 -1.705024957656860352e+00 4.798610864766325035e-01 3.887474391431676168e-01 -4.926507586783673842e-01 6.131100348290995372e-01
7.476846873760223389e-02 -3.551164269447326660e-01 -1.705024957656860352e+00 4.798610641572360058e-01 3.887474416981314129e-01 -4.926507724950604517e-01 6.131100633461995519e-01
7.476847618818283081e-02 -3.551164567470550537e-01 -1.705024957656860352e+00 4.798610505715159014e-01 3.887474371777256410e-01 -4.926507771026976679e-01 6.131100418880924829e-01
7.476849853992462158e-02 -3.551164865493774414e-01 -1.705024957656860352e+00 4.798610253408918114e-01 3.887474265646095883e-01 -4.926507587308999736e-01 6.131100663615506319e-01
7.476851344108581543e-02 -3.551165163516998291e-01 -1.705024957656860352e+00 4.798610117551705412e-01 3.887474220442039829e-01 -4.926507633385383000e-01 6.131100837197903664e-01
7.476852834224700928e-02 -3.551165461540222168e-01 -1.705024957656860352e+00 4.798609933174054487e-01 3.887474214545604267e-01 -4.926507730488437486e-01 6.131100995141338661e-01
7.476854324340820312e-02 -3.551166057586669922e-01 -1.705024957656860352e+00 4.798609719684133745e-01 3.887474232233748550e-01 -4.926507858692714126e-01 6.131101267913734443e-01
7.476855814456939697e-02 -3.551166355609893799e-01 -1.705024957656860352e+00 4.798609515898291100e-01 3.887474164427673351e-01 -4.926507944182982324e-01 6.131101450654714569e-01
7.476858049631118774e-02 -3.551166951656341553e-01 -1.705024957656860352e+00 4.798609253887909376e-01 3.887474066158048691e-01 -4.926508051846330005e-01 6.131101397257385788e-01
7.476862519979476929e-02 -3.551167845726013184e-01 -1.705024838447570801e+00 4.798608720163013985e-01 3.887473955113046054e-01 -4.926508027255535604e-01 6.131101923923246710e-01
7.476864755153656006e-02 -3.551168143749237061e-01 -1.705024838447570801e+00 4.798608458152588963e-01 3.887473856843428610e-01 -4.926508133705939096e-01 6.131102181056872213e-01
7.476866990327835083e-02 -3.551168739795684814e-01 -1.705024838447570801e+00 4.798608205846240371e-01 3.887473828345008320e-01 -4.926508254453855762e-01 6.131102115260889107e-01
7.476869225502014160e-02 -3.551169037818908691e-01 -1.705024838447570801e+00 4.798607914723513890e-01 3.887473753659985709e-01 -4.926508417478784319e-01 6.131102409590860614e-01
7.476888597011566162e-02 -3.551169931888580322e-01 -1.705024838447570801e+00 4.798626206900519220e-01 3.887488590350389739e-01 -4.926496729057348589e-01 6.131088043428530865e-01
7.476893812417984009e-02 -3.551170825958251953e-01 -1.705024838447570801e+00 4.798626080747813161e-01 3.887488770182329079e-01 -4.926496578367117185e-01 6.131088126978344599e-01
7.476897537708282471e-02 -3.551171422004699707e-01 -1.705024838447570801e+00 4.798625993411322344e-01 3.887488918568274832e-01 -4.926496463032739026e-01 6.131088160933625408e-01
7.476900517940521240e-02 -3.551172018051147461e-01 -1.705024838447570801e+00 4.798625906074829861e-01 3.887488989321789545e-01 -4.926496357402412873e-01 6.131088194888909548e-01
7.476904243230819702e-02 -3.551172912120819092e-01 -1.705024838447570801e+00 4.798625779922116030e-01 3.887489169153757196e-01 -4.926496294048665625e-01 6.131088278438742156e-01
7.476907968521118164e-02 -3.551173508167266846e-01 -1.705024719238281250e+00 4.798625721697785673e-01 3.887489293955214142e-01 -4.926496134270271221e-01 6.131088275198123272e-01
7.476911693811416626e-02 -3.551174402236938477e-01 -1.705024719238281250e+00 4.798625585841010954e-01 3.887489481648704892e-01 -4.926496042062942227e-01 6.131088371146606875e-01
7.476917654275894165e-02 -3.551175296306610107e-01 -1.705024719238281250e+00 4.798625440280177568e-01 3.887489677203713745e-01 -4.926496180585521745e-01 6.131088401861292114e-01
7.476922869682312012e-02 -3.551176488399505615e-01 -1.705024719238281250e+00 4.798625314127450969e-01 3.887489857035726915e-01 -4.926496014126182099e-01 6.131088485411155808e-01
7.476925849914550781e-02 -3.551177084445953369e-01 -1.705024719238281250e+00 4.798625178270665148e-01 3.887490044729258742e-01 -4.926495951031021892e-01 6.131088581359668277e-01
7.476928830146789551e-02 -3.551177382469177246e-01 -1.705024719238281250e+00 4.798625158862552809e-01 3.887490138084721547e-01 -4.926495830247493157e-01 6.131088528524498704e-01
7.476931065320968628e-02 -3.551177978515625000e-01 -1.705024600028991699e+00 4.798625090934158233e-01 3.887490193115268888e-01 -4.926495753212147277e-01 6.131088537682531925e-01
7.476933300495147705e-02 -3.551178574562072754e-01 -1.705024600028991699e+00 4.798625032709818994e-01 3.887490317916763582e-01 -4.926495667427163716e-01 6.131088612074379052e-01
7.476936280727386475e-02 -3.551178872585296631e-01 -1.705024600028991699e+00 4.798624925965195853e-01 3.887490482025801608e-01 -4.926495629029384316e-01 6.131088670826984055e-01
7.476938515901565552e-02 -3.551179468631744385e-01 -1.705024600028991699e+00 4.798624867740854949e-01 3.887490529194850275e-01 -4.926495569930554042e-01 6.131088667586381824e-01
7.476940006017684937e-02 -3.551179766654968262e-01 -1.705024600028991699e+00 4.798624867740854949e-01 3.887490529194850275e-01 -4.926495474102992600e-01 6.131088667586381824e-01
7.476941496133804321e-02 -3.551180064678192139e-01 -1.705024600028991699e+00 4.798624828924626939e-01 3.887490638273339849e-01 -4.926495422978036109e-01 6.131088639548496477e-01
7.476943731307983398e-02 -3.551180362701416016e-01 -1.705024600028991699e+00 4.798624731884056360e-01 3.887490716888428732e-01 -4.926495386747681282e-01 6.131088763534924269e-01
7.476946711540222168e-02 -3.551180958747863770e-01 -1.705024600028991699e+00 4.798624663955655678e-01 3.887490849551452632e-01 -4.926495309712328741e-01 6.131088772692969702e-01
7.476948201656341553e-02 -3.551181256771087646e-01 -1.705024600028991699e+00 4.798624615435369001e-01 3.887490888859000959e-01 -4.926495255206935764e-01 6.131088757053729799e-01
7.476950436830520630e-02 -3.551181554794311523e-01 -1.705024600028991699e+00 4.798624566915081768e-01 3.887491005799010857e-01 -4.926495187358463368e-01 6.131088819046949245e-01
7.476952672004699707e-02 -3.551182150840759277e-01 -1.705024600028991699e+00 4.798624498986678866e-01 3.887491060829583733e-01 -4.926495117601150664e-01 6.131088828204999119e-01
7.476960867643356323e-02 -3.551183640956878662e-01 -1.705024480819702148e+00 4.798624256385231601e-01 3.887491412632293475e-01 -4.926494902085512551e-01 6.131088982906205409e-01
7.476965337991714478e-02 -3.551184535026550293e-01 -1.705024480819702148e+00 4.798624188456824258e-01 3.887491545295345685e-01 -4.926494732861598780e-01 6.131088992064264165e-01
7.476968318223953247e-02 -3.551185131072998047e-01 -1.705024480819702148e+00 4.798624062304064908e-01 3.887491725127481534e-01 -4.926494973972669333e-01 6.131089075614206685e-01
7.476971298456192017e-02 -3.551185727119445801e-01 -1.705024480819702148e+00 4.798623984671596121e-01 3.887491865652059619e-01 -4.926494880213794780e-01 6.131089097170917546e-01
7.476975023746490479e-02 -3.551186323165893555e-01 -1.705024480819702148e+00 4.798623945855361450e-01 3.887491897098115379e-01 -4.926494734474258230e-01 6.131089069133038860e-01
7.476979494094848633e-02 -3.551187217235565186e-01 -1.705024361610412598e+00 4.798623780886359658e-01 3.887492186008807415e-01 -4.926494621208537539e-01 6.131089202277590910e-01
7.476981729269027710e-02 -3.551187813282012939e-01 -1.705024361610412598e+00 4.798623732366063543e-01 3.887492225316384609e-01 -4.926494558212085595e-01 6.131089186638364330e-01
7.476983219385147095e-02 -3.551188111305236816e-01 -1.705024361610412598e+00 4.798623683845767429e-01 3.887492264623962357e-01 -4.926494512197736597e-01 6.131089248631610422e-01
7.476984709501266479e-02 -3.551188409328460693e-01 -1.705024361610412598e+00 4.798623606213292536e-01 3.887492405148564867e-01 -4.926494499710351027e-01 6.131089270188334606e-01
7.476986199617385864e-02 -3.551188707351684570e-01 -1.705024361610412598e+00 4.798623606213292536e-01 3.887492405148564867e-01 -4.926494408734793939e-01 6.131089270188334606e-01
7.476987689733505249e-02 -3.551189005374908447e-01 -1.705024361610412598e+00 4.798623567397054535e-01 3.887492436594630618e-01 -4.926494356396818319e-01 6.131089242150459251e-01
7.476989924907684326e-02 -3.551189303398132324e-01 -1.705024361610412598e+00 4.798623528580816533e-01 3.887492545673172928e-01 -4.926494304058841589e-01 6.131089291745059899e-01
7.476991415023803711e-02 -3.551189601421356201e-01 -1.705024361610412598e+00 4.798623480060518198e-01 3.887492584980757893e-01 -4.926494262896519705e-01 6.131089276105835539e-01
7.476992905139923096e-02 -3.551189899444580078e-01 -1.705024361610412598e+00 4.798623402428039975e-01 3.887492725505374280e-01 -4.926494250409133580e-01 6.131089375295043498e-01
7.476994395256042480e-02 -3.551190197467803955e-01 -1.705024361610412598e+00 4.798623363611800308e-01 3.887492756951445028e-01 -4.926494199284163766e-01 6.131089347257170363e-01
7.476996630430221558e-02 -3.551190793514251709e-01 -1.705024361610412598e+00 4.798623305387440530e-01 3.887492881753032425e-01 -4.926494120777196173e-01 6.131089421649079663e-01
7.476998865604400635e-02 -3.551191091537475586e-01 -1.705024361610412598e+00 4.798623285979320419e-01 3.887492897476068632e-01 -4.926494009697681142e-01 6.131089368813903429e-01
7.477001100778579712e-02 -3.551191389560699463e-01 -1.705024242401123047e+00 4.798623198642778531e-01 3.887492968229735446e-01 -4.926493987764821170e-01 6.131089402769290819e-01
7.477002590894699097e-02 -3.551191687583923340e-01 -1.705024242401123047e+00 4.798623150122476866e-01 3.887493085169812512e-01 -4.926493946602497065e-01 6.131089464762554675e-01
7.477004081010818481e-02 -3.551191985607147217e-01 -1.705024242401123047e+00 4.798623111306235534e-01 3.887493116615889366e-01 -4.926493895477523366e-01 6.131089514357165315e-01
7.477005571126937866e-02 -3.551192283630371094e-01 -1.705024242401123047e+00 4.798623072489993646e-01 3.887493225694451104e-01 -4.926493844352549667e-01 6.131089486319294402e-01
7.477007061243057251e-02 -3.551192581653594971e-01 -1.705024242401123047e+00 4.798623033673751204e-01 3.887493257140530178e-01 -4.926493792014568496e-01 6.131089535913908373e-01
7.477009296417236328e-02 -3.551192879676818848e-01 -1.705024242401123047e+00 4.798622994857508761e-01 3.887493288586609808e-01 -4.926493740889593687e-01 6.131089507876037459e-01
7.477010786533355713e-02 -3.551193475723266602e-01 -1.705024242401123047e+00 4.798622936633143987e-01 3.887493413388217189e-01 -4.926493676938710764e-01 6.131089582267961191e-01
7.477013021707534790e-02 -3.551193773746490479e-01 -1.705024242401123047e+00 4.798622897816900990e-01 3.887493444834299039e-01 -4.926493625813734845e-01 6.131089554230090277e-01
7.477014511823654175e-02 -3.551194071769714355e-01 -1.705024242401123047e+00 4.798622839592535105e-01 3.887493569635912527e-01 -4.926493872392802009e-01 6.131089628622018450e-01
7.477016746997833252e-02 -3.551194369792938232e-01 -1.705024242401123047e+00 4.798622800776290998e-01 3.887493601081997152e-01 -4.926493809137751367e-01 6.131089600584148647e-01
7.477018237113952637e-02 -3.551194667816162109e-01 -1.705024242401123047e+00 4.798622713439740783e-01 3.887493671835690612e-01 -4.926493806613017057e-01 6.131090022702005982e-01
7.477021217346191406e-02 -3.551195263862609863e-01 -1.705024242401123047e+00 4.798622684327557009e-01 3.887494083582708204e-01 -4.926493680022978050e-01 6.131089982265484073e-01
7.477022707462310791e-02 -3.551195561885833740e-01 -1.705024242401123047e+00 4.798622645511311235e-01 3.887494115028799491e-01 -4.926493626471986631e-01 6.131089954227618710e-01
7.477024942636489868e-02 -3.551196157932281494e-01 -1.705024123191833496e+00 4.798622587286942576e-01 3.887494239830429632e-01 -4.926493558882078516e-01 6.131090028619557986e-01
7.477026432752609253e-02 -3.551196455955505371e-01 -1.705024123191833496e+00 4.798622509654449919e-01 3.887494302722617201e-01 -4.926493545181685474e-01 6.131090050176322137e-01
7.477028667926788330e-02 -3.551196753978729248e-01 -1.705024123191833496e+00 4.798622451430079594e-01 3.887494427524254559e-01 -4.926493477591776804e-01 6.131090124568266964e-01
7.477030158042907715e-02 -3.551197052001953125e-01 -1.705024123191833496e+00 4.798622412613832711e-01 3.887494458970350841e-01 -4.926493426466797554e-01 6.131090096530402711e-01
7.477031648159027100e-02 -3.551197350025177002e-01 -1.705024123191833496e+00 4.798622412613832711e-01 3.887494536602845718e-01 -4.926493334278210234e-01 6.131090096530402711e-01
7.477033883333206177e-02 -3.551197946071624756e-01 -1.705024123191833496e+00 4.798622315573212727e-01 3.887494615218092808e-01 -4.926493310177923468e-01 6.131090142884489946e-01
7.477036118507385254e-02 -3.551198244094848633e-01 -1.705024123191833496e+00 4.798622257348840181e-01 3.887494740019740713e-01 -4.926493243801018940e-01 6.131090217276441434e-01
7.477039843797683716e-02 -3.551198840141296387e-01 -1.705024123191833496e+00 4.798622160308217421e-01 3.887494818634996685e-01 -4.926493119021085332e-01 6.131090185998037123e-01
7.477043569087982178e-02 -3.551199734210968018e-01 -1.705024123191833496e+00 4.798622043859467889e-01 3.887494990605810941e-01 -4.926493055408716071e-01 6.131090334781954532e-01
7.477045059204101562e-02 -3.551200032234191895e-01 -1.705024123191833496e+00 4.798622034155404781e-01 3.887495076099838909e-01 -4.926492956200663187e-01 6.131090269548113980e-01
7.477048039436340332e-02 -3.551200330257415771e-01 -1.705024003982543945e+00 4.798621966226966351e-01 3.887495131130527248e-01 -4.926492877952263205e-01 6.131090278706234908e-01
7.477051019668579102e-02 -3.551202118396759033e-01 -1.705024480819702148e+00 4.798617104489059648e-01 3.887538584745202641e-01 -4.926444949301135856e-01 6.131105262926235255e-01
7.477053999900817871e-02 -3.551203012466430664e-01 -1.705024480819702148e+00 4.798616978336114336e-01 3.887539385639653955e-01 -4.926443927668965328e-01 6.131105346476966034e-01
7.477056980133056641e-02 -3.551203608512878418e-01 -1.705024480819702148e+00 4.798616823070946391e-01 3.887540132486470013e-01 -4.926443146988049304e-01 6.131105544856444434e-01
7.477059215307235718e-02 -3.551203906536102295e-01 -1.705024480819702148e+00 4.798616716326140064e-01 3.887540607127392689e-01 -4.926442967880160229e-01 6.131105914140108082e-01
7.477061450481414795e-02 -3.551204204559326172e-01 -1.705024480819702148e+00 4.798616628989478827e-01 3.887540833147298258e-01 -4.926442355210986501e-01 6.131106025728585429e-01
7.477062940597534180e-02 -3.551204800605773926e-01 -1.705024480819702148e+00 4.798616512540594958e-01 3.887541315649897800e-01 -4.926441777281538870e-01 6.131106096880639678e-01
7.477065175771713257e-02 -3.551205098628997803e-01 -1.705024480819702148e+00 4.798616434908004047e-01 3.887541766705964186e-01 -4.926441343879193746e-01 6.131106196070407188e-01
7.477066665887832642e-02 -3.551205396652221680e-01 -1.705024480819702148e+00 4.798616366979485681e-01 3.887542132267813311e-01 -4.926440901727275889e-01 6.131106282861459311e-01
7.477068156003952026e-02 -3.551205694675445557e-01 -1.705024480819702148e+00 4.798616289346892549e-01 3.887542505691314321e-01 -4.926440783707318194e-01 6.131106614949017874e-01
7.477070391178131104e-02 -3.551206290721893311e-01 -1.705024480819702148e+00 4.798616211714297752e-01 3.887543034380019358e-01 -4.926440171992573780e-01 6.131106714138804259e-01
7.477072626352310181e-02 -3.551206588745117188e-01 -1.705024480819702148e+00 4.798616095265403891e-01 3.887543516882722150e-01 -4.926439596489051720e-01 6.131106862923491052e-01
7.477074116468429565e-02 -3.551206886768341064e-01 -1.705024480819702148e+00 4.798616046745030617e-01 3.887543944353932801e-01 -4.926439108938752698e-01 6.131106847284516492e-01
7.477076351642608643e-02 -3.551207482814788818e-01 -1.705024480819702148e+00 4.798615891479832141e-01 3.887544535935865131e-01 -4.926438887454884785e-01 6.131107045664120347e-01
7.477079331874847412e-02 -3.551208376884460449e-01 -1.705024480819702148e+00 4.798615745918703990e-01 3.887545352553999356e-01 -4.926437849357178100e-01 6.131107464542825403e-01
7.477082312107086182e-02 -3.551208674907684326e-01 -1.705024480819702148e+00 4.798615590653496077e-01 3.887546021768626958e-01 -4.926437222728107246e-01 6.131107662922473667e-01
7.477084547281265259e-02 -3.551209270954132080e-01 -1.705024480819702148e+00 4.798615513020890178e-01 3.887546550457475214e-01 -4.926436914265596156e-01 6.131107684479698561e-01
7.477086782455444336e-02 -3.551209568977355957e-01 -1.705024480819702148e+00 4.798615386867903232e-01 3.887546730291566721e-01 -4.926436330529350704e-01 6.131108156193617598e-01
7.477088272571563721e-02 -3.551209867000579834e-01 -1.705024480819702148e+00 4.798615309235294002e-01 3.887547181347841274e-01 -4.926435897126834051e-01 6.131108255383465044e-01
7.477089762687683105e-02 -3.551210463047027588e-01 -1.705024480819702148e+00 4.798615241306760093e-01 3.887547546909865259e-01 -4.926435458613780405e-01 6.131108264541975661e-01
7.477091997861862183e-02 -3.551210761070251465e-01 -1.705024480819702148e+00 4.798615163674148643e-01 3.887548075598781239e-01 -4.926435156216271705e-01 6.131108363731830879e-01
7.477094233036041260e-02 -3.551211357116699219e-01 -1.705024480819702148e+00 4.798615037521152260e-01 3.887548565963390157e-01 -4.926434585823052936e-01 6.131108447282742624e-01
7.477095723152160645e-02 -3.551211655139923096e-01 -1.705024361610412598e+00 4.798614959888537479e-01 3.887549094652347770e-01 -4.926433971682049884e-01 6.131108857003071400e-01
7.477098703384399414e-02 -3.551212251186370850e-01 -1.705024361610412598e+00 4.798614843439612532e-01 3.887549732420583215e-01 -4.926433306415545776e-01 6.131109005787889199e-01
7.477100193500518799e-02 -3.551212549209594727e-01 -1.705024361610412598e+00 4.798614765806994420e-01 3.887550105844346238e-01 -4.926433172626327739e-01 6.131109027345155171e-01
7.477102428674697876e-02 -3.551212847232818604e-01 -1.705024361610412598e+00 4.798614649358065587e-01 3.887550665980014641e-01 -4.926432597122498702e-01 6.131109176129988514e-01
7.477103918790817261e-02 -3.551213443279266357e-01 -1.705024361610412598e+00 4.798614571725444145e-01 3.887551039403810416e-01 -4.926432167358896774e-01 6.131109275319883700e-01
7.477105408906936646e-02 -3.551213741302490234e-01 -1.705024361610412598e+00 4.798614503796899688e-01 3.887551404965953750e-01 -4.926431731271753156e-01 6.131109595008914503e-01
7.477107644081115723e-02 -3.551214039325714111e-01 -1.705024361610412598e+00 4.798614426164276581e-01 3.887551933655022385e-01 -4.926431432513179165e-01 6.131109694198821902e-01
7.477109879255294800e-02 -3.551214635372161865e-01 -1.705024361610412598e+00 4.798614270899025924e-01 3.887552137074322678e-01 -4.926430894433486696e-01 6.131109814946025249e-01
7.477111369371414185e-02 -3.551214933395385742e-01 -1.705024361610412598e+00 4.798614202970477027e-01 3.887552580269135749e-01 -4.926430386778723469e-01 6.131109901737206158e-01
7.477112859487533569e-02 -3.551215231418609619e-01 -1.705024361610412598e+00 4.798614164154162975e-01 3.887552922246323983e-01 -4.926429911099778902e-01 6.131109951332167629e-01
7.477114349603652954e-02 -3.551215529441833496e-01 -1.705024361610412598e+00 4.798614047705219154e-01 3.887553404749513053e-01 -4.926429517547291081e-01 6.131110333014951896e-01
7.477117329835891724e-02 -3.551216125488281250e-01 -1.705024361610412598e+00 4.798613911848114144e-01 3.887553980608705051e-01 -4.926429139067858842e-01 6.131110506597348131e-01
7.477125525474548340e-02 -3.551217913627624512e-01 -1.705024361610412598e+00 4.798613513980856671e-01 3.887556088488011707e-01 -4.926427071779315714e-01 6.131111170211154260e-01
7.477127760648727417e-02 -3.551218509674072266e-01 -1.705024361610412598e+00 4.798613397531897307e-01 3.887556726256637396e-01 -4.926426396808398778e-01 6.131111318996117499e-01
7.477129995822906494e-02 -3.551218807697296143e-01 -1.705024361610412598e+00 4.798613290787014929e-01 3.887557200898330012e-01 -4.926425929003698245e-01 6.131111377749700608e-01
7.477131485939025879e-02 -3.551219105720520020e-01 -1.705024361610412598e+00 4.798613213154371837e-01 3.887557574322355047e-01 -4.926425797640363591e-01 6.131111476939687943e-01
7.477133721113204956e-02 -3.551219701766967773e-01 -1.705024361610412598e+00 4.798613135521727635e-01 3.887557792481102781e-01 -4.926425182286005011e-01 6.131111886660258747e-01
7.477135211229324341e-02 -3.551219999790191650e-01 -1.705024361610412598e+00 4.798613057889081768e-01 3.887558165905151686e-01 -4.926424750096152216e-01 6.131111908217614648e-01
7.477137446403503418e-02 -3.551220297813415527e-01 -1.705024361610412598e+00 4.798612941440111301e-01 3.887558726041248636e-01 -4.926424175804967054e-01 6.131112057002623406e-01
7.477138936519622803e-02 -3.551220595836639404e-01 -1.705024361610412598e+00 4.798612902623786702e-01 3.887559068018585640e-01 -4.926423700125858174e-01 6.131112106597629285e-01
