repeatability steamvr; 20211015-225233; x y z w i j k;  frequency = 150 duration = 2 sys.args = ['.\\repeatability.py']
7.471200823783874512e-02 -3.550213873386383057e-01 -1.704777121543884277e+00 4.798094210864422005e-01 3.887040414445742109e-01 -4.927087422333392697e-01 6.131314025309869686e-01
7.471169531345367432e-02 -3.550211489200592041e-01 -1.704777121543884277e+00 4.798096530389964198e-01 3.887040321091672079e-01 -4.927082468592031694e-01 6.131316107937301307e-01
7.471161335706710815e-02 -3.550210893154144287e-01 -1.704777121543884277e+00 4.798097161223077167e-01 3.887040353527335124e-01 -4.927081217869647700e-01 6.131316466433213153e-01
7.471155375242233276e-02 -3.550210595130920410e-01 -1.704777121543884277e+00 4.798097607658767805e-01 3.887040612988229005e-01 -4.927079981809764364e-01 6.131316827640925782e-01
7.471148669719696045e-02 -3.550209999084472656e-01 -1.704777121543884277e+00 4.798098122030273749e-01 3.887040584489899198e-01 -4.927078959862896124e-01 6.131317490240721924e-01
7.471142709255218506e-02 -3.550209701061248779e-01 -1.704777121543884277e+00 4.798098578170996720e-01 3.887040525524586010e-01 -4.927078049877378629e-01 6.131317761405582489e-01
7.471136748790740967e-02 -3.550209105014801025e-01 -1.704777121543884277e+00 4.798099034311676392e-01 3.887040466559320007e-01 -4.927077121694978246e-01 6.131318420775263567e-01
7.471129298210144043e-02 -3.550208806991577148e-01 -1.704777121543884277e+00 4.798099538977909639e-01 3.887040756487277204e-01 -4.927075794298499400e-01 6.131318785212891420e-01
7.471122592687606812e-02 -3.550208210945129395e-01 -1.704777121543884277e+00 4.798100092169680919e-01 3.887040696539837970e-01 -4.927074693668250238e-01 6.131319087641406984e-01
7.471116632223129272e-02 -3.550207912921905518e-01 -1.704777121543884277e+00 4.798100490079512670e-01 3.887040684748590547e-01 -4.927073861676748989e-01 6.131319743780916376e-01
7.471110671758651733e-02 -3.550207316875457764e-01 -1.704777121543884277e+00 4.798100955925126976e-01 3.887040850843960782e-01 -4.927072952644664938e-01 6.131320002543899639e-01
7.471105456352233887e-02 -3.550207018852233887e-01 -1.704777240753173828e+00 4.798101363540002162e-01 3.887040753549521610e-01 -4.927071818320937768e-01 6.131320258076862206e-01
7.471099495887756348e-02 -3.550206720829010010e-01 -1.704777240753173828e+00 4.798101839090646581e-01 3.887040678859857157e-01 -4.927070895683905993e-01 6.131320815001712887e-01
7.471092790365219116e-02 -3.550206124782562256e-01 -1.704777240753173828e+00 4.798102275820788631e-01 3.887040713260399571e-01 -4.927069968024860303e-01 6.131321188611036366e-01
7.471086829900741577e-02 -3.550205826759338379e-01 -1.704777240753173828e+00 4.798102770781568216e-01 3.887040855768915670e-01 -4.927069013324943958e-01 6.131321798373082776e-01
7.471100986003875732e-02 -3.550208210945129395e-01 -1.704777240753173828e+00 4.798080924522867829e-01 3.886987978047175551e-01 -4.927073178137511000e-01 6.131368814792161892e-01
7.471092790365219116e-02 -3.550207614898681641e-01 -1.704777240753173828e+00 4.798081089510534136e-01 3.886986757410970106e-01 -4.927071882916124745e-01 6.131370234424150523e-01
7.471088320016860962e-02 -3.550207316875457764e-01 -1.704777240753173828e+00 4.798081186562099809e-01 3.886986368223251387e-01 -4.927071149993982879e-01 6.131371430305212478e-01
7.471083104610443115e-02 -3.550207018852233887e-01 -1.704777240753173828e+00 4.798081283613663817e-01 3.886985746111799589e-01 -4.927070408579860561e-01 6.131372548544977708e-01
7.471078634262084961e-02 -3.550206720829010010e-01 -1.704777240753173828e+00 4.798081380665225604e-01 3.886985046359125451e-01 -4.927069705986394932e-01 6.131373278578458041e-01
7.471074163913726807e-02 -3.550206422805786133e-01 -1.704777240753173828e+00 4.798081506832252985e-01 3.886984400660932759e-01 -4.927069002610244830e-01 6.131374126688320381e-01
7.471070438623428345e-02 -3.550206124782562256e-01 -1.704777240753173828e+00 4.798081574768343627e-01 3.886983802136357857e-01 -4.927068368735644799e-01 6.131375049210318062e-01
7.471061497926712036e-02 -3.550205528736114502e-01 -1.704777240753173828e+00 4.798081768871453323e-01 3.886982480272455631e-01 -4.927066625081632512e-01 6.131376819842045967e-01
7.471026480197906494e-02 -3.550203442573547363e-01 -1.704777359962463379e+00 4.798082603514737254e-01 3.886977611491869156e-01 -4.927061030673017261e-01 6.131383905596597961e-01
7.470969855785369873e-02 -3.550199866294860840e-01 -1.704777479171752930e+00 4.798083874889692013e-01 3.886969904393886566e-01 -4.927051690470347634e-01 6.131395091729101576e-01
7.470964640378952026e-02 -3.550199270248413086e-01 -1.704777479171752930e+00 4.798083981646352747e-01 3.886969196779726521e-01 -4.927050920893917829e-01 6.131396352848185183e-01
7.470961660146713257e-02 -3.550199270248413086e-01 -1.704777479171752930e+00 4.798084039877257290e-01 3.886968994323957705e-01 -4.927050360069429313e-01 6.131396977206676757e-01
7.470958679914474487e-02 -3.550198972225189209e-01 -1.704777479171752930e+00 4.798084098108161277e-01 3.886968481303375578e-01 -4.927049802884386764e-01 6.131397601565153899e-01
7.470956444740295410e-02 -3.550198972225189209e-01 -1.704777479171752930e+00 4.798084156339064155e-01 3.886967968282806773e-01 -4.927049590232200349e-01 6.131398148282413141e-01
7.470954209566116333e-02 -3.550198674201965332e-01 -1.704777479171752930e+00 4.798084214569967032e-01 3.886967765827061827e-01 -4.927049068228351314e-01 6.131398384434847415e-01
7.470945268869400024e-02 -3.550198078155517578e-01 -1.704777479171752930e+00 4.798084428083270181e-01 3.886966428240183347e-01 -4.927047621274694977e-01 6.131400440825459652e-01
7.470939308404922485e-02 -3.550197780132293701e-01 -1.704777479171752930e+00 4.798084554250217071e-01 3.886965704901758079e-01 -4.927046503004506306e-01 6.131401366575369716e-01
7.470931857824325562e-02 -3.550197184085845947e-01 -1.704777479171752930e+00 4.798084738648057401e-01 3.886964779107691670e-01 -4.927045202410870739e-01 6.131403071965962903e-01
7.470925152301788330e-02 -3.550196886062622070e-01 -1.704777479171752930e+00 4.798084864814996520e-01 3.886963667563401170e-01 -4.927044325556408366e-01 6.131404308280522519e-01
7.470920681953430176e-02 -3.550196588039398193e-01 -1.704777479171752930e+00 4.798084971571635049e-01 3.886963037590734915e-01 -4.927043621490079239e-01 6.131405258834405902e-01
7.470916211605072021e-02 -3.550196290016174316e-01 -1.704777479171752930e+00 4.798085078328270803e-01 3.886962407618098081e-01 -4.927042576530438756e-01 6.131406364670629605e-01
7.470910996198654175e-02 -3.550195991992950439e-01 -1.704777598381042480e+00 4.798085165674607633e-01 3.886962026293468986e-01 -4.927041870559581982e-01 6.131407107105021348e-01
7.470904290676116943e-02 -3.550195395946502686e-01 -1.704777598381042480e+00 4.798085359777572445e-01 3.886960859713922689e-01 -4.927040916664517378e-01 6.131408567169575052e-01
7.470900565385818481e-02 -3.550195395946502686e-01 -1.704777598381042480e+00 4.798085447123903724e-01 3.886960245465799768e-01 -4.927040253153759930e-01 6.131409542527438417e-01
7.470896840095520020e-02 -3.550195097923278809e-01 -1.704777598381042480e+00 4.798085505354790503e-01 3.886959965369033987e-01 -4.927039621967269634e-01 6.131410166885602475e-01
7.470892369747161865e-02 -3.550194799900054932e-01 -1.704777598381042480e+00 4.798085612111414600e-01 3.886959335396545923e-01 -4.927038954295456796e-01 6.131410962156886857e-01
7.470887154340744019e-02 -3.550194501876831055e-01 -1.704777598381042480e+00 4.798085718868036476e-01 3.886958627782908793e-01 -4.927037838973755690e-01 6.131412300916387892e-01
7.470879703760147095e-02 -3.550193905830383301e-01 -1.704777598381042480e+00 4.798085874150391228e-01 3.886957492652438062e-01 -4.927036611951907674e-01 6.131413577665405512e-01
7.470874488353729248e-02 -3.550193607807159424e-01 -1.704777598381042480e+00 4.798086010022447057e-01 3.886956683811128022e-01 -4.927035799133678284e-01 6.131414801577348417e-01
7.470811903476715088e-02 -3.550198376178741455e-01 -1.704778790473937988e+00 4.798067211116411879e-01 3.887060967746445717e-01 -4.927163963971810667e-01 6.131260249161698539e-01
7.470804452896118164e-02 -3.550198078155517578e-01 -1.704778790473937988e+00 4.798066997602342676e-01 3.887061761852581565e-01 -4.927165281129771146e-01 6.131258658607336987e-01
7.470797002315521240e-02 -3.550197780132293701e-01 -1.704778790473937988e+00 4.798066842319377301e-01 3.887062896991387295e-01 -4.927166509374386050e-01 6.131257459490546680e-01
7.470791041851043701e-02 -3.550197482109069824e-01 -1.704778790473937988e+00 4.798066706446778573e-01 3.887063628197890419e-01 -4.927167327052714429e-01 6.131256235569952917e-01
7.470782846212387085e-02 -3.550197184085845947e-01 -1.704778909683227539e+00 4.798066463817127758e-01 3.887064445891675879e-01 -4.927168685028295858e-01 6.131254992786827618e-01
7.470775395631790161e-02 -3.550196886062622070e-01 -1.704778909683227539e+00 4.798066298828958520e-01 3.887065588893187651e-01 -4.927169951141914805e-01 6.131253417864206412e-01
7.470769435167312622e-02 -3.550196886062622070e-01 -1.704778909683227539e+00 4.798066172661531459e-01 3.887066312237380528e-01 -4.927170773411898574e-01 6.131252414466002998e-01
7.470762729644775391e-02 -3.550196588039398193e-01 -1.704778909683227539e+00 4.798065988262977255e-01 3.887067082756514025e-01 -4.927171970898511777e-01 6.131251174912919488e-01
7.470756024122238159e-02 -3.550196290016174316e-01 -1.704779028892517090e+00 4.798065862095541867e-01 3.887067806100799605e-01 -4.927172823497321108e-01 6.131249705665603456e-01
7.470745593309402466e-02 -3.550195991992950439e-01 -1.704779028892517090e+00 4.798065580645096695e-01 3.887069198735456088e-01 -4.927174706598224097e-01 6.131247891357373137e-01
7.470736652612686157e-02 -3.550195693969726562e-01 -1.704779028892517090e+00 4.798065396246520287e-01 3.887070357462350523e-01 -4.927175734244361727e-01 6.131246418879469084e-01
7.470730692148208618e-02 -3.550195395946502686e-01 -1.704779148101806641e+00 4.798065202142747787e-01 3.887071135844281655e-01 -4.927176941697736234e-01 6.131245191727845434e-01
7.470725476741790771e-02 -3.550195097923278809e-01 -1.704779148101806641e+00 4.798065085680480735e-01 3.887071773684800946e-01 -4.927177689704894670e-01 6.131244098285870692e-01
7.470718771219253540e-02 -3.550194799900054932e-01 -1.704779148101806641e+00 4.798064940102642617e-01 3.887072512754360942e-01 -4.927178539186917727e-01 6.131243119690906740e-01
7.470715045928955078e-02 -3.550194799900054932e-01 -1.704779148101806641e+00 4.798064823640369458e-01 3.887073072953436959e-01 -4.927179219257835086e-01 6.131242259173379505e-01
7.470712065696716309e-02 -3.550194501876831055e-01 -1.704779148101806641e+00 4.798064765409231214e-01 3.887073275411468409e-01 -4.927179776446927728e-01 6.131241634810807861e-01
7.470706850290298462e-02 -3.550194501876831055e-01 -1.704779267311096191e+00 4.798064639241763629e-01 3.887073921114608255e-01 -4.927180524715400467e-01 6.131240631412026021e-01
7.470703870058059692e-02 -3.550194203853607178e-01 -1.704779267311096191e+00 4.798064590715813704e-01 3.887074426276239114e-01 -4.927181087709107676e-01 6.131240227572130053e-01
7.470700889825820923e-02 -3.550194203853607178e-01 -1.704779267311096191e+00 4.798064474253531664e-01 3.887074986475408944e-01 -4.927181697417516437e-01 6.131239677620570205e-01
7.470697909593582153e-02 -3.550194203853607178e-01 -1.704779267311096191e+00 4.798064396612008453e-01 3.887075204658492211e-01 -4.927181951841823615e-01 6.131239078061614389e-01
7.470694929361343384e-02 -3.550193905830383301e-01 -1.704779267311096191e+00 4.798064367496437388e-01 3.887075616453626870e-01 -4.927182468213578415e-01 6.131238494134951811e-01
7.470687478780746460e-02 -3.550193607807159424e-01 -1.704779267311096191e+00 4.798064163687432160e-01 3.887076480340007634e-01 -4.927183752357079949e-01 6.131237279384638139e-01
7.470680773258209229e-02 -3.550193309783935547e-01 -1.704779386520385742e+00 4.798064018109566287e-01 3.887077219409874607e-01 -4.927184637020796676e-01 6.131235912581666225e-01
7.470673322677612305e-02 -3.550193309783935547e-01 -1.704779386520385742e+00 4.798063843416121577e-01 3.887078059708860001e-01 -4.927185876707598222e-01 6.131234427701063305e-01
7.470668107271194458e-02 -3.550193011760711670e-01 -1.704779386520385742e+00 4.798063697838245711e-01 3.887079031703437049e-01 -4.927186693435105513e-01 6.131233526747135176e-01
7.470658421516418457e-02 -3.550192713737487793e-01 -1.704779386520385742e+00 4.798063455208443351e-01 3.887080004681714440e-01 -4.927188154530341979e-01 6.131231585188426925e-01
7.470653206110000610e-02 -3.550192415714263916e-01 -1.704779505729675293e+00 4.798063348451326315e-01 3.887080634660196043e-01 -4.927188862242983247e-01 6.131230945193190118e-01
7.470650970935821533e-02 -3.550192415714263916e-01 -1.704779505729675293e+00 4.798063280514978102e-01 3.887081155547082445e-01 -4.927189420906718520e-01 6.131230333232142726e-01
7.470647245645523071e-02 -3.550192117691040039e-01 -1.704779505729675293e+00 4.798063202873435462e-01 3.887081373730335576e-01 -4.927190022291878524e-01 6.131229656031368380e-01
7.470644265413284302e-02 -3.550192117691040039e-01 -1.704779505729675293e+00 4.798063096116312876e-01 3.887081926067340598e-01 -4.927190323599644484e-01 6.131229016036061630e-01
7.470639050006866455e-02 -3.550191819667816162e-01 -1.704779505729675293e+00 4.798062989359188069e-01 3.887082556045918791e-01 -4.927191370994160047e-01 6.131228298399182819e-01
7.470635324716567993e-02 -3.550191819667816162e-01 -1.704779505729675293e+00 4.798062892307253802e-01 3.887083100520453138e-01 -4.927191702369511095e-01 6.131227490718900164e-01
7.470629364252090454e-02 -3.550191521644592285e-01 -1.704779505729675293e+00 4.798062766139737367e-01 3.887083823865692400e-01 -4.927192825501748308e-01 6.131226254394767095e-01
7.470624893903732300e-02 -3.550191223621368408e-01 -1.704779624938964844e+00 4.798062630267022621e-01 3.887084089224190353e-01 -4.927193543703397016e-01 6.131225418680158468e-01
7.470615208148956299e-02 -3.550190925598144531e-01 -1.704779624938964844e+00 4.798062426457944118e-01 3.887085341319079790e-01 -4.927194952802287364e-01 6.131223738079610852e-01
7.470602542161941528e-02 -3.550190627574920654e-01 -1.704779624938964844e+00 4.798062106186517517e-01 3.887086843047629081e-01 -4.927196981315640212e-01 6.131221507526731784e-01
7.470598071813583374e-02 -3.550190329551696777e-01 -1.704779744148254395e+00 4.798061989724174969e-01 3.887087480889002133e-01 -4.927197692929363160e-01 6.131220569366698792e-01
7.470593601465225220e-02 -3.550190031528472900e-01 -1.704779744148254395e+00 4.798061902377416255e-01 3.887088017501226789e-01 -4.927198361299267027e-01 6.131219671642735847e-01
7.470589876174926758e-02 -3.550190031528472900e-01 -1.704779744148254395e+00 4.798061834441047502e-01 3.887088616029956145e-01 -4.927198992752293560e-01 6.131218826756675844e-01
7.470585405826568604e-02 -3.550189733505249023e-01 -1.704779744148254395e+00 4.798061727683894384e-01 3.887089168367304781e-01 -4.927199668923565312e-01 6.131218264402551466e-01
7.470581680536270142e-02 -3.550189733505249023e-01 -1.704779744148254395e+00 4.798061591811150772e-01 3.887089511367604056e-01 -4.927200382272994839e-01 6.131217428687573134e-01
7.470568269491195679e-02 -3.550189137458801270e-01 -1.704779863357543945e+00 4.798061290950061397e-01 3.887091307937938778e-01 -4.927202127600829873e-01 6.131215018047188048e-01
7.470559328794479370e-02 -3.550188839435577393e-01 -1.704779863357543945e+00 4.798061028909743064e-01 3.887092219000946591e-01 -4.927203550399357757e-01 6.131213334215074306e-01
7.470551878213882446e-02 -3.550188541412353516e-01 -1.704779863357543945e+00 4.798060883331781712e-01 3.887093346279753558e-01 -4.927204780812013407e-01 6.131212045052185644e-01
7.470540702342987061e-02 -3.550188243389129639e-01 -1.704779982566833496e+00 4.798060592175846240e-01 3.887094746780147547e-01 -4.927206733327810229e-01 6.131209932575700794e-01
7.470534741878509521e-02 -3.550187945365905762e-01 -1.704779982566833496e+00 4.798060466008268743e-01 3.887095470126089025e-01 -4.927207515565950602e-01 6.131208773892177222e-01
7.470529526472091675e-02 -3.550187647342681885e-01 -1.704779982566833496e+00 4.798060330135489604e-01 3.887096123693042915e-01 -4.927208299278516557e-01 6.131207705251987550e-01
7.470508664846420288e-02 -3.550185561180114746e-01 -1.704779744148254395e+00 4.798081167151787008e-01 3.886989023750365702e-01 -4.927207192547345405e-01 6.131260350477401033e-01
7.470504194498062134e-02 -3.550185263156890869e-01 -1.704779744148254395e+00 4.798081283613663817e-01 3.886988463555559603e-01 -4.927207817821992464e-01 6.131260124014560331e-01
7.470499724149703979e-02 -3.550184965133666992e-01 -1.704779744148254395e+00 4.798081380665225604e-01 3.886988152009074327e-01 -4.927208580704316998e-01 6.131259922355329905e-01
7.470485568046569824e-02 -3.550184369087219238e-01 -1.704779863357543945e+00 4.798081730050832161e-01 3.886986316142407860e-01 -4.927210463806874774e-01 6.131258932401959516e-01
7.470478117465972900e-02 -3.550184071063995361e-01 -1.704779863357543945e+00 4.798081875628160686e-01 3.886985421795980944e-01 -4.927211705788301366e-01 6.131258280527616122e-01
7.470472157001495361e-02 -3.550183773040771484e-01 -1.704779863357543945e+00 4.798081982384865274e-01 3.886985024746101303e-01 -4.927212333750247142e-01 6.131258066466671597e-01
7.470469176769256592e-02 -3.550183773040771484e-01 -1.704779863357543945e+00 4.798082079436413183e-01 3.886984557917267380e-01 -4.927212850364083851e-01 6.131257864807529989e-01
7.470466196537017822e-02 -3.550183475017547607e-01 -1.704779863357543945e+00 4.798082137667341041e-01 3.886984200178740245e-01 -4.927213341333508967e-01 6.131257790396791307e-01
7.470460236072540283e-02 -3.550183176994323730e-01 -1.704779863357543945e+00 4.798082244424039522e-01 3.886983414922740576e-01 -4.927214277434041056e-01 6.131257188129703994e-01
7.470455020666122437e-02 -3.550183176994323730e-01 -1.704779982566833496e+00 4.798082360885890241e-01 3.886982777086984142e-01 -4.927215150189832582e-01 6.131256961667024274e-01
7.470451295375823975e-02 -3.550182878971099854e-01 -1.704779982566833496e+00 4.798082477347738184e-01 3.886982605098647237e-01 -4.927215370273986816e-01 6.131256812845590209e-01
7.470448315143585205e-02 -3.550182878971099854e-01 -1.704779982566833496e+00 4.798082535578661045e-01 3.886982169718947167e-01 -4.927215861243345874e-01 6.131256660793646951e-01
7.470443844795227051e-02 -3.550182580947875977e-01 -1.704779982566833496e+00 4.798082652040505103e-01 3.886981687165722010e-01 -4.927216470746763610e-01 6.131256434331002758e-01
7.470440864562988281e-02 -3.550182580947875977e-01 -1.704779982566833496e+00 4.798082710271425744e-01 3.886981329427278142e-01 -4.927216948371507810e-01 6.131255971714163477e-01
7.470437884330749512e-02 -3.550182282924652100e-01 -1.704779982566833496e+00 4.798082729681732439e-01 3.886980925496633654e-01 -4.927217464648521172e-01 6.131255946910597610e-01
7.470434904098510742e-02 -3.550182282924652100e-01 -1.704779982566833496e+00 4.798082826733264805e-01 3.886980536309193046e-01 -4.927217901194675398e-01 6.131255745251550371e-01
7.470431923866271973e-02 -3.550181984901428223e-01 -1.704779982566833496e+00 4.798082894669336573e-01 3.886980170708526083e-01 -4.927218401607921239e-01 6.131255658439079825e-01
7.470428943634033203e-02 -3.550181984901428223e-01 -1.704779982566833496e+00 4.798082952900254439e-01 3.886979812970121073e-01 -4.927218571094015842e-01 6.131255506387169874e-01
7.470423728227615356e-02 -3.550181686878204346e-01 -1.704780101776123047e+00 4.798083069362087949e-01 3.886979408058224283e-01 -4.927219426865574459e-01 6.131255279924586743e-01
7.470419257879257202e-02 -3.550181388854980469e-01 -1.704780101776123047e+00 4.798083166413613654e-01 3.886978863588407829e-01 -4.927220116958773710e-01 6.131254767700695663e-01
7.470416277647018433e-02 -3.550181388854980469e-01 -1.704780101776123047e+00 4.798083244054832663e-01 3.886978490125546637e-01 -4.927220615897605627e-01 6.131254590845255370e-01
7.470413297414779663e-02 -3.550181090831756592e-01 -1.704780101776123047e+00 4.798083302285746643e-01 3.886978054745973687e-01 -4.927221102014255893e-01 6.131254516434592183e-01
7.470410317182540894e-02 -3.550181090831756592e-01 -1.704780101776123047e+00 4.798083370221811195e-01 3.886977689145383885e-01 -4.927221574525101899e-01 6.131254351980940376e-01
7.470405101776123047e-02 -3.550180792808532715e-01 -1.704780101776123047e+00 4.798083515799090315e-01 3.886977027723206302e-01 -4.927222009765075961e-01 6.131254088313092820e-01
7.470401376485824585e-02 -3.550180792808532715e-01 -1.704780101776123047e+00 4.798083593440303773e-01 3.886976809542832534e-01 -4.927222676117711808e-01 6.131253600892832001e-01
7.470398396253585815e-02 -3.550180494785308838e-01 -1.704780101776123047e+00 4.798083651671213312e-01 3.886976451804527444e-01 -4.927223154955442386e-01 6.131253448840979781e-01
7.470395416021347046e-02 -3.550180494785308838e-01 -1.704780101776123047e+00 4.798083671081516122e-01 3.886976125515196334e-01 -4.927223672445477098e-01 6.131253424037435007e-01
7.470392435789108276e-02 -3.550180196762084961e-01 -1.704780220985412598e+00 4.798083768133029614e-01 3.886975736327945019e-01 -4.927224110204583840e-01 6.131253222378501011e-01
7.470388710498809814e-02 -3.550180196762084961e-01 -1.704780220985412598e+00 4.798083884594843140e-01 3.886975253775024064e-01 -4.927224643279611849e-01 6.131252995916037785e-01
7.470385730266571045e-02 -3.550179898738861084e-01 -1.704780220985412598e+00 4.798083942825749348e-01 3.886974896036762273e-01 -4.927224816405039176e-01 6.131252921505413456e-01
7.470379024744033813e-02 -3.550179600715637207e-01 -1.704780220985412598e+00 4.798084088403010705e-01 3.886974312255968012e-01 -4.927225866708801472e-01 6.131252269631638496e-01
7.470373064279556274e-02 -3.550179302692413330e-01 -1.704780220985412598e+00 4.798084214569967032e-01 3.886973511276073934e-01 -4.927226919961229523e-01 6.131252030767455619e-01
7.470368593931198120e-02 -3.550179302692413330e-01 -1.704780220985412598e+00 4.798084321326619439e-01 3.886972958944292511e-01 -4.927227615858635335e-01 6.131251816706820845e-01
7.470363378524780273e-02 -3.550179004669189453e-01 -1.704780340194702148e+00 4.798084447493569660e-01 3.886972313246875865e-01 -4.927228034636798593e-01 6.131251267277872952e-01
7.470359653234481812e-02 -3.550178706645965576e-01 -1.704780340194702148e+00 4.798084534839918147e-01 3.886971776639611131e-01 -4.927228705580576351e-01 6.131251078020799605e-01
7.470356673002243042e-02 -3.550178706645965576e-01 -1.704780340194702148e+00 4.798084563955367088e-01 3.886971442488133532e-01 -4.927229217956698992e-01 6.131251040815508535e-01
7.470352947711944580e-02 -3.550178408622741699e-01 -1.704780340194702148e+00 4.798084631891413876e-01 3.886971387452531901e-01 -4.927229712303910492e-01 6.131250876361972191e-01
7.470349222421646118e-02 -3.550178408622741699e-01 -1.704780340194702148e+00 4.798084738648057401e-01 3.886970835120853174e-01 -4.927230409414346535e-01 6.131250662301394039e-01
7.470344752073287964e-02 -3.550178110599517822e-01 -1.704780340194702148e+00 4.798084816289251431e-01 3.886970306375878703e-01 -4.927231081832414983e-01 6.131250174881337500e-01
7.470341771841049194e-02 -3.550178110599517822e-01 -1.704780340194702148e+00 4.798084932751039422e-01 3.886969823823215875e-01 -4.927231215782935103e-01 6.131250026060220959e-01
7.470338791608810425e-02 -3.550177812576293945e-01 -1.704780340194702148e+00 4.798084990981932862e-01 3.886969466085107849e-01 -4.927231698259875725e-01 6.131249874008475320e-01
7.470335066318511963e-02 -3.550177812576293945e-01 -1.704780340194702148e+00 4.798085049212825193e-01 3.886969030705820782e-01 -4.927232348150620278e-01 6.131249721956735232e-01
7.470330595970153809e-02 -3.550177514553070068e-01 -1.704780459403991699e+00 4.798085175379755984e-01 3.886968773214557471e-01 -4.927232976802449760e-01 6.131249483092700014e-01
7.470327615737915039e-02 -3.550177216529846191e-01 -1.704780459403991699e+00 4.798085243315794446e-01 3.886968407614262433e-01 -4.927233451739256864e-01 6.131249085715657632e-01
7.470324635505676270e-02 -3.550177216529846191e-01 -1.704780459403991699e+00 4.798085262726091149e-01 3.886968003683891615e-01 -4.927233970442227995e-01 6.131248983270960462e-01
7.470321655273437500e-02 -3.550177216529846191e-01 -1.704780459403991699e+00 4.798085320956980149e-01 3.886967645945834660e-01 -4.927234448066532546e-01 6.131248831219243689e-01
7.470317929983139038e-02 -3.550176918506622314e-01 -1.704780459403991699e+00 4.798085447123903724e-01 3.886967155531079188e-01 -4.927234686086077176e-01 6.131248669996437473e-01
7.470314204692840576e-02 -3.550176620483398438e-01 -1.704780459403991699e+00 4.798085544175381689e-01 3.886966688703000772e-01 -4.927235287619202153e-01 6.131248468337719970e-01
7.470310479402542114e-02 -3.550176620483398438e-01 -1.704780459403991699e+00 4.798085612111414600e-01 3.886966167820407603e-01 -4.927235942101175215e-01 6.131247993319549616e-01
7.470306754112243652e-02 -3.550176322460174561e-01 -1.704780459403991699e+00 4.798085689752594196e-01 3.886966027281510971e-01 -4.927236528385863790e-01 6.131247816464360234e-01
7.470301538705825806e-02 -3.550176322460174561e-01 -1.704780459403991699e+00 4.798085767393772683e-01 3.886965420895553414e-01 -4.927237282084323544e-01 6.131247639609177513e-01
7.470298558473587036e-02 -3.550176024436950684e-01 -1.704780578613281250e+00 4.798085883855537914e-01 3.886965015984298888e-01 -4.927237422100406716e-01 6.131247490788180876e-01
7.470292598009109497e-02 -3.550175726413726807e-01 -1.704780578613281250e+00 4.798085961496713070e-01 3.886964331957210583e-01 -4.927238418427495881e-01 6.131247236291840208e-01
7.470289617776870728e-02 -3.550175726413726807e-01 -1.704780578613281250e+00 4.798086029432740429e-01 3.886963888715874171e-01 -4.927238903069306453e-01 6.131246838914908848e-01
7.470286637544631958e-02 -3.550175428390502930e-01 -1.704780578613281250e+00 4.798086126484206182e-01 3.886963499529099697e-01 -4.927239345680511917e-01 6.131246637256269061e-01
7.470283657312393188e-02 -3.550175428390502930e-01 -1.704780578613281250e+00 4.798086184715085190e-01 3.886963141791169862e-01 -4.927239818452102127e-01 6.131246485204621122e-01
7.470279186964035034e-02 -3.550175130367279053e-01 -1.704780578613281250e+00 4.798086291471693743e-01 3.886962822383389637e-01 -4.927240602908439238e-01 6.131246271144255022e-01
7.470274716615676880e-02 -3.550174832344055176e-01 -1.704780578613281250e+00 4.798086407933446207e-01 3.886962262189918027e-01 -4.927240911551349911e-01 6.131246122323323888e-01
7.470271736383438110e-02 -3.550174832344055176e-01 -1.704780578613281250e+00 4.798086437048884045e-01 3.886961928038637493e-01 -4.927241436058642510e-01 6.131245696912258625e-01
7.470268756151199341e-02 -3.550174832344055176e-01 -1.704780697822570801e+00 4.798086495279758612e-01 3.886961570300753177e-01 -4.927241918535327225e-01 6.131245544860637331e-01
7.470265775918960571e-02 -3.550174534320831299e-01 -1.704780697822570801e+00 4.798086602036361059e-01 3.886961173251868851e-01 -4.927242352393190750e-01 6.131245408441476918e-01
7.470262795686721802e-02 -3.550174534320831299e-01 -1.704780697822570801e+00 4.798086660267233405e-01 3.886960737872844351e-01 -4.927242833656707011e-01 6.131245256389867837e-01
7.470259815454483032e-02 -3.550174236297607422e-01 -1.704780697822570801e+00 4.798086718498105752e-01 3.886960380134993343e-01 -4.927243310067638826e-01 6.131245104338262086e-01
7.470256835222244263e-02 -3.550174236297607422e-01 -1.704780697822570801e+00 4.798086815549557627e-01 3.886960301512999982e-01 -4.927243746612990360e-01 6.131244980320864624e-01
7.470253854990005493e-02 -3.550173938274383545e-01 -1.704780697822570801e+00 4.798086834959847669e-01 3.886959975223960306e-01 -4.927243949898542086e-01 6.131244877876226296e-01
7.470250874757766724e-02 -3.550173938274383545e-01 -1.704780697822570801e+00 4.798086883485572773e-01 3.886959625348330172e-01 -4.927244432636409543e-01 6.131244505302893000e-01
7.470247894525527954e-02 -3.550173640251159668e-01 -1.704780697822570801e+00 4.798086980537021318e-01 3.886959236161725562e-01 -4.927244869181726661e-01 6.131244303644357574e-01
7.470244914293289185e-02 -3.550173640251159668e-01 -1.704780697822570801e+00 4.798087048473034244e-01 3.886958792920566785e-01 -4.927245338052497203e-01 6.131244139191043274e-01
7.470241189002990723e-02 -3.550173342227935791e-01 -1.704780697822570801e+00 4.798087116409046060e-01 3.886958349679421887e-01 -4.927245993747287334e-01 6.131243974737733415e-01
7.470238208770751953e-02 -3.550173342227935791e-01 -1.704780817031860352e+00 4.798087203755345698e-01 3.886957890713904074e-01 -4.927246510621249298e-01 6.131243863122114446e-01
7.470235228538513184e-02 -3.550173044204711914e-01 -1.704780817031860352e+00 4.798087300806788136e-01 3.886957812091977327e-01 -4.927246945953358548e-01 6.131243350899002742e-01
7.470227032899856567e-02 -3.550172746181488037e-01 -1.704780817031860352e+00 4.798087465794235174e-01 3.886956746740909407e-01 -4.927247969044164511e-01 6.131242984787241834e-01
7.470221817493438721e-02 -3.550172448158264160e-01 -1.704780817031860352e+00 4.798087553140528150e-01 3.886956210134310807e-01 -4.927248730972935142e-01 6.131242795530509326e-01
7.470218837261199951e-02 -3.550172448158264160e-01 -1.704780817031860352e+00 4.798087640486820016e-01 3.886955751168880147e-01 -4.927249235715378539e-01 6.131242683914931435e-01
7.470215857028961182e-02 -3.550172448158264160e-01 -1.704780817031860352e+00 4.798087708422823505e-01 3.886955385568985899e-01 -4.927249720356891016e-01 6.131242208897088597e-01
7.470209896564483643e-02 -3.550172150135040283e-01 -1.704780817031860352e+00 4.798087844294827709e-01 3.886954964933806989e-01 -4.927250306286727888e-01 6.131241957631743400e-01
7.469271123409271240e-02 -3.550049662590026855e-01 -1.704796195030212402e+00 4.798118075720081421e-01 3.886791497686954422e-01 -4.927244744358820761e-01 6.131326464693049871e-01
7.469265162944793701e-02 -3.550049066543579102e-01 -1.704796195030212402e+00 4.798118095130245453e-01 3.886791326682134673e-01 -4.927245510537919815e-01 6.131325974045637173e-01
7.469258457422256470e-02 -3.550048768520355225e-01 -1.704796195030212402e+00 4.798118114540408929e-01 3.886791543880588340e-01 -4.927245967367531176e-01 6.131325561038882821e-01
7.469253987073898315e-02 -3.550048470497131348e-01 -1.704796195030212402e+00 4.798118104835327191e-01 3.886791396461034553e-01 -4.927246346126906151e-01 6.131325262878005722e-01
7.469247281551361084e-02 -3.550047874450683594e-01 -1.704796314239501953e+00 4.798118163065817621e-01 3.886791582212466567e-01 -4.927247125818868256e-01 6.131324644982992789e-01
7.469240576028823853e-02 -3.550047576427459717e-01 -1.704796314239501953e+00 4.798118182475981097e-01 3.886791411207650149e-01 -4.927247586287872294e-01 6.131324231976249539e-01
7.469233125448226929e-02 -3.550046980381011963e-01 -1.704796314239501953e+00 4.798118221296307495e-01 3.886791224479326790e-01 -4.927248114170065807e-01 6.131323638884731420e-01
7.469227164983749390e-02 -3.550046682357788086e-01 -1.704796314239501953e+00 4.798118240706470417e-01 3.886791364037123220e-01 -4.927248879135993631e-01 6.131323225877999272e-01
7.469219714403152466e-02 -3.550046086311340332e-01 -1.704796314239501953e+00 4.798118240706470417e-01 3.886791286396470979e-01 -4.927249448096398532e-01 6.131322682393433032e-01
7.469201833009719849e-02 -3.550044894218444824e-01 -1.704796433448791504e+00 4.798118279526796259e-01 3.886791177308802636e-01 -4.927251112686236167e-01 6.131321390536070837e-01
7.469192892313003540e-02 -3.550044298171997070e-01 -1.704796433448791504e+00 4.798118308642040919e-01 3.886791309004843376e-01 -4.927251763356239600e-01 6.131320732205668422e-01
7.469179481267929077e-02 -3.550043404102325439e-01 -1.704796433448791504e+00 4.798118328052203285e-01 3.886791293281335880e-01 -4.927253091216858283e-01 6.131319775714398901e-01
7.469163835048675537e-02 -3.550042510032653809e-01 -1.704796552658081055e+00 4.798118357167447390e-01 3.886791269696073803e-01 -4.927254560753077661e-01 6.131318651540110798e-01
7.469147443771362305e-02 -3.550041317939758301e-01 -1.704796552658081055e+00 4.798118454218259221e-01 3.886791191078538543e-01 -4.927255683930468200e-01 6.131317440553777365e-01
7.469131797552108765e-02 -3.550040423870086670e-01 -1.704796671867370605e+00 4.798118493038583954e-01 3.886791159631525217e-01 -4.927257156844832564e-01 6.131316303977814020e-01
7.469108700752258301e-02 -3.550038933753967285e-01 -1.704796671867370605e+00 4.798118531858907576e-01 3.886790972903217956e-01 -4.927259205998355540e-01 6.131314623917336615e-01
7.469096779823303223e-02 -3.550038039684295654e-01 -1.704796791076660156e+00 4.798118570679231198e-01 3.886791019096854649e-01 -4.927260358644999783e-01 6.131313797904002216e-01
7.469086349010467529e-02 -3.550037443637847900e-01 -1.704796791076660156e+00 4.798118609499554821e-01 3.886791065290490788e-01 -4.927261142498556290e-01 6.131313049531328385e-01
7.469079643487930298e-02 -3.550036847591400146e-01 -1.704796791076660156e+00 4.798118609499554821e-01 3.886790987649844653e-01 -4.927261963791017552e-01 6.131312583687450468e-01
7.469072937965393066e-02 -3.550036549568176270e-01 -1.704796791076660156e+00 4.798118609499554821e-01 3.886791142931136922e-01 -4.927262470881488832e-01 6.131312117843572551e-01
7.469064742326736450e-02 -3.550035953521728516e-01 -1.704796791076660156e+00 4.798118658024958516e-01 3.886790948341082852e-01 -4.927263065224729566e-01 6.131311434709856290e-01
7.469054311513900757e-02 -3.550035059452056885e-01 -1.704796910285949707e+00 4.798118677435119772e-01 3.886791010258224266e-01 -4.927264143179380107e-01 6.131310711140630643e-01
7.469048351049423218e-02 -3.550034761428833008e-01 -1.704796910285949707e+00 4.798118735665602985e-01 3.886790885447067301e-01 -4.927264554077980252e-01 6.131310248527165330e-01
7.469042390584945679e-02 -3.550034463405609131e-01 -1.704796910285949707e+00 4.798118745370683613e-01 3.886791032866603879e-01 -4.927265324157524828e-01 6.131309770281594407e-01
7.469035685062408447e-02 -3.550033867359161377e-01 -1.704796910285949707e+00 4.798118735665602985e-01 3.886790885447067301e-01 -4.927265821804124868e-01 6.131309394480078945e-01
7.469022274017333984e-02 -3.550032973289489746e-01 -1.704797029495239258e+00 4.798118803601166271e-01 3.886790908055449134e-01 -4.927267114390656011e-01 6.131308298339787077e-01
7.469011843204498291e-02 -3.550032377243041992e-01 -1.704797029495239258e+00 4.798118813306246899e-01 3.886790667271768362e-01 -4.927267875978239009e-01 6.131307664812940539e-01
7.468998432159423828e-02 -3.550031483173370361e-01 -1.704797029495239258e+00 4.798118852126568301e-01 3.886790713465406721e-01 -4.927269163282737563e-01 6.131306683518430445e-01
7.468993216753005981e-02 -3.550031185150146484e-01 -1.704797029495239258e+00 4.798118871536728447e-01 3.886790930663831523e-01 -4.927269553389757584e-01 6.131306270511823753e-01
7.468988001346588135e-02 -3.550030887126922607e-01 -1.704797029495239258e+00 4.798118881241809075e-01 3.886790767520795775e-01 -4.927269946184275606e-01 6.131305869906915618e-01
7.468982785940170288e-02 -3.550030291080474854e-01 -1.704797148704528809e+00 4.798118890946889148e-01 3.886790682018403387e-01 -4.927270329273712446e-01 6.131305546942652507e-01
7.468978315591812134e-02 -3.550029993057250977e-01 -1.704797148704528809e+00 4.798118890946889148e-01 3.886790914940328467e-01 -4.927271009842462690e-01 6.131305158739442929e-01
7.468973100185394287e-02 -3.550029695034027100e-01 -1.704797148704528809e+00 4.798118890946889148e-01 3.886790759659045080e-01 -4.927271400471941454e-01 6.131304848176876154e-01
7.468967884778976440e-02 -3.550029397010803223e-01 -1.704797148704528809e+00 4.798118920062129922e-01 3.886790658433150747e-01 -4.927271736939772828e-01 6.131304500409227032e-01
7.468961924314498901e-02 -3.550029098987579346e-01 -1.704797148704528809e+00 4.798118939472290068e-01 3.886790875631572217e-01 -4.927272182850987448e-01 6.131304009761994189e-01
7.468954473733901978e-02 -3.550028502941131592e-01 -1.704797148704528809e+00 4.798118997702770505e-01 3.886790673179786326e-01 -4.927273031691205563e-01 6.131303391867359842e-01
7.468948513269424438e-02 -3.550028204917907715e-01 -1.704797267913818359e+00 4.798118978292610359e-01 3.886790533622007104e-01 -4.927273472581688574e-01 6.131303028467540717e-01
7.468944042921066284e-02 -3.550027906894683838e-01 -1.704797267913818359e+00 4.798119007407850578e-01 3.886790742958675660e-01 -4.927273796918151261e-01 6.131302680699909358e-01
7.468940317630767822e-02 -3.550027608871459961e-01 -1.704797267913818359e+00 4.798119036523090242e-01 3.886790641732784657e-01 -4.927274385718038996e-01 6.131302410572923023e-01
7.468936592340469360e-02 -3.550027310848236084e-01 -1.704797267913818359e+00 4.798119017112930096e-01 3.886790579815646018e-01 -4.927274687097998873e-01 6.131302124813742260e-01
7.468920946121215820e-02 -3.550026416778564453e-01 -1.704797267913818359e+00 4.798119075343409978e-01 3.886790532645145180e-01 -4.927275801614734441e-01 6.131301041075308822e-01
7.468915730714797974e-02 -3.550025820732116699e-01 -1.704797267913818359e+00 4.798119065638329905e-01 3.886790773428812074e-01 -4.927276545527722318e-01 6.131300665273800021e-01
7.468910515308380127e-02 -3.550025522708892822e-01 -1.704797387123107910e+00 4.798119114163729160e-01 3.886790578838783539e-01 -4.927276881473020009e-01 6.131300215062184256e-01
7.468905299901962280e-02 -3.550025224685668945e-01 -1.704797387123107910e+00 4.798119123868808678e-01 3.886790493336396146e-01 -4.927277266988694948e-01 6.131299892097947790e-01
7.468984276056289673e-02 -3.550018370151519775e-01 -1.704797387123107910e+00 4.798093366518025871e-01 3.886781466782091021e-01 -4.927198629449808243e-01 6.131389096195496435e-01
7.468977570533752441e-02 -3.550017476081848145e-01 -1.704797506332397461e+00 4.798092968607603481e-01 3.886781478552336910e-01 -4.927198089390369407e-01 6.131390070523804470e-01
7.468973100185394287e-02 -3.550017178058624268e-01 -1.704797506332397461e+00 4.798092784210079564e-01 3.886781395003680029e-01 -4.927197940283079558e-01 6.131390539085030955e-01
7.468970119953155518e-02 -3.550016880035400391e-01 -1.704797506332397461e+00 4.798092638633081886e-01 3.886781435289883291e-01 -4.927197505042926751e-01 6.131390880397216137e-01
7.470992952585220337e-02 -3.549825549125671387e-01 -1.704815268516540527e+00 4.798260029852661757e-01 3.886675189044735967e-01 -4.927223144700303981e-01 6.131306172046898650e-01
7.470991462469100952e-02 -3.549824953079223633e-01 -1.704815268516540527e+00 4.798259855166353560e-01 3.886675175267008120e-01 -4.927223065691503368e-01 6.131306550541051337e-01
7.470988482236862183e-02 -3.549824357032775879e-01 -1.704815387725830078e+00 4.798259554317695907e-01 3.886675186044649122e-01 -4.927222558210174741e-01 6.131307245524602045e-01
7.470986247062683105e-02 -3.549823462963104248e-01 -1.704815387725830078e+00 4.798259311697796736e-01 3.886675149655963724e-01 -4.927222393684052570e-01 6.131307866102414517e-01
7.470984756946563721e-02 -3.549823164939880371e-01 -1.704815387725830078e+00 4.798259156421055271e-01 3.886674809602650438e-01 -4.927222269268882737e-01 6.131307909241278109e-01
7.470843195915222168e-02 -3.549875020980834961e-01 -1.704824090003967285e+00 4.798310863298276829e-01 3.886660720806316971e-01 -4.927169698501296380e-01 6.131318854345467750e-01
7.470841705799102783e-02 -3.549874722957611084e-01 -1.704824090003967285e+00 4.798310698318510870e-01 3.886660699165850330e-01 -4.927169618015780905e-01 6.131319220432976946e-01
7.470840215682983398e-02 -3.549874424934387207e-01 -1.704824209213256836e+00 4.798310562452817174e-01 3.886660343392645545e-01 -4.927169500355807474e-01 6.131319549318317019e-01
7.470835000276565552e-02 -3.549873232841491699e-01 -1.704824209213256836e+00 4.798310135446326452e-01 3.886660301082759394e-01 -4.927168870100262499e-01 6.131320327863309938e-01
7.470832765102386475e-02 -3.549872934818267822e-01 -1.704824328422546387e+00 4.798309854010209263e-01 3.886660296135078241e-01 -4.927168437307755666e-01 6.131320920397381746e-01
7.470830529928207397e-02 -3.549872338771820068e-01 -1.704824328422546387e+00 4.798309630802242709e-01 3.886660011109571156e-01 -4.927168279535291684e-01 6.131321438527089773e-01
7.470827549695968628e-02 -3.549871742725372314e-01 -1.704824328422546387e+00 4.798309368775486305e-01 3.886659990440171630e-01 -4.927167843795322022e-01 6.131321773347157000e-01
7.473670691251754761e-02 -3.550251424312591553e-01 -1.704800248146057129e+00 4.798449813065526759e-01 3.886820518504331412e-01 -4.927269718976515778e-01 6.131028581958896106e-01
7.473671436309814453e-02 -3.550251424312591553e-01 -1.704800367355346680e+00 4.798449580159658834e-01 3.886820163714753140e-01 -4.927269248499939192e-01 6.131029112451001906e-01
7.473672181367874146e-02 -3.550251126289367676e-01 -1.704800367355346680e+00 4.798449356958192080e-01 3.886820111605601147e-01 -4.927269090730083678e-01 6.131029320002564509e-01
7.473672926425933838e-02 -3.550250828266143799e-01 -1.704800367355346680e+00 4.798449172574363319e-01 3.886820105688837956e-01 -4.927269003488161658e-01 6.131029710862330173e-01
7.473673671483993530e-02 -3.550250828266143799e-01 -1.704800367355346680e+00 4.798449036712590932e-01 3.886820060468436644e-01 -4.927268570436965645e-01 6.131030117360271037e-01
7.473674416542053223e-02 -3.550250530242919922e-01 -1.704800367355346680e+00 4.798448842624337130e-01 3.886820062412410515e-01 -4.927268424016026938e-01 6.131030598254846309e-01
7.473674416542053223e-02 -3.550250530242919922e-01 -1.704800367355346680e+00 4.798448667944902324e-01 3.886819738093708065e-01 -4.927268348644081031e-01 6.131030976715292624e-01
7.473675161600112915e-02 -3.550250232219696045e-01 -1.704800486564636230e+00 4.798448493265460857e-01 3.886819724316221691e-01 -4.927267946961229050e-01 6.131031044634538407e-01
7.473675906658172607e-02 -3.550250232219696045e-01 -1.704800486564636230e+00 4.798448318586013284e-01 3.886819788174050716e-01 -4.927267871589273152e-01 6.131031423095044675e-01
7.473675906658172607e-02 -3.550249934196472168e-01 -1.704800486564636230e+00 4.798448221541872782e-01 3.886819711510730024e-01 -4.927267714071696392e-01 6.131031702360063562e-01
7.473676651716232300e-02 -3.550249636173248291e-01 -1.704800486564636230e+00 4.798447969227098708e-01 3.886819682983786994e-01 -4.927267285359757110e-01 6.131032257651479744e-01
7.473677396774291992e-02 -3.550249636173248291e-01 -1.704800486564636230e+00 4.798447794547632261e-01 3.886819436300356645e-01 -4.927267209987787888e-01 6.131032713747414098e-01
7.473678141832351685e-02 -3.550249338150024414e-01 -1.704800486564636230e+00 4.798447619868159153e-01 3.886819344887559868e-01 -4.927267063045757123e-01 6.131033092208068025e-01
7.473678886890411377e-02 -3.550249040126800537e-01 -1.704800605773925781e+00 4.798447319031273750e-01 3.886819355664282716e-01 -4.927266556788008622e-01 6.131033476590926901e-01
7.473680377006530762e-02 -3.550248444080352783e-01 -1.704800605773925781e+00 4.798446765879532117e-01 3.886818949737421702e-01 -4.927265882624355386e-01 6.131034804442291319e-01
7.473681122064590454e-02 -3.550248146057128906e-01 -1.704800605773925781e+00 4.798446484451429073e-01 3.886819022428036341e-01 -4.927265755530788605e-01 6.131035164026482631e-01
7.473681867122650146e-02 -3.550248146057128906e-01 -1.704800724983215332e+00 4.798446261249817990e-01 3.886818970318914324e-01 -4.927265289645543223e-01 6.131035682120022923e-01
7.473683357238769531e-02 -3.550247848033905029e-01 -1.704800724983215332e+00 4.798445979821684970e-01 3.886818654832815412e-01 -4.927265093407975916e-01 6.131036352245738952e-01
7.473683357238769531e-02 -3.550247550010681152e-01 -1.704800724983215332e+00 4.798445776028888443e-01 3.886818587002217606e-01 -4.927264692506454491e-01 6.131036845540493996e-01
7.473684102296829224e-02 -3.550247550010681152e-01 -1.704800724983215332e+00 4.798445640167019466e-01 3.886818619417174436e-01 -4.927264569996348542e-01 6.131036863862273645e-01
7.473684847354888916e-02 -3.550247251987457275e-01 -1.704800724983215332e+00 4.798445504305146603e-01 3.886818574196779230e-01 -4.927264451125396572e-01 6.131037192725488083e-01
7.473685592412948608e-02 -3.550246953964233398e-01 -1.704800844192504883e+00 4.798445281103490001e-01 3.886818522087662209e-01 -4.927263985240041277e-01 6.131037710819287057e-01
7.473686337471008301e-02 -3.550246655941009521e-01 -1.704800844192504883e+00 4.798444873517829778e-01 3.886818231155749759e-01 -4.927263734162709019e-01 6.131038697409183502e-01
7.473687082529067993e-02 -3.550246357917785645e-01 -1.704800844192504883e+00 4.798444621202879179e-01 3.886818202628851693e-01 -4.927263320007075342e-01 6.131038942160095262e-01
7.473687827587127686e-02 -3.550246357917785645e-01 -1.704800844192504883e+00 4.798444485340977450e-01 3.886818157408458152e-01 -4.927263193857776002e-01 6.131039271023475123e-01
7.473688572645187378e-02 -3.550246059894561768e-01 -1.704800844192504883e+00 4.798444310661383883e-01 3.886818221266402085e-01 -4.927263117272681070e-01 6.131039649484782972e-01
7.473688572645187378e-02 -3.550246059894561768e-01 -1.704800963401794434e+00 4.798444184503896093e-01 3.886817857643758978e-01 -4.927262683960496603e-01 6.131039965948736903e-01
7.473689317703247070e-02 -3.550245761871337891e-01 -1.704800963401794434e+00 4.798444009824291423e-01 3.886817843866323674e-01 -4.927262611014548432e-01 6.131040344410106924e-01
7.473689317703247070e-02 -3.550245761871337891e-01 -1.704800963401794434e+00 4.798443844849103468e-01 3.886817822228150754e-01 -4.927262528103654171e-01 6.131040477565881108e-01
7.473690062761306763e-02 -3.550245463848114014e-01 -1.704800963401794434e+00 4.798443728396026287e-01 3.886817761286274764e-01 -4.927262362615593139e-01 6.131040781630422432e-01
7.473690807819366455e-02 -3.550245165824890137e-01 -1.704800963401794434e+00 4.798443476081016290e-01 3.886817810394783135e-01 -4.927261931477107115e-01 6.131041336923137575e-01
7.473692297935485840e-02 -3.550244867801666260e-01 -1.704801082611083984e+00 4.798443107312900247e-01 3.886817488019854161e-01 -4.927261396716204889e-01 6.131042196280561685e-01
7.473692297935485840e-02 -3.550244867801666260e-01 -1.704801082611083984e+00 4.798442893815557109e-01 3.886817428050007850e-01 -4.927261302977372082e-01 6.131042391433908501e-01
7.473693042993545532e-02 -3.550244569778442383e-01 -1.704801082611083984e+00 4.798442757953606530e-01 3.886817460465017415e-01 -4.927261181680233082e-01 6.131042720297567028e-01
7.473693788051605225e-02 -3.550244569778442383e-01 -1.704801082611083984e+00 4.798442622091652066e-01 3.886817415244628315e-01 -4.927261064022250836e-01 6.131043049161248870e-01
7.473693788051605225e-02 -3.550244271755218506e-01 -1.704801082611083984e+00 4.798442447411990774e-01 3.886817090925592244e-01 -4.927260678108545955e-01 6.131043427622926423e-01
7.473694533109664917e-02 -3.550243973731994629e-01 -1.704801082611083984e+00 4.798442224210191509e-01 3.886817116451898868e-01 -4.927260577351902926e-01 6.131043945717529198e-01
7.473695278167724609e-02 -3.550243973731994629e-01 -1.704801201820373535e+00 4.798442059234942492e-01 3.886817094813742601e-01 -4.927260437427464224e-01 6.131044389415204465e-01
7.473696023225784302e-02 -3.550243675708770752e-01 -1.704801201820373535e+00 4.798441923372968043e-01 3.886817049593352946e-01 -4.927260011653911143e-01 6.131044407737347157e-01
7.473696023225784302e-02 -3.550243675708770752e-01 -1.704801201820373535e+00 4.798441758397708479e-01 3.886817027955201675e-01 -4.927259926316858163e-01 6.131044773799663172e-01
7.473696768283843994e-02 -3.550243377685546875e-01 -1.704801201820373535e+00 4.798441583718015546e-01 3.886816703636118420e-01 -4.927259849731702723e-01 6.131045152261512809e-01
7.473697513341903687e-02 -3.550243377685546875e-01 -1.704801201820373535e+00 4.798441409038316507e-01 3.886816767494133407e-01 -4.927259455326533644e-01 6.131045530723397974e-01
7.473698258399963379e-02 -3.550243079662322998e-01 -1.704801201820373535e+00 4.798441253767467551e-01 3.886816660359811437e-01 -4.927259273897718339e-01 6.131045962021735019e-01
7.473698258399963379e-02 -3.550243079662322998e-01 -1.704801201820373535e+00 4.798441079087756300e-01 3.886816646582409995e-01 -4.927259188821174751e-01 6.131046029941977782e-01
7.473699003458023071e-02 -3.550242781639099121e-01 -1.704801321029663086e+00 4.798440904408038943e-01 3.886816710440444411e-01 -4.927258801694281432e-01 6.131046486039388732e-01
7.473699003458023071e-02 -3.550242781639099121e-01 -1.704801321029663086e+00 4.798440768546031743e-01 3.886816665220059197e-01 -4.927258688888454530e-01 6.131046814903371445e-01
7.473699748516082764e-02 -3.550242483615875244e-01 -1.704801321029663086e+00 4.798440603570732765e-01 3.886816333040176152e-01 -4.927258607190537210e-01 6.131047180965908394e-01
7.473700493574142456e-02 -3.550242483615875244e-01 -1.704801321029663086e+00 4.798440477413146721e-01 3.886816279959035558e-01 -4.927258486845861318e-01 6.131047497430430759e-01
7.473700493574142456e-02 -3.550242185592651367e-01 -1.704801321029663086e+00 4.798440302733407159e-01 3.886816343817082742e-01 -4.927258105784185216e-01 6.131047875892540189e-01
7.473701238632202148e-02 -3.550241887569427490e-01 -1.704801321029663086e+00 4.798440128053661491e-01 3.886816330039695178e-01 -4.927257968546303601e-01 6.131048021448353147e-01
7.473701983690261841e-02 -3.550241887569427490e-01 -1.704801321029663086e+00 4.798439963078340309e-01 3.886816308401561115e-01 -4.927257883209211764e-01 6.131048387511008890e-01
7.473702728748321533e-02 -3.550241589546203613e-01 -1.704801440238952637e+00 4.798439749580857283e-01 3.886815937889935846e-01 -4.927257417062755329e-01 6.131048893206738626e-01
7.473702728748321533e-02 -3.550241589546203613e-01 -1.704801440238952637e+00 4.798439574901091076e-01 3.886815924112548282e-01 -4.927257336838389845e-01 6.131049271668990164e-01
7.473725825548171997e-02 -3.550246059894561768e-01 -1.704802513122558594e+00 4.798394555831627661e-01 3.886949358240756602e-01 -4.927219881600724549e-01 6.131030011669338364e-01
7.473731786012649536e-02 -3.550245463848114014e-01 -1.704802751541137695e+00 4.798390004408338294e-01 3.886957858581839287e-01 -4.927215618562402200e-01 6.131031867694433091e-01
7.473733276128768921e-02 -3.550245165824890137e-01 -1.704802751541137695e+00 4.798389441545456435e-01 3.886958857985403637e-01 -4.927214877933489001e-01 6.131032043425700406e-01
7.473733276128768921e-02 -3.550245165824890137e-01 -1.704802751541137695e+00 4.798388966023315327e-01 3.886959631365838885e-01 -4.927214576515874245e-01 6.131032185195638418e-01
7.473734766244888306e-02 -3.550245165824890137e-01 -1.704802870750427246e+00 4.798388257592283157e-01 3.886960903960669511e-01 -4.927213948970987079e-01 6.131032314014551732e-01
7.473735511302947998e-02 -3.550244867801666260e-01 -1.704802870750427246e+00 4.798387636501977305e-01 3.886962261077592795e-01 -4.927213138334125553e-01 6.131032486508430912e-01
7.473736256361007690e-02 -3.550244867801666260e-01 -1.704802870750427246e+00 4.798387199797807812e-01 3.886963080650220337e-01 -4.927212857709439842e-01 6.131032966861166278e-01
7.473737001419067383e-02 -3.550244867801666260e-01 -1.704802870750427246e+00 4.798386753389060067e-01 3.886963830447945356e-01 -4.927212271652328113e-01 6.131033071432264725e-01
7.473737746477127075e-02 -3.550244569778442383e-01 -1.704802989959716797e+00 4.798386200230336240e-01 3.886964744355652646e-01 -4.927211938353029952e-01 6.131033234764515782e-01
7.473737746477127075e-02 -3.550244569778442383e-01 -1.704802989959716797e+00 4.798385744116955287e-01 3.886965579651317504e-01 -4.927211357408620152e-01 6.131033351735544201e-01
7.473738491535186768e-02 -3.550244569778442383e-01 -1.704802989959716797e+00 4.798385307412613154e-01 3.886966321588378737e-01 -4.927211079209974365e-01 6.131033443907114577e-01
7.473739236593246460e-02 -3.550244569778442383e-01 -1.704802989959716797e+00 4.798384899821858673e-01 3.886967350487249839e-01 -4.927210464209908491e-01 6.131033576515776407e-01
7.473740726709365845e-02 -3.550244271755218506e-01 -1.704803109169006348e+00 4.798384084640244795e-01 3.886968787194794439e-01 -4.927209791007774453e-01 6.131034152278702631e-01
7.473741471767425537e-02 -3.550244271755218506e-01 -1.704803109169006348e+00 4.798383541185758938e-01 3.886969693242584012e-01 -4.927209387089823700e-01 6.131034225575422436e-01
7.473742216825485229e-02 -3.550243973731994629e-01 -1.704803109169006348e+00 4.798383085072124854e-01 3.886970528539387404e-01 -4.927208775818404107e-01 6.131034342546934912e-01
7.473742961883544922e-02 -3.550243973731994629e-01 -1.704803109169006348e+00 4.798382473685696148e-01 3.886971567252801019e-01 -4.927208279104854372e-01 6.131034502642332962e-01
7.473743706941604614e-02 -3.550243973731994629e-01 -1.704803228378295898e+00 4.798382027276508754e-01 3.886972317052410086e-01 -4.927207703964807117e-01 6.131034684850621419e-01
7.473743706941604614e-02 -3.550243973731994629e-01 -1.704803228378295898e+00 4.798381551753632679e-01 3.886973478617928301e-01 -4.927207464413270177e-01 6.131035137167546445e-01
7.473744451999664307e-02 -3.550243675708770752e-01 -1.704803228378295898e+00 4.798381105344359798e-01 3.886974228417928168e-01 -4.927206888060055578e-01 6.131035241739640762e-01
7.473745197057723999e-02 -3.550243675708770752e-01 -1.704803228378295898e+00 4.798380668639595781e-01 3.886974970356836256e-01 -4.927206611074236298e-01 6.131035333912010499e-01
