repeatability libsurvive; 20211016-001933; x y z w i j k;  frequency = 150 duration = 2 sys.args = ['repeatability.py']
1.118706794116663406e-01 -4.002916467914752197e-02 -1.374015132904197745e-01 8.823643968962516237e-02 6.748340619474093582e-01 -7.205205155268203931e-01 1.329041242829736014e-01
1.118702976091273948e-01 -4.002435433745100968e-02 -1.374008252361615112e-01 8.818912642809367819e-02 6.748402597788571988e-01 -7.205299413248940077e-01 1.328529465830499967e-01
1.118475182108245036e-01 -4.001758385609509305e-02 -1.373791807509197049e-01 8.833070370681611605e-02 6.747598996870062260e-01 -7.205570647035940413e-01 1.330198521378692933e-01
1.118463476550183994e-01 -4.000761103749251452e-02 -1.373779751173142827e-01 8.823817873676523260e-02 6.747744093040721758e-01 -7.205761233904076635e-01 1.329043669756994894e-01
1.118458891779313680e-01 -4.000325312496914865e-02 -1.373774155998138125e-01 8.819682662885298952e-02 6.747804967294830369e-01 -7.205845959683003787e-01 1.328549624941184615e-01
1.118452356064227604e-01 -3.999862734810442216e-02 -1.373769317459377914e-01 8.815547788199690205e-02 6.747877635185524081e-01 -7.205933657423398975e-01 1.327979185573082421e-01
1.117692039074433125e-01 -3.984655562979751847e-02 -1.373585497158187618e-01 8.825658019451673719e-02 6.748470451968966444e-01 -7.204993987445011960e-01 1.329393021276959463e-01
1.118548326403858845e-01 -3.987495431890775849e-02 -1.374650224052139103e-01 8.836098473114739615e-02 6.747675815761421392e-01 -7.205519047243246211e-01 1.329887206847780445e-01
1.118535225150033702e-01 -3.986625956170242180e-02 -1.374642332527738486e-01 8.828564116716422494e-02 6.747816885882185201e-01 -7.205681044066963858e-01 1.328793634146226699e-01
1.117527003884670189e-01 -3.979137089597780536e-02 -1.373702873468531094e-01 8.829367201237348084e-02 6.747943763425341412e-01 -7.205466572710883533e-01 1.329258885037922500e-01
1.118108496884896857e-01 -3.980545965406993153e-02 -1.374468327582245575e-01 8.832698731899862876e-02 6.747272889020778930e-01 -7.206060356869549155e-01 1.329224219367536319e-01
1.118100991376204528e-01 -3.979742366774612766e-02 -1.374457725443989642e-01 8.824949590147879164e-02 6.747384524053672283e-01 -7.206214853726783387e-01 1.328334375751061280e-01
1.117904231824590616e-01 -3.977836049298096727e-02 -1.374203746275143578e-01 8.834733268713620968e-02 6.746061357593817753e-01 -7.207132967991320971e-01 1.329422965793394251e-01
1.117899374252236122e-01 -3.977357807114881294e-02 -1.374197576265760723e-01 8.830168405427732403e-02 6.746129865896699496e-01 -7.207224437337362843e-01 1.328882613936080426e-01
1.117018002097595886e-01 -3.972073541584127815e-02 -1.373147762788134441e-01 8.830006314669480716e-02 6.746214480047891815e-01 -7.207046174239775116e-01 1.329430523343334836e-01
1.117811431015656165e-01 -3.973770742523333177e-02 -1.374197330771106396e-01 8.834133771001018154e-02 6.745424149198012698e-01 -7.207728200355878467e-01 1.329469082894166043e-01
1.117800875563201152e-01 -3.972936594464589188e-02 -1.374188060222414909e-01 8.826479656979849264e-02 6.745551915281492450e-01 -7.207887372170876938e-01 1.328465865948777469e-01
1.117403668804814176e-01 -3.969354361508290602e-02 -1.374360149338759440e-01 8.836274728228590836e-02 6.744827620256653722e-01 -7.208262695621163729e-01 1.329455442356745898e-01
1.117399639181440446e-01 -3.968886168837511275e-02 -1.374353580195573077e-01 8.831642834164413203e-02 6.744890860354518791e-01 -7.208354848701248319e-01 1.328942626906371716e-01
1.116384663954263501e-01 -3.961993555665522387e-02 -1.373498725340805693e-01 8.831475598217371215e-02 6.745042268191442369e-01 -7.208141134458626587e-01 1.329344414972007671e-01
1.117141151419417805e-01 -3.964288477150187257e-02 -1.374291189706061400e-01 8.836106867102917761e-02 6.744168004678213757e-01 -7.208889917432296235e-01 1.329411989320476994e-01
1.117133708338945430e-01 -3.963813404614872915e-02 -1.374286799937939341e-01 8.831929506643065864e-02 6.744245911919286574e-01 -7.208980030090804680e-01 1.328805560346899561e-01
1.117122469497863479e-01 -3.962927359288977158e-02 -1.374276774810470891e-01 8.823691629517338431e-02 6.744382321468842534e-01 -7.209150197420862716e-01 1.327736868945473547e-01
1.117443367183520164e-01 -3.954927292601011224e-02 -1.375021034018969190e-01 8.838176392458019226e-02 6.744396613840075716e-01 -7.208688904176735468e-01 1.329204641347490612e-01
1.117441070251203317e-01 -3.954411141325953755e-02 -1.375012544836268225e-01 8.832762055257042944e-02 6.744458048675779915e-01 -7.208792715774368087e-01 1.328689713741712797e-01
1.117431610221953781e-01 -3.953539621392741094e-02 -1.375002216693052004e-01 8.824493256343990399e-02 6.744587408708291321e-01 -7.208960633645451477e-01 1.327671064884354546e-01
1.117636118255603828e-01 -3.940381882864379959e-02 -1.375310067984971685e-01 8.837912181662480049e-02 6.743837869343511926e-01 -7.209198481047148777e-01 1.329293472325826231e-01
1.117629541748620670e-01 -3.939901036819247471e-02 -1.375305375538246055e-01 8.833592195799289115e-02 6.743913421050746759e-01 -7.209290778464605420e-01 1.328696628316610728e-01
1.117622651949292112e-01 -3.939014871122702155e-02 -1.375293102612157869e-01 8.824780008922213093e-02 6.744031960186649410e-01 -7.209466478766194397e-01 1.327726850473721076e-01
1.117352506404166168e-01 -3.938297902425588748e-02 -1.375269170400421348e-01 8.836531937899821942e-02 6.743815401186764591e-01 -7.209249592777312587e-01 1.329222019401240795e-01
1.117348079415817486e-01 -3.937867196417949717e-02 -1.375263910246065924e-01 8.832408462091978496e-02 6.743877771684976263e-01 -7.209333144826340911e-01 1.328726388339321607e-01
1.117335909423133877e-01 -3.936911462364700576e-02 -1.375253709453681250e-01 8.823584359974655233e-02 6.744026481980877064e-01 -7.209517571843533368e-01 1.327556696357663490e-01
1.117006023824735350e-01 -3.929439806599386437e-02 -1.375301616722143794e-01 8.836157195961263922e-02 6.743900627103328604e-01 -7.209202745711266180e-01 1.329068607358958043e-01
1.117003953154949297e-01 -3.928940195012525782e-02 -1.375293171233451794e-01 8.830830650738842602e-02 6.743959439513609322e-01 -7.209304081638499007e-01 1.328574437826300081e-01
1.116998225425896996e-01 -3.928063087836555084e-02 -1.375279887484235630e-01 8.821801701102903459e-02 6.744073100602829829e-01 -7.209478892394071137e-01 1.327648395213840427e-01
1.116686672718358725e-01 -3.920891535569872438e-02 -1.375400284933504247e-01 8.836238909011473464e-02 6.743847882872723298e-01 -7.209244744024690954e-01 1.329102995577904067e-01
1.116683298349554071e-01 -3.920416061637908151e-02 -1.375393259065917084e-01 8.831395091279936604e-02 6.743909354661381528e-01 -7.209339769002450771e-01 1.328597500602627934e-01
1.116675289947090949e-01 -3.919453361398150121e-02 -1.375379778801211761e-01 8.821733692079623823e-02 6.744041249485387413e-01 -7.209530339241214669e-01 1.327535332659848244e-01
1.116414412262010103e-01 -3.918024974040545949e-02 -1.375393412916173230e-01 8.837446799526783858e-02 6.743152325063842545e-01 -7.209895862683736167e-01 1.329019830889434373e-01
1.116411090081427804e-01 -3.917510078348107605e-02 -1.375385455753268260e-01 8.832119961185461166e-02 6.743218227693503763e-01 -7.209999000920340739e-01 1.328479924704198400e-01
1.116402312380663092e-01 -3.916605197453040810e-02 -1.375373627571236101e-01 8.823204369729950591e-02 6.743346942233812147e-01 -7.210177830226954798e-01 1.327448047823112931e-01
1.115982658637987845e-01 -3.910588758513879049e-02 -1.375038514426928093e-01 8.836385745943990677e-02 6.742756249368371257e-01 -7.210272180412216070e-01 1.329058356681991071e-01
1.115979110534759677e-01 -3.910105721260794670e-02 -1.375031200934618003e-01 8.831438995690754634e-02 6.742820569669336628e-01 -7.210367367798353744e-01 1.328544330945208019e-01
1.115969714203704916e-01 -3.909271942658140708e-02 -1.375020943689630459e-01 8.823400427312091954e-02 6.742943770494357336e-01 -7.210530749476006251e-01 1.327566069092377954e-01
1.115629142418148867e-01 -3.904273036884881032e-02 -1.375217491642211354e-01 8.836893049272644129e-02 6.742697174869691779e-01 -7.210320050867262687e-01 1.329064627632144113e-01
1.115624239605250423e-01 -3.903814248505486917e-02 -1.375211673113062028e-01 8.832436932129961171e-02 6.742763325736715885e-01 -7.210409936033581602e-01 1.328537491321785113e-01
1.115614747334305740e-01 -3.902884938337929793e-02 -1.375199508881197741e-01 8.823292453973663463e-02 6.742896358093501963e-01 -7.210594134583805381e-01 1.327469786108712302e-01
1.115295708086627979e-01 -3.898920347943288928e-02 -1.375048969388042441e-01 8.836539839089138648e-02 6.742422562885593829e-01 -7.210588668000030843e-01 1.329023958069489308e-01
1.115289144180560826e-01 -3.898472544686218400e-02 -1.375044478189146047e-01 8.832442332471696078e-02 6.742495188232202619e-01 -7.210674333419025972e-01 1.328462991006255922e-01
1.114622645360950765e-01 -3.890592850783159556e-02 -1.374367626343238336e-01 8.833120171364301776e-02 6.742366192865074659e-01 -7.210696524164375010e-01 1.328952082693836412e-01
1.115536598651069439e-01 -3.892248815035383863e-02 -1.375471609899980852e-01 8.837297311712045966e-02 6.741449175422029594e-01 -7.211520371436058729e-01 1.328856165959445279e-01
1.115531379752685986e-01 -3.891784014707574957e-02 -1.375465924888527869e-01 8.832809930657473108e-02 6.741518165336685131e-01 -7.211611157585271492e-01 1.328311720009981711e-01
1.114817064174228461e-01 -3.885032239197046960e-02 -1.375022534217728576e-01 8.833501955594924571e-02 6.742208747656084356e-01 -7.210883809207363493e-01 1.328709270361990713e-01
1.115472921715296439e-01 -3.886040391201678323e-02 -1.375866629208134517e-01 8.838275698075426234e-02 6.741351575647188676e-01 -7.211641398358057398e-01 1.328629407267314655e-01
1.115467298695505122e-01 -3.885623313237509396e-02 -1.375862376807724663e-01 8.834399604541467999e-02 6.741418157568400682e-01 -7.211721948911221647e-01 1.328112040707399299e-01
1.114470962576661756e-01 -3.880372488312622964e-02 -1.375040237677647437e-01 8.834965788684677468e-02 6.741515794665067229e-01 -7.211525069214153039e-01 1.328647719113284775e-01
1.115302220932396088e-01 -3.883385200068072141e-02 -1.375896110017394702e-01 8.839397240742462303e-02 6.741080584326017977e-01 -7.211870756784595216e-01 1.328684803578913387e-01
1.115289606457344068e-01 -3.882581006120112282e-02 -1.375889038392599795e-01 8.832152311291796565e-02 6.741216465470577512e-01 -7.212025208318644243e-01 1.327638435624029223e-01
1.114239915939241599e-01 -3.879006565379145011e-02 -1.374832361214214094e-01 8.836486573859532456e-02 6.740968956727154682e-01 -7.212013180142419211e-01 1.328671691650290254e-01
1.114969098869420111e-01 -3.880872895071268286e-02 -1.375644520355017164e-01 8.842028731458910495e-02 6.740165927455238348e-01 -7.212684837696193840e-01 1.328730966584076301e-01
1.114959507127268740e-01 -3.880044377071745210e-02 -1.375634510923786635e-01 8.833963605370429018e-02 6.740291347041098557e-01 -7.212848763466640500e-01 1.327740992268656717e-01
1.113824687849373496e-01 -3.875576008251206683e-02 -1.374693902723755912e-01 8.839404135930739592e-02 6.740191133219818331e-01 -7.212676603262074826e-01 1.328822429686411233e-01
1.114500411859929707e-01 -3.877806762379258643e-02 -1.375410054083015809e-01 8.843430421689660315e-02 6.739657312777035392e-01 -7.213122650386016854e-01 1.328840968884748841e-01
1.114489611875595504e-01 -3.876940214102348597e-02 -1.375399761115010944e-01 8.835042380364560577e-02 6.739789932693610597e-01 -7.213295328727391542e-01 1.327788546830046545e-01
1.114287126379474718e-01 -3.871775905995344935e-02 -1.375299291340570107e-01 8.843356380631246794e-02 6.739184588072808513e-01 -7.213552882655247522e-01 1.328907963806971182e-01
1.114279908039889355e-01 -3.870910512495077255e-02 -1.375286374295221492e-01 8.834424803676170501e-02 6.739302484493023826e-01 -7.213728774749381678e-01 1.327949009089152421e-01
1.113144805102155438e-01 -3.866181222205281043e-02 -1.374362184665489650e-01 8.839510581130784195e-02 6.739274243452766378e-01 -7.213506607117841085e-01 1.328960355865505816e-01
1.113921225520323327e-01 -3.868536975882479190e-02 -1.375253255238787498e-01 8.843227156790232912e-02 6.738834813099218168e-01 -7.213853840228846570e-01 1.329056608317203680e-01
1.113914446046225110e-01 -3.867689775641759697e-02 -1.375240203074053202e-01 8.834393559918894689e-02 6.738949420482813757e-01 -7.214025735881710588e-01 1.328129622625498496e-01
1.112902874744013809e-01 -3.863586649700140319e-02 -1.374173214861894032e-01 8.839742808332456958e-02 6.738826188714693854e-01 -7.213879054017983128e-01 1.329195268995095047e-01
1.113669144979558823e-01 -3.866649494057846498e-02 -1.374966549178153474e-01 8.842540788137923102e-02 6.738642675925826664e-01 -7.214005388499974414e-01 1.329253875294604814e-01
1.113659109721123336e-01 -3.865787214437180208e-02 -1.374955134936899914e-01 8.833986943202837283e-02 6.738772508057830901e-01 -7.214178273762382743e-01 1.328225758631416675e-01
1.113669826913879224e-01 -3.857273653281795278e-02 -1.374891313690538575e-01 8.849435194261054405e-02 6.737964141250475381e-01 -7.214490308950822772e-01 1.329602865784793309e-01
1.113659304970605474e-01 -3.856362748068230956e-02 -1.374879242113418165e-01 8.840434045463096968e-02 6.738101441158109717e-01 -7.214672625092072300e-01 1.328516142276128242e-01
1.112691447972277980e-01 -3.850036089352418950e-02 -1.374054802321486579e-01 8.840767210520433794e-02 6.738353755187728167e-01 -7.214333118429333558e-01 1.329057815738281245e-01
1.113233223691475482e-01 -3.852936220458507560e-02 -1.374486259734024607e-01 8.847485967395218864e-02 6.737848195831040998e-01 -7.214591699744486997e-01 1.329769986306568730e-01
1.113219428154188367e-01 -3.852080945546331597e-02 -1.374477427882257463e-01 8.839592359707919289e-02 6.737993993742740217e-01 -7.214757864446167401e-01 1.328654193852136234e-01
1.112348512638488829e-01 -3.845821596756507366e-02 -1.373588679995528805e-01 8.840974762161880884e-02 6.738397338926094271e-01 -7.214267289983816722e-01 1.329180357954265201e-01
1.113007321355013873e-01 -3.847385294479088724e-02 -1.374414447296024022e-01 8.850819353059286021e-02 6.737510727244502284e-01 -7.214879403232083988e-01 1.329697095160329856e-01
1.112997948930479347e-01 -3.846545856449957307e-02 -1.374402830089167526e-01 8.842422831608970357e-02 6.737635990034400724e-01 -7.215048008745760244e-01 1.328705792098994476e-01
1.112099706350552636e-01 -3.841598198228769745e-02 -1.373581280538300475e-01 8.843109107446568695e-02 6.737900938104632864e-01 -7.214690352281165620e-01 1.329258546005141484e-01
1.112742957084471573e-01 -3.843715384949388664e-02 -1.374296666097079012e-01 8.850780419717094172e-02 6.737218572508131276e-01 -7.215118875872209570e-01 1.329880585956333683e-01
1.112731051030771967e-01 -3.842827931212910303e-02 -1.374285719250586402e-01 8.842162230489845898e-02 6.737360005305678134e-01 -7.215295766815593703e-01 1.328777192450803224e-01
1.111824709889539797e-01 -3.837795727479814678e-02 -1.373141380231609476e-01 8.843280527104013800e-02 6.737000114282014618e-01 -7.215547979335757978e-01 1.329157896285163842e-01
1.112513224408752804e-01 -3.841471686716585454e-02 -1.373837637640883402e-01 8.850676108146177112e-02 6.736987169400626696e-01 -7.215367498065510254e-01 1.329710897705992101e-01
1.112504136092845319e-01 -3.840581223579919018e-02 -1.373824229208233383e-01 8.841532295594477231e-02 6.737117204407019333e-01 -7.215549155851948004e-01 1.328674234049411484e-01
1.112499973567649125e-01 -3.840124441045911913e-02 -1.373816990169794972e-01 8.836745133956647180e-02 6.737181752354962638e-01 -7.215644152731396366e-01 1.328149408486648531e-01
1.112499973567649125e-01 -3.840124441045911913e-02 -1.373816990169794972e-01 8.836745133956647180e-02 6.737181752354962638e-01 -7.215644152731396366e-01 1.328149408486648531e-01
1.112158649195490318e-01 -3.835569903339913073e-02 -1.373776114792849279e-01 8.850151474818110375e-02 6.736719700926090404e-01 -7.215627899101527687e-01 1.329687888788083361e-01
1.111098934569008101e-01 -3.826970412608528271e-02 -1.372760964772315462e-01 8.841245635823082039e-02 6.737041986155650752e-01 -7.215517490220471064e-01 1.329246546419739772e-01
1.111823682246340095e-01 -3.828850179134592191e-02 -1.373592204477364631e-01 8.844927284042156113e-02 6.736494592964509254e-01 -7.215976923459908043e-01 1.329281855910955656e-01
1.111813583201907846e-01 -3.827997536967871206e-02 -1.373580116367153214e-01 8.836347612019465614e-02 6.736624779764317505e-01 -7.216150034228646648e-01 1.328252562189451702e-01
1.111145938322916915e-01 -3.822499953267469164e-02 -1.373156565974200105e-01 8.840412801142444321e-02 6.737246620319737866e-01 -7.215356898511835482e-01 1.329136493796590213e-01
1.111960655972024092e-01 -3.824208902328770504e-02 -1.374118198796705215e-01 8.845331222320484965e-02 6.736544136877802291e-01 -7.215965001597033357e-01 1.329068599921947036e-01
1.111950377795240391e-01 -3.823357957153859787e-02 -1.374106814664409759e-01 8.836857243608763068e-02 6.736676714088387641e-01 -7.216137436191117915e-01 1.328023679164337112e-01
1.111368626906480972e-01 -3.822798558885526221e-02 -1.373606416353063131e-01 8.841703227368973017e-02 6.737259862931809229e-01 -7.215357238940002249e-01 1.328981675643238491e-01
1.112142405345215856e-01 -3.825187723546410318e-02 -1.374421338700866912e-01 8.845868909969881178e-02 6.736787291779755549e-01 -7.215746887429840273e-01 1.328984527425964568e-01
1.112132864751778361e-01 -3.824286764592093463e-02 -1.374408572389995142e-01 8.836687302982686176e-02 6.736924077858087445e-01 -7.215931929698579106e-01 1.327896807069565699e-01
1.111677905577169306e-01 -3.822866998811150913e-02 -1.374070949503165273e-01 8.841561950791269886e-02 6.737761754814481918e-01 -7.214929616472146590e-01 1.328768221856448661e-01
1.112533152760215721e-01 -3.825034914223349181e-02 -1.374985806657123277e-01 8.846795272936640309e-02 6.737050809228117831e-01 -7.215518667347085024e-01 1.328826131979636005e-01
1.112520636536838692e-01 -3.824169792072464741e-02 -1.374976544013920554e-01 8.838552454857559471e-02 6.737199644598775850e-01 -7.215691954772003314e-01 1.327678601049224749e-01
1.112019453383933237e-01 -3.821147684941501865e-02 -1.374700511975967820e-01 8.843128410057485289e-02 6.738052586565178581e-01 -7.214658392464401437e-01 1.328661890759877118e-01
1.112656829281878923e-01 -3.821853406640345063e-02 -1.375493475166402191e-01 8.846664835162386387e-02 6.737182758152857609e-01 -7.215421071059586744e-01 1.328695775375312582e-01
1.112645779622363218e-01 -3.821006730576419902e-02 -1.375484014713750092e-01 8.838440140246521526e-02 6.737326926121778303e-01 -7.215589839617366774e-01 1.327595162629747749e-01
1.111959022867120006e-01 -3.819621555191424905e-02 -1.374770729467520713e-01 8.842455040488655937e-02 6.737558959501041000e-01 -7.215140278421833253e-01 1.328593210321166729e-01
1.112723734919415092e-01 -3.820811758589406915e-02 -1.375733645428274532e-01 8.847353238502073114e-02 6.736830911343478778e-01 -7.215749129955956187e-01 1.328652389543069634e-01
1.112716940730182347e-01 -3.819988132881978193e-02 -1.375721623958257034e-01 8.838700873777481648e-02 6.736953972618253683e-01 -7.215919967827176817e-01 1.327676111623244393e-01
1.111938518687122512e-01 -3.812732548077457650e-02 -1.374969553591812998e-01 8.843552159235426591e-02 6.736834417228759753e-01 -7.215770097102506275e-01 1.328773792890324268e-01
1.112466713748991309e-01 -3.814992924866573293e-02 -1.375386858890475517e-01 8.845772763808495975e-02 6.736421834481283177e-01 -7.216103163097394857e-01 1.328908969632695558e-01
1.112459849771304382e-01 -3.814139622443320915e-02 -1.375373786384478103e-01 8.836713092323739138e-02 6.736547308508284981e-01 -7.216281292983530715e-01 1.327908008110981752e-01
1.111524760729715455e-01 -3.808242841085636432e-02 -1.374537275268720160e-01 8.841987688347019425e-02 6.736595448009062848e-01 -7.216010081768642337e-01 1.328786215637443591e-01
1.112176513582310844e-01 -3.809114934144006842e-02 -1.375335589147839988e-01 8.846103141712279017e-02 6.735816864358310507e-01 -7.216707211370452235e-01 1.328673318480417809e-01
1.112164654113678292e-01 -3.808301925028145102e-02 -1.375327033823324774e-01 8.838261066246888564e-02 6.735959170955668762e-01 -7.216872059466274969e-01 1.327577921540525618e-01
1.112164654113678292e-01 -3.808301925028145102e-02 -1.375327033823324774e-01 8.838261066246888564e-02 6.735959170955668762e-01 -7.216872059466274969e-01 1.327577921540525618e-01
1.111914549951460857e-01 -3.806097283971478923e-02 -1.375186151030209913e-01 8.846957993549867116e-02 6.735577477735289476e-01 -7.216922426058061113e-01 1.328661010299087286e-01
1.111900702834277416e-01 -3.805322567341808127e-02 -1.375179694790742146e-01 8.839828810658419134e-02 6.735724516590342326e-01 -7.217076198312022406e-01 1.327554386962895017e-01
1.111103023463639594e-01 -3.801928625356014446e-02 -1.374256244977891672e-01 8.843235215960128237e-02 6.735886419648624557e-01 -7.216686135364639432e-01 1.328626085240336152e-01
1.111745616398727432e-01 -3.803812672299711206e-02 -1.374891935008507038e-01 8.847243891239242597e-02 6.735304898351899272e-01 -7.217173468950480730e-01 1.328660152410502393e-01
1.111737748449774660e-01 -3.802915259743521598e-02 -1.374878188937269652e-01 8.837656458957690586e-02 6.735439978437884889e-01 -7.217362812903285185e-01 1.327584500857041938e-01
1.111737748449774660e-01 -3.802915259743521598e-02 -1.374878188937269652e-01 8.837656458957690586e-02 6.735439978437884889e-01 -7.217362812903285185e-01 1.327584500857041938e-01
1.111453948022627508e-01 -3.800540445752764035e-02 -1.374450863499185327e-01 8.846816000398532998e-02 6.734854716003145780e-01 -7.217588629142239753e-01 1.328715470429157886e-01
1.111446399182455386e-01 -3.799683628062828361e-02 -1.374437516054998198e-01 8.837644885554538088e-02 6.734982289556672441e-01 -7.217770861528480797e-01 1.327688848562295076e-01
1.110832883389076681e-01 -3.794820533940682084e-02 -1.373897917455885187e-01 8.843200493953692898e-02 6.735041139238410191e-01 -7.217450388582858922e-01 1.328762127451221797e-01
1.111436324489740030e-01 -3.796234774995399519e-02 -1.374546452419373455e-01 8.846529796385782518e-02 6.734390069701935433e-01 -7.217991462709851813e-01 1.328901327775781627e-01
1.111424596622268696e-01 -3.795371422134888317e-02 -1.374536030733270742e-01 8.837916304724553751e-02 6.734537492842639361e-01 -7.218170051901213746e-01 1.327756835132110069e-01
1.111424596622268696e-01 -3.795371422134888317e-02 -1.374536030733270742e-01 8.837916304724553751e-02 6.734537492842639361e-01 -7.218170051901213746e-01 1.327756835132110069e-01
1.111558949872134133e-01 -3.787683979663707123e-02 -1.374574008845078910e-01 8.848937318544058961e-02 6.733574534318499394e-01 -7.218751544598225323e-01 1.328744976081911722e-01
1.111549984876217395e-01 -3.786876474636655110e-02 -1.374562925603086128e-01 8.840602268183388179e-02 6.733704980820874875e-01 -7.218920156235274499e-01 1.327722307007810076e-01
1.110734122906927024e-01 -3.781833980515757893e-02 -1.373694924462627032e-01 8.845772470931061171e-02 6.733608538949380495e-01 -7.218777031700495117e-01 1.328644912949489831e-01
1.111102438776446072e-01 -3.782750018352628446e-02 -1.374147140169433567e-01 8.849589250960220033e-02 6.733137852382564681e-01 -7.219170611994564224e-01 1.328637661900349265e-01
1.111091201157005520e-01 -3.781932287187489417e-02 -1.374137130734552348e-01 8.841423181954122246e-02 6.733278687117734140e-01 -7.219340178408095721e-01 1.327545807573015380e-01
1.110550396811896545e-01 -3.773376149657904632e-02 -1.373747046736006061e-01 8.846170312704826344e-02 6.733578847788919131e-01 -7.218817560627146523e-01 1.328548694996527502e-01
1.111345365750003311e-01 -3.775577076792001330e-02 -1.374598099918576954e-01 8.850634381315244936e-02 6.733170118964139084e-01 -7.219141458047703130e-01 1.328562933499242704e-01
1.111338611309881513e-01 -3.774760286782389423e-02 -1.374585080417941307e-01 8.841792527532491008e-02 6.733292290204777597e-01 -7.219316392552374007e-01 1.327581563556144706e-01
1.111659499696586589e-01 -3.769692036831048809e-02 -1.375289544281213250e-01 8.856522511484268834e-02 6.732576121553516257e-01 -7.219551404235019509e-01 1.328953113970285926e-01
1.111655759515732533e-01 -3.769294405699745443e-02 -1.375283814635050172e-01 8.852319493891044888e-02 6.732638749308984538e-01 -7.219634583722901455e-01 1.328463904137467400e-01
1.111646223510220077e-01 -3.768537937069193350e-02 -1.375274677870046702e-01 8.844679091527782311e-02 6.732767909557194619e-01 -7.219791670864792454e-01 1.327464132482341630e-01
1.111767993213279154e-01 -3.764819097158712130e-02 -1.375733387509322225e-01 8.859609995318391829e-02 6.732071471730162182e-01 -7.220005912322114972e-01 1.328834614562375005e-01
1.111762719380042508e-01 -3.764400415982242787e-02 -1.375728434323835736e-01 8.855389588027406944e-02 6.732142529213529514e-01 -7.220093224864467807e-01 1.328281424647355935e-01
1.111755590263405619e-01 -3.763568137509202410e-02 -1.375716037398883596e-01 8.846432455560768182e-02 6.732270873513803711e-01 -7.220270770521279857e-01 1.327262300408525442e-01
1.111401862626961445e-01 -3.760311829633682795e-02 -1.375463929455570111e-01 8.860554290918928877e-02 6.731346384220938672e-01 -7.220673409623790118e-01 1.328817949820224609e-01
1.111396354025907668e-01 -3.759886860147146348e-02 -1.375458881881853890e-01 8.856275738275126708e-02 6.731418988026097727e-01 -7.220762299659576611e-01 1.328252242585355181e-01
1.111389348562179941e-01 -3.759077787063219017e-02 -1.375446676334275420e-01 8.847553187646194084e-02 6.731543134457040889e-01 -7.220936031634686003e-01 1.327259538259904226e-01
1.111403401219640957e-01 -3.754363414250281444e-02 -1.375438699414197330e-01 8.859506684647464048e-02 6.731303724258909105e-01 -7.220726353156992072e-01 1.328816209130953829e-01
1.111397515636790012e-01 -3.753874058586432333e-02 -1.375432308961583028e-01 8.854480026019888317e-02 6.731385217252009445e-01 -7.220829819463082666e-01 1.328176046313888636e-01
1.111385763909667618e-01 -3.753067668766144754e-02 -1.375423429376012030e-01 8.846531291727333102e-02 6.731529971165650661e-01 -7.220996327951867411e-01 1.327066358570329618e-01
1.111175472383813395e-01 -3.750782591202781596e-02 -1.375506356452119994e-01 8.859697966235517697e-02 6.731349747079956591e-01 -7.220730064193723319e-01 1.328550127773251988e-01
1.111173154709711869e-01 -3.750361904327340762e-02 -1.375498893985432902e-01 8.854942433830616244e-02 6.731408373441220006e-01 -7.220821996037944945e-01 1.328070388358797704e-01
1.111163758474240787e-01 -3.749514260296155088e-02 -1.375487304054217041e-01 8.846084812223610483e-02 6.731548605643679073e-01 -7.221000860314712444e-01 1.326976932783795471e-01
1.111211546147913704e-01 -3.744588517221843216e-02 -1.375684205550008476e-01 8.860713676352206802e-02 6.730766026133997437e-01 -7.221255848919000409e-01 1.328582025074306894e-01
1.111206854752979922e-01 -3.744155584330156189e-02 -1.375678245303273983e-01 8.856175187511325375e-02 6.730836260403011417e-01 -7.221348010372650172e-01 1.328027770497319793e-01
1.111198389898686301e-01 -3.743387389783557617e-02 -1.375667830501989819e-01 8.848138038594380306e-02 6.730964047115315374e-01 -7.221509275564088615e-01 1.327038549508883780e-01
1.111110114526879522e-01 -3.739623649090216551e-02 -1.375778043423201424e-01 8.861296909009487577e-02 6.730318595741489052e-01 -7.221665679259358095e-01 1.328582171989208527e-01
1.111106414756911076e-01 -3.739205515072301783e-02 -1.375771707239671349e-01 8.856776346907570263e-02 6.730383561789288205e-01 -7.221755085933252438e-01 1.328068415934335889e-01
1.111097821955918941e-01 -3.738380750443614370e-02 -1.375760134308660620e-01 8.848039841972883679e-02 6.730517032992044957e-01 -7.221931401875515411e-01 1.327015148653887533e-01
1.111266030675423094e-01 -3.737789738649240079e-02 -1.375898142573316607e-01 8.862784871563837708e-02 6.729564447598959109e-01 -7.222349681426272205e-01 1.328584911858384787e-01
1.111259297904910875e-01 -3.737391221224053983e-02 -1.375894485094553699e-01 8.858961432150389004e-02 6.729639197763037650e-01 -7.222433047844615261e-01 1.328007967133451039e-01
1.111246475080756857e-01 -3.736549531515650363e-02 -1.375885673736932102e-01 8.850650404834604912e-02 6.729794246956827264e-01 -7.222608324557346915e-01 1.326822617298822615e-01
1.111217834199074855e-01 -3.737055538273913180e-02 -1.375965952463368835e-01 8.863892118694211009e-02 6.728825466704282388e-01 -7.223038129395903395e-01 1.328511266420548953e-01
1.111210607016905466e-01 -3.736683897637788077e-02 -1.375963306687972842e-01 8.860480154982677825e-02 6.728900459239276488e-01 -7.223113678078724176e-01 1.327948160672349776e-01
1.111202450512074474e-01 -3.735922812175234559e-02 -1.375952972429585475e-01 8.852423561456397583e-02 6.729027062850569951e-01 -7.223276102898326112e-01 1.326960097217809720e-01
1.111349967871358563e-01 -3.734011963663867728e-02 -1.376111457253179626e-01 8.865800762396103263e-02 6.728302107396262333e-01 -7.223514344672633536e-01 1.328445344126237548e-01
1.111345865617802825e-01 -3.733612698636790822e-02 -1.376105872657475138e-01 8.861537170971206523e-02 6.728366894056855285e-01 -7.223601147676551593e-01 1.327929586958836450e-01
1.111335978611722453e-01 -3.732786742263990987e-02 -1.376095314647963197e-01 8.852921226223434137e-02 6.728508964871566800e-01 -7.223777768565243784e-01 1.326823167437293227e-01
1.111720202506249755e-01 -3.731283408432620879e-02 -1.376451632478694620e-01 8.867998055183001771e-02 6.727372662495337829e-01 -7.224382749188962283e-01 1.328283500636824599e-01
1.111713448493957396e-01 -3.730848263910830492e-02 -1.376447339397068592e-01 8.863705251554189479e-02 6.727453977547673825e-01 -7.224475045800292650e-01 1.327656049104044833e-01
1.111708015560328305e-01 -3.730108019934213343e-02 -1.376435667032129828e-01 8.855447202491328884e-02 6.727569080171780236e-01 -7.224637070283267404e-01 1.326741882448993215e-01
1.112048335478639793e-01 -3.728861614251394174e-02 -1.376744465160951725e-01 8.868366664461052595e-02 6.727594884535352815e-01 -7.224166304005249506e-01 1.328310584425063390e-01
1.112044962741894766e-01 -3.728455112630986445e-02 -1.376738468714304719e-01 8.863926297909745233e-02 6.727660118006386636e-01 -7.224254801891211164e-01 1.327795164846713727e-01
1.112033130085951088e-01 -3.727677249344397981e-02 -1.376731088172828132e-01 8.856259821174418401e-02 6.727809142048286617e-01 -7.224418124717226775e-01 1.326662552131185335e-01
1.112092353353509311e-01 -3.721149387665925734e-02 -1.376935508968801791e-01 8.869312478669685862e-02 6.727165707252319438e-01 -7.224555528667541138e-01 1.328304152641555658e-01
1.112089958424374719e-01 -3.720764761093173223e-02 -1.376929279090518543e-01 8.864998494011866459e-02 6.727224285248226687e-01 -7.224639555299906535e-01 1.327838367036477951e-01
1.112081333406663847e-01 -3.719987126915673403e-02 -1.376919437376571409e-01 8.856833001552157081e-02 6.727358556959934788e-01 -7.224807074538878160e-01 1.326791119060230506e-01
1.112094783086089306e-01 -3.713585215782351512e-02 -1.377108687349277993e-01 8.872221744922481612e-02 6.726748484475486567e-01 -7.224905793000739873e-01 1.328317703699058994e-01
1.112088728863181858e-01 -3.713156953479858358e-02 -1.377104220924127431e-01 8.867938797075369806e-02 6.726827585657032538e-01 -7.224996417678009042e-01 1.327710063340925561e-01
1.112085063701318405e-01 -3.712336586924363385e-02 -1.377089583802758310e-01 8.858449491080330751e-02 6.726945756397024745e-01 -7.225179262351210108e-01 1.326749465242726689e-01
1.111696100663480541e-01 -3.708819301169754418e-02 -1.376682758358613590e-01 8.870475549294060125e-02 6.726516634922121707e-01 -7.225118633004627977e-01 1.328450727132581832e-01
1.111687325382728075e-01 -3.708011197920586116e-02 -1.376671802360345254e-01 8.861879787446255707e-02 6.726654165942371755e-01 -7.225293129729437602e-01 1.327378539687614212e-01
1.111682064737701953e-01 -3.707595748261090229e-02 -1.376666716019876724e-01 8.857570176660717332e-02 6.726727718648256582e-01 -7.225382839726950390e-01 1.326805006096912487e-01
1.111761461367122700e-01 -3.710124410044124410e-02 -1.376863581295833527e-01 8.871473119877827662e-02 6.725848540118852803e-01 -7.225770925344711104e-01 1.328218956594509059e-01
1.111750576883483721e-01 -3.709376878089750557e-02 -1.376855721749903616e-01 8.863968672924762982e-02 6.725988497828434554e-01 -7.225929084448846629e-01 1.327150401141458935e-01
1.110927424937078606e-01 -3.705695610392368416e-02 -1.375986872941724892e-01 8.868030111502667179e-02 6.725926617929062212e-01 -7.225757220361930244e-01 1.328128059351048329e-01
1.111679348959024455e-01 -3.706366654932256172e-02 -1.376814156600252026e-01 8.873330045594068904e-02 6.724973447710107521e-01 -7.226601183648420079e-01 1.328008885175419873e-01
1.111671023219018423e-01 -3.705597616533995442e-02 -1.376803858245000400e-01 8.865106822487067717e-02 6.725105667304632773e-01 -7.226768169337640657e-01 1.326979427306365922e-01
1.110927082194936300e-01 -3.702765485451064986e-02 -1.375858120370746229e-01 8.869385215518536814e-02 6.725068678627796892e-01 -7.226561339555460650e-01 1.328006977530298560e-01
1.111681243593016372e-01 -3.703658515761493186e-02 -1.376759775865278035e-01 8.874918553068450455e-02 6.724417913886392428e-01 -7.227101897249150753e-01 1.327990998819460478e-01
1.111673800558751063e-01 -3.702866461703850642e-02 -1.376748236752410315e-01 8.866229880448414646e-02 6.724550148225488799e-01 -7.227276155279814818e-01 1.326953034735898485e-01
1.110762519524365471e-01 -3.699404772060286423e-02 -1.376006852805545799e-01 8.871834322336510925e-02 6.724735924956584121e-01 -7.226855312378236418e-01 1.327928684500369882e-01
1.111515496276208603e-01 -3.700151929706902570e-02 -1.376823135985599245e-01 8.877187467620242800e-02 6.723784772049828939e-01 -7.227669682840135446e-01 1.327955090186288822e-01
1.111506098438223289e-01 -3.699444491344223984e-02 -1.376815089330508113e-01 8.869887672394824452e-02 6.723914898275973329e-01 -7.227821510571260655e-01 1.326957263387482100e-01
1.111140604389107139e-01 -3.695925705543483958e-02 -1.376576252313209958e-01 8.869773221647445083e-02 6.724464069319302517e-01 -7.227243515028054510e-01 1.327330171767392986e-01
1.111857757035964733e-01 -3.697611355726062449e-02 -1.377266732687766615e-01 8.877674285715567160e-02 6.723650566835429609e-01 -7.227795505403232790e-01 1.327917233841736100e-01
1.111849327155133432e-01 -3.696736576065100255e-02 -1.377254465615068424e-01 8.868109006956600981e-02 6.723797314413623161e-01 -7.227990751036765804e-01 1.326750091018823741e-01
1.111270459340120559e-01 -3.694438656130579618e-02 -1.376700912597029758e-01 8.873412422418050505e-02 6.723764224898162167e-01 -7.227760177561943777e-01 1.327818882018985402e-01
1.111976995597631634e-01 -3.695607634096333832e-02 -1.377424884126050297e-01 8.878031522651415319e-02 6.723035260701689664e-01 -7.228360175852451830e-01 1.327935094174471919e-01
1.111968236473575150e-01 -3.694807971183060313e-02 -1.377414582699418022e-01 8.869440349749713182e-02 6.723176026106653103e-01 -7.228535934808335561e-01 1.326839342193184834e-01
1.111162787802485591e-01 -3.691371804703827419e-02 -1.376821279427792033e-01 8.873695024025801681e-02 6.723606937897946834e-01 -7.227882635307022463e-01 1.327929863013710132e-01
1.111996167422686643e-01 -3.692744952342571357e-02 -1.377718090927702588e-01 8.878107294418097206e-02 6.723032416895574626e-01 -7.228369532790284158e-01 1.327893492524317987e-01
1.111987723197551264e-01 -3.691949432644035106e-02 -1.377707755790928967e-01 8.869513774292384078e-02 6.723171787133873645e-01 -7.228544892083105244e-01 1.326807114053406012e-01
1.111162764780442430e-01 -3.688161247826267364e-02 -1.377184292012945122e-01 8.873944355540626383e-02 6.723698955938284261e-01 -7.227823146129044307e-01 1.327771077386220022e-01
1.111672223099071516e-01 -3.688598916315233983e-02 -1.377845783037370264e-01 8.878085497024003347e-02 6.723185997035446837e-01 -7.228274943183686796e-01 1.327632243539095258e-01
1.111662536549322816e-01 -3.687860347349234541e-02 -1.377837656163432845e-01 8.870398672015714081e-02 6.723322652527418120e-01 -7.228435974517657403e-01 1.326576852770195436e-01
1.110958827437300567e-01 -3.686606696318864285e-02 -1.377163245349957155e-01 8.875432406163391574e-02 6.723443882352767575e-01 -7.228079957617193907e-01 1.327565246299412804e-01
1.111658316054978668e-01 -3.687724367502145939e-02 -1.377872981096329441e-01 8.879127762461723472e-02 6.722752541755236955e-01 -7.228678367661568460e-01 1.327561004626143792e-01
1.111651539010223982e-01 -3.686901012165248043e-02 -1.377860655419540781e-01 8.869885024269726082e-02 6.722889790526979104e-01 -7.228861660265163414e-01 1.326485340189944850e-01
1.111185144142009112e-01 -3.682730947277478017e-02 -1.377453576799596291e-01 8.873885934941727616e-02 6.723857158851385130e-01 -7.227741191336728432e-01 1.327419926983826048e-01
1.111699372612550557e-01 -3.683966194294016616e-02 -1.377917402159230809e-01 8.877623493850642089e-02 6.723296897404013039e-01 -7.228236014584397129e-01 1.327313436169824667e-01
1.111688368215210249e-01 -3.683215124637079230e-02 -1.377910227921381459e-01 8.870003743935631069e-02 6.723444156837489194e-01 -7.228396856472525389e-01 1.326200547071077207e-01
1.111094440173853726e-01 -3.677501178839155671e-02 -1.377425320666895991e-01 8.875437586214188213e-02 6.724102116395367368e-01 -7.227566653229374749e-01 1.327025650824522340e-01
1.111727535808831463e-01 -3.679171275083598092e-02 -1.378104360263785189e-01 8.879556877959754457e-02 6.723909547913154983e-01 -7.227692790930230204e-01 1.327038811764098547e-01
1.111723925866837104e-01 -3.678472166169041019e-02 -1.378092578382566213e-01 8.871417610906590090e-02 6.724018823211964646e-01 -7.227849964828305662e-01 1.326173158660516882e-01
1.111447052419898968e-01 -3.675713261999070947e-02 -1.377772640331591802e-01 8.876463611403789811e-02 6.724217291752840886e-01 -7.227442099649886709e-01 1.327051787631054192e-01
1.112291888450802763e-01 -3.677029112395090171e-02 -1.378673270640451420e-01 8.880471567751520301e-02 6.723646601362524011e-01 -7.227919102636998216e-01 1.327077267179620768e-01
1.112285186276368298e-01 -3.676234327838190374e-02 -1.378662121855490086e-01 8.871631301580476525e-02 6.723783084904603191e-01 -7.228096727392133714e-01 1.326009165542245960e-01
1.111931053686036897e-01 -3.668475841124877596e-02 -1.378368322495498732e-01 8.878182268082526751e-02 6.724049609765343494e-01 -7.227599691235194745e-01 1.326928161137028994e-01
1.112722419686925784e-01 -3.670231330509146628e-02 -1.379173153444882283e-01 8.881844984033675228e-02 6.723720002022960385e-01 -7.227852046303623323e-01 1.326978684055192537e-01
1.112717451285469006e-01 -3.669447772907340893e-02 -1.379161022493614608e-01 8.872873177320671212e-02 6.723848362839491832e-01 -7.228029386968821690e-01 1.325962137637280436e-01
1.111556414340191534e-01 -3.665074350756048621e-02 -1.378290410201770122e-01 8.877841669073036068e-02 6.723771118580524897e-01 -7.227834312157401797e-01 1.327084162339078055e-01
1.112444086932704579e-01 -3.665963637356437627e-02 -1.379252693417649944e-01 8.881801593113054782e-02 6.722985760569134550e-01 -7.228511139614548497e-01 1.327111589979816375e-01
1.112439695041914089e-01 -3.665212010734190951e-02 -1.379240748159947239e-01 8.873125434594873739e-02 6.723106090312453986e-01 -7.228681850809617337e-01 1.326152196544080619e-01
1.111426845878196734e-01 -3.666652356530342161e-02 -1.378318561799375952e-01 8.877582928570823539e-02 6.722851209272170392e-01 -7.228675489563470835e-01 1.327180280909689425e-01
1.112180080354403661e-01 -3.667292303247584456e-02 -1.379125339536774464e-01 8.882865564332108332e-02 6.721935421746660921e-01 -7.229454926766730738e-01 1.327219891870153878e-01
1.112172178261429389e-01 -3.666510477195845941e-02 -1.379115261339066700e-01 8.874275070501791429e-02 6.722075276785982600e-01 -7.229629444137174454e-01 1.326135171623984144e-01
1.111201049466892798e-01 -3.662800750148784146e-02 -1.378080244972341994e-01 8.879568245458559217e-02 6.721823338238791523e-01 -7.229603781715797650e-01 1.327197365372378424e-01
1.112032801228216988e-01 -3.664081045966360861e-02 -1.378964393073268402e-01 8.883890613410394543e-02 6.721272196071182981e-01 -7.230065150701262544e-01 1.327186067823640236e-01
1.112025157443720380e-01 -3.663327080759871263e-02 -1.378954475930508350e-01 8.875567910545831274e-02 6.721406549987418710e-01 -7.230234742908059342e-01 1.326138188457132994e-01
1.112025157443720380e-01 -3.663327080759871263e-02 -1.378954475930508350e-01 8.875567910545831274e-02 6.721406549987418710e-01 -7.230234742908059342e-01 1.326138188457132994e-01
1.112130243170380839e-01 -3.657663286330174041e-02 -1.379168185429549554e-01 8.885536827548490280e-02 6.720532815520094960e-01 -7.230728396684296122e-01 1.327206796909838060e-01
1.112122976028713794e-01 -3.656922316803213474e-02 -1.379158366039461014e-01 8.877359340864335313e-02 6.720664896227808160e-01 -7.230893600924208631e-01 1.326184751856354371e-01
1.112364343669934030e-01 -3.652222308592605743e-02 -1.379370344729749509e-01 8.889465289357109667e-02 6.720306301081812039e-01 -7.230804185510589788e-01 1.327677716592315371e-01
1.112363430252306384e-01 -3.651760031034786969e-02 -1.379361162144756847e-01 8.883747387275692242e-02 6.720371275640971698e-01 -7.230914044146525832e-01 1.327133123426214034e-01
1.112356613781083081e-01 -3.650941550576913136e-02 -1.379349152948559087e-01 8.874473350405279182e-02 6.720511257701073937e-01 -7.231100070746572239e-01 1.326030704580965502e-01
1.112095381658928794e-01 -3.649910675047252084e-02 -1.379237583297887038e-01 8.884961746820692341e-02 6.720147187857606896e-01 -7.230973569912815258e-01 1.327862023075868092e-01
1.112088402404943360e-01 -3.649541037403840338e-02 -1.379235243248599918e-01 8.881410505769740671e-02 6.720226306209710065e-01 -7.231052903690033951e-01 1.327267031023889043e-01
1.112082562204865371e-01 -3.648789654571442387e-02 -1.379223768707582842e-01 8.872791117161465957e-02 6.720352245046066209e-01 -7.231225141998434136e-01 1.326267102112625440e-01
1.111987520013813235e-01 -3.647889078287179510e-02 -1.379336422275119489e-01 8.886180040419566772e-02 6.720085247869554967e-01 -7.231022183679471915e-01 1.327829237286878017e-01
1.111985079239103530e-01 -3.647455337527186203e-02 -1.379328995934325230e-01 8.881054119502275468e-02 6.720153576134006990e-01 -7.231122819068592777e-01 1.327278217248943903e-01
1.111979723604649001e-01 -3.646687336108050959e-02 -1.379316695242593371e-01 8.872124437933472108e-02 6.720279879244555055e-01 -7.231300006016792015e-01 1.326270201422234951e-01
1.111946360201612888e-01 -3.645673606048513427e-02 -1.379583563736251073e-01 8.885525507631253372e-02 6.720766958514672318e-01 -7.230408219472019837e-01 1.327766106534287172e-01
1.111944107425083261e-01 -3.645245639174581748e-02 -1.379576132669338706e-01 8.880423954723665192e-02 6.720834079038693343e-01 -7.230507915424914112e-01 1.327224649730956163e-01
1.111937013946842495e-01 -3.644471529194416581e-02 -1.379565177148716348e-01 8.871681621603080825e-02 6.720969075499980683e-01 -7.230684638272798503e-01 1.326162508921056582e-01
1.111929329938287775e-01 -3.645772312216009198e-02 -1.379556901251594858e-01 8.884783298466952806e-02 6.720358051866550664e-01 -7.230789448102461492e-01 1.327809425074008565e-01
1.111925814094748555e-01 -3.645378897577716826e-02 -1.379551220440412562e-01 8.880321379970701479e-02 6.720426152836351807e-01 -7.230879612341356566e-01 1.327272119041018050e-01
1.111918986573515872e-01 -3.644637105254438375e-02 -1.379540694317846761e-01 8.871934084928601028e-02 6.720556283246021945e-01 -7.231049018714557075e-01 1.326250801544127944e-01
1.111718639029479483e-01 -3.643667312723276180e-02 -1.379300333442977644e-01 8.885401687920180258e-02 6.719528841105530947e-01 -7.231532188593210453e-01 1.327919699128797815e-01
1.111715788065526928e-01 -3.643315547016338224e-02 -1.379294998337269873e-01 8.881370731661065998e-02 6.719588742847109053e-01 -7.231612620747076559e-01 1.327448142008551824e-01
1.111706365825240600e-01 -3.642532136779280671e-02 -1.379285378371351567e-01 8.872843469523580828e-02 6.719735866667515545e-01 -7.231788856909864283e-01 1.326313047115885990e-01
1.111712213046149034e-01 -3.640700637402440737e-02 -1.379327048023705482e-01 8.886846933724737441e-02 6.719213893266876569e-01 -7.231803081973554592e-01 1.327941397747902652e-01
1.111703218085425410e-01 -3.639874090950380447e-02 -1.379316019884745947e-01 8.877685174029316395e-02 6.719364260984508341e-01 -7.231991004487395847e-01 1.326769421838507323e-01
1.111700356458778099e-01 -3.639481149760868950e-02 -1.379309653898703192e-01 8.873096802176673459e-02 6.719430271519901687e-01 -7.232081803302605749e-01 1.326247016175089166e-01
1.111176603215201786e-01 -3.636480049063254422e-02 -1.379103033170928083e-01 8.887177731366768807e-02 6.719050404000133092e-01 -7.231999527769100711e-01 1.327676624244064352e-01
1.111174309745064231e-01 -3.635680859219078687e-02 -1.379086880294575490e-01 8.877174056049635942e-02 6.719167640629906124e-01 -7.232190304995970154e-01 1.326713012380680845e-01
1.110160892281034511e-01 -3.629926286121517437e-02 -1.378109775546065563e-01 8.877950374624160590e-02 6.719162843612624947e-01 -7.232089858475529986e-01 1.327232809799395175e-01
1.110773797964375864e-01 -3.630874982544288199e-02 -1.378755926063092163e-01 8.881117442640176773e-02 6.718659493602521238e-01 -7.232506832674687747e-01 1.327296897472071968e-01
1.110765914077884442e-01 -3.630164548951417269e-02 -1.378745988228763930e-01 8.873144150521329598e-02 6.718788079991996343e-01 -7.232669002096677735e-01 1.326295205113861841e-01
1.109879292254972311e-01 -3.630030054646558174e-02 -1.378029167691294521e-01 8.878028752724992367e-02 6.718927094317960202e-01 -7.232307232704703326e-01 1.327236545482806673e-01
1.110470342847428987e-01 -3.631509431392409420e-02 -1.378509996111075275e-01 8.881163160189299577e-02 6.718360437419336195e-01 -7.232773350560377512e-01 1.327355303437341982e-01
1.110463611286518631e-01 -3.630712080417767412e-02 -1.378496709128869124e-01 8.871779683169542241e-02 6.718495675639570841e-01 -7.232959373041721873e-01 1.326284214214020207e-01
1.109464482225332727e-01 -3.628506715543733385e-02 -1.377590521313956928e-01 8.876872787382084073e-02 6.718161310410403209e-01 -7.233017791083302672e-01 1.327318174494556413e-01
1.110274590142555085e-01 -3.629483035558680321e-02 -1.378380915054674416e-01 8.882046474090300736e-02 6.717266496223748273e-01 -7.233773034606572061e-01 1.327385025842071076e-01
1.110267316790810171e-01 -3.628758279162582617e-02 -1.378369728205465217e-01 8.873672910545152281e-02 6.717395013441871399e-01 -7.233939854153099702e-01 1.326385204474283819e-01
1.109361926974644780e-01 -3.625238314812823104e-02 -1.377342438084286635e-01 8.878907559494976509e-02 6.717130596260034725e-01 -7.233940795653469591e-01 1.327368495658670100e-01
1.109945768896388324e-01 -3.626442570076095218e-02 -1.377941381118305830e-01 8.884485931504429446e-02 6.716671365697255425e-01 -7.234308131720831314e-01 1.327317112776524866e-01
1.109938868029063108e-01 -3.625626211519638459e-02 -1.377927417297428458e-01 8.874797442634160816e-02 6.716809634359889314e-01 -7.234500261060166082e-01 1.326217935338198095e-01
1.109039102837855589e-01 -3.625393829886173341e-02 -1.376944229395302699e-01 8.878733793688003972e-02 6.716741245550614803e-01 -7.234310358378724937e-01 1.327336257766548733e-01
1.109735817248704987e-01 -3.626479535868669390e-02 -1.377604478336273419e-01 8.882264155111532777e-02 6.716055163832854724e-01 -7.234913554024609006e-01 1.327283969967708865e-01
1.109730629871263641e-01 -3.625711955251563479e-02 -1.377590121359782982e-01 8.872905321638172027e-02 6.716178313719934900e-01 -7.235098285027327103e-01 1.326279448625032886e-01
1.108828697086572390e-01 -3.622460937832955308e-02 -1.376595785105414194e-01 8.877411500196630278e-02 6.715918448166116050e-01 -7.235092980501216520e-01 1.327322346548049370e-01
1.109695516494047102e-01 -3.623298884473736409e-02 -1.377531977925489370e-01 8.882998271050555894e-02 6.715161897346949571e-01 -7.235745211677705457e-01 1.327220908992917392e-01
1.109687382840321979e-01 -3.622572777766909502e-02 -1.377521040313058054e-01 8.874661133227049192e-02 6.715294483960009275e-01 -7.235914178569090582e-01 1.326186220627771084e-01
1.108942849215302229e-01 -3.617066212823589338e-02 -1.376836601325801546e-01 8.880711629590602729e-02 6.714967976114556425e-01 -7.235946123949275055e-01 1.327259726119943695e-01
1.109638517879178859e-01 -3.617930124483073606e-02 -1.377546679334748780e-01 8.884992658939547261e-02 6.714285323975778264e-01 -7.236527593119469470e-01 1.327256582869316137e-01
1.109631301544505844e-01 -3.617119807943661169e-02 -1.377532987949617316e-01 8.875358823042001077e-02 6.714423981149023613e-01 -7.236721427470028667e-01 1.326142390616315003e-01
1.109046778231743136e-01 -3.614540901989546362e-02 -1.377022948300954674e-01 8.880870267832646769e-02 6.714522019547853882e-01 -7.236374928687012709e-01 1.327167424757065006e-01
1.109744300611890805e-01 -3.615354105651126526e-02 -1.377731046525364211e-01 8.884603269962888794e-02 6.713823570662796891e-01 -7.236972062476710876e-01 1.327195040790119795e-01
1.109735331985130385e-01 -3.614625304680874063e-02 -1.377720865278826701e-01 8.876334383463813094e-02 6.713959937586153615e-01 -7.237142820034941915e-01 1.326126931343378224e-01
1.109035414642116635e-01 -3.610487540853059979e-02 -1.377350545844978347e-01 8.880731684458992303e-02 6.714622382545388790e-01 -7.236304940920582629e-01 1.327050530053512367e-01
1.109556113935553229e-01 -3.611238150892790572e-02 -1.377890032055418545e-01 8.879279032036270503e-02 6.714385043476408521e-01 -7.236615981680224463e-01 1.326652426351028480e-01
1.109556158357726113e-01 -3.610864883378335499e-02 -1.377881095472179851e-01 8.874273213841611663e-02 6.714435901479113289e-01 -7.236709275522198448e-01 1.326220998084514380e-01
1.110173428548625746e-01 -3.607081005478783575e-02 -1.378596618335214408e-01 8.888043064392527060e-02 6.715064950042941572e-01 -7.235709698027710246e-01 1.327567244032317184e-01
1.110167483101366093e-01 -3.606340664728528711e-02 -1.378584526182630721e-01 8.879231339430103398e-02 6.715194545039717688e-01 -7.235884041337821149e-01 1.326550741882980000e-01
1.110163594672812226e-01 -3.605939377769392523e-02 -1.378578433800509151e-01 8.874537711126673223e-02 6.715267866913255945e-01 -7.235978413483619143e-01 1.325978762778381448e-01
1.110764186820082516e-01 -3.604098339662550193e-02 -1.379106519274987119e-01 8.886814532944833922e-02 6.715892114233527055e-01 -7.234995870188698497e-01 1.327355695696824933e-01
1.110759893467883480e-01 -3.603344427760561686e-02 -1.379093150021118708e-01 8.877619508076529942e-02 6.716019525575106508e-01 -7.235174464725735444e-01 1.326352485492749977e-01
1.110708423303371217e-01 -3.598704505363471695e-02 -1.379086634214538865e-01 8.878044222064536417e-02 6.717101069536232094e-01 -7.234090258562536624e-01 1.326760965854985597e-01
1.111492274484392750e-01 -3.599739876425284840e-02 -1.379874535304683736e-01 8.887370094973379153e-02 6.716155402674582886e-01 -7.234751061316957443e-01 1.327320690657640689e-01
1.111485702337003945e-01 -3.598995566541970947e-02 -1.379864017082548522e-01 8.878785221196938693e-02 6.716292075134808748e-01 -7.234925471548678821e-01 1.326252582495521803e-01
1.110944357758610612e-01 -3.598297559880758723e-02 -1.379364136439928945e-01 8.879989796053998352e-02 6.716927874652800501e-01 -7.234261911868187234e-01 1.326571645040411918e-01
1.111700204806374964e-01 -3.600067601152315971e-02 -1.380138297473903486e-01 8.888503873265791999e-02 6.716553247488299405e-01 -7.234403517653594795e-01 1.327125919558906075e-01
1.111693298365445809e-01 -3.599349349987052832e-02 -1.380128859681332421e-01 8.880333785880473174e-02 6.716689654072898197e-01 -7.234570485175356724e-01 1.326071907708321340e-01
1.110744387652785464e-01 -3.597781986679891159e-02 -1.379383328583790036e-01 8.880712613451241522e-02 6.716787473448327939e-01 -7.234364972100454372e-01 1.326672122925064146e-01
1.111628060294934245e-01 -3.598919759427185450e-02 -1.380330954868628779e-01 8.890794018671659138e-02 6.716001428556115371e-01 -7.234883343594672445e-01 1.327149438979689511e-01
1.111621012869463410e-01 -3.598180442817664609e-02 -1.380321130408888042e-01 8.882330301892897573e-02 6.716140999632471686e-01 -7.235056276301001787e-01 1.326066678524864817e-01
1.110600500481677966e-01 -3.595794846255389449e-02 -1.379343922698234026e-01 8.881514353344098500e-02 6.716050581457935209e-01 -7.235033361668756768e-01 1.326704138363957175e-01
1.111309109609339013e-01 -3.597360663431606320e-02 -1.380089310973366956e-01 8.890643925594751695e-02 6.715617740064488972e-01 -7.235228918665942421e-01 1.327217152433634584e-01
1.111298158663704821e-01 -3.596590135780586978e-02 -1.380081602576423982e-01 8.882335527754843529e-02 6.715777327138670039e-01 -7.235405981000020414e-01 1.326000127497409531e-01
1.110417689089825688e-01 -3.597811993416587945e-02 -1.379337207076910821e-01 8.882829604634218112e-02 6.715875636315470354e-01 -7.235210724802569882e-01 1.326534427520260628e-01
1.111173292741965413e-01 -3.599772843058506033e-02 -1.380073622624598539e-01 8.891987542196194694e-02 6.715490725408723716e-01 -7.235361581248835883e-01 1.327046600927041520e-01
1.111165278303891807e-01 -3.599018196829162353e-02 -1.380063586342196169e-01 8.883316345641352474e-02 6.715636261156615605e-01 -7.235538955763047841e-01 1.325923276251828320e-01
1.111163114522322887e-01 -3.598652710294992368e-02 -1.380057243618459939e-01 8.878810740254007572e-02 6.715699463380199186e-01 -7.235627796548048662e-01 1.325420048801000950e-01
