repeatability libsurvive; 20211016-002033; x y z w i j k;  frequency = 150 duration = 2 sys.args = ['repeatability.py']
1.116533549988538709e-01 -3.871253369026410318e-02 -1.374589273589302829e-01 8.820143184915386902e-02 6.756244079835045380e-01 -7.197896471872813340e-01 1.328722339644635708e-01
1.116529998157407971e-01 -3.870677101885520999e-02 -1.374581218919936065e-01 8.814839599348768540e-02 6.756306538014006380e-01 -7.197998352204513228e-01 1.328204695981697880e-01
1.115946074359289997e-01 -3.871997408460134404e-02 -1.373277522486454627e-01 8.820650657677291118e-02 6.756119635654666000e-01 -7.197947125654879930e-01 1.329046976126235236e-01
1.116454071488056921e-01 -3.864711563470674127e-02 -1.374633854204490302e-01 8.820606530987161464e-02 6.755948956857721344e-01 -7.198203482052086821e-01 1.328529008927299415e-01
1.116448342114911285e-01 -3.864162848849096027e-02 -1.374627405622282639e-01 8.815914520288412048e-02 6.756017669932447012e-01 -7.198298510289278251e-01 1.327976020881926345e-01
1.115704417409379423e-01 -3.863947690182246986e-02 -1.372982790207853965e-01 8.816262072633143654e-02 6.755318021281340179e-01 -7.198868085839755793e-01 1.328424610091178126e-01
1.116315411335467161e-01 -3.855527736003391132e-02 -1.374699871985536614e-01 8.819398780918519254e-02 6.755291165030891110e-01 -7.198824617863754938e-01 1.328588517309131356e-01
1.116310403375224553e-01 -3.854970596589755993e-02 -1.374692957736958210e-01 8.814508545704297093e-02 6.755358548695958865e-01 -7.198921369387591973e-01 1.328046078610284619e-01
1.115620868806431326e-01 -3.853450561316031087e-02 -1.373080533067942144e-01 8.817263795651977820e-02 6.754708935763213962e-01 -7.199447358020500953e-01 1.328316048156869822e-01
1.115914394668501425e-01 -3.845785411506052326e-02 -1.374091708595229222e-01 8.820084888259138722e-02 6.754493768127596276e-01 -7.199575440118487490e-01 1.328528676396252550e-01
1.115907423274378474e-01 -3.845215814754342210e-02 -1.374085450479879678e-01 8.815355352444975701e-02 6.754569877984183401e-01 -7.199672397804588453e-01 1.327930053813327071e-01
1.115364784785504298e-01 -3.848650327768989021e-02 -1.372737421163496840e-01 8.817341390801772261e-02 6.753490096456898906e-01 -7.200606701209514293e-01 1.328224212825437067e-01
1.115812535625739649e-01 -3.843557213743425960e-02 -1.374066148506153662e-01 8.821092795492661842e-02 6.753861349879271003e-01 -7.200200031310325377e-01 1.328291983962423262e-01
1.115806515967932983e-01 -3.843003349313174610e-02 -1.374059548038860934e-01 8.816348521128587745e-02 6.753931159069039847e-01 -7.200296838033811708e-01 1.327727129457173250e-01
1.115036989600631662e-01 -3.847173625162107757e-02 -1.372580315609921442e-01 8.817620395693402668e-02 6.753398129918501969e-01 -7.200698371557937572e-01 1.328176331000771038e-01
1.115420278603129478e-01 -3.835659880774401620e-02 -1.374228141819480720e-01 8.824069571372289422e-02 6.752909507734157213e-01 -7.201050000394293438e-01 1.328326027062178560e-01
1.115414420651892058e-01 -3.835125315456604234e-02 -1.374221914895548402e-01 8.819498520114872619e-02 6.752977241290122334e-01 -7.201143028401136847e-01 1.327780825913774942e-01
1.114948121659230934e-01 -3.839281720310980944e-02 -1.373332149242415812e-01 8.820543387269015601e-02 6.752984540437450001e-01 -7.201055840695140819e-01 1.328147100036828343e-01
1.115476840927096119e-01 -3.831581500679229896e-02 -1.374790549838977027e-01 8.824476678844862809e-02 6.753071913157726591e-01 -7.200900101819786014e-01 1.328285952939827208e-01
1.115473155357998847e-01 -3.831048076077253617e-02 -1.374783322956020237e-01 8.819595105904159960e-02 6.753131645272505423e-01 -7.200994903858560781e-01 1.327792452871012219e-01
1.115015480754169286e-01 -3.833826740712734105e-02 -1.373894918241068686e-01 8.821375732094038913e-02 6.753270786971466988e-01 -7.200798246751223264e-01 1.328032977510166246e-01
1.115864618672419983e-01 -3.827973131379118488e-02 -1.375724575385696147e-01 8.827371031703599991e-02 6.752646108261802782e-01 -7.201273422944199920e-01 1.328234479021169756e-01
1.115859212635245123e-01 -3.827438956887816573e-02 -1.375718501027119733e-01 8.822763177249914879e-02 6.752713350538139814e-01 -7.201366871341127185e-01 1.327692015866671349e-01
1.115004644824168223e-01 -3.829077425382326066e-02 -1.373993955907246156e-01 8.824169641516126095e-02 6.751642847662298053e-01 -7.202286560273676308e-01 1.328054013468271122e-01
1.115336942636277473e-01 -3.824229399897707132e-02 -1.375019704236463136e-01 8.827641915033870856e-02 6.751799991277918078e-01 -7.202078255877332191e-01 1.328154003193079691e-01
1.115331774618363442e-01 -3.823703843438790162e-02 -1.375013433101783811e-01 8.823057350525403963e-02 6.751865840856078327e-01 -7.202169767415342871e-01 1.327627545022575239e-01
1.114460162060558757e-01 -3.830815438960612218e-02 -1.373472601156382200e-01 8.823075541775646236e-02 6.750949472631688764e-01 -7.202963587831395786e-01 1.327979725067448824e-01
1.114857001654259300e-01 -3.819960382461969756e-02 -1.374931384951552649e-01 8.827218211079611299e-02 6.750714696250964542e-01 -7.203105985929657562e-01 1.328125533157697991e-01
1.114849978703279093e-01 -3.819464659446968752e-02 -1.374926584059701917e-01 8.823175539039269932e-02 6.750785160310843747e-01 -7.203190479007212099e-01 1.327577634844651633e-01
1.114334102064028914e-01 -3.821376704135140412e-02 -1.373596402492840429e-01 8.825490761558218988e-02 6.749760227042298499e-01 -7.204041095399873473e-01 1.328019541047562035e-01
1.114706832685564142e-01 -3.812973403703377034e-02 -1.374796011920309535e-01 8.829602800616448421e-02 6.749834924971116479e-01 -7.203887338744898727e-01 1.328200602373211525e-01
1.114699470908969842e-01 -3.812524123699177064e-02 -1.374792158382982243e-01 8.826059830384734572e-02 6.749902557106292056e-01 -7.203963234822995387e-01 1.327680631625402230e-01
1.113828996238094976e-01 -3.818397900499276298e-02 -1.373248476386915717e-01 8.828092947667369461e-02 6.749062699964658574e-01 -7.204654774768776138e-01 1.328062497558257227e-01
1.114250502492790534e-01 -3.813378879705903168e-02 -1.374359742823343111e-01 8.831805938739645256e-02 6.749047616095287250e-01 -7.204604437663008065e-01 1.328165355326447750e-01
1.114241539495419431e-01 -3.812817201771221548e-02 -1.374354558903108925e-01 8.827293967182772705e-02 6.749130024479880197e-01 -7.204702045616148132e-01 1.327516914667418169e-01
1.113521982977000307e-01 -3.816351225795942825e-02 -1.373028848803047874e-01 8.828973862525253680e-02 6.748714466769850651e-01 -7.205020755850229941e-01 1.327788070110264562e-01
1.114262575145365808e-01 -3.811505817990671480e-02 -1.374650408680272162e-01 8.835007136112807413e-02 6.748317010729183441e-01 -7.205282940169842609e-01 1.327984097739474956e-01
1.114255050516077539e-01 -3.811033636206792585e-02 -1.374646160402772099e-01 8.831219633014916748e-02 6.748387144851171193e-01 -7.205364036493344670e-01 1.327439506248896117e-01
1.113704516697901215e-01 -3.815493012257283045e-02 -1.373522842141381706e-01 8.831514375965526797e-02 6.748119068121954944e-01 -7.205549253774760077e-01 1.327777290115330633e-01
1.114253503188793876e-01 -3.812345114205555746e-02 -1.374721616562897819e-01 8.836606899757697142e-02 6.747824850272201580e-01 -7.205776150962260873e-01 1.327702390320971149e-01
1.114247709374640710e-01 -3.811803728980515255e-02 -1.374715200612481592e-01 8.831814718665209618e-02 6.747894581752468257e-01 -7.205873231082489117e-01 1.327139849027295648e-01
1.113558764896701581e-01 -3.810274768261694839e-02 -1.373206405286903908e-01 8.832393285641480796e-02 6.747308048803509761e-01 -7.206371239652131777e-01 1.327379350202320674e-01
1.114119535911562431e-01 -3.803680215897078248e-02 -1.374604984415495890e-01 8.837251972172344150e-02 6.746712409674644473e-01 -7.206847134389707810e-01 1.327499837470562660e-01
1.114116185894864497e-01 -3.803137063413353225e-02 -1.374597219969157513e-01 8.832088051634884307e-02 6.746773165014201545e-01 -7.206946495175767797e-01 1.326995207979154434e-01
1.113285706603574232e-01 -3.805791169984575756e-02 -1.373031330592748012e-01 8.833034690449229065e-02 6.746051350580153372e-01 -7.207532149915859554e-01 1.327420982521428094e-01
1.114104773229220441e-01 -3.803488825341131557e-02 -1.374524895164422333e-01 8.838161651688448972e-02 6.745611037155692102e-01 -7.207869926188772425e-01 1.327483276253607625e-01
1.114098440875059132e-01 -3.802983975552538809e-02 -1.374519457341873419e-01 8.833838601168636506e-02 6.745680731617803572e-01 -7.207959234255613135e-01 1.326931837011437465e-01
1.113272785897112122e-01 -3.805600832945643663e-02 -1.372974922168242462e-01 8.835284899685649784e-02 6.744965657805540582e-01 -7.208541006288763375e-01 1.327310153314258945e-01
1.113803346346208117e-01 -3.798719122395530917e-02 -1.374361168218573570e-01 8.840047926947358636e-02 6.744349897836012797e-01 -7.209018512472364915e-01 1.327528556710854679e-01
1.113795795695432800e-01 -3.798188941246458811e-02 -1.374355883185753580e-01 8.835623853187260512e-02 6.744426592298163881e-01 -7.209111937672776360e-01 1.326925967209587331e-01
1.113286180393305153e-01 -3.802547600629140045e-02 -1.373195553495034638e-01 8.837220315581949259e-02 6.743390920669459776e-01 -7.209990772286787308e-01 1.327308300852045042e-01
1.113507568977296081e-01 -3.794653594737018576e-02 -1.374289062480908985e-01 8.840722034420200881e-02 6.743672816252557212e-01 -7.209638035537770939e-01 1.327558918829796486e-01
1.113503455434545625e-01 -3.794163777934306259e-02 -1.374282501632318187e-01 8.836175538284414543e-02 6.743732068496610665e-01 -7.209727336839917289e-01 1.327075557502231107e-01
1.112818069740001276e-01 -3.796781342953375882e-02 -1.373004627833121216e-01 8.837302632060536900e-02 6.743359604967227305e-01 -7.210003819914270196e-01 1.327391041408531314e-01
1.113313483694709644e-01 -3.790755757883942922e-02 -1.374269038652188857e-01 8.841365511555256129e-02 6.743181451562169082e-01 -7.210090423720552089e-01 1.327555103184768215e-01
1.113308124871071059e-01 -3.790295839969237690e-02 -1.374263645535791223e-01 8.837303079361126523e-02 6.743241786038738361e-01 -7.210174523312212758e-01 1.327062282349908140e-01
1.113209176157289038e-01 -3.790021241374356975e-02 -1.373711596184227224e-01 8.838118197906472129e-02 6.743221438311575167e-01 -7.210139819382640480e-01 1.327299923169729945e-01
1.113810210650562765e-01 -3.784006832788527203e-02 -1.375191684085468602e-01 8.842270080993840098e-02 6.743095559192517907e-01 -7.210217534021451380e-01 1.327240742983493149e-01
1.113807762889225950e-01 -3.783528918996125617e-02 -1.375184539516220994e-01 8.837626816490093407e-02 6.743149066306961537e-01 -7.210304720015670021e-01 1.326804445503508290e-01
1.113395979745243625e-01 -3.783025419990343474e-02 -1.374317926359674980e-01 8.838990537456159480e-02 6.743139168493166302e-01 -7.210275964615491251e-01 1.326920167609583479e-01
1.113879319434678272e-01 -3.779195149451611280e-02 -1.375393955999824058e-01 8.842524744892671373e-02 6.743089964386308477e-01 -7.210270146557167248e-01 1.326966354968638351e-01
1.113875075282960425e-01 -3.778763465956500034e-02 -1.375388741473937138e-01 8.838621155658057948e-02 6.743146110100259882e-01 -7.210348629972092027e-01 1.326514580683844369e-01
1.113395645050463817e-01 -3.777843159174643778e-02 -1.374107584979394336e-01 8.841844395322498440e-02 6.741998990927033919e-01 -7.211322506136768062e-01 1.326836536922772203e-01
1.113384945383782826e-01 -3.776949117555292862e-02 -1.374097007338730969e-01 8.833955240840922485e-02 6.742121169022899929e-01 -7.211485555824601601e-01 1.325854655825669248e-01
1.113728224743409656e-01 -3.769005637745610759e-02 -1.375307588647772250e-01 8.841606955932715395e-02 6.742160427703880465e-01 -7.211220198363227363e-01 1.326588060473214981e-01
1.113527144338572333e-01 -3.771770945900371208e-02 -1.374532269689528463e-01 8.843354006982462323e-02 6.741406061696749719e-01 -7.211865692577315023e-01 1.326796307884710868e-01
1.114015064758167445e-01 -3.769791271586080128e-02 -1.375454960255102499e-01 8.846202875167966106e-02 6.741566377432222090e-01 -7.211649964170069316e-01 1.326964400379648801e-01
1.114012472836545392e-01 -3.769252824281695696e-02 -1.375446569860775403e-01 8.840848484013578978e-02 6.741625376651962931e-01 -7.211752208236755779e-01 1.326465735969731274e-01
1.113203555295860236e-01 -3.768748788267142075e-02 -1.373862571554997636e-01 8.841715851240689039e-02 6.740735296674561505e-01 -7.212512775926234188e-01 1.326796037575386500e-01
1.113548454818065886e-01 -3.760817158687141532e-02 -1.375144069795736779e-01 8.847064461282394543e-02 6.740621308977379211e-01 -7.212529531694115148e-01 1.326927514063778457e-01
1.113544645948532086e-01 -3.760342358686912662e-02 -1.375137519768436234e-01 8.842547467375261316e-02 6.740679216008819141e-01 -7.212618755513944269e-01 1.326449372327252740e-01
1.112848677350115889e-01 -3.764500470583612840e-02 -1.373920510942261142e-01 8.844434017904764800e-02 6.740282664340448981e-01 -7.212890703324290609e-01 1.326859893025234549e-01
1.113341294746077181e-01 -3.757044159454370202e-02 -1.375290315024379484e-01 8.850171278054359825e-02 6.739895564499720493e-01 -7.213145408160120953e-01 1.327059073239230391e-01
1.112632495908157104e-01 -3.757821385526778635e-02 -1.373939585224493998e-01 8.851469874902269386e-02 6.739536297432244805e-01 -7.213372500754332561e-01 1.327562605488510350e-01
1.112626873216454731e-01 -3.757334187001463988e-02 -1.373933496598459258e-01 8.847073550567088884e-02 6.739602682154212099e-01 -7.213461473434313875e-01 1.327035098965804738e-01
1.112992038360154923e-01 -3.749923573985355224e-02 -1.375184544348758975e-01 8.850656547889418357e-02 6.739497325559073992e-01 -7.213510155867535190e-01 1.327066621044713512e-01
1.112307308710936415e-01 -3.752527913401388499e-02 -1.373957373070389121e-01 8.851333411622339109e-02 6.739127535058206941e-01 -7.213783239791076163e-01 1.327414932827195859e-01
1.112302725013967764e-01 -3.752031566200610818e-02 -1.373950482906511894e-01 8.846683544944179689e-02 6.739190118543655350e-01 -7.213875233989917035e-01 1.326907139594410701e-01
1.112454329247567070e-01 -3.743700782485966799e-02 -1.374868644443326127e-01 8.850300036504361867e-02 6.738950493392603658e-01 -7.214009283841286146e-01 1.327154170732935401e-01
1.111903740372997690e-01 -3.746806924014093459e-02 -1.373876383201572959e-01 8.851418485311995932e-02 6.738842904358984809e-01 -7.214040743385514709e-01 1.327454847112742031e-01
1.111900240176725840e-01 -3.746289467894645120e-02 -1.373868374765072897e-01 8.846362311932637335e-02 6.738902747201478416e-01 -7.214138237509328810e-01 1.326958172787049139e-01
1.112300298340640897e-01 -3.739581146409269585e-02 -1.375189542793892050e-01 8.849613380733158119e-02 6.739126252707731135e-01 -7.213874693839302799e-01 1.327039065651730021e-01
1.111603933897363644e-01 -3.742770190596964724e-02 -1.373999391479197862e-01 8.850773023943467321e-02 6.738740388905515299e-01 -7.214160930960203943e-01 1.327365135118182271e-01
1.111597306689005582e-01 -3.742262631743319135e-02 -1.373993435742997260e-01 8.846272600893165250e-02 6.738811658891943335e-01 -7.214254449830929117e-01 1.326794923785710734e-01
1.112264944301052660e-01 -3.736928046530684638e-02 -1.375485679511193327e-01 8.851285579524871550e-02 6.738494069757648974e-01 -7.214467119047300869e-01 1.326917215173308295e-01
1.111608529577999549e-01 -3.737098330359236303e-02 -1.374207486601569661e-01 8.852854881142505072e-02 6.738189057636927437e-01 -7.214657278797207418e-01 1.327327456799844430e-01
1.111603437151007512e-01 -3.736608949363103699e-02 -1.374201033391990734e-01 8.848339225400779495e-02 6.738253473192623577e-01 -7.214747544633338672e-01 1.326810810830667819e-01
1.111998560848603129e-01 -3.731790269846076841e-02 -1.375307535394073577e-01 8.851978783168377996e-02 6.738555861493489285e-01 -7.214396860614987750e-01 1.326939167898707472e-01
1.111571519446610395e-01 -3.733417615040526133e-02 -1.374457903229249489e-01 8.853341354523236451e-02 6.738782081075774810e-01 -7.214120006079123293e-01 1.327204607535660275e-01
1.111564732128229593e-01 -3.732938442099833359e-02 -1.374452805485696927e-01 8.849189046353599097e-02 6.738852480737888007e-01 -7.214207605471832929e-01 1.326647805645549405e-01
1.112002263364115923e-01 -3.727039609345367266e-02 -1.375612002808911938e-01 8.851959668869374687e-02 6.738668470251715226e-01 -7.214307861566923163e-01 1.326852451019401302e-01
1.111197089770717961e-01 -3.729911704002621814e-02 -1.374210279083328268e-01 8.853577120807168410e-02 6.738001641193480662e-01 -7.214831096046484538e-01 1.327285900043334299e-01
1.111191870235764823e-01 -3.729450670690809266e-02 -1.374204449743710033e-01 8.849344414855889185e-02 6.738063959403491898e-01 -7.214916913472468885e-01 1.326785229398192156e-01
1.111659292323609327e-01 -3.724568724350763721e-02 -1.375339710058969822e-01 8.852965044172982079e-02 6.737889686374403109e-01 -7.215007962179573742e-01 1.326933600147841008e-01
1.111656099082413834e-01 -3.724084046936007586e-02 -1.375332561148575050e-01 8.848201515282320961e-02 6.737946735942629273e-01 -7.215100088452932603e-01 1.326460627631330103e-01
1.110858227630689282e-01 -3.726245564980485564e-02 -1.373932937956530431e-01 8.848306584886225790e-02 6.737317878193201937e-01 -7.215617396998399435e-01 1.326833860779446372e-01
1.111572242146010719e-01 -3.722544859840227344e-02 -1.375344278311192159e-01 8.853522966346948075e-02 6.737001755996879782e-01 -7.215838467267257084e-01 1.326888791438358139e-01
1.111565853119470954e-01 -3.722039719168802885e-02 -1.375338699524414898e-01 8.849006082945112817e-02 6.737074681233459206e-01 -7.215931617378268381e-01 1.326313140341951469e-01
1.110747640834461175e-01 -3.725822970682861335e-02 -1.374004007265478000e-01 8.850952840124384768e-02 6.736442858387379218e-01 -7.216443522844889769e-01 1.326607264977334166e-01
1.111424873356917364e-01 -3.724408562789326832e-02 -1.375117633507656201e-01 8.855488138562603306e-02 6.735755695731598935e-01 -7.217008126339912177e-01 1.326722356049208906e-01
1.111420405229164299e-01 -3.723902535483817472e-02 -1.375110757869024980e-01 8.850658949322853797e-02 6.735821240953214772e-01 -7.217103408350771243e-01 1.326193411506363384e-01
1.110754461854906727e-01 -3.724403316122079644e-02 -1.373894285608836530e-01 8.851404548892553847e-02 6.735527782380926753e-01 -7.217308860252783509e-01 1.326515994479436911e-01
1.111296207827156268e-01 -3.721248395939309728e-02 -1.374922064520144316e-01 8.856292821007702432e-02 6.735197331937942122e-01 -7.217535138733122135e-01 1.326636421818103428e-01
1.111289986688716452e-01 -3.720802167885411960e-02 -1.374917453609700857e-01 8.852381382074915595e-02 6.735264057010943439e-01 -7.217617564743648018e-01 1.326110180227638158e-01
1.110898853947404619e-01 -3.723186079779523816e-02 -1.374126474415422461e-01 8.852079588172707958e-02 6.735331336575605121e-01 -7.217483856236095452e-01 1.326516280020932359e-01
1.111403958593980418e-01 -3.718573694731580614e-02 -1.375245291107355383e-01 8.855390389882604463e-02 6.734996213731899717e-01 -7.217726757066132981e-01 1.326675194528151025e-01
1.111399764744877283e-01 -3.718140137649302707e-02 -1.375239770904331804e-01 8.851320053391036058e-02 6.735054558891324650e-01 -7.217808043516082961e-01 1.326208305220601402e-01
1.110998886519734136e-01 -3.719446344411278527e-02 -1.374450623266775251e-01 8.851296976895063617e-02 6.735144955349393614e-01 -7.217658322491131706e-01 1.326565561317722408e-01
1.111672070029272041e-01 -3.714972449033075719e-02 -1.375859850345948487e-01 8.855946457029491292e-02 6.734877810657975417e-01 -7.217816493776486597e-01 1.326750941653029869e-01
1.111668616042524038e-01 -3.714532667033238617e-02 -1.375853931190606227e-01 8.851705869733662857e-02 6.734933871906695346e-01 -7.217900740431649753e-01 1.326290946315080155e-01
1.111183156494877922e-01 -3.713964381486042909e-02 -1.374698016884518537e-01 8.853713188227113617e-02 6.734126172512336916e-01 -7.218548142409295654e-01 1.326734727143972781e-01
1.111810015902842536e-01 -3.709935004585349777e-02 -1.376000738927748435e-01 8.858560377427840415e-02 6.733957938785783970e-01 -7.218634727429670273e-01 1.326793967051756173e-01
1.111804757234954449e-01 -3.709534809846606884e-02 -1.375996777079536992e-01 8.855028868251345331e-02 6.734018584751678693e-01 -7.218708500150308183e-01 1.326320446762791760e-01
1.111034591349050471e-01 -3.710569369568392922e-02 -1.374618081938920322e-01 8.855973170781628045e-02 6.733147391050227082e-01 -7.219441008387537106e-01 1.326693306227861302e-01
1.111336523381931257e-01 -3.705194769543487809e-02 -1.375537708621674127e-01 8.860880463875484003e-02 6.732920052520772192e-01 -7.219564318076334697e-01 1.326848370226133556e-01
1.111330717168677318e-01 -3.704744625571262939e-02 -1.375532902913387256e-01 8.856835185810010835e-02 6.732986938518830122e-01 -7.219648979589950999e-01 1.326318288403871004e-01
1.110693335316896291e-01 -3.704576650480465028e-02 -1.374281356776327900e-01 8.854462378746161266e-02 6.732593774178174950e-01 -7.219961017665137426e-01 1.326773882440697716e-01
1.111133527123448900e-01 -3.696891635697337197e-02 -1.375565014862817348e-01 8.859997739519523408e-02 6.732162813834816628e-01 -7.220264354292222908e-01 1.326940429225765827e-01
1.110357131717407825e-01 -3.699483712118321194e-02 -1.374242939924290585e-01 8.865072463544301784e-02 6.731462227835754986e-01 -7.220678696689591947e-01 1.327900725413869443e-01
1.110346979581458282e-01 -3.698631690825426865e-02 -1.374232478132508539e-01 8.857255622293344621e-02 6.731583709195032572e-01 -7.220837794907700724e-01 1.326941043960162825e-01
1.110565277845510512e-01 -3.691630883557749793e-02 -1.375239824508296682e-01 8.860539585765128678e-02 6.732057660531103327e-01 -7.220329161608795010e-01 1.327085089885726987e-01
1.109796539777334334e-01 -3.694097967529969689e-02 -1.373925426398048821e-01 8.864456266070681878e-02 6.731377554945042752e-01 -7.220741706602257226e-01 1.328028452400780157e-01
1.109782256268392886e-01 -3.693127378335994693e-02 -1.373914782627469466e-01 8.855881898444786793e-02 6.731525627262906486e-01 -7.220922508966208797e-01 1.326866386270997011e-01
1.110161133720077437e-01 -3.686070503716717961e-02 -1.375097375071743511e-01 8.860155829928743898e-02 6.731399053924990161e-01 -7.220953592802181742e-01 1.327054020795236378e-01
1.109643645174589188e-01 -3.688008830926647885e-02 -1.374137706515304314e-01 8.864491283915602871e-02 6.731237768248792275e-01 -7.220880882910640786e-01 1.327977908284053710e-01
1.109634597498530689e-01 -3.687090297900694202e-02 -1.374124942707589114e-01 8.855725377934529907e-02 6.731358731138581408e-01 -7.221056848618264690e-01 1.326992427278207987e-01
1.110113625399078569e-01 -3.680343307152877941e-02 -1.375468755820129785e-01 8.860847933388202313e-02 6.731465202997664043e-01 -7.220881908856888742e-01 1.327062326414484850e-01
1.109836364873504622e-01 -3.684448475522691946e-02 -1.374991965877780387e-01 8.865623288379737010e-02 6.731698850729394001e-01 -7.220436038638586851e-01 1.327983897531545832e-01
1.109823144227933267e-01 -3.683479641030023427e-02 -1.374981585467567602e-01 8.856966599894249004e-02 6.731845302582764035e-01 -7.220616634694037028e-01 1.326836713148124569e-01
1.110065432694199022e-01 -3.676939199479931086e-02 -1.375918378824507182e-01 8.861537066093358450e-02 6.731620770031925272e-01 -7.220731683204240081e-01 1.327044602079287816e-01
1.109694974268855688e-01 -3.676431920672859621e-02 -1.375027227702692034e-01 8.865281600708370402e-02 6.731493230809721950e-01 -7.220642310244832496e-01 1.327927457531645483e-01
1.109686503854298983e-01 -3.675572864948916524e-02 -1.375016086384892311e-01 8.857099800739612339e-02 6.731609762856628487e-01 -7.220806295398548569e-01 1.326990684271520671e-01
1.109930196866938945e-01 -3.669375407508512765e-02 -1.376043821808722589e-01 8.860696584280786103e-02 6.731747483375501995e-01 -7.220637168994062938e-01 1.326972213055780114e-01
1.109184503056580701e-01 -3.670166786970892325e-02 -1.374707568384554712e-01 8.865705236407445122e-02 6.730859873034276131e-01 -7.221249305693043796e-01 1.327808924964780368e-01
1.109171887243110832e-01 -3.669284460519639524e-02 -1.374698447976976656e-01 8.857844456395491672e-02 6.730995712542284792e-01 -7.221413969734016280e-01 1.326749000878009177e-01
1.109502813005522753e-01 -3.663914597646342197e-02 -1.375704723244530192e-01 8.861361162649719625e-02 6.731195097672709737e-01 -7.221172073465740304e-01 1.326819213727411517e-01
1.108754812288477998e-01 -3.665279450888639379e-02 -1.374399103863994109e-01 8.866813511288018645e-02 6.730310999118758186e-01 -7.221774818300128462e-01 1.327659033964524449e-01
1.108742545422855830e-01 -3.664318478525258049e-02 -1.374387821983099334e-01 8.857960224760935697e-02 6.730452206569990103e-01 -7.221956977859335103e-01 1.326542841973651354e-01
1.109171668095308705e-01 -3.659071079863825127e-02 -1.375472004532862780e-01 8.862249638001321039e-02 6.730363310712057512e-01 -7.221956311687811603e-01 1.326710990167441206e-01
1.108437172906112517e-01 -3.658678672392777498e-02 -1.374127375387491912e-01 8.867825395029348134e-02 6.729537477747972174e-01 -7.222494938776209406e-01 1.327595165165277868e-01
1.108423445617109093e-01 -3.657828662585640295e-02 -1.374119093326121033e-01 8.860396656621126465e-02 6.729672825423146376e-01 -7.222654522591892556e-01 1.326536475532230086e-01
1.109081860920275026e-01 -3.656347516872240910e-02 -1.375268933849844166e-01 8.864141541882059050e-02 6.729502997446676904e-01 -7.222732030487538646e-01 1.326725808289091479e-01
1.108332279009249938e-01 -3.656921683335661449e-02 -1.373955270707317156e-01 8.868833259429863280e-02 6.728907896573962377e-01 -7.223046134689461439e-01 1.327720234739424299e-01
1.108319613341826326e-01 -3.655928324532846385e-02 -1.373943319096331273e-01 8.859647420364494264e-02 6.729054300427439461e-01 -7.223235491227216754e-01 1.326560867824295720e-01
1.108726364576744505e-01 -3.652135156224724927e-02 -1.374938900633152772e-01 8.862703852068534727e-02 6.729342751409984613e-01 -7.222892232065193374e-01 1.326762504114243901e-01
1.108492223534117416e-01 -3.652978926154330785e-02 -1.374203816921875099e-01 8.866724399842125515e-02 6.728902271953941527e-01 -7.223073574406549957e-01 1.327740312476549112e-01
1.108483191224494402e-01 -3.652086825006575083e-02 -1.374191713179563901e-01 8.858110795097826062e-02 6.729024935842001787e-01 -7.223246144082056119e-01 1.326754418209322162e-01
1.108952675019191092e-01 -3.644553869277085412e-02 -1.375556804385095755e-01 8.863851253015067599e-02 6.729071008866780446e-01 -7.223114483707010480e-01 1.326854145162473519e-01
1.108190706430206007e-01 -3.646007417309077986e-02 -1.374283000249691411e-01 8.864793278675661692e-02 6.728512139192034391e-01 -7.223544769162429935e-01 1.327282849250678853e-01
1.108186127016894396e-01 -3.645590973503426424e-02 -1.374277576322764371e-01 8.860818684167307002e-02 6.728570283971654353e-01 -7.223625304148135751e-01 1.326815104446532889e-01
1.108597457525792862e-01 -3.640338320756424800e-02 -1.375362051542186881e-01 8.866111513964863855e-02 6.728530301505594169e-01 -7.223598229874572674e-01 1.326811690215827233e-01
1.108476350585062137e-01 -3.640457389252936549e-02 -1.374920940208578246e-01 8.867892042289222954e-02 6.728586341942158766e-01 -7.223463422277465185e-01 1.327142393758863614e-01
1.108472092407736254e-01 -3.640010621955853259e-02 -1.374914872028988322e-01 8.863539087207479572e-02 6.728647418855656648e-01 -7.223550368070383865e-01 1.326650195482136918e-01
1.109198387925091484e-01 -3.639231709829274242e-02 -1.376004812041137781e-01 8.868013083060151402e-02 6.728531700548172623e-01 -7.223577223390607038e-01 1.326791879692321152e-01
1.108866374056322601e-01 -3.638306745441063916e-02 -1.375139861384806206e-01 8.869694196286806442e-02 6.727841926278332885e-01 -7.224171302996232891e-01 1.326942820403619883e-01
1.108863342502111465e-01 -3.637825234470644375e-02 -1.375132317615196664e-01 8.864760703330049063e-02 6.727902811067993927e-01 -7.224266226162761040e-01 1.326446921318145677e-01
1.109189065256765000e-01 -3.634618274270803168e-02 -1.375908179396460596e-01 8.867750494268733519e-02 6.728208419056429523e-01 -7.223906721354252936e-01 1.326654876983841547e-01
1.108538153133513254e-01 -3.637728861449469192e-02 -1.374840801924819000e-01 8.866675430521325785e-02 6.727743937685010112e-01 -7.224276757208761834e-01 1.327067259898211948e-01
1.108534580020515553e-01 -3.637275960747742010e-02 -1.374834049091484822e-01 8.862097928691055337e-02 6.727802876023080136e-01 -7.224367331412627768e-01 1.326581066206076742e-01
1.109138409622691668e-01 -3.635391519268375837e-02 -1.375854118607925114e-01 8.865374399880238121e-02 6.727981094745572044e-01 -7.224144474053114662e-01 1.326671916584322430e-01
1.108565323487788884e-01 -3.640356254839463568e-02 -1.375069080968653046e-01 8.866070277683313350e-02 6.727578775108188358e-01 -7.224469575865596349e-01 1.326895304995081293e-01
1.108560752109104403e-01 -3.639925390291177260e-02 -1.375063530283095192e-01 8.861874363108840358e-02 6.727640631332388876e-01 -7.224554326130664395e-01 1.326400449395647441e-01
1.109195821714912128e-01 -3.636722169842456637e-02 -1.376278412433923348e-01 8.867048851801430376e-02 6.727639422825971716e-01 -7.224458393606103535e-01 1.326583266172844944e-01
1.108411364192123522e-01 -3.641289029757156792e-02 -1.375122832329505884e-01 8.868094264653710035e-02 6.726759685205589978e-01 -7.225231342616775798e-01 1.326764946888908392e-01
1.108405200566247029e-01 -3.640929148091557460e-02 -1.375119728641001071e-01 8.864907819719886062e-02 6.726820761762006828e-01 -7.225300582437855779e-01 1.326291078922525180e-01
1.108955577494415146e-01 -3.636945881731734609e-02 -1.376271963519915265e-01 8.868882203810703191e-02 6.727122132090367357e-01 -7.224941502488375633e-01 1.326452935505160191e-01
1.108287350705440960e-01 -3.642001764142289294e-02 -1.375355997718909484e-01 8.870176475960611651e-02 6.726458067492777637e-01 -7.225468598527565733e-01 1.326862875660696772e-01
1.108283837785596082e-01 -3.641562340063431158e-02 -1.375349468125701413e-01 8.865613840818757641e-02 6.726516969368284693e-01 -7.225557944015107426e-01 1.326382588371663174e-01
1.108586242074235534e-01 -3.636365129995951240e-02 -1.376138404580917185e-01 8.868212453440002530e-02 6.726463188446313302e-01 -7.225529978319239488e-01 1.326633930552492957e-01
1.107950379571016469e-01 -3.637749801180603648e-02 -1.375080193255882877e-01 8.868957576034644519e-02 6.726197687516500823e-01 -7.225677744519858337e-01 1.327125358036328473e-01
1.107945831663690317e-01 -3.637352899682988472e-02 -1.375075103488396788e-01 8.865025031118529963e-02 6.726254998289278308e-01 -7.225758689749056662e-01 1.326656838628931800e-01
1.108275487430231826e-01 -3.632367923106844670e-02 -1.376040897418485676e-01 8.868747197654511250e-02 6.726350094610131780e-01 -7.225586935078084361e-01 1.326861364200536408e-01
1.107770061430254777e-01 -3.634196503181076621e-02 -1.375144496489708879e-01 8.868329880045203173e-02 6.726201022425215559e-01 -7.225670516839366453e-01 1.327189752594284400e-01
1.107762055962832060e-01 -3.633779948944510646e-02 -1.375141346102894402e-01 8.864701753416365237e-02 6.726276884966839731e-01 -7.225749987666449936e-01 1.326614869029002497e-01
1.108059689671725412e-01 -3.628270418974225558e-02 -1.376030476247134260e-01 8.867898660252113152e-02 6.726064050446715070e-01 -7.225875306419404787e-01 1.326797715886481877e-01
1.107519980681939964e-01 -3.630849148775299601e-02 -1.375223587702581185e-01 8.868561348919426490e-02 6.725957757931703140e-01 -7.225896840443843949e-01 1.327174926596535465e-01
1.107515981379030706e-01 -3.630444837515191953e-02 -1.375218010767102206e-01 8.864451225856116723e-02 6.726015212807807675e-01 -7.225978605914066266e-01 1.326713076966639926e-01
1.107923934973210622e-01 -3.627103405560787308e-02 -1.376056377135201902e-01 8.866860506743656778e-02 6.726451224246664529e-01 -7.225523257138568578e-01 1.326821553909835194e-01
1.107568019558477362e-01 -3.624211834407029681e-02 -1.375285192018763092e-01 8.868596291192086534e-02 6.726593681380712564e-01 -7.225343841931806121e-01 1.326960364783269508e-01
1.107562977109654845e-01 -3.623815446109292931e-02 -1.375280541422421454e-01 8.864759370965213936e-02 6.726655908308889487e-01 -7.225421855633639145e-01 1.326476427341878872e-01
1.107747766952441454e-01 -3.618660923646408595e-02 -1.376057711027993680e-01 8.867127118117376638e-02 6.727216820592236690e-01 -7.224845596070265108e-01 1.326612425841257048e-01
1.106966126662001504e-01 -3.621044705827691779e-02 -1.374865658860341122e-01 8.869143968304592229e-02 6.726668167973418599e-01 -7.225268379095177718e-01 1.326957068150785568e-01
1.106960300857902646e-01 -3.620678234547208829e-02 -1.374861936714756872e-01 8.865736770568299896e-02 6.726728390126276436e-01 -7.225341250852066466e-01 1.326482600471857731e-01
1.107635601808895781e-01 -3.620756567835951151e-02 -1.375804553388808305e-01 8.870482351881607552e-02 6.726858123392014388e-01 -7.225143916513846465e-01 1.326582301203879655e-01
1.107139731044174263e-01 -3.623065971295722637e-02 -1.374867374460561897e-01 8.871722743470761285e-02 6.726060192979415042e-01 -7.225801995025646907e-01 1.326960875358023095e-01
1.107133679299906193e-01 -3.622630222302065245e-02 -1.374862238306794882e-01 8.867511551357626365e-02 6.726128859601777643e-01 -7.225890366151460631e-01 1.326412970856737372e-01
1.107458787641859704e-01 -3.617347730650413706e-02 -1.375789227189763986e-01 8.871799504780719658e-02 6.726278769464806295e-01 -7.225710260414991426e-01 1.326347195665698586e-01
1.106949797078931458e-01 -3.620183229297780497e-02 -1.374930087139649149e-01 8.871320872649755829e-02 6.726092605263508384e-01 -7.225803132290021802e-01 1.326817251377202522e-01
1.106943427844462036e-01 -3.619724484330458930e-02 -1.374924706202202973e-01 8.866872038207139484e-02 6.726166121976693280e-01 -7.225895471166856598e-01 1.326238946013845177e-01
1.107649977644392103e-01 -3.619457579944078407e-02 -1.375888383602467679e-01 8.871446507809559179e-02 6.725626955232690829e-01 -7.226302711884403651e-01 1.326448470107410849e-01
1.106851351569897030e-01 -3.624140977468631036e-02 -1.374773665067126893e-01 8.871030900840315425e-02 6.724990047511069102e-01 -7.226801833074207870e-01 1.326986146843930903e-01
1.106846652755010263e-01 -3.623717034906542844e-02 -1.374767854983974524e-01 8.866706843345728561e-02 6.725053431144595306e-01 -7.226888873326366980e-01 1.326479799463048947e-01
1.107446651554605532e-01 -3.621002030701622049e-02 -1.375807449512010672e-01 8.871227879971954611e-02 6.724546238277838706e-01 -7.227279681679763534e-01 1.326619557770164770e-01
1.106707849398013005e-01 -3.623088809845970149e-02 -1.374636445555503794e-01 8.872536650235773870e-02 6.723756370281837036e-01 -7.227933207752859079e-01 1.326975037918995404e-01
1.106702782740816571e-01 -3.622696453236124575e-02 -1.374631545093308593e-01 8.868631910747999669e-02 6.723818521430084960e-01 -7.228012646928729801e-01 1.326488351637022944e-01
1.107128611507585264e-01 -3.618829052144016678e-02 -1.375615922534530466e-01 8.872957022081096046e-02 6.723638831383831338e-01 -7.228097538738056382e-01 1.326647342905923899e-01
1.106502520691817482e-01 -3.621403935954638914e-02 -1.374603827268300049e-01 8.873951777158396725e-02 6.723247906920769568e-01 -7.228382378066292580e-01 1.327010013945966183e-01
1.106496141072512429e-01 -3.620947295775704677e-02 -1.374598415696143827e-01 8.869453248747191654e-02 6.723321589680202326e-01 -7.228476519762395691e-01 1.326424515630901801e-01
1.106744209866012546e-01 -3.617401838110722440e-02 -1.375343898685155719e-01 8.872375398321798168e-02 6.723925164471544758e-01 -7.227851182396992646e-01 1.326577255805800326e-01
1.106007581861973982e-01 -3.617241193681351025e-02 -1.374117174661846907e-01 8.871843015460098569e-02 6.723489895274069594e-01 -7.228198214227278262e-01 1.326928113757252781e-01
1.106001142523815178e-01 -3.616801737463365418e-02 -1.374111927901451036e-01 8.867537686687011755e-02 6.723561811521828746e-01 -7.228288326163501143e-01 1.326360506893064506e-01
1.106323058535870901e-01 -3.614957776350612856e-02 -1.374703453520075003e-01 8.869665249400643381e-02 6.723613625288161755e-01 -7.228179107186308849e-01 1.326550789042942047e-01
1.105594677632230488e-01 -3.614760435260419569e-02 -1.373485620346021618e-01 8.869423877634362297e-02 6.723181826514028625e-01 -7.228502423526969034e-01 1.326993610189863282e-01
1.105589413110777824e-01 -3.614350289657067283e-02 -1.373479980785834720e-01 8.865267111091891528e-02 6.723245834516576869e-01 -7.228587203150488305e-01 1.326485162221730518e-01
1.105759056210993546e-01 -3.610282982069276669e-02 -1.374137793736234792e-01 8.866117634178659335e-02 6.724048058999166910e-01 -7.227797270114300066e-01 1.326666462742934760e-01
1.105136552012442319e-01 -3.610332570822625403e-02 -1.373139154846674259e-01 8.865143798338774583e-02 6.723848790803640396e-01 -7.227928366236845426e-01 1.327027213475641121e-01
1.105131681758925316e-01 -3.609896340106114737e-02 -1.373132528439774402e-01 8.860606882636441750e-02 6.723913998204220643e-01 -7.228018887697695849e-01 1.326506675653175982e-01
1.105770744985589416e-01 -3.607397517425165595e-02 -1.374258826599621675e-01 8.865199838410077471e-02 6.723897117364570075e-01 -7.227963131126922125e-01 1.326589178463656593e-01
1.105173165600922824e-01 -3.608159727161389108e-02 -1.373265889899318026e-01 8.866493408478895444e-02 6.723460745661673510e-01 -7.228290004172994720e-01 1.326933368143757286e-01
1.105167458035872241e-01 -3.607738635729682009e-02 -1.373260297779932138e-01 8.862285742552057644e-02 6.723528666882259142e-01 -7.228375741798698240e-01 1.326403149559803873e-01
1.105427390764768814e-01 -3.602655682696573325e-02 -1.374004484487573452e-01 8.865682251860715346e-02 6.723493659425259228e-01 -7.228335481313562516e-01 1.326573014704491016e-01
1.105122900141330550e-01 -3.599772928472232125e-02 -1.373187201129431045e-01 8.870286780017093420e-02 6.723504256693406678e-01 -7.228113060633061249e-01 1.327423149313710637e-01
1.105113555675881903e-01 -3.598969791679980379e-02 -1.373175632283427650e-01 8.862062362918511627e-02 6.723627115849332148e-01 -7.228278479690106728e-01 1.326449069441380524e-01
1.105739391213115957e-01 -3.593790958033392380e-02 -1.374482068074153462e-01 8.868122249115602262e-02 6.723345118190989789e-01 -7.228449102302707541e-01 1.326543657353198014e-01
1.105122661372668347e-01 -3.595820967484960468e-02 -1.373515389237358608e-01 8.873046694376787724e-02 6.723040857158282257e-01 -7.228507518068126858e-01 1.327437801860066879e-01
1.105113443124354361e-01 -3.594940123726037690e-02 -1.373502221016932312e-01 8.863893684053521238e-02 6.723173708106641167e-01 -7.228688899284048119e-01 1.326388320051529457e-01
1.105724567612464959e-01 -3.591330594264013215e-02 -1.374687192251016488e-01 8.869159697424124078e-02 6.723200523524994754e-01 -7.228583038097671221e-01 1.326477306408122281e-01
1.105135459456371427e-01 -3.591942398609877796e-02 -1.373683890986095446e-01 8.874189669978796435e-02 6.722702024957580846e-01 -7.228815042544513014e-01 1.327402780366916113e-01
1.105124686707040643e-01 -3.591040073813927397e-02 -1.373671443289627425e-01 8.865008181870773218e-02 6.722842966533584264e-01 -7.229001591483403821e-01 1.326286069071811180e-01
1.105552067553999540e-01 -3.588929230748526961e-02 -1.374499147423321466e-01 8.868560350999731001e-02 6.722763393844668478e-01 -7.229012854042566882e-01 1.326390545607216143e-01
1.105310517954699451e-01 -3.589714288302065653e-02 -1.373933759380327191e-01 8.873432232369632411e-02 6.722869693683473091e-01 -7.228709674578674971e-01 1.327178031230315525e-01
1.105300418175729354e-01 -3.588781186914262455e-02 -1.373920600830589867e-01 8.863807464045760087e-02 6.723014003937809457e-01 -7.228903330162897989e-01 1.326034885822819642e-01
1.105885271890944821e-01 -3.586265342007749490e-02 -1.374972515492433045e-01 8.868137160341592329e-02 6.723069473839462518e-01 -7.228782003785252375e-01 1.326125568991161907e-01
1.105163961012562562e-01 -3.587410962747956955e-02 -1.373816599209933820e-01 8.873109843076104619e-02 6.722301239493382319e-01 -7.229283417002035916e-01 1.326953857258102998e-01
1.105156735795839174e-01 -3.586547343785762010e-02 -1.373802631370082128e-01 8.863812354514449821e-02 6.722425317935959432e-01 -7.229466330246432371e-01 1.325949746425698905e-01
1.105854834837927125e-01 -3.583521251157241461e-02 -1.375022439567062382e-01 8.868539052025088687e-02 6.722178063646256918e-01 -7.229632787577630060e-01 1.325979633419234194e-01
1.105092992940722024e-01 -3.587639404088263650e-02 -1.373955781504984375e-01 8.873504165425005752e-02 6.721528532580280935e-01 -7.229993774915451921e-01 1.326971528954126456e-01
1.105085531148255751e-01 -3.586754790399959009e-02 -1.373941545892304050e-01 8.863977079881803223e-02 6.721656873283765599e-01 -7.230180695986397899e-01 1.325939321573972318e-01
1.105515587233795172e-01 -3.583277651583132578e-02 -1.374833593117379960e-01 8.867324791322907240e-02 6.721816476971204102e-01 -7.229959759598960645e-01 1.326111094497763043e-01
1.104761769391568171e-01 -3.587249991258251169e-02 -1.373773247635414196e-01 8.871552827125972485e-02 6.721187142466357178e-01 -7.230315782591832940e-01 1.327076706262114436e-01
1.104751563748670867e-01 -3.586421122190147637e-02 -1.373762004800817282e-01 8.863084174963109518e-02 6.721320268636191697e-01 -7.230487469662214561e-01 1.326032498302054385e-01
1.105253737602529124e-01 -3.585115175590834063e-02 -1.374670378857541231e-01 8.866802591190479921e-02 6.721634259546482859e-01 -7.230130298314216830e-01 1.326139837414730960e-01
1.104514538663278894e-01 -3.587465079592253026e-02 -1.373568711566583445e-01 8.870431859664854035e-02 6.721079266358496174e-01 -7.230433482457264693e-01 1.327056719706159460e-01
1.104506844803613275e-01 -3.586671929346498672e-02 -1.373556154668311158e-01 8.861954223174828282e-02 6.721197330038515272e-01 -7.230601171805762784e-01 1.326111163676632898e-01
1.104905763970426280e-01 -3.583124816114651584e-02 -1.374365866443491291e-01 8.865357838881357533e-02 6.721444190787068118e-01 -7.230279165317238244e-01 1.326388135351066755e-01
1.104553971461464112e-01 -3.584054906121073025e-02 -1.373668105173258547e-01 8.869936597811793610e-02 6.720934732030250380e-01 -7.230528380141687528e-01 1.327304757492822895e-01
1.104541912923875796e-01 -3.583309882926660056e-02 -1.373659807206006334e-01 8.862725724289508000e-02 6.721065887515252912e-01 -7.230680822209507586e-01 1.326291487709472805e-01
1.105139761182290792e-01 -3.581701091056865849e-02 -1.374644792732625520e-01 8.866504936794875058e-02 6.721294695008815934e-01 -7.230398263981058227e-01 1.326419793701819894e-01
1.104488545343631778e-01 -3.586336782100959381e-02 -1.373797919364835307e-01 8.871369571956524980e-02 6.720964430260039091e-01 -7.230495413784302494e-01 1.327238191735437556e-01
1.104479449700292992e-01 -3.585504781616413728e-02 -1.373785408611776504e-01 8.862557680786690983e-02 6.721092998303861421e-01 -7.230673044951158035e-01 1.326207728342294612e-01
1.104864408892997502e-01 -3.583269454209761506e-02 -1.374524236111661635e-01 8.868012651298398663e-02 6.720768217925218169e-01 -7.230910526149895157e-01 1.326194193889058404e-01
1.104160680119658233e-01 -3.583379811731798176e-02 -1.373365117954283288e-01 8.871695476593254026e-02 6.720304257123558278e-01 -7.231106717975614995e-01 1.327228887057868012e-01
1.104147934173295015e-01 -3.582652755458878846e-02 -1.373357476815596501e-01 8.864733905475229159e-02 6.720436487198753195e-01 -7.231256593075617856e-01 1.326207538237983707e-01
1.104729261663499051e-01 -3.579420389919242551e-02 -1.374373403366376256e-01 8.871030204849197909e-02 6.719966189633179710e-01 -7.231603897211714704e-01 1.326275881958870195e-01
1.104401058193127949e-01 -3.579808476732638384e-02 -1.373599857792924539e-01 8.875324026997979954e-02 6.719413988390275927e-01 -7.231894740592071935e-01 1.327200191297353282e-01
1.104392608203558640e-01 -3.578916278287529867e-02 -1.373585529370221214e-01 8.865676513829311156e-02 6.719547137045251972e-01 -7.232088472439256455e-01 1.326114776088232472e-01
1.104885074629968350e-01 -3.575495668018952716e-02 -1.374507633070892743e-01 8.870936048112362804e-02 6.719404885180291220e-01 -7.232123982803294604e-01 1.326290172880603691e-01
1.104263961227640589e-01 -3.577969981800748628e-02 -1.373593911435264658e-01 8.875883036347306798e-02 6.719092237284820524e-01 -7.232174365763061052e-01 1.327268041244630270e-01
1.104255716837550527e-01 -3.577114120705057743e-02 -1.373580366229442962e-01 8.866660254378129491e-02 6.719222568458974587e-01 -7.232357525475598958e-01 1.326226247117122670e-01
1.104692891424137874e-01 -3.573920140933407180e-02 -1.374453330708992338e-01 8.870062734193337461e-02 6.719376932329271801e-01 -7.232151932157259155e-01 1.326337793471188686e-01
1.104220394149757062e-01 -3.573645824152002493e-02 -1.373591683652017059e-01 8.870573077606640211e-02 6.719383689990988673e-01 -7.232054000526686455e-01 1.326803336179642190e-01
1.104215429032790324e-01 -3.573270089715082504e-02 -1.373586792147875879e-01 8.866745259611961971e-02 6.719446920529471567e-01 -7.232132693637650656e-01 1.326309944475990155e-01
1.104131722017640677e-01 -3.571548996685183081e-02 -1.373203406601155585e-01 8.878846974564397199e-02 6.719090260973485940e-01 -7.232040297157422692e-01 1.327810215808385430e-01
1.104120896161437798e-01 -3.570789952859844407e-02 -1.373193870376462622e-01 8.871252792570924472e-02 6.719221268147789194e-01 -7.232198180586667524e-01 1.326794545245159329e-01
1.104116787603288963e-01 -3.570345561534961354e-02 -1.373186617731568526e-01 8.866440499382845231e-02 6.719288697342833405e-01 -7.232294110571485524e-01 1.326251721455201926e-01
1.104161736919411357e-01 -3.566510353749581530e-02 -1.373580772417127005e-01 8.880907776388381747e-02 6.719340741112442839e-01 -7.231793284866775418e-01 1.327750225176087262e-01
1.104153869060162801e-01 -3.565640594361629834e-02 -1.373566934932303474e-01 8.871527704912268719e-02 6.719473320955519080e-01 -7.231979421811696174e-01 1.326692086834357909e-01
1.104148281564341638e-01 -3.565238528090455827e-02 -1.373561997753870445e-01 8.867481697698129106e-02 6.719543010993431764e-01 -7.232064066392209778e-01 1.326148086156970496e-01
1.103892068844038732e-01 -3.564100496166850568e-02 -1.373524050452388789e-01 8.880115221735834785e-02 6.719271945354508002e-01 -7.231871920939246801e-01 1.327723081063699739e-01
1.103884886512642299e-01 -3.563283785767483447e-02 -1.373510833942327425e-01 8.871245540518597761e-02 6.719396336544330994e-01 -7.232046054965557413e-01 1.326737636795625452e-01
1.103878868123584212e-01 -3.562840979805198538e-02 -1.373505251476927758e-01 8.866758919110068193e-02 6.719472624878745082e-01 -7.232139279342975069e-01 1.326142884606872074e-01
1.103925931541638317e-01 -3.558375728175832559e-02 -1.373594303785380388e-01 8.882305025461507964e-02 6.718936923772259595e-01 -7.232191696249302693e-01 1.327530209606926082e-01
1.103919477573994251e-01 -3.557546595595878491e-02 -1.373580372669441774e-01 8.873166237302190784e-02 6.719059230981403452e-01 -7.232371440457091571e-01 1.326542727195842708e-01
1.103919477573994251e-01 -3.557546595595878491e-02 -1.373580372669441774e-01 8.873166237302190784e-02 6.719059230981403452e-01 -7.232371440457091571e-01 1.326542727195842708e-01
1.104551396511992689e-01 -3.552878189691643235e-02 -1.374829501190094616e-01 8.879361315834499724e-02 6.718794342811376108e-01 -7.232522772882457041e-01 1.326644769699535376e-01
1.103928142681609159e-01 -3.553936353116315949e-02 -1.373901950698360186e-01 8.876730392119638879e-02 6.718670161186421907e-01 -7.232709873714064930e-01 1.326429690303440878e-01
1.104624101867974911e-01 -3.553206863232381829e-02 -1.374940980234087839e-01 8.886356472992074096e-02 6.718477049285151992e-01 -7.232671082620433234e-01 1.326974692751888008e-01
1.104307194884329296e-01 -3.552367691388709503e-02 -1.374190538427762509e-01 8.887944152176185941e-02 6.717880664930910850e-01 -7.233146818781178711e-01 1.327294600750381637e-01
1.104296691163163119e-01 -3.551470227783416062e-02 -1.374178465306783448e-01 8.878642854782300975e-02 6.718030329347149943e-01 -7.233337584701978740e-01 1.326119485673074583e-01
1.104768196368941247e-01 -3.549987342712906946e-02 -1.374982747787802939e-01 8.887052999181566104e-02 6.718069448474633942e-01 -7.233075752769771993e-01 1.326785939804555059e-01
1.104295196681482766e-01 -3.550377718043145475e-02 -1.374164099629809621e-01 8.887384282904199628e-02 6.717811747371967845e-01 -7.233267743693566620e-01 1.327021884142542130e-01
1.104289941918892154e-01 -3.549574987834716588e-02 -1.374150186244767757e-01 8.878392235614716854e-02 6.717928901738563496e-01 -7.233442770481015582e-01 1.326076344132336438e-01
1.105057380570288045e-01 -3.551285169510660228e-02 -1.375084382102740865e-01 8.888292969687294764e-02 6.717212872838276283e-01 -7.233901918366754114e-01 1.326535614778453775e-01
1.104623781415532968e-01 -3.550168500859569864e-02 -1.374155241089658475e-01 8.890370192352717305e-02 6.716355080199727379e-01 -7.234584504567174168e-01 1.327017204628911096e-01
1.104616491423643793e-01 -3.549440641601469409e-02 -1.374144632236934949e-01 8.882613112128463773e-02 6.716474120751928512e-01 -7.234740552792755519e-01 1.326083090174981771e-01
1.105233122262089807e-01 -3.546543203623291757e-02 -1.375270912419276903e-01 8.891675057810800864e-02 6.716441892216791221e-01 -7.234534114993030895e-01 1.326765086268245630e-01
1.104524541720879188e-01 -3.545787907835108027e-02 -1.374120876822320647e-01 8.892393553488799063e-02 6.715818493967021796e-01 -7.235032401612233599e-01 1.327155406352382716e-01
1.104515058387991328e-01 -3.545044784479826905e-02 -1.374111432345280215e-01 8.884765813187789352e-02 6.715949466699528969e-01 -7.235188990390591934e-01 1.326149463113863169e-01
1.104681257776772840e-01 -3.542450483657533927e-02 -1.374628618609749220e-01 8.890961136331598791e-02 6.716339634411772064e-01 -7.234602417319502266e-01 1.326958130186015605e-01
1.103951580546854022e-01 -3.543404767729156635e-02 -1.373534148970508573e-01 8.890993552354314877e-02 6.715922457968230841e-01 -7.234907377646031534e-01 1.327404652681656860e-01
1.103941370192984550e-01 -3.542557488135030658e-02 -1.373522168014575662e-01 8.882076227822648107e-02 6.716066124613369048e-01 -7.235089690203806434e-01 1.326280589980419478e-01
1.104295539410586474e-01 -3.540007548386633202e-02 -1.374271147325655806e-01 8.891885177645318661e-02 6.715752016274063596e-01 -7.235139391864443548e-01 1.326942582057705766e-01
1.103525108986684183e-01 -3.544114775691341312e-02 -1.373297879825336465e-01 8.892775973045484450e-02 6.715235393039633571e-01 -7.235528947080228646e-01 1.327373280944039169e-01
1.103516018902109264e-01 -3.543300673302825221e-02 -1.373285531933832460e-01 8.883992892675324216e-02 6.715370015799100312e-01 -7.235706123787590816e-01 1.326314119625543464e-01
1.103881872918305307e-01 -3.538087356717160153e-02 -1.374294978693777480e-01 8.893714663029458900e-02 6.715107963657926948e-01 -7.235712555758038178e-01 1.326954121961084476e-01
1.103302535812924340e-01 -3.537348607377553689e-02 -1.373334659392514423e-01 8.895453675486379719e-02 6.714770836609227356e-01 -7.235950770954742151e-01 1.327244548383768319e-01
1.103291140416019500e-01 -3.536575580111407657e-02 -1.373325105242255428e-01 8.887568051685226789e-02 6.714910591073741664e-01 -7.236115053127244456e-01 1.326169684866014831e-01
1.103845345963766073e-01 -3.537739502059703001e-02 -1.374011619399070905e-01 8.897186725102075588e-02 6.714803125397755812e-01 -7.235985693761119997e-01 1.326774551542051206e-01
1.103670722086129014e-01 -3.536382747802460647e-02 -1.373377698495642785e-01 8.896533451948934745e-02 6.714366514266205677e-01 -7.236349500651121369e-01 1.327043760360032965e-01
1.103663419357614056e-01 -3.535602808787821627e-02 -1.373365125750506122e-01 8.887912912310459712e-02 6.714490892824865886e-01 -7.236521766353755103e-01 1.326052342817624907e-01
1.104275083322934503e-01 -3.534896810238991050e-02 -1.374275804591625350e-01 8.896863725594177097e-02 6.714599238094924871e-01 -7.236199531677038888e-01 1.326661813731795925e-01
1.103946403838873130e-01 -3.533528369954905962e-02 -1.373516515300345353e-01 8.897622844368352490e-02 6.714311087852162796e-01 -7.236409115972189943e-01 1.326926071419891329e-01
1.103935836300342643e-01 -3.532740227339513372e-02 -1.373506365502213944e-01 8.889468986426241059e-02 6.714451349637010624e-01 -7.236578681041380134e-01 1.325837651392055561e-01
1.104667195272521496e-01 -3.531118046599766858e-02 -1.374638869462239121e-01 8.899627563005231556e-02 6.714118543195802813e-01 -7.236659742074867951e-01 1.326398981357091444e-01
1.104181664660235929e-01 -3.531360315086848334e-02 -1.373842617363803809e-01 8.900155443537857702e-02 6.714203277480247367e-01 -7.236513519104115222e-01 1.326732364610697656e-01
1.104169839724270241e-01 -3.530515536445515828e-02 -1.373832415491816339e-01 8.891542375275621191e-02 6.714358426436242144e-01 -7.236693300924065264e-01 1.325543560805218790e-01
1.104618590950120494e-01 -3.527953490919073787e-02 -1.374647077553418917e-01 8.899031746080861283e-02 6.714408315569577734e-01 -7.236422502806377777e-01 1.326266440995185203e-01
1.104250725948303369e-01 -3.527245335482068200e-02 -1.373952674857820966e-01 8.899365603804092195e-02 6.714501130822997377e-01 -7.236306863523835897e-01 1.326405088799337550e-01
1.104242228304321560e-01 -3.526398681946759511e-02 -1.373940004469359488e-01 8.890177815784425230e-02 6.714642260873480151e-01 -7.236492882163618745e-01 1.325291461877164678e-01
1.104751986965931132e-01 -3.525440709192964595e-02 -1.374736585171982828e-01 8.899063739028958975e-02 6.714695670392109017e-01 -7.236200676301930423e-01 1.326019785671367079e-01
