repeatability libsurvive; 20211016-002042; x y z w i j k;  frequency = 150 duration = 2 sys.args = ['repeatability.py']
1.117270799449896490e-01 -3.918535198177944268e-02 -1.370394294987740402e-01 8.782315602224205486e-02 6.767343056523367206e-01 -7.188051620384101614e-01 1.328040355052415578e-01
1.118275692063864235e-01 -3.923198162265107564e-02 -1.371645778324142306e-01 8.790688626611228851e-02 6.766176549588229783e-01 -7.188948042479080813e-01 1.328577764768856806e-01
1.118265516283631911e-01 -3.916412982703277451e-02 -1.372162644497244843e-01 8.794576516162200264e-02 6.765748752048833525e-01 -7.189212539317378914e-01 1.329067766400612582e-01
1.118247278503516212e-01 -3.914830162205525099e-02 -1.372144611068126241e-01 8.782163697959613491e-02 6.765941795933427816e-01 -7.189464488092002226e-01 1.327542088345051441e-01
1.117758971740257373e-01 -3.907655786760481920e-02 -1.371982105330600277e-01 8.786649758246838082e-02 6.765398753427955825e-01 -7.189820837505889184e-01 1.328082788059760100e-01
1.117752984279007378e-01 -3.907114765229259545e-02 -1.371975762036098390e-01 8.782344093018523701e-02 6.765464047952448601e-01 -7.189907664866832526e-01 1.327564804019094602e-01
1.117494676331470399e-01 -3.905956209747598468e-02 -1.371513967977655291e-01 8.781897327235033135e-02 6.765016284254710133e-01 -7.190329421055776660e-01 1.327591911623192400e-01
1.117037469852558279e-01 -3.898526936145173261e-02 -1.371175660689447628e-01 8.790899263928173002e-02 6.763953044562655004e-01 -7.191028035919213579e-01 1.328629330885821025e-01
1.115753890382253088e-01 -3.884703736603926233e-02 -1.369488788219127562e-01 8.787904839378041233e-02 6.763857390192085095e-01 -7.191181697170246911e-01 1.328482701719483350e-01
1.116614821129403301e-01 -3.887886054471172137e-02 -1.370687541972455681e-01 8.792537029153088546e-02 6.762805689115829466e-01 -7.192119647745954802e-01 1.328452900813153481e-01
1.115199226926173459e-01 -3.875292705009811267e-02 -1.369212849198026272e-01 8.792983839557763637e-02 6.762887517303839413e-01 -7.191950512803275686e-01 1.328922345984664688e-01
1.116037091681540000e-01 -3.868974497255858735e-02 -1.370770842616647056e-01 8.801015829984155936e-02 6.760731550143013191e-01 -7.193884268373160751e-01 1.328893992671238977e-01
1.116020737372494243e-01 -3.867913026896008244e-02 -1.370759890890039523e-01 8.792915685201016518e-02 6.760878738601958649e-01 -7.194056855694533903e-01 1.327746578411672929e-01
1.115459576184862217e-01 -3.862331168517393193e-02 -1.370643491139768577e-01 8.803879149069504528e-02 6.759729236988086809e-01 -7.194823908428954473e-01 1.328716180601912933e-01
1.114476191788179443e-01 -3.855941866389311218e-02 -1.369734949245516864e-01 8.799435796326690595e-02 6.760215963721993848e-01 -7.194418090626326645e-01 1.328731634970051201e-01
1.115212784241626093e-01 -3.858316907901528092e-02 -1.370575831930599675e-01 8.800079225035697950e-02 6.759064468471746023e-01 -7.195596109965264331e-01 1.328167982457960361e-01
1.115207782128897762e-01 -3.857782685444074988e-02 -1.370568894472525834e-01 8.795514490428467391e-02 6.759127519633364445e-01 -7.195685205939551521e-01 1.327666689664316335e-01
1.115053995049303803e-01 -3.852286521085046544e-02 -1.370840868804803769e-01 8.805054574312307092e-02 6.758465743265734682e-01 -7.195992496609948663e-01 1.328737342468660210e-01
1.115040394640557098e-01 -3.851104970310619685e-02 -1.370826842510389221e-01 8.795319786506763937e-02 6.758613672470470402e-01 -7.196189033643674016e-01 1.327564731714639956e-01
1.114857803289938387e-01 -3.844193279348161879e-02 -1.371543265461499794e-01 8.806367805677553506e-02 6.758305730695279845e-01 -7.196157356666422755e-01 1.328571341425939245e-01
1.114850914649135466e-01 -3.843660031304485525e-02 -1.371537547637069476e-01 8.802096891859395589e-02 6.758374532521373990e-01 -7.196245938376670814e-01 1.328024463489650975e-01
1.114380764443973215e-01 -3.834034977455721971e-02 -1.370699963714837044e-01 8.804278245108707046e-02 6.758374465085413840e-01 -7.196163047726383821e-01 1.328329336439497965e-01
1.114829396673818751e-01 -3.823509886852399786e-02 -1.372250135649477065e-01 8.808487513513199585e-02 6.758136377547507845e-01 -7.196299488324848781e-01 1.328522432647402385e-01
1.114817625535821227e-01 -3.822447477443446928e-02 -1.372238120171282438e-01 8.799715506777448792e-02 6.758268068821682295e-01 -7.196475255262292370e-01 1.327481329563829082e-01
1.114203949407231303e-01 -3.831205518786671982e-02 -1.371155536535170472e-01 8.805661075298265583e-02 6.757963584878736718e-01 -7.196533556973975232e-01 1.328320849444966645e-01
1.115006878012811536e-01 -3.830359576527893328e-02 -1.372554616057486687e-01 8.809181617169493939e-02 6.757870403266921233e-01 -7.196565657612770117e-01 1.328387571710408777e-01
1.114996575150731251e-01 -3.829241896279527574e-02 -1.372540776889621672e-01 8.799599960384849040e-02 6.758003595391824936e-01 -7.196753014499669421e-01 1.327329596721565363e-01
1.114147514751441664e-01 -3.829119298911622116e-02 -1.370704364762850014e-01 8.806656927792885781e-02 6.757006793557005508e-01 -7.197449736708726453e-01 1.328158280077163522e-01
1.114734661934975585e-01 -3.823787552609293067e-02 -1.372056192495169635e-01 8.810026240697199640e-02 6.756626492645435578e-01 -7.197770754886858580e-01 1.328129878949936560e-01
1.114724804604514397e-01 -3.822659642728461898e-02 -1.372041733579173195e-01 8.800262150116830440e-02 6.756757893144965665e-01 -7.197961732060509377e-01 1.327073297940958296e-01
1.113948673622062874e-01 -3.814515938775677600e-02 -1.371429630946254530e-01 8.815256235841381627e-02 6.755562971987993937e-01 -7.198615234298519905e-01 1.328615901980171876e-01
1.113940670991616366e-01 -3.813970668822434795e-02 -1.371424159900475614e-01 8.810958703357463229e-02 6.755638127807455096e-01 -7.198705250959365198e-01 1.328030972229769513e-01
1.113929109694765107e-01 -3.812890650975717804e-02 -1.371411124568878426e-01 8.801810513676246173e-02 6.755771275430423328e-01 -7.198887780796737745e-01 1.326970425585283220e-01
1.113750854374129379e-01 -3.813604011819955730e-02 -1.371571455780097870e-01 8.816453103813426395e-02 6.755354674007542082e-01 -7.198829620235626114e-01 1.328433993040390171e-01
1.113736568621582906e-01 -3.812439356234288701e-02 -1.371558274252235032e-01 8.806815276229451595e-02 6.755506346828271669e-01 -7.199025398771037310e-01 1.327240502967030611e-01
1.113729990479573329e-01 -3.811970532348837870e-02 -1.371553481914258299e-01 8.803059658412534794e-02 6.755571159446978058e-01 -7.199102921699201962e-01 1.326739175171408880e-01
1.113370966533516887e-01 -3.814572947633407957e-02 -1.371089185356297591e-01 8.816177292569474244e-02 6.755057777211842529e-01 -7.199121115555202621e-01 1.328382388304224782e-01
1.113358806785797045e-01 -3.813575700244810351e-02 -1.371077624399579531e-01 8.807843052922077753e-02 6.755186083378432738e-01 -7.199290177570883964e-01 1.327366161092206620e-01
1.113351665022339065e-01 -3.813130781834644933e-02 -1.371073373797632999e-01 8.804364021540697638e-02 6.755251167633310461e-01 -7.199363384936046106e-01 1.326868590174995477e-01
1.113287611187037118e-01 -3.806195787073224368e-02 -1.371465515744841046e-01 8.820357823719245094e-02 6.754546134395263968e-01 -7.199531140486153946e-01 1.328484382336383718e-01
1.113279652280239201e-01 -3.805176424334848206e-02 -1.371451609550460027e-01 8.811228229812632928e-02 6.754660799448697350e-01 -7.199707161011021928e-01 1.327552955967944981e-01
1.113276435453150609e-01 -3.804623180791324999e-02 -1.371443414550597983e-01 8.806100953464258974e-02 6.754719606437488144e-01 -7.199803749306776801e-01 1.327070032006984202e-01
1.112859401567472956e-01 -3.796935742811484438e-02 -1.371197825278532845e-01 8.821466998706596618e-02 6.753629569281852651e-01 -7.200349304506830084e-01 1.328636419009023573e-01
1.112850826171210838e-01 -3.795830677285953053e-02 -1.371182595589930941e-01 8.811536134620268079e-02 6.753753896019235592e-01 -7.200540464336206981e-01 1.327627072240060158e-01
1.112844234219154960e-01 -3.795305283943972013e-02 -1.371176695268240264e-01 8.807166954318708385e-02 6.753823580763957946e-01 -7.200629368104944916e-01 1.327080195575557620e-01
1.112739308078635053e-01 -3.792177962784128858e-02 -1.371661905063264464e-01 8.821262889968477239e-02 6.753814330079512818e-01 -7.200189135672067087e-01 1.328578795413802860e-01
1.112733267957794342e-01 -3.791674671660960616e-02 -1.371656226024746128e-01 8.817034842068950662e-02 6.753879245927889574e-01 -7.200274634878509605e-01 1.328065992218422087e-01
1.112721088015182630e-01 -3.790621334427837774e-02 -1.371644014143935386e-01 8.808094484415519843e-02 6.754014778807546637e-01 -7.200454454767895029e-01 1.326994622445209771e-01
1.112299165198809975e-01 -3.791512220553208690e-02 -1.371334825987727823e-01 8.821876850865993658e-02 6.753136994137041160e-01 -7.200797740079891707e-01 1.328682630713434731e-01
1.112285069243204583e-01 -3.790483252603343844e-02 -1.371323955206936451e-01 8.813392683094181668e-02 6.753277256166367870e-01 -7.200971614721830560e-01 1.327589996743094580e-01
1.112280213154505926e-01 -3.789909525578372129e-02 -1.371316193772553760e-01 8.808215153221334026e-02 6.753343870701685736e-01 -7.201072024511201430e-01 1.327050006594982234e-01
1.111924488204200923e-01 -3.789261995609319311e-02 -1.371382430108689099e-01 8.824260075456329122e-02 6.751930641395937904e-01 -7.201931951653839370e-01 1.328507854223395790e-01
1.111911123982816663e-01 -3.788195500910036123e-02 -1.371370370073840550e-01 8.815197471795710449e-02 6.752070083246246579e-01 -7.202116291613158694e-01 1.327401012634768784e-01
1.111904396760429459e-01 -3.787641916710337425e-02 -1.371363989713353382e-01 8.810453890419352174e-02 6.752143255693290325e-01 -7.202211541500797010e-01 1.326826811801851691e-01
1.111641294473634384e-01 -3.788976898335262578e-02 -1.371050112514905217e-01 8.825402397187885606e-02 6.750953363835656695e-01 -7.202894058715854086e-01 1.328182436079093920e-01
1.111628044326147119e-01 -3.788045867862548793e-02 -1.371040329866869412e-01 8.817683069722997979e-02 6.751081580351002698e-01 -7.203053938722335792e-01 1.327175988375785820e-01
1.111623748437280679e-01 -3.787510653435840341e-02 -1.371032861685191895e-01 8.812757776818305744e-02 6.751143211751492457e-01 -7.203148930423634022e-01 1.326673970585792173e-01
1.111341506623669817e-01 -3.789917348917745676e-02 -1.370819725769706343e-01 8.827413686201371346e-02 6.749968161730083294e-01 -7.203815828199902072e-01 1.328056853125426928e-01
1.111328806134100344e-01 -3.788931398115299998e-02 -1.370808404183481433e-01 8.818987869186233064e-02 6.750099950853132302e-01 -7.203987155989329816e-01 1.327017045657195304e-01
1.111322120166370053e-01 -3.788417481863784464e-02 -1.370802568115495335e-01 8.814603277394665592e-02 6.750168999300677486e-01 -7.204077278303847587e-01 1.326467768069673481e-01
1.111231732614903489e-01 -3.782400498648873233e-02 -1.370802309570118283e-01 8.829244462226007450e-02 6.748835692648846862e-01 -7.204869094269721330e-01 1.327976863626950110e-01
1.111221180642696649e-01 -3.781353064066360348e-02 -1.370788845894721497e-01 8.819880002730516588e-02 6.748963147073213653e-01 -7.205056542804103570e-01 1.326933993014625668e-01
1.111214200009966041e-01 -3.780850308004090471e-02 -1.370783423700582537e-01 8.815650364102686765e-02 6.749032953206275387e-01 -7.205144647781256406e-01 1.326381501553706987e-01
1.110780002846307596e-01 -3.773976917393575409e-02 -1.370489512885659511e-01 8.828672485555266736e-02 6.748405474164886897e-01 -7.205251221356760993e-01 1.328127936166655365e-01
1.110768731864037323e-01 -3.772941719337294386e-02 -1.370476480327959823e-01 8.819524990272432918e-02 6.748535894689648984e-01 -7.205433511829748561e-01 1.327083634947633095e-01
1.110763957939184809e-01 -3.772452896822402202e-02 -1.370470009881918361e-01 8.815113051767281549e-02 6.748595501308379818e-01 -7.205520596818673074e-01 1.326600733976807112e-01
1.110835949054993360e-01 -3.769747651882519868e-02 -1.370999854322099698e-01 8.828512678324795804e-02 6.748312307967198054e-01 -7.205355441908594116e-01 1.328046531106197026e-01
1.110827842841861091e-01 -3.768715505343951666e-02 -1.370985416594211193e-01 8.818974133129972581e-02 6.748431442673842318e-01 -7.205538974021062915e-01 1.327078788085452876e-01
1.110821388360860307e-01 -3.768180345145819010e-02 -1.370979133698776720e-01 8.814332276158150237e-02 6.748502057436550627e-01 -7.205633817044501122e-01 1.326513000574850443e-01
1.110732402379560890e-01 -3.768033520188181218e-02 -1.371233595049625442e-01 8.830857811333123197e-02 6.747796472511019550e-01 -7.205831638064338351e-01 1.327927962127092298e-01
1.110719428712820256e-01 -3.767096834469178812e-02 -1.371223794321505818e-01 8.822981149482872487e-02 6.747926421087755422e-01 -7.205996266980277953e-01 1.326897453539945815e-01
1.110494206944054180e-01 -3.767436621184724888e-02 -1.370452032981848423e-01 8.828871029804243042e-02 6.747571624224398823e-01 -7.206105006086576115e-01 1.327719164811045349e-01
1.111081440399205728e-01 -3.763640865358133109e-02 -1.371694352274284712e-01 8.832024545926360493e-02 6.747948422682678027e-01 -7.205669332223328949e-01 1.327958954061493613e-01
1.111070036244427156e-01 -3.762621121932037405e-02 -1.371682208042955264e-01 8.823057528283104189e-02 6.748082413323623907e-01 -7.205849529544902099e-01 1.326895948850538021e-01
1.110637577397939474e-01 -3.766184539919532198e-02 -1.370792261450190785e-01 8.827643431831955212e-02 6.748076799686639760e-01 -7.205644407837977772e-01 1.327733138747589636e-01
1.110990209268123419e-01 -3.757802565858869848e-02 -1.371890189760394119e-01 8.830395191309833858e-02 6.747718916579632520e-01 -7.205895809418281228e-01 1.328004598747440368e-01
1.110979435308174501e-01 -3.756815805135130942e-02 -1.371878493811302668e-01 8.821668233352990274e-02 6.747847563776043778e-01 -7.206071456988021318e-01 1.326977433353997426e-01
1.110199676736049607e-01 -3.757970172798064112e-02 -1.370346262329598108e-01 8.827083035492799823e-02 6.746918186991517352e-01 -7.206726973940229541e-01 1.327782870792714176e-01
1.110581082969668149e-01 -3.750273819978838796e-02 -1.371661758994598967e-01 8.832171801877229667e-02 6.746772237991638388e-01 -7.206802439005738359e-01 1.327776482103622535e-01
1.110569646701100310e-01 -3.749258370569664295e-02 -1.371649790838948002e-01 8.823183261226709428e-02 6.746904485342487545e-01 -7.206985570464259361e-01 1.326707663418530692e-01
1.109922607483956880e-01 -3.751862951476162000e-02 -1.370349529296710500e-01 8.827555478802392996e-02 6.746380645269814957e-01 -7.207244606290614808e-01 1.327673158917631602e-01
1.110177365673373079e-01 -3.743854143474205365e-02 -1.371433807806666516e-01 8.831534994878728617e-02 6.746063640710390219e-01 -7.207475826285136833e-01 1.327764084972544723e-01
1.110165149171669918e-01 -3.742832977352642670e-02 -1.371422124920610164e-01 8.822584643772399260e-02 6.746201135170180052e-01 -7.207657664199154102e-01 1.326672997228206530e-01
1.109491197224592718e-01 -3.746588621060815277e-02 -1.370222549372069332e-01 8.828253451079687286e-02 6.745769119393200119e-01 -7.207837234913422320e-01 1.327516776870145965e-01
1.110097529835023522e-01 -3.738192722262657225e-02 -1.371875712775752765e-01 8.833065516109542270e-02 6.745403507849336844e-01 -7.208094242219362791e-01 1.327659010235336112e-01
1.110086368332476314e-01 -3.737236568706867046e-02 -1.371864887741955918e-01 8.824657805659422150e-02 6.745532271339003128e-01 -7.208263750401135983e-01 1.326643217714234269e-01
1.109597085478099959e-01 -3.737806025712406277e-02 -1.370663847796412260e-01 8.830200073961555485e-02 6.744680922146140123e-01 -7.208832626161282287e-01 1.327511616886499768e-01
1.110259083444367773e-01 -3.734027620740579950e-02 -1.371928189223045602e-01 8.835296246998219916e-02 6.744013624661918671e-01 -7.209369432026415669e-01 1.327647553086027388e-01
1.110249324724638803e-01 -3.733109875844925485e-02 -1.371917219899018714e-01 8.827073199900574429e-02 6.744133219663690504e-01 -7.209534633939219672e-01 1.326689588673822251e-01
1.109449165595293302e-01 -3.738606321303579449e-02 -1.370564828355255726e-01 8.832628748585004408e-02 6.743348419222947587e-01 -7.210031202252811244e-01 1.327610203862917282e-01
1.110303392936126676e-01 -3.738580698577648881e-02 -1.371844050305172646e-01 8.839563698125563196e-02 6.742308585395073717e-01 -7.210909756865214737e-01 1.327658297123820996e-01
1.110293629780481628e-01 -3.737601352032780128e-02 -1.371831877820836321e-01 8.830653235592228478e-02 6.742434707715215803e-01 -7.211088223249418894e-01 1.326641052824017453e-01
1.109933925427189494e-01 -3.739302742090389736e-02 -1.370905177126161556e-01 8.835978431151240986e-02 6.741857364211927273e-01 -7.211414840441582319e-01 1.327444963575746539e-01
1.110448351619647694e-01 -3.737308715525777814e-02 -1.371923807754683033e-01 8.839488947732195012e-02 6.741766322684226154e-01 -7.211445813156406315e-01 1.327505361819276974e-01
1.110436823394497091e-01 -3.736293658645028354e-02 -1.371911887381186412e-01 8.830402325730092594e-02 6.741905351386844325e-01 -7.211629724612284020e-01 1.326404499271396920e-01
1.109780976219787163e-01 -3.736912712683072152e-02 -1.370661185228016221e-01 8.829766768362200258e-02 6.741615797262212606e-01 -7.211833600817245671e-01 1.326809988050739464e-01
1.110112429814563567e-01 -3.727165277736276677e-02 -1.372082754837228025e-01 8.831115892815134816e-02 6.741856337377006847e-01 -7.211659628193114457e-01 1.326443535977214483e-01
1.109466858914711918e-01 -3.729021469780462866e-02 -1.370851003293928339e-01 8.831011030612419266e-02 6.741503434118966132e-01 -7.211924631582989909e-01 1.326803300380560713e-01
1.110092146908016886e-01 -3.726744485662857737e-02 -1.371974979895277114e-01 8.834554291924469338e-02 6.741169835987927961e-01 -7.212158345238444124e-01 1.326991993270631442e-01
1.109829612407402799e-01 -3.729480398218023435e-02 -1.371362847420009023e-01 8.831210439348734231e-02 6.740875112716150364e-01 -7.212524075207309426e-01 1.326723935518740460e-01
1.110074131558504845e-01 -3.723088105060406300e-02 -1.372369564808466613e-01 8.839986452986772769e-02 6.740213702022689324e-01 -7.212919362349758945e-01 1.327350714173027302e-01
1.110058354875456121e-01 -3.722092466708346037e-02 -1.372360687589509465e-01 8.831670333542943063e-02 6.740368947407082700e-01 -7.213097950407453274e-01 1.326144939987450311e-01
1.109273280134136369e-01 -3.723780854897761061e-02 -1.370948454225661139e-01 8.832894015828114676e-02 6.739780307042040342e-01 -7.213556729190128136e-01 1.326559670959280013e-01
1.109808798258306028e-01 -3.720407415391250444e-02 -1.372081559915197813e-01 8.842270289606918299e-02 6.739302573157087695e-01 -7.213770788559805691e-01 1.327197950124568149e-01
1.109799682120813924e-01 -3.719437670523160350e-02 -1.372068930706721590e-01 8.833220393633109402e-02 6.739428251775181344e-01 -7.213950872317446139e-01 1.326183179557006708e-01
1.109009080120215013e-01 -3.722366936075306720e-02 -1.370713786837761128e-01 8.834334051336947824e-02 6.738792708208550808e-01 -7.214454486563276481e-01 1.326598928009576628e-01
1.109138102454095554e-01 -3.720516924597409847e-02 -1.371177308152839169e-01 8.840665595732738469e-02 6.737868728147076158e-01 -7.215158972944889504e-01 1.327038927701382209e-01
1.109530136655397931e-01 -3.712519055545885488e-02 -1.372412840690944713e-01 8.844992988839955883e-02 6.737690414736905442e-01 -7.215244618120463249e-01 1.327190252420441530e-01
1.108740032999161323e-01 -3.714992185473225961e-02 -1.371072343631370705e-01 8.843070621188200975e-02 6.737107902767655032e-01 -7.215812651819286661e-01 1.327187213695604495e-01
1.108733905897596184e-01 -3.714488670944180587e-02 -1.371066091607006654e-01 8.838490920616062785e-02 6.737177427801485097e-01 -7.215907055155859062e-01 1.326625968438711056e-01
1.109274836477707887e-01 -3.709284357584025082e-02 -1.372345866546220150e-01 8.841661724113859810e-02 6.737473122750967658e-01 -7.215578496959218491e-01 1.326700061804275410e-01
1.108976602744126960e-01 -3.710086985266346227e-02 -1.371753202351814471e-01 8.842567854160407470e-02 6.737963951640795202e-01 -7.215052854384659264e-01 1.327005663993416629e-01
1.109539857553717701e-01 -3.703255037564812807e-02 -1.373180773024056667e-01 8.846743220580716160e-02 6.737918521461946364e-01 -7.215027902009540917e-01 1.327093710050255282e-01
1.109536169880958323e-01 -3.702769971454719644e-02 -1.373174100867138592e-01 8.842082407520278353e-02 6.737978621122633349e-01 -7.215119126571453156e-01 1.326603134951567786e-01
1.108925276274197180e-01 -3.704247767731074642e-02 -1.372001499885812104e-01 8.842825216337479866e-02 6.737378274961410840e-01 -7.215617763385521188e-01 1.326890611439539014e-01
1.109381305670696510e-01 -3.698311631663549898e-02 -1.373162564749647596e-01 8.847129995618019382e-02 6.737270528902913336e-01 -7.215647478904917422e-01 1.326989144249388630e-01
1.109375704496251974e-01 -3.697867144280819057e-02 -1.373157885795751043e-01 8.843162664922724070e-02 6.737335391424396080e-01 -7.215728897542866838e-01 1.326481451601289607e-01
1.108684462633044154e-01 -3.701664480781585026e-02 -1.372017475676149678e-01 8.844143057918896211e-02 6.736961501038953859e-01 -7.215994767063473869e-01 1.326868716543648241e-01
1.109199796394158694e-01 -3.695380898764447780e-02 -1.373285153599541897e-01 8.848807520253469672e-02 6.736544283449433790e-01 -7.216285924082004311e-01 1.327092549039343983e-01
1.109189237918633969e-01 -3.694478835183146598e-02 -1.373275119263841493e-01 8.840594000665268071e-02 6.736670788416198041e-01 -7.216455101621208623e-01 1.326077460761298787e-01
1.108853770474008682e-01 -3.695791982107997364e-02 -1.372348572146792067e-01 8.845277859003268517e-02 6.735971385763626085e-01 -7.216861965942378276e-01 1.327103406173860134e-01
1.109396274406276445e-01 -3.690533028834046270e-02 -1.373607817634895922e-01 8.849471866915124829e-02 6.736023512858450024e-01 -7.216741923958525096e-01 1.327212007918966707e-01
1.109387424276370437e-01 -3.689596959278786115e-02 -1.373596016615179494e-01 8.840596518747567689e-02 6.736147589988893403e-01 -7.216919563030924634e-01 1.326207449291179896e-01
1.108911456071583618e-01 -3.690814766646918765e-02 -1.372519342969111544e-01 8.845588970311969723e-02 6.735269481875590936e-01 -7.217514492228557232e-01 1.327096499380896188e-01
1.108901400035698093e-01 -3.689844555612239313e-02 -1.372506768465900917e-01 8.836454886494896077e-02 6.735401680830321869e-01 -7.217696940956741525e-01 1.326041370682369824e-01
1.109268915705360903e-01 -3.685320978580645945e-02 -1.373553679275821560e-01 8.839068348273149134e-02 6.736158793627238239e-01 -7.216950891369776633e-01 1.326081915245432008e-01
1.108639177700723039e-01 -3.690383745122600284e-02 -1.372470327331052620e-01 8.844113872641765073e-02 6.735349681466133998e-01 -7.217484005990819629e-01 1.326953574816465142e-01
1.109110092978042444e-01 -3.686645369436915981e-02 -1.373552687164820429e-01 8.849381146298525291e-02 6.735055790659253416e-01 -7.217698393354207154e-01 1.326928005791845888e-01
1.109104967076584569e-01 -3.685686043892411057e-02 -1.373537704348611332e-01 8.839549427755202804e-02 6.735167188277919603e-01 -7.217886223948071223e-01 1.325995876022200981e-01
1.108452069338752982e-01 -3.688880716466439585e-02 -1.372453923089256289e-01 8.844909858861159380e-02 6.734775288874409460e-01 -7.218021643696193035e-01 1.326891500984969940e-01
1.108952660626312536e-01 -3.682800104643794287e-02 -1.373722023703755624e-01 8.849140196795887703e-02 6.734979434069272575e-01 -7.217737683008367267e-01 1.327117907240900896e-01
1.108940627426026337e-01 -3.681905740314428410e-02 -1.373712658374367512e-01 8.841040279432631210e-02 6.735113497842556418e-01 -7.217905888578292073e-01 1.326062148837795218e-01
1.108322280703126356e-01 -3.682358776812538759e-02 -1.372506753433606896e-01 8.845531163477039771e-02 6.734716009682415461e-01 -7.218043942957597103e-01 1.327029649563294389e-01
1.108440363994634137e-01 -3.674795540779295794e-02 -1.373382556710221747e-01 8.850121944350398950e-02 6.734650105013245680e-01 -7.218037856080037340e-01 1.327091137391039621e-01
1.108427715401911345e-01 -3.673814188239168249e-02 -1.373371633417725668e-01 8.841117962171340938e-02 6.734794614421998338e-01 -7.218223205879479298e-01 1.325949314055830663e-01
1.108086366255365690e-01 -3.675549482880431651e-02 -1.372599652422996919e-01 8.846673785665636058e-02 6.734628039845782510e-01 -7.218168228016735855e-01 1.326723869640128173e-01
1.108466202902607112e-01 -3.671417206310954862e-02 -1.373502642498527493e-01 8.850091214075661572e-02 6.735010153397039678e-01 -7.217726608702548230e-01 1.326958812733617932e-01
1.108454070382743073e-01 -3.670470845525500292e-02 -1.373492149467833157e-01 8.841355507336867703e-02 6.735150278528270196e-01 -7.217905969736164717e-01 1.325853862843278663e-01
1.107996834230679933e-01 -3.669127752756316807e-02 -1.372479052165707647e-01 8.847649516288241811e-02 6.734921601928949286e-01 -7.217899427637439747e-01 1.326631014544431275e-01
1.107987062441446180e-01 -3.668265709327483276e-02 -1.372468102325761774e-01 8.839450798510961604e-02 6.735042900562097090e-01 -7.218065372596589313e-01 1.325658515726126085e-01
1.108329918235832073e-01 -3.661663447803460009e-02 -1.373522385908593768e-01 8.842451388396591061e-02 6.735048463553808817e-01 -7.217966154799598799e-01 1.325970330055463997e-01
1.107566371958084578e-01 -3.667096679536841625e-02 -1.372327574686345031e-01 8.848763306574973508e-02 6.734079256328876495e-01 -7.218618101555908106e-01 1.326922436622661461e-01
1.107559444994754838e-01 -3.666196718344947453e-02 -1.372313750931053455e-01 8.839589456177678051e-02 6.734191856670391774e-01 -7.218795959388898398e-01 1.325994538724423466e-01
1.108297975230895516e-01 -3.662931679054784451e-02 -1.373655081990359239e-01 8.845662717742905357e-02 6.733570129693640105e-01 -7.219292863497911439e-01 1.326041617139160078e-01
1.107761239237785300e-01 -3.668594141141225118e-02 -1.372904102202788801e-01 8.850453435551070003e-02 6.733146885007342819e-01 -7.219501760339535057e-01 1.326733619541504705e-01
1.107751653170941791e-01 -3.667648318465559915e-02 -1.372891389487843339e-01 8.841105141265882816e-02 6.733276604944106181e-01 -7.219688925264576840e-01 1.325679668145827161e-01
1.108345412344657471e-01 -3.660758140831268242e-02 -1.374347426834774122e-01 8.846960886695746928e-02 6.732986126319167042e-01 -7.219878792435397985e-01 1.325730317986263951e-01
1.108003706717166359e-01 -3.664332187862967549e-02 -1.373583562062541674e-01 8.853395127548499555e-02 6.732126583569076894e-01 -7.220450128754305474e-01 1.326554012518715853e-01
1.107997498445586898e-01 -3.663909847157774402e-02 -1.373579340722188014e-01 8.849504470270419532e-02 6.732193668794282937e-01 -7.220531065369575341e-01 1.326032520787370494e-01
1.107997498445586898e-01 -3.663909847157774402e-02 -1.373579340722188014e-01 8.849504470270419532e-02 6.732193668794282937e-01 -7.220531065369575341e-01 1.326032520787370494e-01
1.108633832193637730e-01 -3.658515439105098493e-02 -1.374975974500508014e-01 8.855807353285292949e-02 6.731991644658292806e-01 -7.220625878352616711e-01 1.326121103945794300e-01
1.108774330450353340e-01 -3.656243267657183910e-02 -1.375350659332313097e-01 8.859045599688845918e-02 6.732386735031130609e-01 -7.220148998042605903e-01 1.326495535864164743e-01
1.108764847901736600e-01 -3.655320900077214247e-02 -1.375339958632013082e-01 8.849996591642643462e-02 6.732519671318554222e-01 -7.220330519715929540e-01 1.325436405357324765e-01
1.108365877523362075e-01 -3.656477316783413034e-02 -1.374591380801763185e-01 8.849773277840264352e-02 6.732625537505716462e-01 -7.220180921722814116e-01 1.325728463383049338e-01
1.109099963863064975e-01 -3.653607253845579661e-02 -1.375917206210512111e-01 8.859275571802061044e-02 6.732290501765760826e-01 -7.220258460872085449e-01 1.326372768669615843e-01
1.109092073670436968e-01 -3.652756423132218211e-02 -1.375907187649356711e-01 8.850827526328151895e-02 6.732410710978929957e-01 -7.220427750101189313e-01 1.325404709987395291e-01
1.108736100830129689e-01 -3.650284061458234502e-02 -1.374915179837515045e-01 8.851845047096520980e-02 6.731693389440094322e-01 -7.221039572496184000e-01 1.325647010193353181e-01
1.109304968025432853e-01 -3.645896275012160820e-02 -1.376187311128549418e-01 8.861469418526143893e-02 6.731672062196031314e-01 -7.220834033879283131e-01 1.326231766949254598e-01
1.109290727207449812e-01 -3.644991481388017845e-02 -1.376180522401271589e-01 8.853384696567659362e-02 6.731826053322423897e-01 -7.221007235588275952e-01 1.325046522027442386e-01
1.108469005407493602e-01 -3.650035582643398890e-02 -1.374991381954693281e-01 8.853242090607878201e-02 6.731148671845854636e-01 -7.221569451460696509e-01 1.325433234866373877e-01
1.108874456201201647e-01 -3.647286416121217623e-02 -1.375898735738543266e-01 8.861939144320851725e-02 6.731091965140093558e-01 -7.221387255297317953e-01 1.326132501630003235e-01
1.108865004581717356e-01 -3.646418243454589703e-02 -1.375889033265141337e-01 8.853436024594850406e-02 6.731220398131263494e-01 -7.221559711315385099e-01 1.325109049577465614e-01
1.108068400110943513e-01 -3.649095210346745000e-02 -1.374638823708459745e-01 8.854937479883530360e-02 6.730599233731903164e-01 -7.222041510040897450e-01 1.325538081085284314e-01
1.108632562491750351e-01 -3.648217585280097430e-02 -1.375569167968098139e-01 8.862856342949568256e-02 6.730964349465323737e-01 -7.221482021768438342e-01 1.326202891696606767e-01
1.108623614575426630e-01 -3.647381605776886526e-02 -1.375559393628490723e-01 8.854596807436300454e-02 6.731088186218525671e-01 -7.221647614555750661e-01 1.325224024196672845e-01
1.107965236008935928e-01 -3.649910640384952665e-02 -1.374517751563702206e-01 8.855477978709330733e-02 6.730767850660919205e-01 -7.221864441149166147e-01 1.325610512880966152e-01
1.108786465590078513e-01 -3.647228060113642811e-02 -1.375919634339462516e-01 8.865802990196752775e-02 6.730152929557308150e-01 -7.222211134227080054e-01 1.326153554761951014e-01
1.108775302096213777e-01 -3.646384494678447941e-02 -1.375911391351917479e-01 8.857812226787664667e-02 6.730286497396025247e-01 -7.222377858616281232e-01 1.325101262503268484e-01
1.108113703428814101e-01 -3.647938455738700125e-02 -1.374869341053782668e-01 8.857792151891055732e-02 6.729981784389362787e-01 -7.222595601179975233e-01 1.325463370124580209e-01
1.108810211189195788e-01 -3.647673471552757146e-02 -1.375884664307619187e-01 8.866538486999457624e-02 6.729284162981741257e-01 -7.223030041184896888e-01 1.326053027057824130e-01
1.108801180768214240e-01 -3.646794494828874827e-02 -1.375874218959011186e-01 8.857779810007752885e-02 6.729413465223669233e-01 -7.223207655407825056e-01 1.325014320412554181e-01
1.108282385128126490e-01 -3.647005467170144621e-02 -1.374973188356048426e-01 8.856844969144682389e-02 6.729370987266406479e-01 -7.223194119993154860e-01 1.325366286186128451e-01
1.108686681436634874e-01 -3.642440668587760416e-02 -1.376019137727500230e-01 8.865314060068012203e-02 6.728924398627377235e-01 -7.223380524959897020e-01 1.326051392424470454e-01
1.108681475403956868e-01 -3.641580894284703052e-02 -1.376006563542751804e-01 8.856229231742193675e-02 6.729036379497155274e-01 -7.223556780227217144e-01 1.325129761263233175e-01
1.108217158542329633e-01 -3.638599508656241432e-02 -1.374991530126077055e-01 8.858093496516074306e-02 6.728913585997370328e-01 -7.223598331513654269e-01 1.325402162818126728e-01
1.108884424217017051e-01 -3.634979059054438411e-02 -1.376301683242536211e-01 8.868632625396496993e-02 6.728436977950018605e-01 -7.223812771225622820e-01 1.325948126281704942e-01
1.108875796855903206e-01 -3.634083987403111116e-02 -1.376290949080503645e-01 8.859710237325733873e-02 6.728568367334472056e-01 -7.223992993149023212e-01 1.324895583110611841e-01
1.108109742376887502e-01 -3.635418918590947734e-02 -1.375023714072707570e-01 8.859791596319305240e-02 6.727979083824883189e-01 -7.224429311593766334e-01 1.325503488527140505e-01
1.108581068597756375e-01 -3.632792652245406262e-02 -1.375933044868313804e-01 8.867518837805871135e-02 6.727929787838201614e-01 -7.224261000842842062e-01 1.326154160809424887e-01
1.108574237526239459e-01 -3.631920806786195777e-02 -1.375921101156551141e-01 8.858511802182805761e-02 6.728050723922998078e-01 -7.224439199348052787e-01 1.325171459754693748e-01
1.107848608722158679e-01 -3.630749980768737534e-02 -1.374606644141913026e-01 8.860133808824047219e-02 6.727350262904244760e-01 -7.225005541477422799e-01 1.325531461233587782e-01
1.108334497716957773e-01 -3.626964000568543012e-02 -1.375625126558996936e-01 8.868409334646198960e-02 6.727048047012031962e-01 -7.225063488375451648e-01 1.326195807890808154e-01
1.108324173891973435e-01 -3.626090512008871974e-02 -1.375615315198199518e-01 8.859914622294579045e-02 6.727183028962953060e-01 -7.225238866877863320e-01 1.325122990611370399e-01
1.107658704441030623e-01 -3.630818842154820425e-02 -1.374658253439675348e-01 8.861050912889323339e-02 6.726789363533506316e-01 -7.225507929128170970e-01 1.325578285862528682e-01
1.108306303232598211e-01 -3.630040893111131928e-02 -1.375663816631562952e-01 8.869553534583315968e-02 6.726840403922090816e-01 -7.225245193207239236e-01 1.326182596465721730e-01
1.108298529088713735e-01 -3.629131299781236664e-02 -1.375651353507129637e-01 8.860159091450670044e-02 6.726969886636153806e-01 -7.225431399927322307e-01 1.325138874977453418e-01
1.107579026059148930e-01 -3.628515899361652725e-02 -1.374364253071457542e-01 8.861760667059709329e-02 6.726254454832706342e-01 -7.226011717864198047e-01 1.325499015816308523e-01
1.107778708358202330e-01 -3.621910545181619007e-02 -1.375383199597793871e-01 8.870597099392944773e-02 6.726240915314566360e-01 -7.225805300576506607e-01 1.326101797868902421e-01
1.107770529829849027e-01 -3.621047008620470464e-02 -1.375371686367175827e-01 8.861729821721581191e-02 6.726364591850969576e-01 -7.225984087898381647e-01 1.325092745660101101e-01
1.107230287425932103e-01 -3.622534006874951473e-02 -1.374511848261172065e-01 8.862148830067266558e-02 6.726093577953768943e-01 -7.226181157293029012e-01 1.325365701883679248e-01
1.107764798344098855e-01 -3.617652684048014433e-02 -1.375747732814637803e-01 8.871624315742807076e-02 6.726058534724517202e-01 -7.225988193735876086e-01 1.325961549763950975e-01
1.107752369818049976e-01 -3.616773567460142974e-02 -1.375739072065865209e-01 8.863239319605689670e-02 6.726203644929664716e-01 -7.226164978995305299e-01 1.324822294087262264e-01
1.107104748486504725e-01 -3.619467780904545018e-02 -1.374747153311133008e-01 8.862846975227692270e-02 6.725909375308580795e-01 -7.226370016467534851e-01 1.325224092435733358e-01
1.107745353634913554e-01 -3.615288810550173343e-02 -1.376047906240174534e-01 8.872380684775510451e-02 6.725668705346931064e-01 -7.226366553334777620e-01 1.325826350849010626e-01
1.107734238187291220e-01 -3.614400854500288834e-02 -1.376038281251434348e-01 8.863670225736459962e-02 6.725809498627476346e-01 -7.226547458073770969e-01 1.324708241717339474e-01
1.106986182082933950e-01 -3.614637229206073277e-02 -1.374786789404852105e-01 8.864277118022788338e-02 6.725296757751635379e-01 -7.226922402055591110e-01 1.325225273903025969e-01
1.107536558835781615e-01 -3.611728686371217661e-02 -1.375858467129217888e-01 8.873792675023520204e-02 6.724818959600161739e-01 -7.227124483833996527e-01 1.325910891190043850e-01
1.107199619896503812e-01 -3.610595525680344864e-02 -1.375081897354195615e-01 8.874628357641374532e-02 6.724803955604496952e-01 -7.227078293654171093e-01 1.326182797059408114e-01
1.107190194104050174e-01 -3.609795203261336599e-02 -1.375072311157141680e-01 8.866691854351765878e-02 6.724926704654486942e-01 -7.227242503809281349e-01 1.325195971831044373e-01
1.107765708644026931e-01 -3.607630456376870187e-02 -1.376115331905455874e-01 8.876378244822302754e-02 6.724502651516920393e-01 -7.227419539739973198e-01 1.325733751126222104e-01
1.107355809813242442e-01 -3.611431586558656870e-02 -1.375512364058292802e-01 8.876820245219063654e-02 6.724509158522249397e-01 -7.227343090264752856e-01 1.326087876384297315e-01
1.107348771376942265e-01 -3.610621498389314510e-02 -1.375501246177208703e-01 8.868397307766623383e-02 6.724625986803735023e-01 -7.227511162158496427e-01 1.325142645300570188e-01
1.107653030437644459e-01 -3.606782005268929781e-02 -1.376328909492072761e-01 8.878270608358984628e-02 6.724291998679263749e-01 -7.227586423662938353e-01 1.325765708950383537e-01
1.107405215687125022e-01 -3.609466095990667561e-02 -1.375781252923469755e-01 8.878731516865852325e-02 6.724018455888089996e-01 -7.227778976076356665e-01 1.326072450652326651e-01
1.107396106399762131e-01 -3.608629360580911660e-02 -1.375771082368282827e-01 8.870273223766296511e-02 6.724147678660290506e-01 -7.227951147678617350e-01 1.325044426310346413e-01
1.107916357285605030e-01 -3.605501495071497531e-02 -1.376816035295788665e-01 8.879001613725774622e-02 6.724396652042242684e-01 -7.227495951546351050e-01 1.325679161720030586e-01
1.107152506860625274e-01 -3.607325434529874697e-02 -1.375625517432308431e-01 8.879671791100191003e-02 6.723841725359783750e-01 -7.227925463490232350e-01 1.326107173407814199e-01
1.107143978664858336e-01 -3.606522555809865693e-02 -1.375615378159472657e-01 8.871490451020583312e-02 6.723964046263910532e-01 -7.228091316931211097e-01 1.325130178672420111e-01
1.107579962081009783e-01 -3.603412783560043520e-02 -1.376493902532004432e-01 8.879599417178468679e-02 6.724069304219507659e-01 -7.227775861151070069e-01 1.325773447810498218e-01
1.107012375743523097e-01 -3.609029759196220877e-02 -1.375732750738946630e-01 8.879236437289175776e-02 6.723880979509383460e-01 -7.227893383314993869e-01 1.326112142969224361e-01
1.107002569578057483e-01 -3.608129911446109755e-02 -1.375721442934149108e-01 8.870003591793945708e-02 6.724020253261425717e-01 -7.228080047612153169e-01 1.325005970498580599e-01
1.107544068880145643e-01 -3.607729072241739471e-02 -1.376537941164975576e-01 8.878231404711146857e-02 6.723962393528771786e-01 -7.227906846912061090e-01 1.325693182458360930e-01
1.106752554703330088e-01 -3.613824235004694380e-02 -1.375484325845136024e-01 8.878745490205663948e-02 6.723218679058385883e-01 -7.228497724304314698e-01 1.326208893232617703e-01
1.106741868594467576e-01 -3.613000414006613259e-02 -1.375474838987376658e-01 8.870435297474610348e-02 6.723352123219458187e-01 -7.228669995569868556e-01 1.325149085454716547e-01
1.107280210412209809e-01 -3.608146914889775320e-02 -1.376689695116051493e-01 8.879547116230368520e-02 6.723325557467357827e-01 -7.228482411714483025e-01 1.325696760932544849e-01
1.106644468069192394e-01 -3.610013967335655438e-02 -1.375657975107462683e-01 8.878694727768071671e-02 6.722914984202184030e-01 -7.228793137907767452e-01 1.326141653006327192e-01
1.106633032855564025e-01 -3.609125486004874372e-02 -1.375647647440029764e-01 8.869714384916706218e-02 6.723059696313041789e-01 -7.228978291547119017e-01 1.324999187717377791e-01
1.107186208240620306e-01 -3.605671630699407160e-02 -1.376710027367215594e-01 8.878762614957586008e-02 6.722688232525028118e-01 -7.229086826516851749e-01 1.325685606477773892e-01
1.106445128864928379e-01 -3.605701966605553976e-02 -1.375487460881668067e-01 8.878505010377263362e-02 6.722182481197661597e-01 -7.229468400974854436e-01 1.326186569300263907e-01
1.106434372026984803e-01 -3.604869172663571070e-02 -1.375477702176235439e-01 8.870104289493015159e-02 6.722317066165747201e-01 -7.229642689291918556e-01 1.325115974562161014e-01
1.106812238089417422e-01 -3.602152765655190769e-02 -1.376384974400929051e-01 8.877090994885902808e-02 6.723003797407891557e-01 -7.228799957646255825e-01 1.325761542306054253e-01
1.106056229791604617e-01 -3.604170854320053186e-02 -1.375241156385982877e-01 8.876344368461559775e-02 6.722443682937410125e-01 -7.229250373375338823e-01 1.326195715312113166e-01
1.106044781475852418e-01 -3.603370133156515859e-02 -1.375232166568953196e-01 8.868394796885248343e-02 6.722577785589232136e-01 -7.229415798248148839e-01 1.325145603323666377e-01
1.106526726234197955e-01 -3.598975402853116928e-02 -1.376337015916282158e-01 8.878532248780002245e-02 6.722214270804881542e-01 -7.229515066805733969e-01 1.325769153091813646e-01
1.106022694436152587e-01 -3.600709729915003293e-02 -1.375505280824122767e-01 8.878068183513736222e-02 6.722097034580871711e-01 -7.229562299580882812e-01 1.326137047007823755e-01
1.106011938706110559e-01 -3.599901360147914064e-02 -1.375495896571557464e-01 8.869934374171359326e-02 6.722228995464505363e-01 -7.229731454331486118e-01 1.325089835733838095e-01
1.106397391222427445e-01 -3.597131395427555223e-02 -1.376309443317663139e-01 8.876918811850496860e-02 6.722580345113919886e-01 -7.229183988448721898e-01 1.325826341842255840e-01
1.105889223599056392e-01 -3.598825690959057272e-02 -1.375478269316409152e-01 8.876570203395503511e-02 6.722469054041907421e-01 -7.229236934171404672e-01 1.326125250986062709e-01
1.105882370477284521e-01 -3.598028699548086462e-02 -1.375466307899314844e-01 8.867961946585159461e-02 6.722584146058102617e-01 -7.229406783735595754e-01 1.325191481856554943e-01
1.106389656047791492e-01 -3.596102563325154211e-02 -1.376307393148099023e-01 8.875871663111914445e-02 6.722388100019422996e-01 -7.229370907494035992e-01 1.325852004107460902e-01
1.106008554279534067e-01 -3.596129171118123136e-02 -1.375650768427908455e-01 8.875235694353343641e-02 6.722643893075446186e-01 -7.229085835036743735e-01 1.326151948406856795e-01
1.106003158473428255e-01 -3.595212993286007325e-02 -1.375635273972050376e-01 8.864976868858168157e-02 6.722767890014421654e-01 -7.229283954271579216e-01 1.325129147158343457e-01
1.106640056617208129e-01 -3.593388552165815986e-02 -1.376739130117990428e-01 8.875221002624246458e-02 6.722734294681127487e-01 -7.229079893017589242e-01 1.325726979823830531e-01
1.106249290259598422e-01 -3.594883575067225889e-02 -1.376101285206604297e-01 8.875522869778178225e-02 6.722851475837030577e-01 -7.228886776143629289e-01 1.326165506040647979e-01
1.106239917694751690e-01 -3.594049393164056028e-02 -1.376090800231014322e-01 8.866934973815225607e-02 6.722985349108341335e-01 -7.229061480894445335e-01 1.325108577749057048e-01
1.106878865324388422e-01 -3.592704749495205518e-02 -1.377076087159266049e-01 8.875849404395728948e-02 6.722505131224726371e-01 -7.229287072800394398e-01 1.325717222186991173e-01
1.106368618646333124e-01 -3.594543482325091716e-02 -1.376303103457162669e-01 8.877085404140075409e-02 6.722179401348864491e-01 -7.229533600444618680e-01 1.325941764708885307e-01
1.106362354710820894e-01 -3.593714920453632694e-02 -1.376290641599076381e-01 8.868057988538306791e-02 6.722299861366294316e-01 -7.229712154646334987e-01 1.324961210735224326e-01
1.106903109704371474e-01 -3.592152866818648649e-02 -1.377200113258021108e-01 8.877246081009643186e-02 6.722024251897775748e-01 -7.229742998441038848e-01 1.325575781901174588e-01
1.106410071890397973e-01 -3.592646620650208344e-02 -1.376312674174385298e-01 8.876887366597735474e-02 6.721929301367700615e-01 -7.229788026996314398e-01 1.325835683228681061e-01
1.106405175500135007e-01 -3.591789982351775018e-02 -1.376298573444933449e-01 8.867280210641621807e-02 6.722048379888070357e-01 -7.229974762591764303e-01 1.324856191210943557e-01
1.106914712481079643e-01 -3.587006251992500006e-02 -1.377490056582732492e-01 8.877306743361917940e-02 6.722013765356624759e-01 -7.229770946425624345e-01 1.325472463093298192e-01
1.106322648656538066e-01 -3.585747314956164167e-02 -1.376429794342229895e-01 8.878335740612836036e-02 6.721598969027593462e-01 -7.230074260944633346e-01 1.325852565545149464e-01
1.106312640169974520e-01 -3.584914886809326129e-02 -1.376420037742843161e-01 8.869848964446279405e-02 6.721736272842819826e-01 -7.230250699553762983e-01 1.324761900656319102e-01
1.106807083699743177e-01 -3.582018387790947278e-02 -1.377361236691232171e-01 8.878105567402699849e-02 6.721409000134929146e-01 -7.230354164336146860e-01 1.325304541044304840e-01
1.106083557693296887e-01 -3.581276817510151839e-02 -1.376145764303950414e-01 8.879235579301343606e-02 6.720685676371860318e-01 -7.230919108794370276e-01 1.325814706795499787e-01
1.106071823214270500e-01 -3.580419248556482303e-02 -1.376136526027546547e-01 8.870695387111676711e-02 6.720833211991495970e-01 -7.231099145646632254e-01 1.324656074576103237e-01
1.106496715632730998e-01 -3.577381725706967053e-02 -1.377021117238336756e-01 8.878703153946330973e-02 6.720963820603971239e-01 -7.230751846785195003e-01 1.325352540038303717e-01
1.105845944732017638e-01 -3.579055803434579019e-02 -1.376093617760933696e-01 8.879390534043141159e-02 6.720439775013105077e-01 -7.231181193742270974e-01 1.325621367936309358e-01
1.105833359890187051e-01 -3.578225742261848669e-02 -1.376085382155990411e-01 8.871248390124951422e-02 6.720587839973306554e-01 -7.231354769421570738e-01 1.324468498671784455e-01
1.106213100334391131e-01 -3.573484015356957061e-02 -1.377096609955006379e-01 8.881223626256617987e-02 6.720451170389731832e-01 -7.231248995003273228e-01 1.325070831191920706e-01
1.105550457054801233e-01 -3.577632257955037920e-02 -1.376210695439359921e-01 8.881301481860652547e-02 6.720088392110425968e-01 -7.231539808036723249e-01 1.325318394532384036e-01
1.105542180231135485e-01 -3.576830455399509362e-02 -1.376199787705263411e-01 8.872752159149696616e-02 6.720214662997791022e-01 -7.231712486863344225e-01 1.324308152129751726e-01
1.105902929879418739e-01 -3.572576717932385987e-02 -1.377192479580815476e-01 8.882433887259631733e-02 6.720059660162953641e-01 -7.231628468892598027e-01 1.324904349052141994e-01
1.105131364646050190e-01 -3.575943565434337723e-02 -1.376126727359233415e-01 8.882245800884019937e-02 6.719451533689324574e-01 -7.232130034814401309e-01 1.325263498804065410e-01
1.105119690445328096e-01 -3.575146062022551557e-02 -1.376118199086242277e-01 8.874243626304390009e-02 6.719591932060781092e-01 -7.232297416446143989e-01 1.324173835740630467e-01
1.105247413845797805e-01 -3.572190839927780193e-02 -1.376628360875454815e-01 8.879955313999712829e-02 6.720010913289052867e-01 -7.231707391500264981e-01 1.324886963182196065e-01
1.104877130511415229e-01 -3.574467287745290711e-02 -1.375945287223810376e-01 8.881364723494353242e-02 6.719535267945111467e-01 -7.232070001666353054e-01 1.325225596010798645e-01
1.104870527412188386e-01 -3.573738118273834391e-02 -1.375934189205138269e-01 8.873329056249457114e-02 6.719644748086907038e-01 -7.232229083347434528e-01 1.324340311282106164e-01
1.105202890217049094e-01 -3.571229829081719320e-02 -1.376677986603524750e-01 8.881231514890075562e-02 6.719876129914504892e-01 -7.231791799987936642e-01 1.325024312237977897e-01
1.104733841156918667e-01 -3.572058181350822037e-02 -1.375773822193085416e-01 8.882026811004464784e-02 6.719160756459834349e-01 -7.232361122326210756e-01 1.325491351311055555e-01
1.104725320291714968e-01 -3.571222205825658885e-02 -1.375761545778528550e-01 8.872909694262892666e-02 6.719290529075219176e-01 -7.232543882893377463e-01 1.324446489472566879e-01
1.105088652679781236e-01 -3.569492016443889110e-02 -1.376392371298452155e-01 8.880840941051228177e-02 6.719225291142986167e-01 -7.232363636984717736e-01 1.325229923855908154e-01
1.104604895280032750e-01 -3.569168055939742068e-02 -1.375548569262369791e-01 8.881615979381002335e-02 6.719289086587887372e-01 -7.232239662982139494e-01 1.325531064893218369e-01
1.104595322912724636e-01 -3.568427028836303888e-02 -1.375539205477077087e-01 8.873877031662893988e-02 6.719414654913689056e-01 -7.232396872240335339e-01 1.324554733489185232e-01
1.105086326344550118e-01 -3.566462227293962922e-02 -1.376455695492959097e-01 8.883649601275533936e-02 6.719205421242662180e-01 -7.232360534681075981e-01 1.325159349341974713e-01
1.104839169466132892e-01 -3.566050486195908309e-02 -1.375940422718620049e-01 8.883073376718131353e-02 6.719644117046750242e-01 -7.231907826846255549e-01 1.325444151247909264e-01
1.105448695821904387e-01 -3.563766161586753162e-02 -1.376918574455334443e-01 8.887486026889995783e-02 6.719228750128451999e-01 -7.232192607285279351e-01 1.325700198307952493e-01
1.105442498953464331e-01 -3.563364223816663234e-02 -1.376914979481231038e-01 8.883530736957065410e-02 6.719301802727757345e-01 -7.232277915577499661e-01 1.325129522788198178e-01
1.104941450725223651e-01 -3.563550489879369065e-02 -1.376047037378443916e-01 8.884734711847756816e-02 6.719059460208165468e-01 -7.232446086241217653e-01 1.325359751464535718e-01
1.105510338903488571e-01 -3.560863282923708295e-02 -1.377047111893071052e-01 8.889805898285677022e-02 6.718614549113610668e-01 -7.232779466355132580e-01 1.325455862116324268e-01
1.105507925788609680e-01 -3.560433391285424548e-02 -1.377040121187869115e-01 8.884903722891392130e-02 6.718676706462896053e-01 -7.232873874765824995e-01 1.324954219628894925e-01
1.105027214744366965e-01 -3.559040320224178544e-02 -1.376118557779339446e-01 8.885443229597191073e-02 6.718485842174610756e-01 -7.232985581590484214e-01 1.325276028282226515e-01
1.105476588848987307e-01 -3.554924459105193030e-02 -1.377167424422903186e-01 8.890521295724207462e-02 6.718723179233535570e-01 -7.232706288212668033e-01 1.325256541271034871e-01
1.105474480881183524e-01 -3.554485795102612505e-02 -1.377160015012718064e-01 8.885464481903934675e-02 6.718784759190260525e-01 -7.232803733392936252e-01 1.324751570407864676e-01
1.104669836776559916e-01 -3.559721315676303566e-02 -1.376157703478692595e-01 8.885770235818125917e-02 6.718108324583710322e-01 -7.233322137002570207e-01 1.325331005700130516e-01
1.105286837355663743e-01 -3.556670259503520032e-02 -1.377256275675195762e-01 8.889992923723857854e-02 6.718197334465532133e-01 -7.233159673721822891e-01 1.325483295928704952e-01
1.105281556150681244e-01 -3.556249384337663300e-02 -1.377251621824078232e-01 8.885611985490453335e-02 6.718270181833855270e-01 -7.233250616261335253e-01 1.324911424462102694e-01
1.104551841732173550e-01 -3.556194183630841804e-02 -1.376098972268916532e-01 8.886477213537925801e-02 6.717613517140070822e-01 -7.233782298689812595e-01 1.325280165410939182e-01
1.104546907514910442e-01 -3.555372714474763773e-02 -1.376084758609346370e-01 8.876977431530998219e-02 6.717731764245347126e-01 -7.233965508513370279e-01 1.324317062522752386e-01
1.104540612639101776e-01 -3.554939748845426656e-02 -1.376080061669983645e-01 8.872535615961751887e-02 6.717809282249855851e-01 -7.234060052629966986e-01 1.323704921686048031e-01
1.104239904860937899e-01 -3.554545664471053107e-02 -1.376157052179380891e-01 8.887219007116270442e-02 6.716738181153718568e-01 -7.234612493745146145e-01 1.325135334361734196e-01
1.104642045390496624e-01 -3.552236674417924567e-02 -1.377003503774106574e-01 8.889638469528884923e-02 6.717477149716477580e-01 -7.233868358677161270e-01 1.325289625394050763e-01
1.104637380678666903e-01 -3.551878455005746255e-02 -1.376999500753876005e-01 8.885879285344559786e-02 6.717539594817412141e-01 -7.233945787071269784e-01 1.324802489066570221e-01
1.103983167402178833e-01 -3.555232953194525924e-02 -1.376133118887009066e-01 8.886891256368453784e-02 6.717212057355054222e-01 -7.234173698646035877e-01 1.325150826252111669e-01
1.104475181467647199e-01 -3.551880297379794715e-02 -1.377074946067547434e-01 8.891021906097357208e-02 6.717164719334209888e-01 -7.234143748034512766e-01 1.325277201478206601e-01
1.104469196983012963e-01 -3.551484620463942615e-02 -1.377071130335902893e-01 8.886988518064493914e-02 6.717237406936990007e-01 -7.234228659671015915e-01 1.324715693739151878e-01
1.104030008067952429e-01 -3.554351026881260450e-02 -1.376510355365455629e-01 8.887216647790903423e-02 6.717369898761245128e-01 -7.234032734386471875e-01 1.325098427888886377e-01
1.104422061225432961e-01 -3.549827290492992699e-02 -1.377485756510297699e-01 8.892031998424330952e-02 6.717347052464163193e-01 -7.233970140272947269e-01 1.325232906239648401e-01
1.104420357906008010e-01 -3.549417494259538008e-02 -1.377478493713275576e-01 8.887140241344125557e-02 6.717403892504555385e-01 -7.234062558566020096e-01 1.324768367309811790e-01
1.103859476067444306e-01 -3.546391981064270921e-02 -1.376412311320641957e-01 8.886791617174868985e-02 6.717103159303230431e-01 -7.234290079072094315e-01 1.325074166470217307e-01
1.104454295876998310e-01 -3.544941767398410160e-02 -1.377272484076258463e-01 8.890741966754431291e-02 6.716860125510716317e-01 -7.234431744902181105e-01 1.325267692008548770e-01
1.104451110580281920e-01 -3.544536023367603900e-02 -1.377266401702457732e-01 8.886142119678354379e-02 6.716922596472473250e-01 -7.234522654974235856e-01 1.324763212785893540e-01
1.103695485889950728e-01 -3.546343415086191525e-02 -1.376188054940067906e-01 8.886892418330999410e-02 6.716390301500791971e-01 -7.234916759462680647e-01 1.325259307834600053e-01
1.104256772877733606e-01 -3.547359889462062266e-02 -1.376827432220412706e-01 8.890893791741526220e-02 6.716621287417077202e-01 -7.234628433700399652e-01 1.325394274753430579e-01
1.104252801441887588e-01 -3.546958643177916537e-02 -1.376821852022983850e-01 8.886452151982977832e-02 6.716686948408772118e-01 -7.234717369875904858e-01 1.324873841766181504e-01
1.104037751930154604e-01 -3.546262178272533566e-02 -1.376268873415525673e-01 8.888181630014996282e-02 6.716293384607537886e-01 -7.235002843673346007e-01 1.325194060141481889e-01
1.104509503129583736e-01 -3.544908111036208787e-02 -1.377044127878990776e-01 8.892548268668991340e-02 6.716269582416545258e-01 -7.234941538614210188e-01 1.325356435844654568e-01
1.104505363491664061e-01 -3.544510009491626257e-02 -1.377038834941286538e-01 8.888187809442055221e-02 6.716336703053473745e-01 -7.235028864192171172e-01 1.324831989409893107e-01
1.104178736218671547e-01 -3.543627332088251924e-02 -1.376280964529415507e-01 8.888913887529387159e-02 6.715726686301661807e-01 -7.235536518583136623e-01 1.325103189244670743e-01
