repeatability libsurvive; 20211016-002306; x y z w i j k;  frequency = 150 duration = 2 sys.args = ['repeatability.py']
3.181989139905948283e-02 -2.732597638034635068e-01 -2.126459732442118056e-01 3.835037239793409602e-02 6.960756485629709944e-01 -7.117191099201019000e-01 8.639357029962831114e-02
3.185349330432031556e-02 -2.732132433110407432e-01 -2.127861910812812174e-01 3.837645542786463637e-02 6.959741704008830521e-01 -7.118162492911920269e-01 8.639924217616409829e-02
3.185302171540272537e-02 -2.732121962418604388e-01 -2.127862306527851521e-01 3.837072097064254256e-02 6.959761766461116661e-01 -7.118171953555345599e-01 8.637783112254046602e-02
3.182854959465906963e-02 -2.732117087253589927e-01 -2.126940146418307143e-01 3.837198997830976177e-02 6.960107117807547983e-01 -7.117832608522470794e-01 8.637863764897776853e-02
3.189838175131119724e-02 -2.732212483536659020e-01 -2.128541121773474543e-01 3.840716539278078018e-02 6.958920656134898186e-01 -7.118984267917125575e-01 8.636985929226993763e-02
3.189763531847236711e-02 -2.732200153947867416e-01 -2.128541946205913804e-01 3.840340612216956717e-02 6.958949574684656358e-01 -7.118994233113438153e-01 8.634001191309953471e-02
3.185368252643112907e-02 -2.732393179535479444e-01 -2.127489166343854154e-01 3.840346410696621193e-02 6.959515236256972326e-01 -7.118422550951766237e-01 8.635539687054252789e-02
3.192436065306294979e-02 -2.732639162618737405e-01 -2.129034533492364656e-01 3.842779520100228496e-02 6.958606878506737869e-01 -7.119308481315734793e-01 8.634625144518551232e-02
3.192388324181308357e-02 -2.732633757298825739e-01 -2.129035773705960644e-01 3.842931619163825196e-02 6.958625656166316231e-01 -7.119309049427033909e-01 8.632997172445595890e-02
3.187259029826210871e-02 -2.732841057595982726e-01 -2.127816434462411199e-01 3.841795452770611213e-02 6.958945175970097097e-01 -7.118996053997723727e-01 8.633558350981643259e-02
3.194490823671163049e-02 -2.733020274464585953e-01 -2.129349207373151254e-01 3.845485787748398332e-02 6.958223885818461962e-01 -7.119677542559254002e-01 8.633854500540702470e-02
3.194443520258248570e-02 -2.733011764297241797e-01 -2.129350031376779362e-01 3.845188434137091632e-02 6.958244338885820612e-01 -7.119683500093395567e-01 8.631847067233479331e-02
3.189316338856391930e-02 -2.733412878307144300e-01 -2.128209390206921570e-01 3.844408152474328155e-02 6.958441116996656461e-01 -7.119482371918317565e-01 8.632920924035682175e-02
3.197580359518491927e-02 -2.733644151607811379e-01 -2.129878742012538961e-01 3.847322723158119046e-02 6.957421510602004311e-01 -7.120460747131485135e-01 8.633109237180888740e-02
3.197533327632960665e-02 -2.733637700419053740e-01 -2.129879964625966127e-01 3.847315102786687258e-02 6.957440773033163328e-01 -7.120463567304685659e-01 8.631327484350299895e-02
3.192320704284631883e-02 -2.733885894120868243e-01 -2.128651167656249732e-01 3.846504130159353330e-02 6.957715458663874530e-01 -7.120187279144439829e-01 8.632338999055536033e-02
3.198660145167741414e-02 -2.733886531511510731e-01 -2.130199467931608859e-01 3.849629411042271993e-02 6.957051237022807699e-01 -7.120820999985435495e-01 8.632206586859572650e-02
3.198605673346474609e-02 -2.733875127011959894e-01 -2.130200172220262367e-01 3.849029736741065022e-02 6.957075238570834541e-01 -7.120831838825891769e-01 8.629645119498549621e-02
3.191741391832792624e-02 -2.733926736728460316e-01 -2.128299828915250491e-01 3.848964599417239313e-02 6.957623135525262681e-01 -7.120271940243764197e-01 8.631700389293150977e-02
3.191622350273261993e-02 -2.733905725522409180e-01 -2.128301334373327858e-01 3.848139569200707821e-02 6.957671984255299202e-01 -7.120289818591387654e-01 8.626654492514773676e-02
3.194115845650152830e-02 -2.733419691230128956e-01 -2.129413930131224819e-01 3.849363557076436460e-02 6.956931022103304274e-01 -7.120980803741245868e-01 8.628830445082807943e-02
3.188269202828269977e-02 -2.733899666737637513e-01 -2.128140070588747379e-01 3.847676763287467827e-02 6.956669740465442064e-01 -7.121233012950498598e-01 8.629833906912838526e-02
3.188177598545970798e-02 -2.733881389309915089e-01 -2.128141064184804476e-01 3.846709572889950302e-02 6.956708003005843688e-01 -7.121250752590131405e-01 8.625715821120608084e-02
3.193252461982905299e-02 -2.733731598676106267e-01 -2.129493561605168839e-01 3.849749565523052919e-02 6.955739661651325623e-01 -7.122145261133523420e-01 8.628597345290542342e-02
3.189198767410077878e-02 -2.734112581688271648e-01 -2.128638970607866499e-01 3.848970656873790253e-02 6.955978475627531132e-01 -7.121909442502187826e-01 8.629157480483821974e-02
3.189065467529977188e-02 -2.734095546302213742e-01 -2.128641547437596648e-01 3.848935556383663303e-02 6.956028687890443152e-01 -7.121919439532075069e-01 8.624299049130559891e-02
3.193021386107761789e-02 -2.733810631385615864e-01 -2.129863200975070092e-01 3.851049561647174047e-02 6.955850491308042116e-01 -7.122053340867531279e-01 8.626669839194368861e-02
3.187558194518206461e-02 -2.734266406203206268e-01 -2.128584706607221655e-01 3.850808139361465432e-02 6.955567961117141706e-01 -7.122311361542517094e-01 8.628255758039289625e-02
3.187461126646820575e-02 -2.734250007171613039e-01 -2.128586247730790415e-01 3.850205473811957324e-02 6.955607601744057122e-01 -7.122323926305278441e-01 8.624291028449379559e-02
3.191461744738900014e-02 -2.733895957023496082e-01 -2.129777994363953320e-01 3.852703733282736298e-02 6.954516763502969212e-01 -7.123334224122102043e-01 8.627704544329542480e-02
3.185777089262213646e-02 -2.734377366717580804e-01 -2.128561010380743967e-01 3.852649111132815107e-02 6.954288928726163332e-01 -7.123542778409872600e-01 8.628874365907435173e-02
3.193945111162793671e-02 -2.734770578051426981e-01 -2.130048125470523634e-01 3.856277296919102121e-02 6.953218474078983746e-01 -7.124560565209693275e-01 8.629489315587292320e-02
3.193892335827960838e-02 -2.734763661819863967e-01 -2.130049443837893908e-01 3.856262632751868147e-02 6.953238848907018488e-01 -7.124564426435602282e-01 8.627535156062580979e-02
3.188353656522448926e-02 -2.735089013464369612e-01 -2.128799205274659323e-01 3.854810966862448618e-02 6.953161453385877655e-01 -7.124632556489028934e-01 8.628795178140108435e-02
3.192973453307967197e-02 -2.735042107055889460e-01 -2.129870553770108754e-01 3.857385376079242728e-02 6.952123740646021233e-01 -7.125624837805510925e-01 8.629321793740610258e-02
3.192910882022977764e-02 -2.735032710017162860e-01 -2.129871746497934704e-01 3.857140240717334828e-02 6.952147324922303140e-01 -7.125633512559562677e-01 8.626814643297417429e-02
3.188272776240892725e-02 -2.735109792556177921e-01 -2.128346898922041930e-01 3.855737604221480541e-02 6.952616361072677664e-01 -7.125158248748293399e-01 8.628896460803078816e-02
3.190654033633387454e-02 -2.734662693276604384e-01 -2.129380076797444121e-01 3.857115102805216966e-02 6.951993686323204580e-01 -7.125749250750514907e-01 8.629646757474519758e-02
3.190593001765793663e-02 -2.734655085353489556e-01 -2.129381504790859303e-01 3.857103523266851297e-02 6.952016220320195172e-01 -7.125754220258233573e-01 8.627425971776914171e-02
3.185845796249605483e-02 -2.734470014222488143e-01 -2.127956354749038492e-01 3.854812635478589711e-02 6.953178684103706875e-01 -7.124605932417031884e-01 8.629604221210879222e-02
3.188575504303307190e-02 -2.734099807578507790e-01 -2.128959780606993479e-01 3.855933579867674987e-02 6.952880547513803355e-01 -7.124870200313817570e-01 8.631306291406723452e-02
3.188533045218118478e-02 -2.734090586749127194e-01 -2.128960344224530843e-01 3.855359038672885597e-02 6.952899850822211736e-01 -7.124878704552788378e-01 8.629305746558418866e-02
3.182462619455506125e-02 -2.734090655393225933e-01 -2.127267014402489387e-01 3.853330089147519177e-02 6.953566176034290391e-01 -7.124207312543326953e-01 8.631952708725514067e-02
3.186194460939362205e-02 -2.733848244952095108e-01 -2.128591934473385017e-01 3.856530556903432078e-02 6.952773178125789544e-01 -7.124965856064781056e-01 8.631792421521516934e-02
3.186143636058266088e-02 -2.733837998320090001e-01 -2.128592572213702239e-01 3.855947134712867791e-02 6.952794749127366725e-01 -7.124975906046040475e-01 8.629485684056274752e-02
3.180650234447618407e-02 -2.733731618755202986e-01 -2.127112111282174201e-01 3.853694643998663294e-02 6.953661670082672552e-01 -7.124124733456189684e-01 8.630912675314157678e-02
3.181694395079678883e-02 -2.733303055616138066e-01 -2.128180979653243043e-01 3.856920671460010996e-02 6.953321578985726115e-01 -7.124437309254356698e-01 8.631069893452517072e-02
3.181637870138810664e-02 -2.733290211790682100e-01 -2.128181307340117345e-01 3.856054070390534105e-02 6.953346003373627182e-01 -7.124451197259684676e-01 8.628342629354060489e-02
3.176856551129780826e-02 -2.733409774185413532e-01 -2.126990072655932928e-01 3.856716789756177433e-02 6.953384851965587199e-01 -7.124401756423006660e-01 8.628998027398086801e-02
3.181342964682714464e-02 -2.733250011713876937e-01 -2.128248583819263573e-01 3.858595362750869701e-02 6.953102176238068477e-01 -7.124662285689745689e-01 8.629425588816314052e-02
3.181294085673356392e-02 -2.733247780286236495e-01 -2.128250431073281101e-01 3.859173641588785342e-02 6.953118741613675269e-01 -7.124658037121037735e-01 8.628182932390354720e-02
3.177021320076380689e-02 -2.733382112054135726e-01 -2.126995533970593988e-01 3.856378215841001905e-02 6.954035415487377358e-01 -7.123770543851124515e-01 8.628836244072719819e-02
3.182625663084677481e-02 -2.733365314639640276e-01 -2.128351775844385396e-01 3.860097697282154072e-02 6.953445123953200246e-01 -7.124326544062143940e-01 8.628839200132305820e-02
3.178194244121038819e-02 -2.733318374827664599e-01 -2.126905143712272683e-01 3.859817500288759834e-02 6.954015850499705165e-01 -7.123757510272854532e-01 8.629951184535242237e-02
3.178143001558614289e-02 -2.733309435709999069e-01 -2.126905775407434696e-01 3.859386060906470212e-02 6.954036203035294239e-01 -7.123765889275628371e-01 8.627812202385386209e-02
3.182200189563001713e-02 -2.733117991756978116e-01 -2.128138248587381209e-01 3.861940653096085363e-02 6.953316214242321047e-01 -7.124452477086581359e-01 8.628004812292074110e-02
3.176473186304338420e-02 -2.733131055639335671e-01 -2.126563397512661047e-01 3.858631140225543543e-02 6.953975080362896355e-01 -7.123801216585978757e-01 8.630159126556029292e-02
3.176424762516252137e-02 -2.733118379854672098e-01 -2.126563315563368695e-01 3.857604072503360848e-02 6.953996888086828587e-01 -7.123816028661789090e-01 8.627638022414588215e-02
3.180650558237597264e-02 -2.733001837182242877e-01 -2.127756446884867814e-01 3.860236483724595324e-02 6.953250775205485068e-01 -7.124525286548702985e-01 8.628028983085485326e-02
3.175947971950622561e-02 -2.733021203949805300e-01 -2.126585694246099778e-01 3.857600225371701080e-02 6.953264708009900819e-01 -7.124494737298420199e-01 8.630607415258978454e-02
3.175916297836113567e-02 -2.733016545079030024e-01 -2.126586378955578616e-01 3.857474641811135807e-02 6.953278428972641256e-01 -7.124496050280801906e-01 8.629449649860916616e-02
3.178531429693418064e-02 -2.732796642906485385e-01 -2.127672663563901501e-01 3.859730129093648376e-02 6.952722225972541858e-01 -7.125028233423689183e-01 8.629317207568558412e-02
3.174290903497654914e-02 -2.732702159444019840e-01 -2.126269626865610607e-01 3.857717628530071829e-02 6.953323646032357752e-01 -7.124425015853667054e-01 8.631561932761973310e-02
3.174256669936397629e-02 -2.732693421096896169e-01 -2.126269669893722236e-01 3.857027204393747438e-02 6.953338499427036412e-01 -7.124435294648863159e-01 8.629825352769318614e-02
3.179311911475862090e-02 -2.732738218797198249e-01 -2.127557177541552769e-01 3.859468252367887625e-02 6.952554971699287378e-01 -7.125186090116653048e-01 8.629875982871057505e-02
3.175082633393000453e-02 -2.732684670079931766e-01 -2.126337878522532032e-01 3.856022989677380941e-02 6.953594262245174074e-01 -7.124174498188329263e-01 8.631195875803368556e-02
3.175039939294588970e-02 -2.732678171107635334e-01 -2.126338663858313716e-01 3.855829783342508421e-02 6.953611596988321653e-01 -7.124178592348974215e-01 8.629547551088666280e-02
3.180314776121481724e-02 -2.732766315383799993e-01 -2.127589197317350245e-01 3.858957850407118695e-02 6.952834525110309638e-01 -7.124923208256748186e-01 8.629286100056443587e-02
3.176221084062236938e-02 -2.733063863853626985e-01 -2.126669129439096861e-01 3.857854884894262870e-02 6.952924341948203413e-01 -7.124829338862600503e-01 8.630292834532540813e-02
3.176192833316109770e-02 -2.733056559230296889e-01 -2.126669348084118671e-01 3.857289053735790674e-02 6.952937816512529956e-01 -7.124836956251058284e-01 8.628831196103126100e-02
3.180635211928358602e-02 -2.732954679758871075e-01 -2.127809706408245183e-01 3.860091809786586614e-02 6.952672601239026084e-01 -7.125073851497195632e-01 8.629387132880611544e-02
3.175037321651003747e-02 -2.733136884977196979e-01 -2.126382455013947625e-01 3.857317248487532324e-02 6.953125216605141601e-01 -7.124627002411523247e-01 8.631053441866187725e-02
3.174984136096910964e-02 -2.733127389222239634e-01 -2.126383102953709470e-01 3.856839163795539038e-02 6.953145997203155071e-01 -7.124637041975880880e-01 8.628763980600195893e-02
3.177931034384281345e-02 -2.732886643998391762e-01 -2.127402573021855425e-01 3.859929566269228174e-02 6.952280639032928367e-01 -7.125456560766170178e-01 8.629438882086348794e-02
3.174070291669450067e-02 -2.732798759769535790e-01 -2.126420479495060301e-01 3.859981641777859851e-02 6.952712732778281168e-01 -7.125026227419637426e-01 8.630135174471140203e-02
3.174015530793050655e-02 -2.732788397341975872e-01 -2.126421097216132650e-01 3.859415451827988286e-02 6.952734998599472416e-01 -7.125037078405737079e-01 8.627698385405889459e-02
3.180573855937707251e-02 -2.732941062543247090e-01 -2.127742637128178516e-01 3.863186295971399870e-02 6.951828980078451625e-01 -7.125886133789887111e-01 8.628896548392482602e-02
3.176077704451675532e-02 -2.733120698327164422e-01 -2.126470831369899894e-01 3.861225059509809654e-02 6.952417639794551407e-01 -7.125260418309503629e-01 8.634016119648808829e-02
3.175978401350191410e-02 -2.733109198335887391e-01 -2.126473357084973925e-01 3.861289941931134173e-02 6.952454663329581397e-01 -7.125266298059035330e-01 8.630519891259610943e-02
3.182484103468785630e-02 -2.733246254162157163e-01 -2.127776242034144782e-01 3.863413117502102062e-02 6.951551287035694360e-01 -7.126120956747010737e-01 8.631773886974772325e-02
3.177213010981569385e-02 -2.733372930860123451e-01 -2.126396406925700200e-01 3.861660222421291200e-02 6.952048399010425372e-01 -7.125596107268765689e-01 8.635849565378556081e-02
3.177086035449934454e-02 -2.733357253863724079e-01 -2.126399224239919894e-01 3.861592577949160554e-02 6.952095498058153966e-01 -7.125606958443512218e-01 8.631191616921971010e-02
3.182803044355415195e-02 -2.733496389607685817e-01 -2.127543892160422279e-01 3.864457933309798504e-02 6.951469586813738832e-01 -7.126207152742974893e-01 8.630769656382161759e-02
3.178271580645357364e-02 -2.733491424056979091e-01 -2.126282447026224265e-01 3.862323791639824672e-02 6.952341532285243320e-01 -7.125314631841891400e-01 8.635179008028023850e-02
3.178189339482695441e-02 -2.733474170050780305e-01 -2.126283416457487863e-01 3.861266878368643796e-02 6.952377919028656095e-01 -7.125331526618515765e-01 8.631327173263354802e-02
3.183125664862053450e-02 -2.733438803333513301e-01 -2.127290338369610401e-01 3.864149097488304985e-02 6.951560382654505821e-01 -7.126123560819155323e-01 8.630496855745004026e-02
3.178483340452678552e-02 -2.733592096065689536e-01 -2.126101038780782992e-01 3.862996228182033476e-02 6.952248319140376109e-01 -7.125423262609277275e-01 8.633419016165515270e-02
3.178402880601571140e-02 -2.733577451933792424e-01 -2.126102417146581436e-01 3.862273013221568380e-02 6.952282473944034757e-01 -7.125436408591970805e-01 8.629906496109635006e-02
3.181022813000138755e-02 -2.733330060380575466e-01 -2.127097292329772349e-01 3.863977430697821541e-02 6.952145633268689284e-01 -7.125549035433798029e-01 8.630867984172400920e-02
3.178203923625076699e-02 -2.733284700461345862e-01 -2.126131791221489986e-01 3.861626358008790616e-02 6.953056880419614671e-01 -7.124623569600833095e-01 8.634914173569202545e-02
3.178110453950677011e-02 -2.733265900888957045e-01 -2.126133010464514861e-01 3.860509723112710845e-02 6.953096848102593430e-01 -7.124643309702406446e-01 8.630565318656982510e-02
3.180507808282755783e-02 -2.732929637140439905e-01 -2.127130713055962186e-01 3.861995741280697947e-02 6.952529637056104050e-01 -7.125180524856931097e-01 8.631245698039961833e-02
3.176545557493418159e-02 -2.733041438910163712e-01 -2.126101258187252097e-01 3.860941284535814033e-02 6.952497894909114295e-01 -7.125182230924429483e-01 8.634132969654625955e-02
3.176436385754542735e-02 -2.733030639503901127e-01 -2.126104553792552143e-01 3.861297671747890292e-02 6.952538617331270876e-01 -7.125184854187626149e-01 8.630477223619595351e-02
3.180542095336379160e-02 -2.732926013560674217e-01 -2.127140160443888872e-01 3.864238167525964329e-02 6.951751578188913872e-01 -7.125934633475436986e-01 8.630655991462027332e-02
3.175163981817197278e-02 -2.733068712449410187e-01 -2.125828758314214917e-01 3.862236218756540107e-02 6.952283767722966523e-01 -7.125381584958587755e-01 8.634344188727090252e-02
3.175062340436647645e-02 -2.733052497277547732e-01 -2.125830582280723580e-01 3.861607095111303789e-02 6.952323965596900468e-01 -7.125396424024708075e-01 8.630163291113163160e-02
3.178528687149392851e-02 -2.732835181023692828e-01 -2.126728275860876871e-01 3.863155041839218262e-02 6.951472179108539873e-01 -7.126210184874545162e-01 8.630893785103546656e-02
3.174078407123578915e-02 -2.732862824510400301e-01 -2.125542712056962547e-01 3.860999435302903127e-02 6.952248960484841422e-01 -7.125416839906294486e-01 8.634790574317131873e-02
3.174010559632538253e-02 -2.732843964585254248e-01 -2.125542717043860941e-01 3.859375671449759293e-02 6.952281642649099647e-01 -7.125439264064580280e-01 8.631033829602249852e-02
3.176080507028616884e-02 -2.732535887765260019e-01 -2.126527922836460860e-01 3.861046044320265436e-02 6.951758585467355811e-01 -7.125940913701667156e-01 8.631001669852450542e-02
3.171078141802712025e-02 -2.732581735341200746e-01 -2.125227190450384718e-01 3.859118225344481540e-02 6.952285232913640867e-01 -7.125389620219713116e-01 8.634957240798712963e-02
3.170952911191348561e-02 -2.732563723010623113e-01 -2.125229602558568742e-01 3.858648717737858669e-02 6.952333329479130075e-01 -7.125404758597302379e-01 8.630044047996288104e-02
3.175823869337776606e-02 -2.732575522636028209e-01 -2.126341195884389190e-01 3.862078028617754039e-02 6.951362573802396527e-01 -7.126332942908303325e-01 8.630067713337223612e-02
3.171534238098777658e-02 -2.732694270373521306e-01 -2.125220232623564187e-01 3.859820440390192980e-02 6.952020625155278521e-01 -7.125653263158782114e-01 8.634191695403040101e-02
3.171445824345478504e-02 -2.732676555307593791e-01 -2.125221325767416569e-01 3.858737604026309109e-02 6.952059732347257714e-01 -7.125670296738781939e-01 8.630120167663694886e-02
3.175918611718372975e-02 -2.732641954069044976e-01 -2.126356361698676922e-01 3.860712819199287049e-02 6.951385093808406523e-01 -7.126313052212356336e-01 8.630507080831320565e-02
3.171634185932976219e-02 -2.732587954376389239e-01 -2.125191890105722903e-01 3.858335050727602217e-02 6.952174084451819835e-01 -7.125512994887662765e-01 8.634075315439343479e-02
3.171593816170907576e-02 -2.732569198104559671e-01 -2.125190817081444861e-01 3.856254542390458173e-02 6.952199087827357626e-01 -7.125537812171605090e-01 8.630942819692814794e-02
3.177290563745858304e-02 -2.732651736697583877e-01 -2.126228406279904448e-01 3.857822819704107009e-02 6.951204124010661456e-01 -7.126482557568334375e-01 8.632378663665933594e-02
3.173578100371848842e-02 -2.732554316917292780e-01 -2.125045508978435360e-01 3.856019883275492444e-02 6.951698548988285431e-01 -7.125962484956899212e-01 8.636301601837055586e-02
3.173452102254021440e-02 -2.732539739489229791e-01 -2.125048902450965560e-01 3.856139569933539346e-02 6.951746074617657367e-01 -7.125970935549250651e-01 8.631724137837434863e-02
3.175915432226800172e-02 -2.732191302061442451e-01 -2.125815864651780240e-01 3.858356797065345262e-02 6.951118523189231402e-01 -7.126562849441119285e-01 8.632404403216065170e-02
3.170992588113311084e-02 -2.732499306833955921e-01 -2.124657378249324713e-01 3.856364213151552284e-02 6.951514537454065445e-01 -7.126144395120795894e-01 8.635949548303921419e-02
3.170899672042029604e-02 -2.732486827106200278e-01 -2.124659491151922874e-01 3.856122916630286279e-02 6.951549914278792874e-01 -7.126154041908197012e-01 8.632412877083572855e-02
3.172490968267564770e-02 -2.732097248754652430e-01 -2.125619300234104780e-01 3.858212515611784965e-02 6.950620666200428843e-01 -7.127052116267337256e-01 8.632163393035079124e-02
3.167732352199853496e-02 -2.732252154950355894e-01 -2.124432051034929603e-01 3.856546092505239859e-02 6.951022155021584492e-01 -7.126622151511492476e-01 8.636076842806715559e-02
3.167605121271382246e-02 -2.732237517427506535e-01 -2.124435241236136696e-01 3.856567908795529437e-02 6.951068837841775094e-01 -7.126632140253779113e-01 8.631484164008712545e-02
3.170216626472543292e-02 -2.731964852664884869e-01 -2.125335161763748648e-01 3.858834770142301196e-02 6.950611516389572087e-01 -7.127052679038808902e-01 8.632575517224279349e-02
3.166103518445716886e-02 -2.732024587971953467e-01 -2.124260656621090870e-01 3.857385251984669222e-02 6.951377900203619120e-01 -7.126268037727340188e-01 8.636289325886206680e-02
3.166021242010350067e-02 -2.732005347320779487e-01 -2.124261070888217029e-01 3.855903969521508323e-02 6.951413712531286926e-01 -7.126291320418368658e-01 8.632146080437358426e-02
3.169076819545019186e-02 -2.731768646289991498e-01 -2.125280927128974928e-01 3.858403691756094600e-02 6.950735657836737413e-01 -7.126940427655032995e-01 8.632040112555287859e-02
3.166027252085484162e-02 -2.731670920532702773e-01 -2.124441649742714044e-01 3.857739789649801410e-02 6.951006087070291661e-01 -7.126645462860725644e-01 8.634913209476524631e-02
3.165973501169415394e-02 -2.731657937685006976e-01 -2.124442175075570427e-01 3.856735397201914439e-02 6.951031034624522986e-01 -7.126659249212869973e-01 8.632215370662738030e-02
3.168754765519590094e-02 -2.731468751396763373e-01 -2.125302681099427993e-01 3.858339422437703087e-02 6.950619948484324517e-01 -7.127060586538459530e-01 8.631465093218242124e-02
3.164669556786945531e-02 -2.731492449581395254e-01 -2.124231170931378254e-01 3.855778270621962323e-02 6.951411966084038996e-01 -7.126257072642193657e-01 8.635169666420838830e-02
3.164565368416418639e-02 -2.731475332683357959e-01 -2.124233157820632489e-01 3.855053174910078040e-02 6.951454451687610891e-01 -7.126272864710764265e-01 8.630768876442507231e-02
3.166835076880118033e-02 -2.731265249079258273e-01 -2.125117246922610947e-01 3.856826241446265069e-02 6.950974866572252608e-01 -7.126730034939718905e-01 8.630853531383037014e-02
3.162767195048339641e-02 -2.731338291732183232e-01 -2.124043369849484830e-01 3.854844513127762828e-02 6.951537864967594071e-01 -7.126149452039856058e-01 8.634332845738124096e-02
3.162660703936902296e-02 -2.731324006420411399e-01 -2.124045971083832751e-01 3.854581267419571189e-02 6.951579242188357100e-01 -7.126160109404306997e-01 8.630238509098774047e-02
3.168185634267518813e-02 -2.731505472784139799e-01 -2.125008484614050175e-01 3.857029449478463490e-02 6.950633698951335093e-01 -7.127069210317777959e-01 8.630231124372882145e-02
3.168134433184335158e-02 -2.731499240162089115e-01 -2.125010154647073435e-01 3.857053221501727247e-02 6.950654917814262923e-01 -7.127071638985679192e-01 8.628310788882173621e-02
3.164097620284535978e-02 -2.731608479386272714e-01 -2.123960143349932217e-01 3.854571304171482138e-02 6.951176215736184494e-01 -7.126540325633005102e-01 8.631309318526206309e-02
3.161903861393194209e-02 -2.731073597775999784e-01 -2.124171711778437832e-01 3.855005163320474049e-02 6.951295762245816023e-01 -7.126405265423497726e-01 8.632639055557340957e-02
3.159116097916939148e-02 -2.731176472539015299e-01 -2.123557585248423141e-01 3.854189098148211312e-02 6.951584645330404211e-01 -7.126078757476514980e-01 8.636693377709173114e-02
3.158998606846415841e-02 -2.731154279810837915e-01 -2.123559103641502743e-01 3.852852647989310486e-02 6.951632978895748716e-01 -7.126104683766275594e-01 8.631258468277780427e-02
3.163639486972299325e-02 -2.731127773259697245e-01 -2.124596185240846535e-01 3.855226878230651189e-02 6.950683241432340509e-01 -7.127017477488788444e-01 8.631318613135809115e-02
3.158998179291074709e-02 -2.731309477874580560e-01 -2.123494483432477598e-01 3.853470994401892585e-02 6.951159211779273095e-01 -7.126511707306526500e-01 8.635531894864445501e-02
3.158932044868101308e-02 -2.731295332535501053e-01 -2.123495200979095276e-01 3.852459651064990553e-02 6.951188405791800529e-01 -7.126527038282458593e-01 8.632367382032907210e-02
3.162747396879501266e-02 -2.731357663144909909e-01 -2.124396112494457145e-01 3.855480542996844728e-02 6.950703952719069489e-01 -7.126979840378868669e-01 8.632645100514782510e-02
3.158256373694383334e-02 -2.731437468173301131e-01 -2.123271999503351104e-01 3.853002660905129051e-02 6.951213125328858933e-01 -7.126432842442900206e-01 8.637909083554919099e-02
3.163368338511981376e-02 -2.731480965076146239e-01 -2.124253679048516974e-01 3.856240983980767367e-02 6.950288026089268545e-01 -7.127310376335702635e-01 8.638502234254727408e-02
3.163254429058338923e-02 -2.731458568950885790e-01 -2.124255494544558254e-01 3.854889643294581031e-02 6.950335614325280353e-01 -7.127337572989749237e-01 8.633030911970769605e-02
3.159355407891560608e-02 -2.731470148378322693e-01 -2.123249755890174451e-01 3.853046415163215166e-02 6.951110110238951645e-01 -7.126539675632117543e-01 8.637365455977263906e-02
3.163551963987778354e-02 -2.731446720160201069e-01 -2.124277468260560853e-01 3.855799670775557353e-02 6.950445089137421428e-01 -7.127178508371045940e-01 8.636941945433193601e-02
3.163435699833958004e-02 -2.731431432282170890e-01 -2.124280886215701158e-01 3.855609770564719790e-02 6.950490324953452204e-01 -7.127191200548835814e-01 8.632337843938707456e-02
3.158813170484171817e-02 -2.731596281346050925e-01 -2.123206748214123696e-01 3.853467697737250619e-02 6.950944043655501448e-01 -7.126715231913423043e-01 8.636056809726691541e-02
3.160854155063646392e-02 -2.731261494720980676e-01 -2.123920791457103441e-01 3.856102569244923561e-02 6.950295258770921025e-01 -7.127332098068471788e-01 8.636189608293526332e-02
3.160756302298635412e-02 -2.731244177203082657e-01 -2.123922773000389286e-01 3.855225293106758627e-02 6.950336683249616065e-01 -7.127349772515070292e-01 8.631787700691041787e-02
3.157908598525157456e-02 -2.731141848206218858e-01 -2.123003475258610218e-01 3.853145513014084172e-02 6.951018272450468771e-01 -7.126647339652243396e-01 8.635828673860372617e-02
3.158712118576072897e-02 -2.730769532559034762e-01 -2.123646549533230732e-01 3.855236362624637342e-02 6.950650566001553843e-01 -7.126976416973953565e-01 8.637334004901878193e-02
3.158598295454206895e-02 -2.730755084368575725e-01 -2.123649960429593586e-01 3.855108669271986588e-02 6.950695351744906603e-01 -7.126986389507566910e-01 8.632963005171920279e-02
3.156714870275638407e-02 -2.730627578625210439e-01 -2.122990575574427718e-01 3.854262490226104121e-02 6.950815370399484605e-01 -7.126837548727563698e-01 8.635964608713528334e-02
3.160165573285213247e-02 -2.730451590890476954e-01 -2.123916513583167798e-01 3.856763777655555087e-02 6.950201972456074850e-01 -7.127423093530004250e-01 8.635892076192966393e-02
3.160050862478111511e-02 -2.730435874634173365e-01 -2.123919919086081076e-01 3.856501037791279507e-02 6.950246821377443762e-01 -7.127436574624054222e-01 8.631286080875844036e-02
3.155548988717331305e-02 -2.730532787084881119e-01 -2.122846904197178419e-01 3.854474484738176776e-02 6.950752079268774919e-01 -7.126907880276137641e-01 8.635159888871156431e-02
3.159123749122492303e-02 -2.730409865608802722e-01 -2.123760011613997079e-01 3.856577295039469166e-02 6.950482821587613547e-01 -7.127144190249662392e-01 8.636390182708401919e-02
3.159040218648742626e-02 -2.730391590089958909e-01 -2.123761314283892920e-01 3.855343060760925422e-02 6.950520398695970714e-01 -7.127165019809903468e-01 8.632197093137593258e-02
3.156506067922772163e-02 -2.730474448356357553e-01 -2.123166695994545272e-01 3.854204352852293181e-02 6.950848400215851042e-01 -7.126809478286401101e-01 8.635648588776741186e-02
3.159466029857781189e-02 -2.730354761930384733e-01 -2.123937097617693281e-01 3.856730279724020216e-02 6.950092916232336604e-01 -7.127535715908219771e-01 8.635388756068768101e-02
3.159404518104902415e-02 -2.730337769115352420e-01 -2.123937641078461891e-01 3.855290911821234595e-02 6.950123705565620646e-01 -7.127556539818469261e-01 8.631833923785067753e-02
3.155527549989077529e-02 -2.730494275720495856e-01 -2.122984089898133642e-01 3.853266304599110847e-02 6.950633658464436815e-01 -7.127020033154514156e-01 8.635974645017828466e-02
3.160434098186858110e-02 -2.730636644644062194e-01 -2.123764120993928417e-01 3.856228247980375556e-02 6.949928539815469763e-01 -7.127703679151108362e-01 8.634978811027484158e-02
3.160346004863957836e-02 -2.730623045373597457e-01 -2.123766721964779891e-01 3.855782065265973835e-02 6.949965972760366872e-01 -7.127715335520994344e-01 8.631202233197914075e-02
3.157004634326003589e-02 -2.730738975635702004e-01 -2.123081298075527867e-01 3.855253573595088940e-02 6.950175884349977240e-01 -7.127500528989929585e-01 8.632274234992180773e-02
3.162325027214538814e-02 -2.730838110746724445e-01 -2.123998078648625387e-01 3.857507186370634500e-02 6.949624897508560606e-01 -7.128005806129211752e-01 8.633906385804372696e-02
3.162206335351444575e-02 -2.730821514261138616e-01 -2.124001724766586552e-01 3.857141843675158943e-02 6.949672320424752359e-01 -7.128022044945506730e-01 8.628910322112466613e-02
3.159305931163085279e-02 -2.730840990519648459e-01 -2.123262876483850148e-01 3.856704718309729440e-02 6.949826298866909058e-01 -7.127851922412175023e-01 8.630757063552491060e-02
3.165699998397909776e-02 -2.731081142629201985e-01 -2.124238207684143176e-01 3.859617546495079654e-02 6.948985487631148539e-01 -7.128638373023269414e-01 8.632202287363960336e-02
3.165621530723701504e-02 -2.731064117597954977e-01 -2.124239869621356580e-01 3.858489511462037669e-02 6.949023711017658922e-01 -7.128657395168103150e-01 8.628057677883485543e-02
3.161517708782871083e-02 -2.731151531834252744e-01 -2.123317305658465881e-01 3.855447243443843597e-02 6.949715528664808240e-01 -7.127961098150514818e-01 8.631221926345908346e-02
3.166378021231114337e-02 -2.731132545382481958e-01 -2.124251724990748325e-01 3.858824121771592397e-02 6.948790384538066078e-01 -7.128819093392254613e-01 8.633338226952994021e-02
3.166307143314326528e-02 -2.731119303841299528e-01 -2.124253767299568718e-01 3.858145041934628316e-02 6.948822477700992151e-01 -7.128833509222219922e-01 8.629867551369531375e-02
3.161618855684047297e-02 -2.731287630923486254e-01 -2.123240624572071134e-01 3.855937695682689487e-02 6.949224424798744471e-01 -7.128427605024758584e-01 8.632017253062451712e-02
3.164126357940154344e-02 -2.731092274288695609e-01 -2.123885733499024930e-01 3.857272613400289374e-02 6.948669968372895855e-01 -7.128929660146406944e-01 8.634593512010776961e-02
3.164051453377256240e-02 -2.731073479854613240e-01 -2.123886716814379627e-01 3.855755525722961291e-02 6.948707616571787593e-01 -7.128953110245518365e-01 8.630304192648902140e-02
3.160101968810716949e-02 -2.731150398941792345e-01 -2.122933496660217301e-01 3.852896169498359891e-02 6.949246702073195170e-01 -7.128416392705657634e-01 8.632507845352563325e-02
3.163403425224833171e-02 -2.731044425646670937e-01 -2.123663946446719131e-01 3.855651517786561761e-02 6.948748782366883647e-01 -7.128861058578713772e-01 8.634638850401563093e-02
3.163347475652190932e-02 -2.731027846016967353e-01 -2.123664305447823530e-01 3.854117732840246779e-02 6.948778492421456843e-01 -7.128883213579728650e-01 8.631102799852385932e-02
3.159454915701901540e-02 -2.731140892523753472e-01 -2.122738561003113811e-01 3.851132167004085727e-02 6.949352711461507237e-01 -7.128322467647250082e-01 8.632517009891599313e-02
3.163069391946138342e-02 -2.731046455039986554e-01 -2.123448976059866544e-01 3.853407739003394950e-02 6.948828623809802929e-01 -7.128781342724375136e-01 8.635796503602288787e-02
3.163018043975560079e-02 -2.731028890784745200e-01 -2.123448819420957201e-01 3.851630017515389470e-02 6.948858925038375878e-01 -7.128804069657063147e-01 8.632274546358773004e-02
3.159193703635982536e-02 -2.731045762625149420e-01 -2.122489617657906946e-01 3.848187270013445072e-02 6.949504296306908691e-01 -7.128159680665884235e-01 8.635068904705435477e-02
3.161477274574385488e-02 -2.730769877047560246e-01 -2.123150797601611461e-01 3.849817817957319754e-02 6.948990189733070810e-01 -7.128621521815087236e-01 8.637589764475231413e-02
3.161401922970218797e-02 -2.730755032091323198e-01 -2.123152415566666451e-01 3.848894653070632221e-02 6.949025505387367296e-01 -7.128636820249762973e-01 8.633896628700325759e-02
3.159426592872115191e-02 -2.730826611981583829e-01 -2.122544103734161636e-01 3.845561426986537912e-02 6.949841949892457960e-01 -7.127836330852074243e-01 8.635755237458872524e-02
3.162274989742463321e-02 -2.730632776223381186e-01 -2.123313046637455848e-01 3.847801045635183825e-02 6.949478306642679071e-01 -7.128136568162470876e-01 8.639239562946682272e-02
3.159395067372466892e-02 -2.730710538781222496e-01 -2.122491540953634903e-01 3.844181981004255594e-02 6.949962132732449005e-01 -7.127682288143379896e-01 8.639410870200586734e-02
3.159326749448344157e-02 -2.730689144977725413e-01 -2.122491147811322032e-01 3.842007504177788468e-02 6.949997089887721691e-01 -7.127713999967437708e-01 8.634948573088226109e-02
3.161846809136180381e-02 -2.730487096233443767e-01 -2.123257828403957714e-01 3.845252430860649634e-02 6.949204822869148312e-01 -7.128440083338611899e-01 8.637329711740604488e-02
3.158390105625528965e-02 -2.730583167506052122e-01 -2.122427911999162642e-01 3.842357663910273002e-02 6.949847338356154314e-01 -7.127815071532843660e-01 8.638501926833366817e-02
3.158372503826076261e-02 -2.730575526250980101e-01 -2.122427544149650125e-01 3.841464207560321004e-02 6.949858431579213347e-01 -7.127826014476755789e-01 8.637103772539020397e-02
3.161956633711446307e-02 -2.730486937811824055e-01 -2.123267497973265749e-01 3.844932961462632637e-02 6.949228372927693798e-01 -7.128419687045218778e-01 8.637260511652007644e-02
3.157947155873701978e-02 -2.730649301156284348e-01 -2.122386462140513075e-01 3.842729982069464922e-02 6.949570438059956556e-01 -7.128067937919903008e-01 8.639748038516423256e-02
3.157913392341810815e-02 -2.730641978364095057e-01 -2.122386991779612320e-01 3.842174066620396289e-02 6.949586298457063327e-01 -7.128076449435372108e-01 8.638017108807864719e-02
3.160730568367860899e-02 -2.730519565665935344e-01 -2.123133496424666478e-01 3.843183485292524931e-02 6.949506046974047724e-01 -7.128150050117278980e-01 8.637950990066529944e-02
3.157294780910407939e-02 -2.730564090914612274e-01 -2.122371734353732664e-01 3.841768497945911853e-02 6.949473415622572370e-01 -7.128162558277432170e-01 8.640173241369411561e-02
3.157256413625795372e-02 -2.730555800610630079e-01 -2.122372271677730460e-01 3.841133279621927049e-02 6.949491338123044981e-01 -7.128172520848342630e-01 8.638191973191861051e-02
3.160758904314264761e-02 -2.730559100385170357e-01 -2.123184011145063943e-01 3.845284541764508457e-02 6.948728074513912389e-01 -7.128895056750977899e-01 8.638120653373171365e-02
3.157984545142094451e-02 -2.730620825570976851e-01 -2.122632166257668596e-01 3.844740163708317698e-02 6.949096533418113175e-01 -7.128528361339545594e-01 8.638984324269542714e-02
3.157931509669731351e-02 -2.730614990943211473e-01 -2.122634086095254446e-01 3.844770746282452634e-02 6.949116460299470388e-01 -7.128533292111548514e-01 8.636960712759704506e-02
3.163903300305018207e-02 -2.730762619297801841e-01 -2.123588596019846120e-01 3.847941279312122598e-02 6.948348193954949625e-01 -7.129266441279071831e-01 8.636844701189647089e-02
3.160950717945323896e-02 -2.730898840273464079e-01 -2.122976309421627794e-01 3.847312906178007585e-02 6.948286739679989665e-01 -7.129316558666611847e-01 8.637931601540081716e-02
3.160900063859285042e-02 -2.730890913982154111e-01 -2.122977718548452741e-01 3.846978971872714453e-02 6.948308598102375111e-01 -7.129324631958107172e-01 8.635655421516572061e-02
3.164860838528445186e-02 -2.730770868688144337e-01 -2.123780706130680984e-01 3.850058209670140230e-02 6.947344702222063573e-01 -7.130241734405012854e-01 8.636115534645948111e-02
3.160315296822305275e-02 -2.730876292034426500e-01 -2.122806905749960449e-01 3.846689391742950936e-02 6.947852325430026177e-01 -7.129753830791969449e-01 8.637060747490106494e-02
3.160276624658787253e-02 -2.730869152465868477e-01 -2.122807836850019725e-01 3.846260314175551503e-02 6.947869482279973585e-01 -7.129762264216203960e-01 8.635175324897684246e-02
3.162568687197220285e-02 -2.730646487013482226e-01 -2.123447563370485236e-01 3.847418094678301675e-02 6.947729404582930757e-01 -7.129881418620801492e-01 8.636091807912650575e-02
3.158028690130958160e-02 -2.730841121846407926e-01 -2.122518725236947623e-01 3.844667388241612693e-02 6.948133269081163688e-01 -7.129470054136397561e-01 8.638785499118346867e-02
3.157986276434085471e-02 -2.730831925333160326e-01 -2.122519290334454189e-01 3.843940062677095315e-02 6.948152979290970199e-01 -7.129482066327864631e-01 8.636532233627361443e-02
3.160572024323324292e-02 -2.730695209572506221e-01 -2.123114699953039530e-01 3.846354983984262565e-02 6.947894732291579611e-01 -7.129721715660231052e-01 8.636449383917235711e-02
3.155767391509531339e-02 -2.730969411742246167e-01 -2.122223855041175389e-01 3.843726509478835596e-02 6.948307565935781804e-01 -7.129313305320641447e-01 8.638121491047312528e-02
3.155707667360586888e-02 -2.730966522195892865e-01 -2.122226673600664804e-01 3.844324841738488985e-02 6.948327808698145924e-01 -7.129311283349994977e-01 8.636393651764456836e-02
3.156176306109525348e-02 -2.730666464868236054e-01 -2.122807942452247243e-01 3.847788029711855101e-02 6.947927100362100150e-01 -7.129676653497197814e-01 8.636927100624136600e-02
3.152769321043120271e-02 -2.730635383150239459e-01 -2.122040478042941936e-01 3.846791349135405408e-02 6.948061868468100588e-01 -7.129535849100483436e-01 8.638152646791927292e-02
3.152710167432277305e-02 -2.730626582828371007e-01 -2.122041875737815386e-01 3.846394085525855350e-02 6.948084725224976665e-01 -7.129547005066840804e-01 8.635569923439456730e-02
3.156508174995762556e-02 -2.730532695219776707e-01 -2.122852553903714634e-01 3.848551637837992895e-02 6.947880429514788903e-01 -7.129738645713341594e-01 8.635223702348629460e-02
3.152704008330693697e-02 -2.730593302286011270e-01 -2.121976221023305909e-01 3.846765511231164947e-02 6.948482804833235882e-01 -7.129132249491638706e-01 8.637615592344752291e-02
3.152642314170940596e-02 -2.730583809632139980e-01 -2.121977605658036392e-01 3.846291712019628273e-02 6.948506307666126869e-01 -7.129145408237472781e-01 8.634849397592790632e-02
3.155085975427528167e-02 -2.730379300924062336e-01 -2.122723018759765101e-01 3.850374752630075087e-02 6.948039991130326998e-01 -7.129575344798699810e-01 8.635055455150633663e-02
3.152646512204390628e-02 -2.730440119065665194e-01 -2.122062437410579538e-01 3.848337357179917179e-02 6.948726587402037635e-01 -7.128886323497301003e-01 8.637601496008658064e-02
3.152600038927187709e-02 -2.730430919434300163e-01 -2.122063119198945857e-01 3.847650477478591069e-02 6.948747066362817026e-01 -7.128898475126281831e-01 8.635256783025788141e-02
3.157502355338151490e-02 -2.730403034290904141e-01 -2.122924436539026793e-01 3.849826260940461542e-02 6.947915908389382666e-01 -7.129691618726948787e-01 8.635683698527708840e-02
3.154969158496680193e-02 -2.730530096030246989e-01 -2.122328700785483524e-01 3.848399840760527435e-02 6.947818856578692470e-01 -7.129786803989884847e-01 8.636269174114327707e-02
3.154933137662140757e-02 -2.730525492708751889e-01 -2.122329958419380824e-01 3.848300086115466478e-02 6.947834275818243199e-01 -7.129789534541400853e-01 8.634847615222550343e-02
3.158277564386791775e-02 -2.730510273535624033e-01 -2.122854518412289060e-01 3.849817475772315811e-02 6.947261006749190226e-01 -7.130333347602683114e-01 8.635391769918195071e-02
3.153881562889905565e-02 -2.730672545332383239e-01 -2.121959769162192755e-01 3.846446940306032236e-02 6.947693229815106175e-01 -7.129910194886734942e-01 8.637058854642740147e-02
3.153835917213328177e-02 -2.730668768824737747e-01 -2.121961670923934451e-01 3.846635198992042620e-02 6.947710628553396273e-01 -7.129910732695216025e-01 8.635530916756004038e-02
3.155796914732269393e-02 -2.730492908087991943e-01 -2.122588724202870425e-01 3.849461977052878736e-02 6.947592979397029245e-01 -7.130008907190705791e-01 8.635630844857553057e-02
3.151371824093159024e-02 -2.730668195705935886e-01 -2.121700808982794895e-01 3.847853830771068295e-02 6.948024666492256252e-01 -7.129564358807505275e-01 8.638318681358556073e-02
3.151337902724325735e-02 -2.730659045207968760e-01 -2.121700702046469544e-01 3.846905867440487264e-02 6.948042266306668768e-01 -7.129577049637151331e-01 8.636277620444007819e-02
3.155711121203765013e-02 -2.730600635633881335e-01 -2.122574258994179563e-01 3.850468093321757213e-02 6.947216992311042727e-01 -7.130353472531026915e-01 8.636980798476601162e-02
3.151371367773107834e-02 -2.730678830720761896e-01 -2.121655703930326320e-01 3.848020325241958972e-02 6.947724045050656105e-01 -7.129843483316746777e-01 8.639385933015775176e-02
3.151327389886113273e-02 -2.730676364185439242e-01 -2.121657781239866258e-01 3.848386821771927757e-02 6.947739555274217160e-01 -7.129841876585953919e-01 8.638107869547773099e-02
3.155223971097582264e-02 -2.730534778011719510e-01 -2.122560042152297488e-01 3.852330777106285908e-02 6.946952972630205947e-01 -7.130595718643598646e-01 8.637387157951781358e-02
3.151858371204724341e-02 -2.730532812577045054e-01 -2.121839182069884810e-01 3.849504286513794754e-02 6.947794553545715290e-01 -7.129781511337242028e-01 8.638168844119963052e-02
3.151825620303190523e-02 -2.730527863708805958e-01 -2.121840147741139437e-01 3.849267517685176637e-02 6.947808938039876647e-01 -7.129785805472231841e-01 8.636762844682059626e-02
3.156470077518702677e-02 -2.730534608918550599e-01 -2.122683573251513689e-01 3.852994658887340385e-02 6.947003641169470223e-01 -7.130548601361940131e-01 8.636905549901867374e-02
3.152384274206201237e-02 -2.730710353149023994e-01 -2.121921138636970461e-01 3.850800348265717710e-02 6.947583192040680533e-01 -7.129976928156501748e-01 8.638461439444883316e-02
3.152339058206698325e-02 -2.730703192946451474e-01 -2.121922317806366476e-01 3.850408569430893713e-02 6.947602187487090797e-01 -7.129985527799990175e-01 8.636398301791259335e-02
3.157423291007795119e-02 -2.730668160704969871e-01 -2.122881038242253326e-01 3.853813105517701204e-02 6.946927018509529983e-01 -7.130624807928559461e-01 8.636411833241133817e-02
3.155394487599429143e-02 -2.730700074091670371e-01 -2.122381943420945105e-01 3.852448488670033588e-02 6.947056139307546951e-01 -7.130490907449953397e-01 8.637689636148684902e-02
3.155348842675640558e-02 -2.730695274024029229e-01 -2.122383891618196128e-01 3.852497212727012954e-02 6.947073907939629311e-01 -7.130494315568522978e-01 8.635957303789068562e-02
3.158400451810423892e-02 -2.730574338233685006e-01 -2.123184946462060851e-01 3.857178924160162281e-02 6.946407413126374220e-01 -7.131106270771052635e-01 8.636950348953539858e-02
3.157361773946580630e-02 -2.730487687533025287e-01 -2.122927197731703797e-01 3.856981733404647728e-02 6.946552474375413677e-01 -7.130938706364791102e-01 8.639206016174671987e-02
3.157308580320630081e-02 -2.730479666786355120e-01 -2.122928973194956048e-01 3.856647288959708098e-02 6.946575136874707512e-01 -7.130948105834310491e-01 8.636756894446948052e-02
3.161887240390681697e-02 -2.730544586981891730e-01 -2.123757272373128502e-01 3.859910361583086813e-02 6.945996181063104347e-01 -7.131487452000688787e-01 8.637329996121041742e-02
3.159905542404259360e-02 -2.730525596888497830e-01 -2.123287980175539991e-01 3.858781108599151910e-02 6.946577426123587973e-01 -7.130906045694572759e-01 8.639092046656011992e-02
3.159869095948983353e-02 -2.730516663891016105e-01 -2.123288689127785511e-01 3.858007377506224300e-02 6.946595833544763066e-01 -7.130919295875486341e-01 8.636863503843676682e-02
3.163708960034087442e-02 -2.730375134266769810e-01 -2.124058592004258728e-01 3.859161909560687720e-02 6.946038480306419016e-01 -7.131443360082381222e-01 8.637903250195487492e-02
3.160698089213753725e-02 -2.730372636068833514e-01 -2.123406392789826957e-01 3.856737287947084591e-02 6.946239898192655415e-01 -7.131230474799646890e-01 8.640364384462420611e-02
3.160623248229786630e-02 -2.730364511931677174e-01 -2.123409559227227850e-01 3.856819109559584541e-02 6.946269300932303992e-01 -7.131237848213209940e-01 8.637355004271950187e-02
3.163496548964321586e-02 -2.730186550288992153e-01 -2.124103879561295150e-01 3.859460071269975312e-02 6.945974784942720026e-01 -7.131503687051496954e-01 8.637911368459236239e-02
3.160106465704561746e-02 -2.730260101198842548e-01 -2.123495781648613023e-01 3.858407065116475215e-02 6.946188341256130938e-01 -7.131277922840717487e-01 8.639847592409145849e-02
3.160026411012809705e-02 -2.730244664819773126e-01 -2.123498197488278560e-01 3.857404761135152516e-02 6.946227047069221117e-01 -7.131296957335441222e-01 8.635611165111696519e-02
3.162207946360882233e-02 -2.730042775208114669e-01 -2.124100282515084814e-01 3.859143299173770081e-02 6.946080944136672208e-01 -7.131405791894682711e-01 8.637598501880051904e-02
3.158431721793324154e-02 -2.730173614456053444e-01 -2.123425530157614927e-01 3.857810926896428072e-02 6.946107584410992075e-01 -7.131353847879121632e-01 8.640339522558915242e-02
3.158352058012178082e-02 -2.730163256150194839e-01 -2.123428983063066211e-01 3.857636567960859297e-02 6.946141933431044801e-01 -7.131362575316610997e-01 8.636934995122790004e-02
3.161339916019807045e-02 -2.730035439217665116e-01 -2.124114715336442027e-01 3.858851105422984873e-02 6.946152671623279096e-01 -7.131329225219021906e-01 8.638282384245149492e-02
3.157666102163111943e-02 -2.730100938034746849e-01 -2.123427872313199405e-01 3.857478127841135890e-02 6.946247047661319174e-01 -7.131229780184705769e-01 8.639516190131751872e-02
3.157564369218548300e-02 -2.730086596866618809e-01 -2.123431635911449678e-01 3.857012228955671029e-02 6.946290501143591589e-01 -7.131244852378968435e-01 8.634985210164665415e-02
3.160229601014504647e-02 -2.729891354437071760e-01 -2.124125897242581662e-01 3.859440779211219252e-02 6.945903580901170438e-01 -7.131590858571204006e-01 8.636448572680456570e-02
3.157693197234869714e-02 -2.729901219322729000e-01 -2.123504874430692524e-01 3.858782382969677682e-02 6.945930977522148941e-01 -7.131549969530636135e-01 8.637915679112689871e-02
3.157629817651692872e-02 -2.729885242004946311e-01 -2.123505821305296803e-01 3.857302496556504201e-02 6.945964754942903774e-01 -7.131571919890602462e-01 8.634047422961119156e-02
3.159011226002041844e-02 -2.729672920346498666e-01 -2.124006456441758228e-01 3.859642507773122788e-02 6.945688959339246793e-01 -7.131805064816029160e-01 8.635930724011214865e-02
3.156991201464631053e-02 -2.729639899698071415e-01 -2.123469821466847374e-01 3.858732193262638666e-02 6.945879803495962346e-01 -7.131609141521112472e-01 8.637167745078018488e-02
3.156904914979818955e-02 -2.729626462757315242e-01 -2.123472815574843353e-01 3.858134479528681215e-02 6.945918756939767347e-01 -7.131622853658676764e-01 8.633169050495245744e-02
3.160706483021720470e-02 -2.729495988227946257e-01 -2.124232897924826224e-01 3.861590738426616543e-02 6.945329296192681579e-01 -7.132146506930840957e-01 8.635787982638544469e-02
3.157124306096133204e-02 -2.729577935787910747e-01 -2.123416536488073603e-01 3.859584482425765239e-02 6.945766447061755278e-01 -7.131707170369863125e-01 8.637808606332847416e-02
3.157031152318379857e-02 -2.729561264756626970e-01 -2.123418986838455924e-01 3.858517530618686686e-02 6.945809079654086116e-01 -7.131727926663299355e-01 8.633142149326350490e-02
3.159903727853149991e-02 -2.729438768884518418e-01 -2.124087075864969643e-01 3.861780229430283873e-02 6.945424723228718067e-01 -7.132063334645902808e-01 8.634897446748576733e-02
3.156675453875028986e-02 -2.729535898004247230e-01 -2.123520561153510733e-01 3.860721973212353358e-02 6.945684845821505915e-01 -7.131807101328413445e-01 8.635610866769362348e-02
3.156606595160771356e-02 -2.729524210422113462e-01 -2.123522860492473852e-01 3.860072203512447675e-02 6.945717127295282234e-01 -7.131819312205424088e-01 8.632295821433826066e-02
3.160009156733681324e-02 -2.729444122163465769e-01 -2.124294878509493389e-01 3.863061806594269426e-02 6.945408483794730525e-01 -7.132080459362660774e-01 8.634215941206278833e-02
3.155480888695771230e-02 -2.729537437724888771e-01 -2.123389993547214472e-01 3.860901984076613169e-02 6.945911754867963861e-01 -7.131565469532655799e-01 8.637234546138307378e-02
3.155389384759930971e-02 -2.729525375488643935e-01 -2.123393482107250041e-01 3.860591660018257432e-02 6.945951778936251264e-01 -7.131575121744777590e-01 8.633356751283141617e-02
3.159551342203391344e-02 -2.729507515658515238e-01 -2.124115822744636894e-01 3.863348999524250649e-02 6.945719880605658592e-01 -7.131768086438847742e-01 8.634840163491479259e-02
3.155872557768571451e-02 -2.729604001709066141e-01 -2.123312801361881552e-01 3.860253214208567152e-02 6.946068035781872707e-01 -7.131418616522502418e-01 8.637081737644720925e-02
3.155798708276488784e-02 -2.729588667822116510e-01 -2.123314265392399758e-01 3.859021343882317046e-02 6.946103719512815022e-01 -7.131438667665804809e-01 8.633105986641254059e-02
3.160922981469681953e-02 -2.729541951726323079e-01 -2.124235436439489144e-01 3.862160098133057828e-02 6.945406794456219224e-01 -7.132078429886598014e-01 8.634922832495800504e-02
3.156324061892407801e-02 -2.729706558044073805e-01 -2.123374251541923774e-01 3.859710483405504045e-02 6.945835122766148562e-01 -7.131657736307346340e-01 8.636311303783711368e-02
3.156264636161131010e-02 -2.729693143370119368e-01 -2.123375262400781505e-01 3.858517645196658796e-02 6.945864593440758128e-01 -7.131676149776536855e-01 8.632952913758017155e-02
3.160986885182334727e-02 -2.729715332668208871e-01 -2.124167052185098881e-01 3.862457944467206916e-02 6.945021961023387647e-01 -7.132448959330977001e-01 8.635137461057239283e-02
3.157047731074598407e-02 -2.729797658654948278e-01 -2.123343367446632046e-01 3.858553445186971992e-02 6.945610487431381763e-01 -7.131870993253976998e-01 8.637283980349894086e-02
3.156968019943244552e-02 -2.729778919759733302e-01 -2.123344260637416159e-01 3.856804976789437317e-02 6.945649724023128524e-01 -7.131899219090194197e-01 8.632577793615525685e-02
3.162638544662803308e-02 -2.729860171657611523e-01 -2.124202333484169480e-01 3.859985128321942460e-02 6.944921867481258504e-01 -7.132570365311231564e-01 8.634265380192814032e-02
3.158155918460768541e-02 -2.729881350279858565e-01 -2.123290328588387232e-01 3.857408534629492430e-02 6.945418305204740239e-01 -7.132074167136882581e-01 8.636472857337861020e-02
3.158047018156463076e-02 -2.729871115219576483e-01 -2.123295297841518714e-01 3.857745589160357230e-02 6.945460510508638663e-01 -7.132080313784846526e-01 8.632419616659335604e-02
3.161657739533797057e-02 -2.729711853330525351e-01 -2.124033596640846899e-01 3.861219366130891339e-02 6.944521999459185579e-01 -7.132935534974078617e-01 8.635709021253451523e-02
3.158701736602596843e-02 -2.729771037947934520e-01 -2.123311815549495385e-01 3.858771628116558494e-02 6.944961674462249990e-01 -7.132498708412176036e-01 8.637524703116908342e-02
3.158644408864735159e-02 -2.729753747169572642e-01 -2.123311720197672559e-01 3.856880761654622736e-02 6.944994131520243474e-01 -7.132525283870930766e-01 8.633564130734514008e-02
3.161700131235164329e-02 -2.729616709678869269e-01 -2.123947493744018089e-01 3.860412691781808098e-02 6.944256138575372050e-01 -7.133185480799412170e-01 8.636803325664013653e-02
3.157795792748360753e-02 -2.729690487761925466e-01 -2.123164926859916757e-01 3.857911749676821989e-02 6.944948120323113372e-01 -7.132503751392255120e-01 8.638582127368560348e-02
3.157688170933377336e-02 -2.729676599272145565e-01 -2.123168834976479624e-01 3.857565173403686154e-02 6.944993519203578325e-01 -7.132517132612218314e-01 8.633981008450931915e-02
3.160876444932919638e-02 -2.729549175774108050e-01 -2.123792712414469541e-01 3.860497668283395523e-02 6.944252421836951683e-01 -7.133186421137986954e-01 8.636986515191844016e-02
3.157877391003262313e-02 -2.729622535968156960e-01 -2.123074407034867550e-01 3.858110984958951217e-02 6.944759535619748902e-01 -7.132681552939506009e-01 8.638973625682898339e-02
3.157788806274110932e-02 -2.729606434208922683e-01 -2.123076474831716021e-01 3.856988187950495528e-02 6.944800010746053909e-01 -7.132702943895470327e-01 8.634453926373139576e-02
3.161579010171033932e-02 -2.729509092448931806e-01 -2.123801103385269395e-01 3.860118436072770137e-02 6.944473000246262906e-01 -7.132978549466326701e-01 8.636588552772725413e-02
3.157573823607597724e-02 -2.729668591735568417e-01 -2.123029147612130185e-01 3.857784331150722335e-02 6.944983016753250027e-01 -7.132464057587815098e-01 8.639110861484361470e-02
3.157502007404618116e-02 -2.729658417816080984e-01 -2.123031718501891540e-01 3.857393044165376844e-02 6.945014668385153245e-01 -7.132473357729530727e-01 8.635972708512504314e-02
