repeatability steamvr; 20211020-214812; x y z w i j k;  frequency = 150 duration = 2 sys.args = ['.\\repeatability.py']
7.669169455766677856e-02 -3.539103865623474121e-01 -1.705231785774230957e+00 4.776460804603851473e-01 3.895829502169188552e-01 -4.926014557629963542e-01 6.143475739827404247e-01
7.668126374483108521e-02 -3.538960218429565430e-01 -1.705234289169311523e+00 4.776310393331735238e-01 3.895957567793918996e-01 -4.926048805397704178e-01 6.143484278148434452e-01
7.671447843313217163e-02 -3.538824617862701416e-01 -1.705269098281860352e+00 4.776356692976294060e-01 3.895993039036816374e-01 -4.925897034567789379e-01 6.143547411420277049e-01
7.671856880187988281e-02 -3.538798987865447998e-01 -1.705273985862731934e+00 4.776388163609248116e-01 3.896034677860760742e-01 -4.925907826456500938e-01 6.143487824358215832e-01
7.668261975049972534e-02 -3.538364470005035400e-01 -1.705273151397705078e+00 4.776345198539139192e-01 3.896320866739990674e-01 -4.925973375798841092e-01 6.143287109198188878e-01
7.666545361280441284e-02 -3.538798093795776367e-01 -1.705162286758422852e+00 4.776311992231974668e-01 3.896166070472223408e-01 -4.926081001379776780e-01 6.143324671435134166e-01
7.666459679603576660e-02 -3.538805246353149414e-01 -1.705160617828369141e+00 4.776332397661813278e-01 3.896200667861069444e-01 -4.926098953588193274e-01 6.143272219697331060e-01
7.667169719934463501e-02 -3.538903892040252686e-01 -1.705177903175354004e+00 4.776406453138334340e-01 3.896393894592720675e-01 -4.926223020710018274e-01 6.142992906896974636e-01
7.664524018764495850e-02 -3.538897037506103516e-01 -1.705146908760070801e+00 4.776394295873872542e-01 3.896245484642525403e-01 -4.926366120912740731e-01 6.142981712679411732e-01
7.664204388856887817e-02 -3.538918197154998779e-01 -1.705143809318542480e+00 4.776467005018731893e-01 3.896286862987644040e-01 -4.926366568280262093e-01 6.142898574957361690e-01
7.664722204208374023e-02 -3.539027571678161621e-01 -1.705152034759521484e+00 4.776368938079931237e-01 3.896424420064554806e-01 -4.926264564430688497e-01 6.142969401181389566e-01
7.663938403129577637e-02 -3.538565635681152344e-01 -1.705171585083007812e+00 4.776500249244268748e-01 3.896014927973274200e-01 -4.926295624730043232e-01 6.143102119544370243e-01
7.663399726152420044e-02 -3.538524806499481201e-01 -1.705170392990112305e+00 4.776454292209744157e-01 3.896040402899759725e-01 -4.926325845561323469e-01 6.143097505774439693e-01
7.664813101291656494e-02 -3.538694381713867188e-01 -1.705186486244201660e+00 4.776353553701038201e-01 3.895947243138019878e-01 -4.926321929582671011e-01 6.143237833637557044e-01
7.665449380874633789e-02 -3.538616597652435303e-01 -1.705159544944763184e+00 4.776605566593071228e-01 3.895981357903096076e-01 -4.926254122479417630e-01 6.143075079447513076e-01
7.665097713470458984e-02 -3.538587093353271484e-01 -1.705157279968261719e+00 4.776556237456558995e-01 3.896049123910172440e-01 -4.926231963776363521e-01 6.143088060830712571e-01
7.664895057678222656e-02 -3.538569211959838867e-01 -1.705160140991210938e+00 4.776395826501493858e-01 3.895973519752943259e-01 -4.925918963923004434e-01 6.143511661506521060e-01
7.669060677289962769e-02 -3.538612425327301025e-01 -1.705182433128356934e+00 4.776425376292741110e-01 3.895935768135315169e-01 -4.925991206411484691e-01 6.143454389773804758e-01
7.669172435998916626e-02 -3.538618683815002441e-01 -1.705183267593383789e+00 4.776456768480406012e-01 3.895915934437838568e-01 -4.925970657094073113e-01 6.143459405086078018e-01
7.670760899782180786e-02 -3.538780510425567627e-01 -1.705200910568237305e+00 4.776346758430451978e-01 3.896184273704172418e-01 -4.926102754018376051e-01 6.143268646031683211e-01
7.670884579420089722e-02 -3.538754284381866455e-01 -1.705202817916870117e+00 4.776249946710545702e-01 3.896181663065125256e-01 -4.926122203775090691e-01 6.143330067527961180e-01
7.671233266592025757e-02 -3.538755476474761963e-01 -1.705203771591186523e+00 4.776239309975956471e-01 3.896211398905208290e-01 -4.926094741619929107e-01 6.143341486894959846e-01
7.666434347629547119e-02 -3.539020121097564697e-01 -1.705187082290649414e+00 4.776489008627331501e-01 3.896357279358138026e-01 -4.925892601445937546e-01 6.143216874249997073e-01
7.666039466857910156e-02 -3.539086580276489258e-01 -1.705187559127807617e+00 4.776575949674594090e-01 3.896286515629500680e-01 -4.925934615465675237e-01 6.143160509696973248e-01
7.665693759918212891e-02 -3.539146482944488525e-01 -1.705187797546386719e+00 4.776615568842030313e-01 3.896262231251556574e-01 -4.925887694050888888e-01 6.143182710630593624e-01
7.666398584842681885e-02 -3.538900017738342285e-01 -1.705183267593383789e+00 4.776598030771785353e-01 3.896270531758559974e-01 -4.925890981574955751e-01 6.143188576386375832e-01
7.666052132844924927e-02 -3.538941442966461182e-01 -1.705184817314147949e+00 4.776584860116385167e-01 3.896276205697236095e-01 -4.926015364280622033e-01 6.143095392410087285e-01
7.665801048278808594e-02 -3.538974523544311523e-01 -1.705185890197753906e+00 4.776516500809324106e-01 3.896248906163104486e-01 -4.926083679376777047e-01 6.143111089176253037e-01
7.662820816040039062e-02 -3.539126217365264893e-01 -1.705090999603271484e+00 4.776918599759395478e-01 3.896177275327004641e-01 -4.926310082372676313e-01 6.142662305500288245e-01
7.662332057952880859e-02 -3.539148271083831787e-01 -1.705085873603820801e+00 4.776894716727225765e-01 3.896270607406714936e-01 -4.926223041922728196e-01 6.142691613217375890e-01
7.661835104227066040e-02 -3.539178371429443359e-01 -1.705080032348632812e+00 4.776891100143373370e-01 3.896324091983890403e-01 -4.926258287522713997e-01 6.142631925674923998e-01
7.664851844310760498e-02 -3.539070785045623779e-01 -1.705021262168884277e+00 4.776712870328904126e-01 3.896035934040498194e-01 -4.926109519806631254e-01 6.143072625992183067e-01
7.664786279201507568e-02 -3.539062142372131348e-01 -1.705013275146484375e+00 4.776845741515524102e-01 3.895994943427344981e-01 -4.926064320865861657e-01 6.143031599648604013e-01
7.664699107408523560e-02 -3.539031445980072021e-01 -1.705005764961242676e+00 4.776849904038113492e-01 3.895999893015401616e-01 -4.926009975712215549e-01 6.143068749196325395e-01
7.662946730852127075e-02 -3.538812696933746338e-01 -1.705004334449768066e+00 4.776632502426294558e-01 3.895959154166230842e-01 -4.925766475547658785e-01 6.143458697894257359e-01
7.663544267416000366e-02 -3.538672327995300293e-01 -1.705054044723510742e+00 4.776929663899133205e-01 3.895914409861043204e-01 -4.925465718952727334e-01 6.143497413126027817e-01
7.663259655237197876e-02 -3.538597226142883301e-01 -1.705052256584167480e+00 4.776901569707447948e-01 3.895902619194804850e-01 -4.925508714529314713e-01 6.143492446265305107e-01
7.662659883499145508e-02 -3.538314998149871826e-01 -1.705102562904357910e+00 4.776840350702190041e-01 3.895895072237104406e-01 -4.925376341320600315e-01 6.143650726226806968e-01
7.662291824817657471e-02 -3.538236320018768311e-01 -1.705105900764465332e+00 4.776880328361227668e-01 3.895894831658027746e-01 -4.925393210603388194e-01 6.143606484778685317e-01
7.661960273981094360e-02 -3.538168072700500488e-01 -1.705108761787414551e+00 4.776835359563986749e-01 3.895942737408976120e-01 -4.925415260724979594e-01 6.143592962548357628e-01
7.661677151918411255e-02 -3.538182973861694336e-01 -1.705093860626220703e+00 4.776730700433581278e-01 3.895905812668844503e-01 -4.925180248457017296e-01 6.143886432040095436e-01
7.661347836256027222e-02 -3.538128137588500977e-01 -1.705097317695617676e+00 4.776804954451225882e-01 3.895938056582512465e-01 -4.925179101487596744e-01 6.143809176120695881e-01
7.661056518554687500e-02 -3.538075685501098633e-01 -1.705100417137145996e+00 4.776783176511846807e-01 3.896014231224050883e-01 -4.925146067927771987e-01 6.143804197817316348e-01
7.663767039775848389e-02 -3.538407981395721436e-01 -1.705127954483032227e+00 4.776648685300465824e-01 3.895906960180841039e-01 -4.925103175511531539e-01 6.144011108114084685e-01
7.666889578104019165e-02 -3.538332581520080566e-01 -1.705066442489624023e+00 4.776834540704876786e-01 3.896028566617691369e-01 -4.925208592490456505e-01 6.143704990616731809e-01
7.667185366153717041e-02 -3.538334369659423828e-01 -1.705067396163940430e+00 4.776815297475394684e-01 3.896026870550045040e-01 -4.925212694785214840e-01 6.143718042277021008e-01
7.665079087018966675e-02 -3.538384735584259033e-01 -1.705120921134948730e+00 4.776997598130203193e-01 3.895982220219066927e-01 -4.924617890899984918e-01 6.144081487351903403e-01
7.665187120437622070e-02 -3.538392782211303711e-01 -1.705127596855163574e+00 4.777060287047826814e-01 3.895931171589829822e-01 -4.924539277414399230e-01 6.144127971274456756e-01
7.665358483791351318e-02 -3.538410961627960205e-01 -1.705133676528930664e+00 4.777027417141051502e-01 3.895964841367077214e-01 -4.924612080935406588e-01 6.144073938417683456e-01
7.666083425283432007e-02 -3.538727462291717529e-01 -1.705122470855712891e+00 4.777023235277264024e-01 3.895726581050317772e-01 -4.924854368422954543e-01 6.144033774645462076e-01
7.666308432817459106e-02 -3.538773953914642334e-01 -1.705128312110900879e+00 4.777029922358397296e-01 3.895769009460417487e-01 -4.924835347992613799e-01 6.144017063703153259e-01
7.666475325822830200e-02 -3.538820445537567139e-01 -1.705132961273193359e+00 4.777146213686471743e-01 3.895643449018490467e-01 -4.924713341307012660e-01 6.144103860206100443e-01
7.670844346284866333e-02 -3.538710474967956543e-01 -1.705216288566589355e+00 4.776858521520658263e-01 3.895940223924317380e-01 -4.924550272943060691e-01 6.144270430412036577e-01
7.671226561069488525e-02 -3.538759946823120117e-01 -1.705227375030517578e+00 4.776883174843576940e-01 3.895866774832935642e-01 -4.924655283882806156e-01 6.144213452655049590e-01
7.671571522951126099e-02 -3.538825213909149170e-01 -1.705238223075866699e+00 4.776854514978105537e-01 3.895921421495883163e-01 -4.924654216031705833e-01 6.144201964830299234e-01
7.667464762926101685e-02 -3.539147973060607910e-01 -1.705211520195007324e+00 4.777157520990661932e-01 3.895743324077071690e-01 -4.924957824125033023e-01 6.143836034090959242e-01
7.667408883571624756e-02 -3.539233505725860596e-01 -1.705218553543090820e+00 4.777290389557568573e-01 3.895651115254201713e-01 -4.924889816233982143e-01 6.143845680147861366e-01
7.667424529790878296e-02 -3.539308607578277588e-01 -1.705226182937622070e+00 4.777275700213157172e-01 3.895755733258218778e-01 -4.924833125831338809e-01 6.143836031016721710e-01
7.666529715061187744e-02 -3.539056479930877686e-01 -1.705129504203796387e+00 4.777109893664546192e-01 3.895963316666206655e-01 -4.924684503641805211e-01 6.143952576849436298e-01
7.666394114494323730e-02 -3.539079427719116211e-01 -1.705130457878112793e+00 4.777058093778171477e-01 3.895988094249421274e-01 -4.924784177437153687e-01 6.143897155315694025e-01
7.666309177875518799e-02 -3.539089560508728027e-01 -1.705129384994506836e+00 4.777019911229077320e-01 3.895960201186090544e-01 -4.924833206148488407e-01 6.143905399879010520e-01
7.667218893766403198e-02 -3.538562059402465820e-01 -1.705047130584716797e+00 4.777099814468342975e-01 3.895819783279834136e-01 -4.925153878301296029e-01 6.143675212020127674e-01
7.667318731546401978e-02 -3.538524210453033447e-01 -1.705043554306030273e+00 4.777188674424791004e-01 3.895837229439242932e-01 -4.925112402845854831e-01 6.143627997693569265e-01
7.666535675525665283e-02 -3.538336157798767090e-01 -1.705043315887451172e+00 4.777002969270125465e-01 3.896160867746166767e-01 -4.925044593834538853e-01 6.143621726951541406e-01
7.664486020803451538e-02 -3.538540601730346680e-01 -1.705036163330078125e+00 4.776899376364918681e-01 3.895817610127348951e-01 -4.925328850649496326e-01 6.143692024579697764e-01
7.664063572883605957e-02 -3.538521826267242432e-01 -1.705033898353576660e+00 4.776847593692299943e-01 3.895812114469833776e-01 -4.925474115734476688e-01 6.143619418636407925e-01
7.663685083389282227e-02 -3.538517057895660400e-01 -1.705030679702758789e+00 4.776846336161830187e-01 3.895837315846059634e-01 -4.925395422720494909e-01 6.143667437882837090e-01
7.663767784833908081e-02 -3.538141250610351562e-01 -1.704990506172180176e+00 4.776750304698210714e-01 3.896228291241671249e-01 -4.925525394008601898e-01 6.143390091621707683e-01
7.663524895906448364e-02 -3.538087904453277588e-01 -1.704984426498413086e+00 4.776715161242744423e-01 3.896101291620036600e-01 -4.925527999740321738e-01 6.143495965119339930e-01
7.665745168924331665e-02 -3.538359999656677246e-01 -1.704997777938842773e+00 4.776533317757541974e-01 3.896105644577944060e-01 -4.925459669216969427e-01 6.143689449518732193e-01
7.665123045444488525e-02 -3.538592755794525146e-01 -1.705057501792907715e+00 4.776228127242279631e-01 3.896114757987363952e-01 -4.925481367362352092e-01 6.143903249861827343e-01
7.664887607097625732e-02 -3.538583517074584961e-01 -1.705058455467224121e+00 4.776352871249622267e-01 3.896043343000958892e-01 -4.925431551710225397e-01 6.143891290980055819e-01
7.663599401712417603e-02 -3.538513183593750000e-01 -1.705063462257385254e+00 4.776189060590529389e-01 3.896350198610015747e-01 -4.925223360003206929e-01 6.143991098294063757e-01
7.663861662149429321e-02 -3.538227677345275879e-01 -1.704996943473815918e+00 4.776350258434730045e-01 3.896045396265586658e-01 -4.925549170966768697e-01 6.143797938708505102e-01
7.663651555776596069e-02 -3.538175821304321289e-01 -1.704997420310974121e+00 4.776314809804875217e-01 3.896104963817393907e-01 -4.925581603187656476e-01 6.143761797622516729e-01
7.664755731821060181e-02 -3.538316488265991211e-01 -1.705006837844848633e+00 4.776303939228984663e-01 3.896276373219580980e-01 -4.925744138923571769e-01 6.143531109343091101e-01
7.666946202516555786e-02 -3.538405597209930420e-01 -1.705045938491821289e+00 4.776079405119326160e-01 3.896100048816092953e-01 -4.925734058704657747e-01 6.143825546319251485e-01
7.666778564453125000e-02 -3.538378477096557617e-01 -1.705049872398376465e+00 4.776182752568631229e-01 3.896164875377140513e-01 -4.925653721319708800e-01 6.143768575001734566e-01
7.665783911943435669e-02 -3.538202941417694092e-01 -1.705055594444274902e+00 4.775967475359240155e-01 3.896304303050232010e-01 -4.925388421360665792e-01 6.144060248123002221e-01
7.665228098630905151e-02 -3.538338541984558105e-01 -1.705068826675415039e+00 4.776212839905754626e-01 3.896220824460999710e-01 -4.925388697498723767e-01 6.143922212826486984e-01
7.664910703897476196e-02 -3.538308739662170410e-01 -1.705074906349182129e+00 4.776305294396297474e-01 3.896157416947847452e-01 -4.925343893249144456e-01 6.143926673958215456e-01
7.664134353399276733e-02 -3.538200557231903076e-01 -1.705095529556274414e+00 4.776056414882667855e-01 3.896142125044813054e-01 -4.925223859391885117e-01 6.144225617157844654e-01
7.661427557468414307e-02 -3.538337051868438721e-01 -1.705083012580871582e+00 4.776052319917962197e-01 3.896099055958779367e-01 -4.925626775990161188e-01 6.143933473623750530e-01
7.660423219203948975e-02 -3.538305461406707764e-01 -1.705089807510375977e+00 4.776006758323801393e-01 3.896085679443507255e-01 -4.925609985200911090e-01 6.143990602804196843e-01
7.660190016031265259e-02 -3.538372516632080078e-01 -1.705105543136596680e+00 4.776161664020720510e-01 3.896116248454962183e-01 -4.925690811079334597e-01 6.143785796355814011e-01
7.661366462707519531e-02 -3.538084328174591064e-01 -1.705036520957946777e+00 4.776358984060969926e-01 3.895754379382387889e-01 -4.925895500443931985e-01 6.143697957421071498e-01
7.660757005214691162e-02 -3.538038432598114014e-01 -1.705038428306579590e+00 4.776430406855950994e-01 3.895816546969990690e-01 -4.925816002931523996e-01 6.143666768335974693e-01
7.662279158830642700e-02 -3.538054525852203369e-01 -1.705135226249694824e+00 4.776477826478250921e-01 3.895842136070542527e-01 -4.925691930656620476e-01 6.143713171171800713e-01
7.664840668439865112e-02 -3.538413345813751221e-01 -1.705111503601074219e+00 4.776648695049168780e-01 3.895702307459494862e-01 -4.925706858757975537e-01 6.143656944697707400e-01
7.664643973112106323e-02 -3.538390100002288818e-01 -1.705119371414184570e+00 4.776572147621067632e-01 3.895825493310843823e-01 -4.925729525744517168e-01 6.143620398277593875e-01
7.664687931537628174e-02 -3.538429737091064453e-01 -1.705132842063903809e+00 4.776465513410226849e-01 3.896103783185131397e-01 -4.925761811619215336e-01 6.143500880420144084e-01
7.666793465614318848e-02 -3.538210391998291016e-01 -1.705103635787963867e+00 4.776620920914011470e-01 3.896077552540909705e-01 -4.925539734927925073e-01 6.143574824593925898e-01
7.666612416505813599e-02 -3.538209497928619385e-01 -1.705107688903808594e+00 4.776576320130929698e-01 3.896117051390784458e-01 -4.925572926400567653e-01 6.143557630373854828e-01
7.667745649814605713e-02 -3.538589179515838623e-01 -1.705103516578674316e+00 4.776210529251780912e-01 3.896180279143133252e-01 -4.925319323287419282e-01 6.144005209851108873e-01
7.667399197816848755e-02 -3.538568019866943359e-01 -1.705078601837158203e+00 4.776371745869971153e-01 3.895989418035857854e-01 -4.925456140123423698e-01 6.143891346553981281e-01
7.667362689971923828e-02 -3.538610637187957764e-01 -1.705081105232238770e+00 4.776291216236540071e-01 3.896010258140243376e-01 -4.925429425609164080e-01 6.143962332213807054e-01
7.664170116186141968e-02 -3.538734316825866699e-01 -1.705051064491271973e+00 4.776133887053384264e-01 3.896392479021567046e-01 -4.925303245729731882e-01 6.143943204217847676e-01
7.662834227085113525e-02 -3.538658320903778076e-01 -1.705031037330627441e+00 4.776323486749041725e-01 3.896309954151409016e-01 -4.925317626286079276e-01 6.143836430937393844e-01
7.662278413772583008e-02 -3.538661003112792969e-01 -1.705033421516418457e+00 4.776216885984915228e-01 3.896389350525473194e-01 -4.925320026677231788e-01 6.143867324241253369e-01
7.662245631217956543e-02 -3.538537323474884033e-01 -1.705093145370483398e+00 4.776437504230693354e-01 3.896197915727057093e-01 -4.925130787317512082e-01 6.143968831729971214e-01
7.661516219377517700e-02 -3.538553416728973389e-01 -1.705096840858459473e+00 4.776492674260739424e-01 3.896148545823693299e-01 -4.925185785112081716e-01 6.143913231367051919e-01
7.660773396492004395e-02 -3.538535535335540771e-01 -1.705099225044250488e+00 4.776393613428278062e-01 3.896183178340621445e-01 -4.925238069441790767e-01 6.143926159226112960e-01
7.660790532827377319e-02 -3.538592755794525146e-01 -1.705106854438781738e+00 4.776290582523386452e-01 3.896298188366466020e-01 -4.925150372729574788e-01 6.144004017014583763e-01
7.666429877281188965e-02 -3.538042902946472168e-01 -1.705088734626770020e+00 4.776644922299677076e-01 3.896030601395692461e-01 -4.924936565142094547e-01 6.144069449237959946e-01
7.666406035423278809e-02 -3.537982702255249023e-01 -1.705092191696166992e+00 4.776490548973627570e-01 3.896070961332472327e-01 -4.924933444125380588e-01 6.144166398055448397e-01
7.668139040470123291e-02 -3.538183867931365967e-01 -1.705127954483032227e+00 4.776637055083787220e-01 3.896030857040088669e-01 -4.925142970583680779e-01 6.143909784819587827e-01
7.667370885610580444e-02 -3.538460433483123779e-01 -1.705096006393432617e+00 4.776444952563175805e-01 3.896227560812383639e-01 -4.925199184373726946e-01 6.143889213228093116e-01
7.667592912912368774e-02 -3.538429737091064453e-01 -1.705101728439331055e+00 4.776481745595381190e-01 3.896263841836467012e-01 -4.925184000045257915e-01 6.143850076311946351e-01
7.667101174592971802e-02 -3.538319766521453857e-01 -1.705112576484680176e+00 4.776225280369542636e-01 3.896340306357272687e-01 -4.925049219019056457e-01 6.144108610983689545e-01
7.666291296482086182e-02 -3.538263738155364990e-01 -1.705116033554077148e+00 4.776314887799949505e-01 3.895867795172876513e-01 -4.925135347063537283e-01 6.144269913195365973e-01
7.666313648223876953e-02 -3.538234531879425049e-01 -1.705123186111450195e+00 4.776278356717784113e-01 3.895941582044796792e-01 -4.925096239682064669e-01 6.144282667180873680e-01
7.669084519147872925e-02 -3.538242876529693604e-01 -1.705088853836059570e+00 4.775917408367448824e-01 3.895702415972926436e-01 -4.925359855056320457e-01 6.144503433254142610e-01
7.669325172901153564e-02 -3.538214564323425293e-01 -1.705096364021301270e+00 4.775894300348058064e-01 3.895723215259189742e-01 -4.925337811368160623e-01 6.144526065070503584e-01
7.669527083635330200e-02 -3.538152277469635010e-01 -1.705103874206542969e+00 4.775929966602824872e-01 3.895680550079985704e-01 -4.925316137236117608e-01 6.144542813343503163e-01
7.668134570121765137e-02 -3.538390398025512695e-01 -1.705120682716369629e+00 4.775807961168166971e-01 3.895955578834625066e-01 -4.925151550734436223e-01 6.144595260744813991e-01
7.667970657348632812e-02 -3.538280427455902100e-01 -1.705106616020202637e+00 4.775911821502122900e-01 3.895894801155684872e-01 -4.925211641477598712e-01 6.144504848976463096e-01
7.668300718069076538e-02 -3.538232445716857910e-01 -1.705114126205444336e+00 4.775824166337067633e-01 3.895931360771445751e-01 -4.925212081430080935e-01 6.144549216109792544e-01
7.668620347976684570e-02 -3.538196384906768799e-01 -1.705123662948608398e+00 4.775893500828086169e-01 3.895994690219826140e-01 -4.925258698527729129e-01 6.144417734968827816e-01
7.666976749897003174e-02 -3.538213968276977539e-01 -1.705065250396728516e+00 4.775914493058085464e-01 3.895867427345325318e-01 -4.925428339068266270e-01 6.144346422653720330e-01
7.666964828968048096e-02 -3.538177907466888428e-01 -1.705070376396179199e+00 4.775934831935140235e-01 3.895826421937618189e-01 -4.925428326399614032e-01 6.144356682833599370e-01
7.667152583599090576e-02 -3.538160622119903564e-01 -1.705077886581420898e+00 4.775805874578042953e-01 3.895776313154801773e-01 -4.925214901106605980e-01 6.144659802055861819e-01
7.667136937379837036e-02 -3.538253307342529297e-01 -1.705112099647521973e+00 4.775988623264899591e-01 3.895819671949692364e-01 -4.924864601334467129e-01 6.144771082243790650e-01
7.667107135057449341e-02 -3.538203537464141846e-01 -1.705120801925659180e+00 4.776001834564619353e-01 3.895801641378495161e-01 -4.924892981352930743e-01 6.144749404665377224e-01
7.664086669683456421e-02 -3.538286387920379639e-01 -1.705045700073242188e+00 4.775734159676449098e-01 3.895817029113777807e-01 -4.925139681847630624e-01 6.144750045336548894e-01
7.663617283105850220e-02 -3.538246750831604004e-01 -1.705050945281982422e+00 4.775772791277300700e-01 3.895771396833435651e-01 -4.925138965850671680e-01 6.144749326437117798e-01
7.663080096244812012e-02 -3.538202047348022461e-01 -1.705057382583618164e+00 4.775825853153534695e-01 3.895744727465612622e-01 -4.925186726424192751e-01 6.144686749341917720e-01
7.662545144557952881e-02 -3.538189530372619629e-01 -1.705078959465026855e+00 4.775580497976678607e-01 3.895798460021828724e-01 -4.924989364869447050e-01 6.145001509056761124e-01
7.662875950336456299e-02 -3.538452684879302979e-01 -1.705061912536621094e+00 4.775746981658375301e-01 3.895846507804396341e-01 -4.924991618508237079e-01 6.144839867765439223e-01
7.662174850702285767e-02 -3.538428246974945068e-01 -1.705067276954650879e+00 4.775739142214959765e-01 3.895875056162811934e-01 -4.925095287686623857e-01 6.144745038586705288e-01
7.661528885364532471e-02 -3.538408279418945312e-01 -1.705084085464477539e+00 4.775888684204937507e-01 3.896127712809885346e-01 -4.925070786266193545e-01 6.144488049465131052e-01
7.664418220520019531e-02 -3.538223206996917725e-01 -1.705107450485229492e+00 4.776444026396811093e-01 3.896035361707809175e-01 -4.924855668832328615e-01 6.144287154756951086e-01
7.664141058921813965e-02 -3.538166582584381104e-01 -1.705112338066101074e+00 4.776433887300652326e-01 3.896012122727953719e-01 -4.924874088036790276e-01 6.144295361866974892e-01
7.660739123821258545e-02 -3.537705242633819580e-01 -1.705114245414733887e+00 4.776461067829174678e-01 3.896220186818368791e-01 -4.924867194105043144e-01 6.144147698223653142e-01
7.662031799554824829e-02 -3.538072407245635986e-01 -1.705076813697814941e+00 4.776617840305006357e-01 3.896245404326769690e-01 -4.924892347192520448e-01 6.143989638788278640e-01
7.661623507738113403e-02 -3.538047969341278076e-01 -1.705077648162841797e+00 4.776655226675610155e-01 3.896173652375838903e-01 -4.924918570878942803e-01 6.143985068587178855e-01
7.662917673587799072e-02 -3.538227379322052002e-01 -1.705097556114196777e+00 4.776665316558603158e-01 3.896286851799989903e-01 -4.925019824215995934e-01 6.143824222666410817e-01
7.664903998374938965e-02 -3.538439869880676270e-01 -1.705018043518066406e+00 4.777035985563811704e-01 3.896326636319752401e-01 -4.925045759171203796e-01 6.143489974676634713e-01
7.665093243122100830e-02 -3.538450598716735840e-01 -1.705014586448669434e+00 4.776909027064513702e-01 3.896371780059761925e-01 -4.925105044712397295e-01 6.143512567926199264e-01
7.668430358171463013e-02 -3.538804054260253906e-01 -1.705027580261230469e+00 4.777188381996754774e-01 3.896483538945466618e-01 -4.925162568184399126e-01 6.143178346499099662e-01
7.665719836950302124e-02 -3.538580536842346191e-01 -1.705000519752502441e+00 4.776937569625573921e-01 3.896530827656943252e-01 -4.925217295918465910e-01 6.143299614088051364e-01
7.665873318910598755e-02 -3.538572192192077637e-01 -1.704995870590209961e+00 4.776878232491290621e-01 3.896579073373849234e-01 -4.925268654335705487e-01 6.143273841041317906e-01
7.668224722146987915e-02 -3.538848161697387695e-01 -1.704997420310974121e+00 4.776950983010664342e-01 3.896645519769239008e-01 -4.925258411297092631e-01 6.143183635465452319e-01
7.666949927806854248e-02 -3.538632690906524658e-01 -1.704985141754150391e+00 4.777226416986469770e-01 3.896530574364752697e-01 -4.925111229447157180e-01 6.143160238343680080e-01
7.667192071676254272e-02 -3.538631498813629150e-01 -1.704979062080383301e+00 4.777206980384250401e-01 3.896507281620973928e-01 -4.925137554992899402e-01 6.143168934553590033e-01
7.666311413049697876e-02 -3.538459241390228271e-01 -1.705024361610412598e+00 4.777225179050772486e-01 3.896421943906229757e-01 -4.925257085890863973e-01 6.143113014625543045e-01
7.666448503732681274e-02 -3.538416326045989990e-01 -1.705022573471069336e+00 4.777283186228428180e-01 3.896363481370034298e-01 -4.925331557390601467e-01 6.143045441274178620e-01
7.666599005460739136e-02 -3.538349866867065430e-01 -1.705020308494567871e+00 4.777259792391757021e-01 3.896356204411546842e-01 -4.925328612511103987e-01 6.143070610529789422e-01
7.665326446294784546e-02 -3.538161516189575195e-01 -1.705021977424621582e+00 4.777063143170802162e-01 3.896487043567554709e-01 -4.925034804411033140e-01 6.143375896332839980e-01
7.662985473871231079e-02 -3.537915647029876709e-01 -1.705084919929504395e+00 4.777245678054890532e-01 3.896384013961277093e-01 -4.924742153951742751e-01 6.143533869323558605e-01
7.662514597177505493e-02 -3.537827432155609131e-01 -1.705087900161743164e+00 4.777245063963320160e-01 3.896404321713728414e-01 -4.924725509584650940e-01 6.143534659044895818e-01
7.663194090127944946e-02 -3.537956178188323975e-01 -1.705101847648620605e+00 4.777397989821365321e-01 3.896756818343077300e-01 -4.924986260294800799e-01 6.142983205638548050e-01
7.660033553838729858e-02 -3.538355827331542969e-01 -1.705051779747009277e+00 4.777482935686217513e-01 3.896395901941514528e-01 -4.925242999672752586e-01 6.142940338124517341e-01
7.659523189067840576e-02 -3.538313508033752441e-01 -1.705052971839904785e+00 4.777491561773903883e-01 3.896428010615760607e-01 -4.925159786064853273e-01 6.142980320816285866e-01
7.664295285940170288e-02 -3.538500666618347168e-01 -1.705055356025695801e+00 4.777633855858727796e-01 3.896599372292033903e-01 -4.925448463425946000e-01 6.142529133117407003e-01
7.664515078067779541e-02 -3.538482189178466797e-01 -1.705053687095642090e+00 4.777654333616074833e-01 3.896520292305513666e-01 -4.925442795768640858e-01 6.142567990898841757e-01
7.664673030376434326e-02 -3.538475930690765381e-01 -1.705052375793457031e+00 4.777600395345729667e-01 3.896550637870799805e-01 -4.925496156525364100e-01 6.142548137058129187e-01
7.664406299591064453e-02 -3.538509607315063477e-01 -1.704999208450317383e+00 4.777587987702991423e-01 3.896542511430249323e-01 -4.925504830276080104e-01 6.142555902272448520e-01
7.664451748132705688e-02 -3.538483977317810059e-01 -1.704997658729553223e+00 4.777559449027722338e-01 3.896577327628686360e-01 -4.925511547426615344e-01 6.142550488364327821e-01
7.664417475461959839e-02 -3.538471758365631104e-01 -1.704996228218078613e+00 4.777559127381845183e-01 3.896711082753446242e-01 -4.925531596900907250e-01 6.142450002566919309e-01
7.660657912492752075e-02 -3.538116216659545898e-01 -1.705001235008239746e+00 4.777637627827289735e-01 3.896714035861649772e-01 -4.925613913664199095e-01 6.142321006699070773e-01
7.660097628831863403e-02 -3.538046777248382568e-01 -1.704999566078186035e+00 4.777651935939360994e-01 3.896724588357530217e-01 -4.925512446439354597e-01 6.142384405611136522e-01
7.659593224525451660e-02 -3.537981212139129639e-01 -1.704997777938842773e+00 4.777673466253408718e-01 3.896673811536432441e-01 -4.925603666345912957e-01 6.142326705740331905e-01
7.666105777025222778e-02 -3.537955880165100098e-01 -1.705096721649169922e+00 4.777730590803843103e-01 3.896676187662681534e-01 -4.925090665054127625e-01 6.142692091710744151e-01
7.666075229644775391e-02 -3.537875413894653320e-01 -1.705099582672119141e+00 4.777741935710898558e-01 3.896626935353818544e-01 -4.925107498186608312e-01 6.142700897217334699e-01
7.665985822677612305e-02 -3.537793159484863281e-01 -1.705101847648620605e+00 4.777779264553418392e-01 3.896556257841541360e-01 -4.925154425935141522e-01 6.142679414424052631e-01
7.661219686269760132e-02 -3.538110256195068359e-01 -1.704953551292419434e+00 4.777421353739939591e-01 3.896497981999321181e-01 -4.925596395844377695e-01 6.142640241718292371e-01
7.660868763923645020e-02 -3.538066446781158447e-01 -1.704950213432312012e+00 4.777402619726698330e-01 3.896637791422687958e-01 -4.925603054288824612e-01 6.142560931427720750e-01
7.660436630249023438e-02 -3.538028895854949951e-01 -1.704945921897888184e+00 4.777394821988815710e-01 3.896609139703627323e-01 -4.925611059819350324e-01 6.142578443245364506e-01
7.665659487247467041e-02 -3.538207709789276123e-01 -1.705067157745361328e+00 4.777464338372999775e-01 3.896386117086781398e-01 -4.925358326780951423e-01 6.142868417966083072e-01
7.665912806987762451e-02 -3.538193404674530029e-01 -1.705069184303283691e+00 4.777384041595232333e-01 3.896327232025413867e-01 -4.925476858528698987e-01 6.142873335601627405e-01
7.666174322366714478e-02 -3.538173735141754150e-01 -1.705072522163391113e+00 4.777298323929193291e-01 3.896408449642458915e-01 -4.925609117610955656e-01 6.142782291536250661e-01
7.665748894214630127e-02 -3.538344800472259521e-01 -1.705037951469421387e+00 4.777215022117427545e-01 3.896410499132165750e-01 -4.925196941474015988e-01 6.143176217004797657e-01
7.665855437517166138e-02 -3.538337349891662598e-01 -1.705038785934448242e+00 4.777235306720006291e-01 3.896404325942947056e-01 -4.925200597200344310e-01 6.143161595551956955e-01
7.669239491224288940e-02 -3.538670539855957031e-01 -1.705071926116943359e+00 4.777072842278740072e-01 3.896765796751620603e-01 -4.925280354191279297e-01 6.142994720960566202e-01
7.668626308441162109e-02 -3.538276553153991699e-01 -1.705036759376525879e+00 4.777067997601155969e-01 3.896620489632364737e-01 -4.925245904515314077e-01 6.143118236993834191e-01
7.669119536876678467e-02 -3.538248240947723389e-01 -1.705036044120788574e+00 4.777002559854953700e-01 3.896572800405244119e-01 -4.925294154828308568e-01 6.143160667111585704e-01
7.669520378112792969e-02 -3.538237214088439941e-01 -1.705036044120788574e+00 4.777019258116698697e-01 3.896613846263926595e-01 -4.925346582470362389e-01 6.143079613998202460e-01
7.668527960777282715e-02 -3.538128137588500977e-01 -1.705069780349731445e+00 4.776847213508704226e-01 3.896712933281731850e-01 -4.924950210177469478e-01 6.143468458046627001e-01
7.668553292751312256e-02 -3.538089096546173096e-01 -1.705071091651916504e+00 4.776861046323119808e-01 3.896682386616088234e-01 -4.924929071122951529e-01 6.143494106104920860e-01
7.668528705835342407e-02 -3.538055121898651123e-01 -1.705072402954101562e+00 4.776728312041790825e-01 3.896800648952790658e-01 -4.924969651851833219e-01 6.143489501910871509e-01
7.664915919303894043e-02 -3.538615703582763672e-01 -1.705077052116394043e+00 4.776448813212614275e-01 3.896688625277432982e-01 -4.925010950174518731e-01 6.143744562061104197e-01
7.664213329553604126e-02 -3.538682758808135986e-01 -1.705078005790710449e+00 4.776398234557968636e-01 3.896646747136676692e-01 -4.924978318492050366e-01 6.143836917738587644e-01
7.663443684577941895e-02 -3.538751900196075439e-01 -1.705079436302185059e+00 4.776455033141257522e-01 3.896647830290458359e-01 -4.925093770290452366e-01 6.143699515066950445e-01
7.662082463502883911e-02 -3.538829386234283447e-01 -1.705011010169982910e+00 4.776255562428877166e-01 3.896542961533698279e-01 -4.925164587150371309e-01 6.143864292985657949e-01
7.661385834217071533e-02 -3.538901209831237793e-01 -1.705011010169982910e+00 4.776266959586928373e-01 3.896408636221428967e-01 -4.925285296029010551e-01 6.143844016756677684e-01
7.660742104053497314e-02 -3.538962006568908691e-01 -1.705011844635009766e+00 4.776121114859043781e-01 3.896589080458932597e-01 -4.925300666094410973e-01 6.143830391131060997e-01
7.660230994224548340e-02 -3.538787662982940674e-01 -1.704996347427368164e+00 4.776133399565677395e-01 3.896280091554799041e-01 -4.925515235245401802e-01 6.143845163797532205e-01
7.659490406513214111e-02 -3.538803458213806152e-01 -1.704996228218078613e+00 4.776224597899798585e-01 3.896379315399303156e-01 -4.925531156578940029e-01 6.143698213112741557e-01
7.661852985620498657e-02 -3.539240658283233643e-01 -1.705018162727355957e+00 4.776193769664815458e-01 3.896380831711543369e-01 -4.925643895035892728e-01 6.143631012028742955e-01
7.663768529891967773e-02 -3.538619279861450195e-01 -1.704982280731201172e+00 4.776547902147013080e-01 3.896355877124891842e-01 -4.925415022715047275e-01 6.143554795766430487e-01
7.663697749376296997e-02 -3.538611531257629395e-01 -1.704978108406066895e+00 4.776586741640808653e-01 3.896353597454019768e-01 -4.925330045585472050e-01 6.143594452388861926e-01
7.663628458976745605e-02 -3.538608849048614502e-01 -1.704990386962890625e+00 4.776659184641914302e-01 3.896344730408850543e-01 -4.925269912366309621e-01 6.143591902136361638e-01
7.666950672864913940e-02 -3.538180589675903320e-01 -1.704953074455261230e+00 4.776624186747338019e-01 3.896375852246005689e-01 -4.925250918921016963e-01 6.143614532543510975e-01
7.667228579521179199e-02 -3.538122773170471191e-01 -1.704947233200073242e+00 4.776620638199976510e-01 3.896390211402160908e-01 -4.925146785845166963e-01 6.143691783384829241e-01
7.668370008468627930e-02 -3.538161218166351318e-01 -1.704957485198974609e+00 4.776639092567213085e-01 3.896842394613011518e-01 -4.925246082842658080e-01 6.143310932259848922e-01
7.665433734655380249e-02 -3.538204431533813477e-01 -1.704903960227966309e+00 4.776672579311429523e-01 3.896497659718866080e-01 -4.925487022246533009e-01 6.143310134895660912e-01
7.665309309959411621e-02 -3.538163602352142334e-01 -1.704898476600646973e+00 4.776768466110755673e-01 3.896455863338394443e-01 -4.925534493992427820e-01 6.143224250805886522e-01
7.663253694772720337e-02 -3.537922203540802002e-01 -1.704891681671142578e+00 4.776706738473260327e-01 3.896525712983930356e-01 -4.925508024088316450e-01 6.143249045377795481e-01
7.665072381496429443e-02 -3.537941873073577881e-01 -1.704915165901184082e+00 4.777472701324693705e-01 3.896117686419734993e-01 -4.925166261139365398e-01 6.143186256479217233e-01
7.664930820465087891e-02 -3.537836968898773193e-01 -1.704913973808288574e+00 4.777213686703279394e-01 3.896140138558850108e-01 -4.925341733956634105e-01 6.143232676497940581e-01
7.665105909109115601e-02 -3.537833392620086670e-01 -1.704929471015930176e+00 4.777140413808851349e-01 3.896080274698472956e-01 -4.925060811504397562e-01 6.143552815515499477e-01
7.664155960083007812e-02 -3.537803590297698975e-01 -1.704894781112670898e+00 4.777073358914087908e-01 3.895851106265506014e-01 -4.925480734179908393e-01 6.143413759438735022e-01
7.663806527853012085e-02 -3.537715673446655273e-01 -1.704894423484802246e+00 4.777094384950549277e-01 3.895844018680495457e-01 -4.925409614223916210e-01 6.143458853316633439e-01
7.665906846523284912e-02 -3.537885248661041260e-01 -1.704912185668945312e+00 4.777315050399176255e-01 3.896180443858764386e-01 -4.925634326482332681e-01 6.142893971949565657e-01
7.667229324579238892e-02 -3.537990450859069824e-01 -1.704923033714294434e+00 4.777750005783025777e-01 3.896129444101774086e-01 -4.925567666972618386e-01 6.142641321505590835e-01
7.667368650436401367e-02 -3.537961244583129883e-01 -1.704926133155822754e+00 4.777692111485458692e-01 3.896142114093009146e-01 -4.925607640725715997e-01 6.142646360145040951e-01
7.666298747062683105e-02 -3.537780046463012695e-01 -1.704935073852539062e+00 4.777528736622189132e-01 3.896054444697495955e-01 -4.925491143163877594e-01 6.142922228398911555e-01
7.667250186204910278e-02 -3.538008630275726318e-01 -1.704955220222473145e+00 4.777577597617590488e-01 3.896154095477909474e-01 -4.925460277669717057e-01 6.142846070188726637e-01
7.667163759469985962e-02 -3.537975251674652100e-01 -1.704960107803344727e+00 4.777612354606385892e-01 3.896130663427117002e-01 -4.925436784460059392e-01 6.142852454064238188e-01
7.665413618087768555e-02 -3.537774682044982910e-01 -1.704969406127929688e+00 4.777658846313292962e-01 3.896199105281663577e-01 -4.925417397756579052e-01 6.142788389047804110e-01
7.664326578378677368e-02 -3.537846207618713379e-01 -1.704977035522460938e+00 4.777860733983015917e-01 3.896043984390167303e-01 -4.925412176991208479e-01 6.142734199153357944e-01
7.664065808057785034e-02 -3.537776768207550049e-01 -1.704982638359069824e+00 4.777778786979990366e-01 3.895901767424682638e-01 -4.925569369151718835e-01 6.142761976134927249e-01
7.665347307920455933e-02 -3.537996113300323486e-01 -1.704999327659606934e+00 4.777803094432220288e-01 3.896111726601531600e-01 -4.925823006730530862e-01 6.142406365904895527e-01
7.666607201099395752e-02 -3.537998497486114502e-01 -1.705011963844299316e+00 4.777840091423677937e-01 3.896213482771040959e-01 -4.925441488060754991e-01 6.142618988930637070e-01
7.666645199060440063e-02 -3.537931442260742188e-01 -1.705017089843750000e+00 4.777748709504243130e-01 3.896188823989982786e-01 -4.925452133575130564e-01 6.142697256381332016e-01
7.670844346284866333e-02 -3.538420498371124268e-01 -1.705064892768859863e+00 4.777716653295240312e-01 3.896145102483948297e-01 -4.925599800138072415e-01 6.142631727033844857e-01
7.662414759397506714e-02 -3.538290560245513916e-01 -1.704940795898437500e+00 4.777881386199356872e-01 3.895786374062928936e-01 -4.925855117490311463e-01 6.142526056442031424e-01
7.662018388509750366e-02 -3.538255691528320312e-01 -1.704941987991333008e+00 4.777833269028461949e-01 3.895784595840356412e-01 -4.925869667987060052e-01 6.142553064605016377e-01
7.662475109100341797e-02 -3.538286089897155762e-01 -1.704952836036682129e+00 4.777884115131129650e-01 3.895666259130353692e-01 -4.925681409613190676e-01 6.142739537081362000e-01
7.659716904163360596e-02 -3.538161218166351318e-01 -1.704869031906127930e+00 4.777965046742005395e-01 3.895427183084197997e-01 -4.925857629292964002e-01 6.142686791257182533e-01
7.659349590539932251e-02 -3.538111448287963867e-01 -1.704864978790283203e+00 4.777930643178016634e-01 3.895462951069351698e-01 -4.925798146752878304e-01 6.142738662701437979e-01
7.659202814102172852e-02 -3.538146018981933594e-01 -1.704870700836181641e+00 4.777960358905513072e-01 3.895690717150940841e-01 -4.925809414614267245e-01 6.142562143353478277e-01
7.664800435304641724e-02 -3.538132905960083008e-01 -1.704875230789184570e+00 4.778264171879428868e-01 3.895452609697975244e-01 -4.925825517675933019e-01 6.142463947399166013e-01
7.665491849184036255e-02 -3.538072109222412109e-01 -1.704874157905578613e+00 4.778266725175359664e-01 3.895549697346980533e-01 -4.925762498149345303e-01 6.142450685844785818e-01
7.666241377592086792e-02 -3.538014292716979980e-01 -1.704873085021972656e+00 4.778420758512114674e-01 3.895478462141506726e-01 -4.925718848559595409e-01 6.142411176838179498e-01
7.666531950235366821e-02 -3.538313806056976318e-01 -1.704845190048217773e+00 4.777920088153909672e-01 3.895868885996195963e-01 -4.925928008953643911e-01 6.142385389247797534e-01
7.666132599115371704e-02 -3.538061082363128662e-01 -1.704833507537841797e+00 4.777897340681960814e-01 3.895766581824882113e-01 -4.925986625324339507e-01 6.142421104466574411e-01
7.665284723043441772e-02 -3.537905812263488770e-01 -1.704838514328002930e+00 4.777938634962844988e-01 3.895932823297140746e-01 -4.926001348660247192e-01 6.142271492289449464e-01
7.668393105268478394e-02 -3.537952899932861328e-01 -1.704951167106628418e+00 4.778042994750414940e-01 3.895919693564455777e-01 -4.925793540577074747e-01 6.142365310770285802e-01
7.668989896774291992e-02 -3.537928760051727295e-01 -1.704957723617553711e+00 4.778006233232473532e-01 3.895967289040760950e-01 -4.925801787155046907e-01 6.142357446537864973e-01
7.667095214128494263e-02 -3.537646532058715820e-01 -1.704962730407714844e+00 4.777993417313360913e-01 3.896263490640976546e-01 -4.925823356697667799e-01 6.142161849992755496e-01
7.666407525539398193e-02 -3.537608087062835693e-01 -1.704947352409362793e+00 4.777624128649572421e-01 3.896271862884183035e-01 -4.926263545688670531e-01 6.142090951278376121e-01
7.665036618709564209e-02 -3.538132309913635254e-01 -1.705109119415283203e+00 4.777657433050043756e-01 3.896056709222826542e-01 -4.925929851808130699e-01 6.142469034695123842e-01
7.664778828620910645e-02 -3.538110256195068359e-01 -1.705128788948059082e+00 4.777356759098085326e-01 3.895935263670447513e-01 -4.925790644924729067e-01 6.142891495041910010e-01
7.664080709218978882e-02 -3.538025021553039551e-01 -1.705052614212036133e+00 4.777186627428158805e-01 3.896100212580301259e-01 -4.925706675363811793e-01 6.142986664419073373e-01
7.665418088436126709e-02 -3.538240492343902588e-01 -1.705038905143737793e+00 4.777223590203699133e-01 3.896079892823847146e-01 -4.925810341550420079e-01 6.142887433437926870e-01
7.662788033485412598e-02 -3.538032472133636475e-01 -1.705053925514221191e+00 4.777170992243993108e-01 3.896262999740116029e-01 -4.925894735258916635e-01 6.142744519350071819e-01
7.664499431848526001e-02 -3.538389503955841064e-01 -1.704953670501708984e+00 4.777026403356227080e-01 3.896260445637101943e-01 -4.926150604000026356e-01 6.142653681893378570e-01
7.664417475461959839e-02 -3.538447320461273193e-01 -1.704954504966735840e+00 4.777113753776608962e-01 3.896262426911082377e-01 -4.926156826472661843e-01 6.142579573514345137e-01
7.663300633430480957e-02 -3.538386821746826172e-01 -1.704964756965637207e+00 4.776959892752907777e-01 3.896355713948505550e-01 -4.926112518711041055e-01 6.142675415979131914e-01
7.665296643972396851e-02 -3.538286685943603516e-01 -1.704986810684204102e+00 4.776877784072486866e-01 3.896328636558269443e-01 -4.926071055262917220e-01 6.142789735467443224e-01
7.665263861417770386e-02 -3.538299202919006348e-01 -1.704989075660705566e+00 4.776883428297402090e-01 3.896257432905979590e-01 -4.926026914494529008e-01 6.142866000109350466e-01
7.664192467927932739e-02 -3.538158237934112549e-01 -1.704993486404418945e+00 4.776825923179070510e-01 3.896141735099237779e-01 -4.925877723100689498e-01 6.143103644245464512e-01
7.665039598941802979e-02 -3.538171052932739258e-01 -1.705030560493469238e+00 4.776710169973731879e-01 3.896198403147792533e-01 -4.926041247239238419e-01 6.143026809967945256e-01
7.664927840232849121e-02 -3.538149297237396240e-01 -1.705037236213684082e+00 4.776674090352576729e-01 3.896261991550865056e-01 -4.925969104455900083e-01 6.143071806246411803e-01
7.663971930742263794e-02 -3.538055419921875000e-01 -1.705044031143188477e+00 4.776830592632200778e-01 3.896181287117193581e-01 -4.926115251475014500e-01 6.142884501708836265e-01
7.665722817182540894e-02 -3.538078069686889648e-01 -1.705037474632263184e+00 4.776776810783866511e-01 3.895946504870294036e-01 -4.926355735271742420e-01 6.142882306006562931e-01
7.665856182575225830e-02 -3.538061678409576416e-01 -1.705041885375976562e+00 4.776780398208947398e-01 3.895916517310133997e-01 -4.926355627811561666e-01 6.142898593263556029e-01
7.666018605232238770e-02 -3.538055419921875000e-01 -1.705050468444824219e+00 4.776700265408841406e-01 3.895969396084330016e-01 -4.926247910329542012e-01 6.143013889324043797e-01
7.665713876485824585e-02 -3.538006544113159180e-01 -1.704919815063476562e+00 4.776952084544248689e-01 3.895778835427008424e-01 -4.926377544839533607e-01 6.142834719200312987e-01
7.665771245956420898e-02 -3.538002073764801025e-01 -1.704916596412658691e+00 4.777001351105194527e-01 3.895736941517131680e-01 -4.926375560493473915e-01 6.142824629394985081e-01
7.667036354541778564e-02 -3.538064658641815186e-01 -1.704933643341064453e+00 4.776979164643998521e-01 3.895808376300733955e-01 -4.926439094971984956e-01 6.142745463244806414e-01
7.664143294095993042e-02 -3.538106083869934082e-01 -1.704957127571105957e+00 4.776851960927328000e-01 3.895896911207727409e-01 -4.926197775617581209e-01 6.142981956798643228e-01
7.663957029581069946e-02 -3.538103401660919189e-01 -1.704957723617553711e+00 4.776877520870125848e-01 3.895839957718376101e-01 -4.926168945519596165e-01 6.143021380070942117e-01
7.665780931711196899e-02 -3.538312017917633057e-01 -1.704978942871093750e+00 4.776920598130143247e-01 3.895902073381234398e-01 -4.926250078515118092e-01 6.142883397293471548e-01
7.662107795476913452e-02 -3.538087308406829834e-01 -1.704948306083679199e+00 4.777069625491355276e-01 3.895707699383740841e-01 -4.926208828892119085e-01 6.142924072077849962e-01
7.661746442317962646e-02 -3.538063466548919678e-01 -1.704947590827941895e+00 4.777086615952956805e-01 3.895706008951041466e-01 -4.926220463751093681e-01 6.142902457747447809e-01
7.661633193492889404e-02 -3.538046181201934814e-01 -1.704961180686950684e+00 4.777017922647824877e-01 3.895620800739963974e-01 -4.926088130947900434e-01 6.143116112048188082e-01
7.662877440452575684e-02 -3.538216352462768555e-01 -1.704906940460205078e+00 4.777458646099137507e-01 3.895582378228947817e-01 -4.926046966386992687e-01 6.142830354840997931e-01
7.662962377071380615e-02 -3.538190126419067383e-01 -1.704904913902282715e+00 4.777357519384146101e-01 3.895713653859675940e-01 -4.926065518301543933e-01 6.142811057805502850e-01
7.664744555950164795e-02 -3.538382649421691895e-01 -1.704919099807739258e+00 4.777198451258512502e-01 3.895670721709117990e-01 -4.925899114934770284e-01 6.143095605378642299e-01
7.665850222110748291e-02 -3.537960052490234375e-01 -1.704901695251464844e+00 4.777305176330445824e-01 3.895640772923584239e-01 -4.925703342212483515e-01 6.143188406299099347e-01
7.666213065385818481e-02 -3.537895381450653076e-01 -1.704900383949279785e+00 4.777273214619555119e-01 3.895713155969793284e-01 -4.925707985569533487e-01 6.143163535888276350e-01
7.666915655136108398e-02 -3.537915050983428955e-01 -1.704907298088073730e+00 4.777375649246678457e-01 3.895938417517699759e-01 -4.925775276383640433e-01 6.142887011877695702e-01
7.665611058473587036e-02 -3.537922501564025879e-01 -1.704900383949279785e+00 4.777362665932761709e-01 3.895856055670878226e-01 -4.926049362873884951e-01 6.142729815374385893e-01
7.665878534317016602e-02 -3.537860810756683350e-01 -1.704899787902832031e+00 4.777399812542526547e-01 3.895869976656756162e-01 -4.926161517759544139e-01 6.142602125864009555e-01
7.666867226362228394e-02 -3.537879884243011475e-01 -1.704910397529602051e+00 4.777517829820702167e-01 3.896158859075786185e-01 -4.926370171519984797e-01 6.142159850937095600e-01
7.663047313690185547e-02 -3.538000583648681641e-01 -1.704862236976623535e+00 4.777332205692170208e-01 3.896035760855503516e-01 -4.926458820677395156e-01 6.142310857902704146e-01
7.663066685199737549e-02 -3.537932038307189941e-01 -1.704860806465148926e+00 4.777325236361821270e-01 3.896069048946426139e-01 -4.926477358325869749e-01 6.142280595297294754e-01
7.662865519523620605e-02 -3.537788689136505127e-01 -1.704855322837829590e+00 4.777287319127666021e-01 3.896302717881418576e-01 -4.926466733319088132e-01 6.142170112935212423e-01
7.663533836603164673e-02 -3.537863194942474365e-01 -1.704915881156921387e+00 4.777125051409900069e-01 3.896409176160482990e-01 -4.926332766591866030e-01 6.142336247921537096e-01
7.663436979055404663e-02 -3.537755310535430908e-01 -1.704918980598449707e+00 4.777168711296390091e-01 3.896423083802355580e-01 -4.926324233749724280e-01 6.142300464461309950e-01
7.665196806192398071e-02 -3.537904322147369385e-01 -1.704935908317565918e+00 4.777007190143539583e-01 3.896687558840177257e-01 -4.926167273349600362e-01 6.142384154997833079e-01
7.664012908935546875e-02 -3.537768125534057617e-01 -1.704887866973876953e+00 4.776966950348753849e-01 3.896628673728701475e-01 -4.926248390927849274e-01 6.142387624313947470e-01
7.663993537425994873e-02 -3.537682890892028809e-01 -1.704887390136718750e+00 4.777020886023506385e-01 3.896528140183867506e-01 -4.926281452291601526e-01 6.142383155070713086e-01
7.663891464471817017e-02 -3.537558317184448242e-01 -1.704889535903930664e+00 4.776919360115193247e-01 3.896451708975232631e-01 -4.926056821140623598e-01 6.142690728177147008e-01
7.663596421480178833e-02 -3.537903130054473877e-01 -1.704926133155822754e+00 4.776959210388115884e-01 3.896369839835744364e-01 -4.926125909493643262e-01 6.142656095430382157e-01
7.665377855300903320e-02 -3.538111746311187744e-01 -1.704943299293518066e+00 4.776645497473565039e-01 3.896345522505585413e-01 -4.925905788343369895e-01 6.143092278676641760e-01
7.665280252695083618e-02 -3.538092672824859619e-01 -1.704947471618652344e+00 4.776628641925320107e-01 3.896419557982595538e-01 -4.925889303518098949e-01 6.143071373626342035e-01
7.667431980371475220e-02 -3.537793457508087158e-01 -1.704950690269470215e+00 4.776884851537865351e-01 3.896279433815337256e-01 -4.925822381628700009e-01 6.143014916372009360e-01
7.667659223079681396e-02 -3.537746369838714600e-01 -1.704955577850341797e+00 4.776889608667294063e-01 3.896319537582216830e-01 -4.925839682607665027e-01 6.142971677580207901e-01
7.667461782693862915e-02 -3.537627160549163818e-01 -1.704965829849243164e+00 4.776774549144930382e-01 3.896393736468055646e-01 -4.925639958206338709e-01 6.143174158390015682e-01
7.662869989871978760e-02 -3.537928462028503418e-01 -1.704861283302307129e+00 4.776630698909813399e-01 3.896312437680605201e-01 -4.925765532610832942e-01 6.143236874464824693e-01
7.662436366081237793e-02 -3.537930250167846680e-01 -1.704858422279357910e+00 4.776639511762259538e-01 3.896267112024009438e-01 -4.925849388933988271e-01 6.143191614702691039e-01
7.662614434957504272e-02 -3.538004457950592041e-01 -1.704871177673339844e+00 4.776610255759177748e-01 3.896555596980311731e-01 -4.925880387650215519e-01 6.143006422661035915e-01
7.661148905754089355e-02 -3.538441956043243408e-01 -1.704875946044921875e+00 4.776998075781729858e-01 3.896617321614175844e-01 -4.925763620747850569e-01 6.142759513486426570e-01
7.660760730504989624e-02 -3.538466095924377441e-01 -1.704872250556945801e+00 4.777040294139187626e-01 3.896540071434645425e-01 -4.925809992924418124e-01 6.142738602046289298e-01
7.659041881561279297e-02 -3.538322150707244873e-01 -1.704871296882629395e+00 4.776825728212243383e-01 3.896611374249943083e-01 -4.925563286679178199e-01 6.143058038778461682e-01
7.664781063795089722e-02 -3.538128733634948730e-01 -1.704897880554199219e+00 4.777115371903465357e-01 3.896441713472024171e-01 -4.925683868746982830e-01 6.142843957378598674e-01
7.664869725704193115e-02 -3.538120985031127930e-01 -1.704895853996276855e+00 4.777097552982327855e-01 3.896411407663329940e-01 -4.925664171924318269e-01 6.142892526808106934e-01
7.665014266967773438e-02 -3.538089394569396973e-01 -1.704905509948730469e+00 4.776935171589096196e-01 3.896409645498452035e-01 -4.925479843312801642e-01 6.143167940057651100e-01
7.665441930294036865e-02 -3.538247346878051758e-01 -1.704839587211608887e+00 4.776903763048969687e-01 3.896291303560150965e-01 -4.925848979710721887e-01 6.142971178119450704e-01
7.665517926216125488e-02 -3.538275361061096191e-01 -1.704834103584289551e+00 4.776964493838675718e-01 3.896325446330407005e-01 -4.925786287877488290e-01 6.142952505095993221e-01
7.665617018938064575e-02 -3.538295626640319824e-01 -1.704844236373901367e+00 4.777041239685752005e-01 3.896492744191787372e-01 -4.925867875762075521e-01 6.142721555587120630e-01
7.666608691215515137e-02 -3.538328409194946289e-01 -1.704921007156372070e+00 4.776783810159649923e-01 3.896375576025537524e-01 -4.925889341442313274e-01 6.142978821874571782e-01
7.666629552841186523e-02 -3.538364470005035400e-01 -1.704917907714843750e+00 4.776825309033538303e-01 3.896362314595471776e-01 -4.925919377434399005e-01 6.142930835568701786e-01
7.666223496198654175e-02 -3.538365364074707031e-01 -1.704925298690795898e+00 4.776821780132283202e-01 3.896495820937598276e-01 -4.926012433219043585e-01 6.142774019007209985e-01
7.666141539812088013e-02 -3.538210093975067139e-01 -1.704863309860229492e+00 4.776830368420568185e-01 3.896285894126778060e-01 -4.926359176373232285e-01 6.142622442926403137e-01
7.665129750967025757e-02 -3.538290858268737793e-01 -1.704909801483154297e+00 4.777015631879179547e-01 3.896395096721314566e-01 -4.926079877680799579e-01 6.142633063920645009e-01
7.665246725082397461e-02 -3.538309931755065918e-01 -1.704906463623046875e+00 4.776993825656266623e-01 3.896295673215829924e-01 -4.926087279430305665e-01 6.142707660512075618e-01
