repeatability steamvr; 20211015-225751; x y z w i j k;  frequency = 150 duration = 2 sys.args = ['.\\repeatability.py']
-6.271275877952575684e-02 -5.083048939704895020e-01 -1.529212713241577148e+00 4.601153865603757609e-01 3.904301744173397370e-01 -5.052319537468069610e-01 6.169268246319373761e-01
-6.271637231111526489e-02 -5.083069205284118652e-01 -1.529224634170532227e+00 4.601259279866123930e-01 3.904241281661112728e-01 -5.052358012739225357e-01 6.169196212992882344e-01
-6.271639466285705566e-02 -5.083069205284118652e-01 -1.529224753379821777e+00 4.601260291896109300e-01 3.904240746787410732e-01 -5.052358045085740823e-01 6.169195746687546889e-01
-6.271641701459884644e-02 -5.083069205284118652e-01 -1.529224872589111328e+00 4.601260878873398852e-01 3.904240410652896065e-01 -5.052358139344245158e-01 6.169195364502598755e-01
-6.271643191576004028e-02 -5.083069205284118652e-01 -1.529224872589111328e+00 4.601261546812981940e-01 3.904240167745471335e-01 -5.052358195304561539e-01 6.169194873766611353e-01
-6.271644681692123413e-02 -5.083069205284118652e-01 -1.529224991798400879e+00 4.601262113549521859e-01 3.904239848785701628e-01 -5.052358230825764185e-01 6.169194842569325488e-01
-6.271646916866302490e-02 -5.083069205284118652e-01 -1.529224991798400879e+00 4.601262680285991835e-01 3.904239529826070143e-01 -5.052358316948503125e-01 6.169194406560402077e-01
-6.271648406982421875e-02 -5.083069205284118652e-01 -1.529224991798400879e+00 4.601263247022392422e-01 3.904239210866575771e-01 -5.052358362590126939e-01 6.169194051514016452e-01
-6.271649897098541260e-02 -5.083068609237670898e-01 -1.529225111007690430e+00 4.601263813758722510e-01 3.904239053831875528e-01 -5.052358387991235933e-01 6.169193939354797873e-01
-6.271651387214660645e-02 -5.083068609237670898e-01 -1.529225111007690430e+00 4.601264380494983208e-01 3.904238734872637062e-01 -5.052358433632994084e-01 6.169193584308745315e-01
-6.271652877330780029e-02 -5.083068609237670898e-01 -1.529225230216979980e+00 4.601264926990597526e-01 3.904238433087952043e-01 -5.052358491379428385e-01 6.169193175438325571e-01
-6.272652745246887207e-02 -5.083240270614624023e-01 -1.529247164726257324e+00 4.601357992222883109e-01 3.904197842875923308e-01 -5.052364680368860439e-01 6.169144583787952163e-01
-6.272654980421066284e-02 -5.083240270614624023e-01 -1.529247164726257324e+00 4.601358437506551380e-01 3.904197626979358793e-01 -5.052364717684626472e-01 6.169144310628791317e-01
-6.272658705711364746e-02 -5.083240270614624023e-01 -1.529247283935546875e+00 4.601359145912298221e-01 3.904197349748246282e-01 -5.052364789930804401e-01 6.169144089499342121e-01
-6.272664666175842285e-02 -5.083240270614624023e-01 -1.529247403144836426e+00 4.601360279361266237e-01 3.904196711873322290e-01 -5.052364891356782017e-01 6.169143298505264106e-01
-6.272671371698379517e-02 -5.083240866661071777e-01 -1.529247522354125977e+00 4.601361635451629017e-01 3.904196047011570525e-01 -5.052364981080819106e-01 6.169142694775205937e-01
-6.272674351930618286e-02 -5.083240866661071777e-01 -1.529247522354125977e+00 4.601362222415990577e-01 3.904195548979937924e-01 -5.052365034870259786e-01 6.169142231662179121e-01
-6.272678077220916748e-02 -5.083240866661071777e-01 -1.529247641563415527e+00 4.601362910581008325e-01 3.904195127002194066e-01 -5.052365109100805940e-01 6.169142118630979166e-01
-6.272679567337036133e-02 -5.083240866661071777e-01 -1.529247641563415527e+00 4.601363254663478619e-01 3.904194996973980869e-01 -5.052365510538714410e-01 6.169141900194285988e-01
-6.272681802511215210e-02 -5.083240866661071777e-01 -1.529247760772705078e+00 4.601363760667064873e-01 3.904194729557911581e-01 -5.052365531783344910e-01 6.169141545627272460e-01
-6.272684037685394287e-02 -5.083241462707519531e-01 -1.529247760772705078e+00 4.601364084509331209e-01 3.904194616703288157e-01 -5.052365601242726489e-01 6.169141354327112303e-01
-6.272685527801513672e-02 -5.083241462707519531e-01 -1.529247760772705078e+00 4.601364408351574231e-01 3.904194503848700815e-01 -5.052365670702123612e-01 6.169141082066451620e-01
-6.272687762975692749e-02 -5.083241462707519531e-01 -1.529247879981994629e+00 4.601364853634621332e-01 3.904194126032187184e-01 -5.052365596697666605e-01 6.169141051790493213e-01
-6.272689253091812134e-02 -5.083241462707519531e-01 -1.529247879981994629e+00 4.601365197716946742e-01 3.904193996004226563e-01 -5.052365643933148798e-01 6.169140833354166409e-01
-6.272690743207931519e-02 -5.083241462707519531e-01 -1.529247879981994629e+00 4.601365521559111493e-01 3.904193883149776334e-01 -5.052365703272545527e-01 6.169140642054251611e-01
-6.272692978382110596e-02 -5.083241462707519531e-01 -1.529247999191284180e+00 4.601365865641386943e-01 3.904193753121895094e-01 -5.052365750508067688e-01 6.169140423618054703e-01
-6.272694468498229980e-02 -5.083241462707519531e-01 -1.529247999191284180e+00 4.601366290684161808e-01 3.904193554400204880e-01 -5.052365698727734333e-01 6.169140015676068955e-01
-6.272696703672409058e-02 -5.083241462707519531e-01 -1.529247999191284180e+00 4.601366614526249399e-01 3.904193279624839641e-01 -5.052365768187261352e-01 6.169140148218437147e-01
-6.272698193788528442e-02 -5.083241462707519531e-01 -1.529248118400573730e+00 4.601366978848571154e-01 3.904193132423648405e-01 -5.052365793198911881e-01 6.169139902646114670e-01
-6.272700428962707520e-02 -5.083241462707519531e-01 -1.529248118400573730e+00 4.601367302690611005e-01 3.904193019569409118e-01 -5.052365862658474427e-01 6.169139711346507404e-01
-6.272701919078826904e-02 -5.083242058753967285e-01 -1.529248118400573730e+00 4.601367626532627542e-01 3.904192906715204803e-01 -5.052365932118053626e-01 6.169139520046957870e-01
-6.272707134485244751e-02 -5.083242058753967285e-01 -1.529248237609863281e+00 4.601368699259145156e-01 3.904192320364638924e-01 -5.052365958536803037e-01 6.169139053348603463e-01
-6.272709369659423828e-02 -5.083242058753967285e-01 -1.529248356819152832e+00 4.601369104061539539e-01 3.904192138816859892e-01 -5.052366020061229701e-01 6.169138753504114225e-01
-6.272711604833602905e-02 -5.083242058753967285e-01 -1.529248356819152832e+00 4.601369630304599223e-01 3.904191854228560854e-01 -5.052366039322677693e-01 6.169138371802473930e-01
-6.272713840007781982e-02 -5.083242058753967285e-01 -1.529248356819152832e+00 4.601369954146452002e-01 3.904191741374635205e-01 -5.052366118902447134e-01 6.169138180503335178e-01
-6.272715330123901367e-02 -5.083242058753967285e-01 -1.529248476028442383e+00 4.601370358948735917e-01 3.904191559827050462e-01 -5.052366099466510940e-01 6.169138204500965728e-01
-6.272717565298080444e-02 -5.083242058753967285e-01 -1.529248476028442383e+00 4.601370743510873051e-01 3.904191395452947244e-01 -5.052366436216370049e-01 6.169137931793123863e-01
-6.272719055414199829e-02 -5.083242654800415039e-01 -1.529248476028442383e+00 4.601371067352647559e-01 3.904190796836502497e-01 -5.052366505676122443e-01 6.169137659533726614e-01
-6.272720545530319214e-02 -5.083242654800415039e-01 -1.529248595237731934e+00 4.601371391194399307e-01 3.904190683982771692e-01 -5.052366575135890381e-01 6.169137468234832111e-01
-6.272723525762557983e-02 -5.083242654800415039e-01 -1.529248595237731934e+00 4.601371937677303792e-01 3.904190382221596201e-01 -5.052366602533809870e-01 6.169137464199755394e-01
-6.272726505994796753e-02 -5.083242654800415039e-01 -1.529248714447021484e+00 4.601372544880454885e-01 3.904190190861176468e-01 -5.052366694820781268e-01 6.169137054914364260e-01
-6.272728741168975830e-02 -5.083242654800415039e-01 -1.529248714447021484e+00 4.601372909202307016e-01 3.904189881740001145e-01 -5.052366709712790005e-01 6.169136728382825785e-01
-6.272730231285095215e-02 -5.083242654800415039e-01 -1.529248714447021484e+00 4.601373314004331139e-01 3.904189700192917112e-01 -5.052366690277100281e-01 6.169136428539311323e-01
-6.272732466459274292e-02 -5.083242654800415039e-01 -1.529248714447021484e+00 4.601373637845924680e-01 3.904189587339453316e-01 -5.052366749616945540e-01 6.169136237240809839e-01
-6.272733956575393677e-02 -5.083242654800415039e-01 -1.529248833656311035e+00 4.601374002167690214e-01 3.904189440139250733e-01 -5.052366774629090118e-01 6.169136315511474233e-01
-6.272735446691513062e-02 -5.083243250846862793e-01 -1.529248833656311035e+00 4.601374326009235460e-01 3.904189327285862987e-01 -5.052366833968973125e-01 6.169136124213073780e-01
-6.272737681865692139e-02 -5.083243250846862793e-01 -1.529248833656311035e+00 4.601374730811134683e-01 3.904188983818236980e-01 -5.052366814533415518e-01 6.169135743409496220e-01
-6.272739171981811523e-02 -5.083243250846862793e-01 -1.529248952865600586e+00 4.601375095132814175e-01 3.904188836618190384e-01 -5.052366839545643362e-01 6.169135497838817983e-01
-6.272741407155990601e-02 -5.083243250846862793e-01 -1.529248952865600586e+00 4.601375418974282261e-01 3.904188723764937530e-01 -5.052366909005637785e-01 6.169135306540624031e-01
-6.272742897272109985e-02 -5.083243250846862793e-01 -1.529248952865600586e+00 4.601375742815727587e-01 3.904188610911719648e-01 -5.052366968345602949e-01 6.169135439083921479e-01
-6.272744387388229370e-02 -5.083243250846862793e-01 -1.529249072074890137e+00 4.601376107137326588e-01 3.904188463711803503e-01 -5.052366993357901848e-01 6.169135193513428650e-01
-6.272746622562408447e-02 -5.083243250846862793e-01 -1.529249072074890137e+00 4.601376511939069269e-01 3.904188120244518889e-01 -5.052366963802467081e-01 6.169134812710289628e-01
-6.272748112678527832e-02 -5.083243250846862793e-01 -1.529249072074890137e+00 4.601376835780437990e-01 3.904188007391435344e-01 -5.052367033262540330e-01 6.169134621412336594e-01
-6.272750347852706909e-02 -5.083243250846862793e-01 -1.529249191284179688e+00 4.601377159621783952e-01 3.904187894538387327e-01 -5.052367092602587650e-01 6.169134430114440182e-01
-6.272756308317184448e-02 -5.083243846893310547e-01 -1.529249310493469238e+00 4.601378353786549358e-01 3.904187367072646242e-01 -5.052367481562313190e-01 6.169133881564552446e-01
-6.272770464420318604e-02 -5.083252191543579102e-01 -1.529249668121337891e+00 4.601400334458916053e-01 3.904204501240962077e-01 -5.052353901791486468e-01 6.169117527410961088e-01
-6.272774189710617065e-02 -5.083252191543579102e-01 -1.529249668121337891e+00 4.601401184538058686e-01 3.904204265723867917e-01 -5.052354081600517466e-01 6.169117197305461486e-01
-6.272777169942855835e-02 -5.083252787590026855e-01 -1.529249787330627441e+00 4.601402075096991950e-01 3.904204157780302165e-01 -5.052353842523026328e-01 6.169116408129201590e-01
-6.272780150175094604e-02 -5.083252787590026855e-01 -1.529249787330627441e+00 4.601402823975961898e-01 3.904204008129807391e-01 -5.052353678050754970e-01 6.169116132743558412e-01
-6.272783130407333374e-02 -5.083252787590026855e-01 -1.529249906539916992e+00 4.601403593094777200e-01 3.904203679386498704e-01 -5.052353865794524390e-01 6.169115830222383634e-01
-6.272786110639572144e-02 -5.083253383636474609e-01 -1.529249906539916992e+00 4.601404341973499568e-01 3.904203529736340883e-01 -5.052353701322576107e-01 6.169115150037981499e-01
-6.272789090871810913e-02 -5.083253383636474609e-01 -1.529250025749206543e+00 4.601404989652296829e-01 3.904203465952416630e-01 -5.052353921207910492e-01 6.169115010331996940e-01
-6.272790580987930298e-02 -5.083253383636474609e-01 -1.529250025749206543e+00 4.601405495651293420e-01 3.904203360461406258e-01 -5.052353790658969945e-01 6.169114574817474717e-01
-6.272792816162109375e-02 -5.083253383636474609e-01 -1.529250144958496094e+00 4.601405961170321746e-01 3.904203289316882097e-01 -5.052353704557152048e-01 6.169114193574622984e-01
-6.272794306278228760e-02 -5.083253979682922363e-01 -1.529250144958496094e+00 4.601406467169211756e-01 3.904203183826003842e-01 -5.052353574008381365e-01 6.169114081899697011e-01
-6.272796541452407837e-02 -5.083253979682922363e-01 -1.529250144958496094e+00 4.601406892208236288e-01 3.904203147027998644e-01 -5.052353522233746785e-01 6.169113754928582383e-01
-6.272798031568527222e-02 -5.083253979682922363e-01 -1.529250264167785645e+00 4.601407438686924145e-01 3.904203007190850672e-01 -5.052353671077337571e-01 6.169113588982403362e-01
-6.272800266742706299e-02 -5.083253979682922363e-01 -1.529250264167785645e+00 4.601407863725858749e-01 3.904202970392945948e-01 -5.052353619302804022e-01 6.169113262011524101e-01
-6.272802501916885376e-02 -5.083254575729370117e-01 -1.529250264167785645e+00 4.601408369724539482e-01 3.904202864902323600e-01 -5.052353488754326438e-01 6.169112745538104514e-01
-6.272803992033004761e-02 -5.083254575729370117e-01 -1.529250383377075195e+00 4.601408916203052479e-01 3.904202725065402113e-01 -5.052353313758964903e-01 6.169112579592334056e-01
-6.272806227207183838e-02 -5.083254575729370117e-01 -1.529250383377075195e+00 4.601409341241850526e-01 3.904202850187186158e-01 -5.052353585823701199e-01 6.169112252621835601e-01
-6.272807717323303223e-02 -5.083254575729370117e-01 -1.529250383377075195e+00 4.601409847240369166e-01 3.904202744696748661e-01 -5.052353455275446770e-01 6.169111817108668960e-01
-6.272809952497482300e-02 -5.083255171775817871e-01 -1.529250502586364746e+00 4.601410332998894237e-01 3.904202656379555103e-01 -5.052353397550598535e-01 6.169111813530110400e-01
-6.272815167903900146e-02 -5.083255171775817871e-01 -1.529250502586364746e+00 4.601411608114778784e-01 3.904202384067353426e-01 -5.052353434507563801e-01 6.169111075499175145e-01
-6.272818893194198608e-02 -5.083255767822265625e-01 -1.529250621795654297e+00 4.601412620111260954e-01 3.904202335006597968e-01 -5.052353234131636839e-01 6.169110528313209718e-01
-6.272821128368377686e-02 -5.083255767822265625e-01 -1.529250741004943848e+00 4.601413267788893036e-01 3.904202109304548696e-01 -5.052353059339391717e-01 6.169109983811198461e-01
-6.272823363542556763e-02 -5.083255767822265625e-01 -1.529250741004943848e+00 4.601413753547056729e-01 3.904202182907173801e-01 -5.052353305213861390e-01 6.169109899273630404e-01
-6.272826343774795532e-02 -5.083255767822265625e-01 -1.529250741004943848e+00 4.601414461944287604e-01 3.904202067605272441e-01 -5.052353114351327834e-01 6.169109273365167567e-01
-6.272827833890914917e-02 -5.083256363868713379e-01 -1.529250860214233398e+00 4.601414886982573837e-01 3.904202030808061052e-01 -5.052353072697596259e-01 6.169108946396054671e-01
-6.272830069065093994e-02 -5.083256363868713379e-01 -1.529250860214233398e+00 4.601415392980481855e-01 3.904201601479714845e-01 -5.052352942150225568e-01 6.169108834723239232e-01
-6.272831559181213379e-02 -5.083256363868713379e-01 -1.529250860214233398e+00 4.601415858498508760e-01 3.904201530336371961e-01 -5.052353169768432073e-01 6.169108453483130861e-01
-6.272833794355392456e-02 -5.083256363868713379e-01 -1.529250979423522949e+00 4.601416364496310196e-01 3.904201424846837076e-01 -5.052353039221195719e-01 6.169108341810536356e-01
-6.272835284471511841e-02 -5.083256363868713379e-01 -1.529250979423522949e+00 4.601416789534420460e-01 3.904201388049849397e-01 -5.052352987447726873e-01 6.169108014841879761e-01
-6.272837519645690918e-02 -5.083256959915161133e-01 -1.529250979423522949e+00 4.601417295532119756e-01 3.904201282560438302e-01 -5.052352846780695517e-01 6.169107579330983526e-01
-6.272839009761810303e-02 -5.083256959915161133e-01 -1.529251098632812500e+00 4.601417761049954036e-01 3.904201211417320794e-01 -5.052353084518981241e-01 6.169107521929894089e-01
-6.272841244935989380e-02 -5.083256959915161133e-01 -1.529251098632812500e+00 4.601418267047546196e-01 3.904201105928042370e-01 -5.052352943852086442e-01 6.169107086419287622e-01
-6.272842735052108765e-02 -5.083256959915161133e-01 -1.529251098632812500e+00 4.601418692085481044e-01 3.904201069131247870e-01 -5.052352912318741618e-01 6.169106759451118416e-01
-6.272844970226287842e-02 -5.083257555961608887e-01 -1.529251217842102051e+00 4.601419238562767799e-01 3.904200929295894018e-01 -5.052352737325187526e-01 6.169106593508073555e-01
-6.272846460342407227e-02 -5.083257555961608887e-01 -1.529251217842102051e+00 4.601419663600612719e-01 3.904200892499200548e-01 -5.052352685552069511e-01 6.169106266540139716e-01
-6.272848695516586304e-02 -5.083257555961608887e-01 -1.529251217842102051e+00 4.601420169597995602e-01 3.904200787010178586e-01 -5.052352888963709265e-01 6.169106154868438940e-01
-6.272850185632705688e-02 -5.083257555961608887e-01 -1.529251337051391602e+00 4.601420716075106943e-01 3.904200647175051775e-01 -5.052352713970407194e-01 6.169105665087486479e-01
-6.272852420806884766e-02 -5.083257555961608887e-01 -1.529251337051391602e+00 4.601421141112815305e-01 3.904200610378511516e-01 -5.052352672317402815e-01 6.169105338119925674e-01
-6.272855401039123535e-02 -5.083258152008056641e-01 -1.529251337051391602e+00 4.601421869748795190e-01 3.904200477904924971e-01 -5.052352469353108555e-01 6.169105008917362687e-01
-6.272856891155242920e-02 -5.083258152008056641e-01 -1.529251456260681152e+00 4.601422294786396971e-01 3.904200441108500730e-01 -5.052352751538412567e-01 6.169104681950087210e-01
-6.272859126329421997e-02 -5.083258152008056641e-01 -1.529251456260681152e+00 4.601422800783491196e-01 3.904200335619833484e-01 -5.052352610872239413e-01 6.169104570279011490e-01
-6.272860616445541382e-02 -5.083258152008056641e-01 -1.529251456260681152e+00 4.601423266300768145e-01 3.904200426396413626e-01 -5.052352514652846960e-01 6.169104189040953701e-01
-6.272866576910018921e-02 -5.083258748054504395e-01 -1.529251694679260254e+00 4.601424804531435986e-01 3.904200092757913465e-01 -5.052352546068834549e-01 6.169103260176739267e-01
-6.272869557142257690e-02 -5.083259344100952148e-01 -1.529251694679260254e+00 4.601425533166835780e-01 3.904199960285006377e-01 -5.052352383585099194e-01 6.169102930975544075e-01
-6.272871792316436768e-02 -5.083259344100952148e-01 -1.529251694679260254e+00 4.601426039163573622e-01 3.904200016715715926e-01 -5.052352253039391616e-01 6.169102495467323477e-01
-6.272873282432556152e-02 -5.083259344100952148e-01 -1.529251813888549805e+00 4.601426504680523055e-01 3.904199945573612052e-01 -5.052352490778256877e-01 6.169102438068043703e-01
-6.272875517606735229e-02 -5.083259344100952148e-01 -1.529251813888549805e+00 4.601427010677154317e-01 3.904199840085488815e-01 -5.052352350112750967e-01 6.169102002560111764e-01
-6.272877007722854614e-02 -5.083259344100952148e-01 -1.529251813888549805e+00 4.601427435714280922e-01 3.904199479451770927e-01 -5.052352308460476005e-01 6.169101675594116374e-01
-6.272879242897033691e-02 -5.083259940147399902e-01 -1.529251933097839355e+00 4.601427941710809488e-01 3.904199373963807562e-01 -5.052352167795129967e-01 6.169101563924255238e-01
-6.272882223129272461e-02 -5.083259940147399902e-01 -1.529251933097839355e+00 4.601428690585569470e-01 3.904199224318504191e-01 -5.052352306926529701e-01 6.169100964710513280e-01
-6.272884458303451538e-02 -5.083259940147399902e-01 -1.529252052307128906e+00 4.601429318021085235e-01 3.904199177711448199e-01 -5.052352215080355702e-01 6.169100771187860932e-01
-6.272887438535690308e-02 -5.083260536193847656e-01 -1.529252052307128906e+00 4.601430046655770600e-01 3.904199045239422072e-01 -5.052352001997989506e-01 6.169100118150728784e-01
-6.272888928651809692e-02 -5.083260536193847656e-01 -1.529252052307128906e+00 4.601430451452768189e-01 3.904199025616843510e-01 -5.052351972449429240e-01 6.169100142158481237e-01
-6.272891163825988770e-02 -5.083260536193847656e-01 -1.529252171516418457e+00 4.601431018168505305e-01 3.904198868610271878e-01 -5.052352109192168594e-01 6.169099625245582086e-01
-6.272892653942108154e-02 -5.083260536193847656e-01 -1.529252171516418457e+00 4.601431443205261651e-01 3.904198831814786330e-01 -5.052352067540359926e-01 6.169099298280588117e-01
-6.272894889116287231e-02 -5.083260536193847656e-01 -1.529252171516418457e+00 4.601431949201349458e-01 3.904198726327359203e-01 -5.052351926875646715e-01 6.169099186611676222e-01
-6.272897124290466309e-02 -5.083261132240295410e-01 -1.529252290725708008e+00 4.601432414717701036e-01 3.904198655185984745e-01 -5.052351850897370822e-01 6.169098805376160843e-01
-6.272898614406585693e-02 -5.083261132240295410e-01 -1.529252290725708008e+00 4.601432920713682262e-01 3.904198549698690290e-01 -5.052352034070238807e-01 6.169098693707469883e-01
-6.272900849580764771e-02 -5.083261132240295410e-01 -1.529252290725708008e+00 4.601433345750263193e-01 3.904198512903398477e-01 -5.052351992418646631e-01 6.169098366742932216e-01
-6.272902339696884155e-02 -5.083261132240295410e-01 -1.529252409934997559e+00 4.601433851746141723e-01 3.904198407416227812e-01 -5.052351851754229850e-01 6.169097931237104149e-01
-6.272904574871063232e-02 -5.083261728286743164e-01 -1.529252409934997559e+00 4.601434317262301232e-01 3.904198336275077619e-01 -5.052351765656288851e-01 6.169097873839443080e-01
-6.272906064987182617e-02 -5.083261728286743164e-01 -1.529252409934997559e+00 4.601434823258072626e-01 3.904198230788039625e-01 -5.052351624992044155e-01 6.169097438333904782e-01
-6.272908300161361694e-02 -5.083261728286743164e-01 -1.529252529144287109e+00 4.601435228054649995e-01 3.904198211165909593e-01 -5.052351919281257153e-01 6.169097138505184041e-01
-6.272909790277481079e-02 -5.083261728286743164e-01 -1.529252529144287109e+00 4.601435774529972766e-01 3.904198071333063735e-01 -5.052351744290607405e-01 6.169096972566512349e-01
-6.272912025451660156e-02 -5.083261728286743164e-01 -1.529252529144287109e+00 4.601436341245054296e-01 3.904198076245932181e-01 -5.052351658395882739e-01 6.169096455655480593e-01
-6.272915005683898926e-02 -5.083262324333190918e-01 -1.529252648353576660e+00 4.601437090118447037e-01 3.904197926602273605e-01 -5.052351807648521875e-01 6.169096180282613862e-01
-6.272917985916137695e-02 -5.083262324333190918e-01 -1.529252648353576660e+00 4.601437737792634652e-01 3.904197862823503562e-01 -5.052351703700548313e-01 6.169095635790134979e-01
-6.272919476032257080e-02 -5.083262324333190918e-01 -1.529252767562866211e+00 4.601438243788030236e-01 3.904197757336914654e-01 -5.052351563036827642e-01 6.169095524122706342e-01
-6.272921711206436157e-02 -5.083262920379638672e-01 -1.529252767562866211e+00 4.601438709303745100e-01 3.904197686196275718e-01 -5.052351476939486163e-01 6.169095142888937344e-01
-6.272923201322555542e-02 -5.083262920379638672e-01 -1.529252767562866211e+00 4.601439215299034102e-01 3.904197580709819482e-01 -5.052351670232809733e-01 6.169095031221729641e-01
-6.272925436496734619e-02 -5.083262920379638672e-01 -1.529252886772155762e+00 4.601439640335033276e-01 3.904197543915160495e-01 -5.052351628581945864e-01 6.169094704258757389e-01
-6.272927671670913696e-02 -5.083262920379638672e-01 -1.529252886772155762e+00 4.601440186809832578e-01 3.904197080246074036e-01 -5.052351453592073272e-01 6.169094214484336369e-01
-6.272929161787033081e-02 -5.083262920379638672e-01 -1.529252886772155762e+00 4.601440611845742379e-01 3.904197205369979717e-01 -5.052351401821434385e-01 6.169094211358497892e-01
-6.272932887077331543e-02 -5.083263516426086426e-01 -1.529253005981445312e+00 4.601441522636845471e-01 3.904196918343860734e-01 -5.052351514968032031e-01 6.169093476027639467e-01
-6.272934377193450928e-02 -5.083263516426086426e-01 -1.529253005981445312e+00 4.601442069111421063e-01 3.904196940430377238e-01 -5.052351360218287901e-01 6.169093310090630888e-01
-6.272937357425689697e-02 -5.083263516426086426e-01 -1.529253125190734863e+00 4.601442696545112732e-01 3.904196731906954820e-01 -5.052351248134716588e-01 6.169092792735308972e-01
-6.272938847541809082e-02 -5.083264112472534180e-01 -1.529253125190734863e+00 4.601443202539962640e-01 3.904196626421067018e-01 -5.052351117591693530e-01 6.169092681069043849e-01
-6.272941082715988159e-02 -5.083264112472534180e-01 -1.529253125190734863e+00 4.601443627575594331e-01 3.904196751545168653e-01 -5.052351389658081837e-01 6.169092354107065246e-01
-6.272942572832107544e-02 -5.083264112472534180e-01 -1.529253244400024414e+00 4.601444133570342099e-01 3.904196646059386877e-01 -5.052351248995288202e-01 6.169091918604387992e-01
-6.272944808006286621e-02 -5.083264112472534180e-01 -1.529253244400024414e+00 4.601444599085460774e-01 3.904196574919457374e-01 -5.052351162898742754e-01 6.169091861208858552e-01
-6.272946298122406006e-02 -5.083264112472534180e-01 -1.529253244400024414e+00 4.601445105080101960e-01 3.904196469433807715e-01 -5.052351022236120093e-01 6.169091425706469956e-01
-6.272948533296585083e-02 -5.083264708518981934e-01 -1.529253363609313965e+00 4.601445530115557681e-01 3.904196432639759906e-01 -5.052351304422488809e-01 6.169091422581500783e-01
-6.272950023412704468e-02 -5.083264708518981934e-01 -1.529253363609313965e+00 4.601446056349876579e-01 3.904196309981355917e-01 -5.052351141536873813e-01 6.169090959944211194e-01
-6.272952258586883545e-02 -5.083264708518981934e-01 -1.529253363609313965e+00 4.601446481385244591e-01 3.904196273187404698e-01 -5.052351099886814856e-01 6.169090632982947575e-01
-6.272953748703002930e-02 -5.083264708518981934e-01 -1.529253482818603516e+00 4.601446987379678721e-01 3.904196167702007059e-01 -5.052350959224484184e-01 6.169090521317569520e-01
-6.272955983877182007e-02 -5.083265304565429688e-01 -1.529253482818603516e+00 4.601447412414960136e-01 3.904196130908150209e-01 -5.052350917574545131e-01 6.169090194356529055e-01
-6.272958219051361084e-02 -5.083265304565429688e-01 -1.529253482818603516e+00 4.601447958888836287e-01 3.904195991077149541e-01 -5.052351056302530896e-01 6.169089623625620966e-01
-6.272959709167480469e-02 -5.083265304565429688e-01 -1.529253602027893066e+00 4.601448383924027774e-01 3.904195954283393166e-01 -5.052351014652690653e-01 6.169089620501173599e-01
-6.272961944341659546e-02 -5.083265304565429688e-01 -1.529253602027893066e+00 4.601448910158020822e-01 3.904195831625396074e-01 -5.052350882127218945e-01 6.169089238823884935e-01
-6.272965669631958008e-02 -5.083265900611877441e-01 -1.529253721237182617e+00 4.601449861427008847e-01 3.904195672173875198e-01 -5.052350960949240077e-01 6.169088692104462979e-01
-6.272967159748077393e-02 -5.083265900611877441e-01 -1.529253721237182617e+00 4.601450286462024919e-01 3.904195635380312002e-01 -5.052350939539379526e-01 6.169088365144150821e-01
-6.272969394922256470e-02 -5.083265900611877441e-01 -1.529253721237182617e+00 4.601450853175318989e-01 3.904195478376907280e-01 -5.052350752448191429e-01 6.169088172074354004e-01
-6.272970885038375854e-02 -5.083265900611877441e-01 -1.529253840446472168e+00 4.601451278210243467e-01 3.904195603501506850e-01 -5.052350720918576954e-01 6.169087926073313355e-01
-6.272973120212554932e-02 -5.083266496658325195e-01 -1.529253840446472168e+00 4.601451784204150242e-01 3.904195498016740373e-01 -5.052350610616646032e-01 6.169087814409056625e-01
-6.272975355386734009e-02 -5.083266496658325195e-01 -1.529253840446472168e+00 4.601452350917259460e-01 3.904195017177518046e-01 -5.052350747361804562e-01 6.169087297503595968e-01
-6.272977590560913086e-02 -5.083266496658325195e-01 -1.529253959655761719e+00 4.601452897390548857e-01 3.904194877347297865e-01 -5.052350653333178565e-01 6.169086807733432654e-01
-6.272979080677032471e-02 -5.083266496658325195e-01 -1.529253959655761719e+00 4.601453383144529230e-01 3.904194950953601695e-01 -5.052350565254534187e-01 6.169086723204647571e-01
-6.276123970746994019e-02 -5.083484649658203125e-01 -1.529205203056335449e+00 4.601428245308699649e-01 3.904177743077641982e-01 -5.052362146653708308e-01 6.169106824053193217e-01
-6.276127696037292480e-02 -5.083484649658203125e-01 -1.529205203056335449e+00 4.601428589386284962e-01 3.904177613056719065e-01 -5.052362052215002564e-01 6.169106767547648529e-01
-6.276131421327590942e-02 -5.083484649658203125e-01 -1.529205203056335449e+00 4.601429054902976268e-01 3.904177541917140393e-01 -5.052361824436359949e-01 6.169106629188894075e-01
-6.276135891675949097e-02 -5.083484649658203125e-01 -1.529205203056335449e+00 4.601429439460207882e-01 3.904177053712812318e-01 -5.052361685551112203e-01 6.169106599371988464e-01
-6.276139616966247559e-02 -5.083484649658203125e-01 -1.529205203056335449e+00 4.601429824017406744e-01 3.904176889346221979e-01 -5.052361546665922187e-01 6.169106812433352571e-01
-6.276143342256546021e-02 -5.083485245704650879e-01 -1.529205203056335449e+00 4.601430168094873818e-01 3.904176759325507784e-01 -5.052361442107498046e-01 6.169106836887386924e-01
-6.276147812604904175e-02 -5.083485245704650879e-01 -1.529205203056335449e+00 4.601430613371557121e-01 3.904176543440296965e-01 -5.052361236552482815e-01 6.169106725664313950e-01
-6.276151537895202637e-02 -5.083485245704650879e-01 -1.529205203056335449e+00 4.601430997928658284e-01 3.904176379073873715e-01 -5.052361087547549978e-01 6.169106614888199003e-01
-6.276155263185501099e-02 -5.083485245704650879e-01 -1.529205322265625000e+00 4.601431382485727806e-01 3.904175890869986953e-01 -5.052360938542677093e-01 6.169106585071524318e-01
-6.276159733533859253e-02 -5.083485841751098633e-01 -1.529205322265625000e+00 4.601431726563077751e-01 3.904175760849490917e-01 -5.052360844104384352e-01 6.169106933363218692e-01
-6.274921447038650513e-02 -5.083673000335693359e-01 -1.529208540916442871e+00 4.601527196913885454e-01 3.904118236553856258e-01 -5.052477540555962987e-01 6.168976510864706553e-01
-6.274924427270889282e-02 -5.083673000335693359e-01 -1.529208540916442871e+00 4.601527621941758350e-01 3.904118037858751999e-01 -5.052477023276784607e-01 6.168976345845200715e-01
-6.274928897619247437e-02 -5.083673000335693359e-01 -1.529208540916442871e+00 4.601528107687850588e-01 3.904117463817242673e-01 -5.052476864356924002e-01 6.168976666128412889e-01
-6.274931877851486206e-02 -5.083673596382141113e-01 -1.529208660125732422e+00 4.601528532715639108e-01 3.904117265122321045e-01 -5.052476660788975948e-01 6.168976501109038058e-01
-6.274934858083724976e-02 -5.083673596382141113e-01 -1.529208660125732422e+00 4.601528917264557372e-01 3.904117100771292148e-01 -5.052476511786552216e-01 6.168976390357133743e-01
-6.274937093257904053e-02 -5.083674192428588867e-01 -1.529208660125732422e+00 4.601529241095200229e-01 3.904116987936044336e-01 -5.052476419333077340e-01 6.168976441964019175e-01
-6.274943053722381592e-02 -5.083674192428588867e-01 -1.529208660125732422e+00 4.601529908995828921e-01 3.904116421263167935e-01 -5.052476161604854132e-01 6.168976356128882399e-01
-6.274947524070739746e-02 -5.083674788475036621e-01 -1.529208660125732422e+00 4.601530536417542949e-01 3.904116212764867089e-01 -5.052475907843696490e-01 6.168976486476521748e-01
-6.274951994419097900e-02 -5.083674788475036621e-01 -1.529208779335021973e+00 4.601531082881547552e-01 3.904115911039007791e-01 -5.052475702495262677e-01 6.168976401528414311e-01
-6.274954974651336670e-02 -5.083675384521484375e-01 -1.529208779335021973e+00 4.601531467430252098e-01 3.904115746688364696e-01 -5.052475543373534661e-01 6.168976371734484765e-01
-6.274957954883575439e-02 -5.083675384521484375e-01 -1.529208779335021973e+00 4.601531811500118585e-01 3.904115292851093044e-01 -5.052475438817242148e-01 6.168976315250309650e-01
-6.274960935115814209e-02 -5.083675980567932129e-01 -1.529208779335021973e+00 4.601532175809360803e-01 3.904115145672457654e-01 -5.052475301918459838e-01 6.168976555462947209e-01
-6.274963170289993286e-02 -5.083675980567932129e-01 -1.529208779335021973e+00 4.601532641315573269e-01 3.904114912634494838e-01 -5.052474740194902170e-01 6.168976417134528489e-01
-6.274966895580291748e-02 -5.083675980567932129e-01 -1.529208779335021973e+00 4.601532985385351493e-01 3.904114944543027876e-01 -5.052474635638791733e-01 6.168976360650483270e-01
-6.274969130754470825e-02 -5.083676576614379883e-01 -1.529208779335021973e+00 4.601533369933897277e-01 3.904114780192667888e-01 -5.052474486637091866e-01 6.168976330856782431e-01
-6.274972110986709595e-02 -5.083676576614379883e-01 -1.529208898544311523e+00 4.601533693764227051e-01 3.904114343527640418e-01 -5.052474394184192086e-01 6.168976301506461368e-01
-6.274975091218948364e-02 -5.083676576614379883e-01 -1.529208898544311523e+00 4.601534078312713438e-01 3.904114179177406441e-01 -5.052474245182599910e-01 6.168976595543140817e-01
-6.274978071451187134e-02 -5.083677172660827637e-01 -1.529208898544311523e+00 4.601534503339950732e-01 3.904113980483513435e-01 -5.052474041615763189e-01 6.168976430524726329e-01
-6.274981051683425903e-02 -5.083677172660827637e-01 -1.529208898544311523e+00 4.601534867648979787e-01 3.904113833305249415e-01 -5.052473914837100066e-01 6.168976346907264485e-01
-6.274984031915664673e-02 -5.083677768707275391e-01 -1.529208898544311523e+00 4.601535211718592033e-01 3.904113703298883187e-01 -5.052473800161590978e-01 6.168976371381026391e-01
-6.274987012147903442e-02 -5.083677768707275391e-01 -1.529208898544311523e+00 4.601535596266951855e-01 3.904113215118680258e-01 -5.052473641040543528e-01 6.168976260630042452e-01
-6.274989992380142212e-02 -5.083677768707275391e-01 -1.529208898544311523e+00 4.601535940336509700e-01 3.904113085112426718e-01 -5.052473536484825001e-01 6.168976285103880963e-01
-6.274992972612380981e-02 -5.083678364753723145e-01 -1.529209017753601074e+00 4.601536385602957857e-01 3.904112869247023387e-01 -5.052473310695542175e-01 6.168976416782315786e-01
-6.274995952844619751e-02 -5.083678364753723145e-01 -1.529209017753601074e+00 4.601536729672456860e-01 3.904112739240868102e-01 -5.052473196020240698e-01 6.168976360298690231e-01
-6.274998933076858521e-02 -5.083678364753723145e-01 -1.529209017753601074e+00 4.601537114220689562e-01 3.904112574891092091e-01 -5.052473047019124808e-01 6.168976330505433481e-01
-6.275001913309097290e-02 -5.083678960800170898e-01 -1.529209017753601074e+00 4.601537478529512115e-01 3.904112103883146112e-01 -5.052472596410787498e-01 6.168976246888303594e-01
-6.275004893541336060e-02 -5.083678960800170898e-01 -1.529209017753601074e+00 4.601537822598928962e-01 3.904111973877149033e-01 -5.052472481735656995e-01 6.168976271362321961e-01
-6.275007873773574829e-02 -5.083679556846618652e-01 -1.529209017753601074e+00 4.601538288104570218e-01 3.904111740840277012e-01 -5.052472243843696420e-01 6.168976375907363474e-01
-6.275010854005813599e-02 -5.083679556846618652e-01 -1.529209017753601074e+00 4.601538611934553602e-01 3.904111628006196044e-01 -5.052472151391433908e-01 6.168976427515028282e-01
-6.275013089179992676e-02 -5.083679556846618652e-01 -1.529209136962890625e+00 4.601538996482629207e-01 3.904111463656713132e-01 -5.052471992270952672e-01 6.168976316764502865e-01
-6.275021284818649292e-02 -5.083680152893066406e-01 -1.529209136962890625e+00 4.601539988211728049e-01 3.904110784153135838e-01 -5.052471631973698418e-01 6.168976201581786167e-01
-6.275030970573425293e-02 -5.083681344985961914e-01 -1.529209136962890625e+00 4.601541222812960963e-01 3.904109898588554173e-01 -5.052471136559953946e-01 6.168976246541505448e-01
-6.275051832199096680e-02 -5.083682537078857422e-01 -1.529209256172180176e+00 4.601543934886637710e-01 3.904108569059723255e-01 -5.052469757625900337e-01 6.168976091817391927e-01
-6.275080889463424683e-02 -5.083684921264648438e-01 -1.529209494590759277e+00 4.601547658925499995e-01 3.904106380947283128e-01 -5.052467996178509058e-01 6.168976037653900457e-01
-6.275089830160140991e-02 -5.083685517311096191e-01 -1.529209494590759277e+00 4.601548772088704942e-01 3.904105760332008956e-01 -5.052467613865320173e-01 6.168976245417099324e-01
-6.275111436843872070e-02 -5.083687305450439453e-01 -1.529209613800048828e+00 4.601551524636565138e-01 3.904104234553666397e-01 -5.052466554802975685e-01 6.168976117389617375e-01
-6.275130808353424072e-02 -5.083688497543334961e-01 -1.529209733009338379e+00 4.601554014071814747e-01 3.904102932010138360e-01 -5.052465228056309821e-01 6.168975937312531910e-01
-6.275136023759841919e-02 -5.083689093589782715e-01 -1.529209852218627930e+00 4.601554661729545526e-01 3.904102382517057879e-01 -5.052465012796918398e-01 6.168976202444982349e-01
-6.275141239166259766e-02 -5.083689689636230469e-01 -1.529209852218627930e+00 4.601555309387184711e-01 3.904102156853006544e-01 -5.052464757059088596e-01 6.168976062791483583e-01
-6.275150179862976074e-02 -5.083690285682678223e-01 -1.529209852218627930e+00 4.601556503505718210e-01 3.904101305640448327e-01 -5.052464295978802422e-01 6.168975838194623584e-01
-6.275153905153274536e-02 -5.083690285682678223e-01 -1.529209852218627930e+00 4.601556948770176292e-01 3.904101089778838629e-01 -5.052464130911485940e-01 6.168976131789521977e-01
-6.275158375501632690e-02 -5.083690881729125977e-01 -1.529209971427917480e+00 4.601557495231043959e-01 3.904100949973489665e-01 -5.052463601740431187e-01 6.168976046846150751e-01
-6.275161355733871460e-02 -5.083690881729125977e-01 -1.529209971427917480e+00 4.601557859538252804e-01 3.904100802798536884e-01 -5.052463474965226409e-01 6.168975963231577708e-01
-6.275164335966110229e-02 -5.083691477775573730e-01 -1.529209971427917480e+00 4.601558325041866793e-01 3.904100245936945601e-01 -5.052463237077439162e-01 6.168975824907474426e-01
-6.275167316198348999e-02 -5.083691477775573730e-01 -1.529209971427917480e+00 4.601558669109725441e-01 3.904100115933745729e-01 -5.052463122405238538e-01 6.168976092254921939e-01
-6.275170296430587769e-02 -5.083691477775573730e-01 -1.529209971427917480e+00 4.601559053656124609e-01 3.904099951587363670e-01 -5.052462973407687574e-01 6.168976062464287535e-01
-6.275174021720886230e-02 -5.083692073822021484e-01 -1.529209971427917480e+00 4.601559579877461115e-01 3.904099667039785393e-01 -5.052462759929373659e-01 6.168975923697505026e-01
-6.275186687707901001e-02 -5.083693265914916992e-01 -1.529210090637207031e+00 4.601561158541109808e-01 3.904098813397747225e-01 -5.052462170093303673e-01 6.168975993140407565e-01
-6.275257468223571777e-02 -5.083694458007812500e-01 -1.529209852218627930e+00 4.601572897305100662e-01 3.904086263292639303e-01 -5.052521646435779168e-01 6.168926334942688161e-01
-6.275269389152526855e-02 -5.083695054054260254e-01 -1.529209852218627930e+00 4.601574475964180233e-01 3.904085247747822729e-01 -5.052522189982299183e-01 6.168925351969322124e-01
-6.275278329849243164e-02 -5.083695650100708008e-01 -1.529209852218627930e+00 4.601575568881687284e-01 3.904084482404516776e-01 -5.052522649576002278e-01 6.168924858273603373e-01
-6.275284290313720703e-02 -5.083696246147155762e-01 -1.529209852218627930e+00 4.601576418928458034e-01 3.904083923118717436e-01 -5.052522859741366279e-01 6.168924123475526544e-01
-6.275293976068496704e-02 -5.083696842193603516e-01 -1.529209971427917480e+00 4.601577633280715118e-01 3.904083216661657918e-01 -5.052523327674007803e-01 6.168923143156371802e-01
-6.275299936532974243e-02 -5.083697438240051270e-01 -1.529209971427917480e+00 4.601578382131114031e-01 3.904082743233622255e-01 -5.052523638832959740e-01 6.168922867850991087e-01
-6.275307387113571167e-02 -5.083697438240051270e-01 -1.529209971427917480e+00 4.601579394090918873e-01 3.904082046577870280e-01 -5.052523934327385335e-01 6.168921996948316666e-01
-6.275313347578048706e-02 -5.083698034286499023e-01 -1.529209971427917480e+00 4.601580122701840470e-01 3.904081590321822892e-01 -5.052524206991446665e-01 6.168921748776461378e-01
-6.275320798158645630e-02 -5.083698630332946777e-01 -1.529210090637207031e+00 4.601581094182889409e-01 3.904080928009640572e-01 -5.052524536811614508e-01 6.168920932140545821e-01
-6.275328248739242554e-02 -5.083699226379394531e-01 -1.529210090637207031e+00 4.601581984707004969e-01 3.904080334383325801e-01 -5.052525279349061593e-01 6.168920547863450121e-01
-6.275335699319839478e-02 -5.083699822425842285e-01 -1.529210090637207031e+00 4.601583037144373334e-01 3.904079603386634845e-01 -5.052525591116173720e-01 6.168919703654127673e-01
-6.275340914726257324e-02 -5.083699822425842285e-01 -1.529210090637207031e+00 4.601583705037193273e-01 3.904079198645833415e-01 -5.052525819132598350e-01 6.168919132098501512e-01
-6.275361776351928711e-02 -5.083701014518737793e-01 -1.529210209846496582e+00 4.601586356368342901e-01 3.904077596855932697e-01 -5.052526834377885079e-01 6.168917682578235473e-01
-6.275376677513122559e-02 -5.083702206611633301e-01 -1.529210329055786133e+00 4.601588258849294566e-01 3.904076306580313016e-01 -5.052527477746767692e-01 6.168916103579938914e-01
-6.275390833616256714e-02 -5.083703398704528809e-01 -1.529210329055786133e+00 4.601590100612020229e-01 3.904075067820237943e-01 -5.052528137185628987e-01 6.168914929808450021e-01
-6.275401264429092407e-02 -5.083703994750976562e-01 -1.529210329055786133e+00 4.601591375678090734e-01 3.904074309856904734e-01 -5.052528983713071575e-01 6.168914272884250538e-01
-6.275412440299987793e-02 -5.083704590797424316e-01 -1.529210448265075684e+00 4.601592913852562416e-01 3.904073328668128395e-01 -5.052529430032879354e-01 6.168913263236255329e-01
-6.275419145822525024e-02 -5.083705186843872070e-01 -1.529210448265075684e+00 4.601593723417867210e-01 3.904072803731682972e-01 -5.052529785840323973e-01 6.168912663669205987e-01
-6.275426596403121948e-02 -5.083705782890319824e-01 -1.529210448265075684e+00 4.601594674656918627e-01 3.904072158596971764e-01 -5.052530097405707465e-01 6.168912198000132685e-01
-6.275432556867599487e-02 -5.083705782890319824e-01 -1.529210567474365234e+00 4.601595484221913668e-01 3.904071633661195251e-01 -5.052530372256747171e-01 6.168911517477423390e-01
-6.275442242622375488e-02 -5.083706378936767578e-01 -1.529210567474365234e+00 4.601596658090904013e-01 3.904070799644037137e-01 -5.052530894755455915e-01 6.168910591437613000e-01
-6.275445967912673950e-02 -5.083706974983215332e-01 -1.529210567474365234e+00 4.601597224786171392e-01 3.904070480763371376e-01 -5.052531001135023292e-01 6.168910398420018870e-01
-6.275449693202972412e-02 -5.083706974983215332e-01 -1.529210567474365234e+00 4.601597670046689847e-01 3.904070102997088676e-01 -5.052531180131968336e-01 6.168910044372301060e-01
-6.275453418493270874e-02 -5.083707571029663086e-01 -1.529210567474365234e+00 4.601598074828941454e-01 3.904069921486184591e-01 -5.052531403573810032e-01 6.168909744589879951e-01
-6.275457143783569336e-02 -5.083707571029663086e-01 -1.529210567474365234e+00 4.601598520089377753e-01 3.904069705632973730e-01 -5.052531572451217645e-01 6.168909390542401949e-01
-6.275460869073867798e-02 -5.083707571029663086e-01 -1.529210686683654785e+00 4.601599066545308259e-01 3.904069242011086183e-01 -5.052531680814237314e-01 6.168909224657912471e-01
-6.275464594364166260e-02 -5.083708167076110840e-01 -1.529210686683654785e+00 4.601599491566542577e-01 3.904069043329242983e-01 -5.052531882033671762e-01 6.168908897743253794e-01
-6.275467574596405029e-02 -5.083708167076110840e-01 -1.529210686683654785e+00 4.601599916587738037e-01 3.904068682734641027e-01 -5.052532063014006924e-01 6.168908570828708360e-01
-6.275471299886703491e-02 -5.083708167076110840e-01 -1.529210686683654785e+00 4.601600442804401614e-01 3.904068398197129697e-01 -5.052532143001786658e-01 6.168908108251519584e-01
-6.275475025177001953e-02 -5.083708763122558594e-01 -1.529210686683654785e+00 4.601600847586409526e-01 3.904068054773895957e-01 -5.052532346204577918e-01 6.168907808469776821e-01
-6.275478005409240723e-02 -5.083708763122558594e-01 -1.529210686683654785e+00 4.601601292846577707e-01 3.904067838921222999e-01 -5.052532838907647372e-01 6.168907778248619023e-01
-6.275481730699539185e-02 -5.083709359169006348e-01 -1.529210686683654785e+00 4.601601738106702033e-01 3.904067623068628867e-01 -5.052533007785141583e-01 6.168907424201997003e-01
-6.275485455989837646e-02 -5.083709359169006348e-01 -1.529210686683654785e+00 4.601602223844970529e-01 3.904067210961072454e-01 -5.052533122098281648e-01 6.168907015890450207e-01
-6.275488436222076416e-02 -5.083709359169006348e-01 -1.529210805892944336e+00 4.601602648865913414e-01 3.904067012279800464e-01 -5.052533303078673432e-01 6.168906688976610875e-01
-6.275492161512374878e-02 -5.083709955215454102e-01 -1.529210805892944336e+00 4.601603053647727593e-01 3.904066668857017475e-01 -5.052533506281476905e-01 6.168906389195396578e-01
-6.275499612092971802e-02 -5.083710551261901855e-01 -1.529210805892944336e+00 4.601604085841192182e-01 3.904065955042012592e-01 -5.052533809914337981e-01 6.168905815001156645e-01
-6.275504082441329956e-02 -5.083710551261901855e-01 -1.529210805892944336e+00 4.601604632296462105e-01 3.904065653334354846e-01 -5.052534070070807681e-01 6.168905406249183265e-01
-6.275507807731628418e-02 -5.083711147308349609e-01 -1.529210805892944336e+00 4.601605118034424735e-01 3.904065403140171142e-01 -5.052534224862261780e-01 6.168904997938516876e-01
-6.275511533021926880e-02 -5.083711147308349609e-01 -1.529210805892944336e+00 4.601605583533258104e-01 3.904065008204565257e-01 -5.052534381637043825e-01 6.168904940585737684e-01
-6.275515258312225342e-02 -5.083711147308349609e-01 -1.529210805892944336e+00 4.601606028792967762e-01 3.904064792352798241e-01 -5.052534550514685696e-01 6.168904586540274737e-01
-6.275518983602523804e-02 -5.083711743354797363e-01 -1.529210925102233887e+00 4.601606514530783287e-01 3.904064380246309307e-01 -5.052534695186666758e-01 6.168904178230015800e-01
-6.275522708892822266e-02 -5.083711743354797363e-01 -1.529210925102233887e+00 4.601607020507619827e-01 3.904064112881434623e-01 -5.052534939070736364e-01 6.168903742787458233e-01
-6.275530159473419189e-02 -5.083712339401245117e-01 -1.529210925102233887e+00 4.601607971743922887e-01 3.904063467752715844e-01 -5.052535210159034840e-01 6.168903277125258322e-01
-6.275536119937896729e-02 -5.083712935447692871e-01 -1.529210925102233887e+00 4.601608700350319214e-01 3.904063011506282987e-01 -5.052535492944119078e-01 6.168902705138935572e-01
-6.275541335344314575e-02 -5.083712935447692871e-01 -1.529210925102233887e+00 4.601609388478477003e-01 3.904062589602235178e-01 -5.052535739217696165e-01 6.168902187417786287e-01
-6.275547295808792114e-02 -5.083713531494140625e-01 -1.529211044311523438e+00 4.601610137323707828e-01 3.904062116185207931e-01 -5.052536050378155785e-01 6.168901912124643561e-01
-6.275554001331329346e-02 -5.083714127540588379e-01 -1.529211044311523438e+00 4.601611027842202328e-01 3.904061522571049547e-01 -5.052536701839114297e-01 6.168901204036314478e-01
-6.275559961795806885e-02 -5.083714127540588379e-01 -1.529211044311523438e+00 4.601611877882422763e-01 3.904060963299357812e-01 -5.052536912007454806e-01 6.168900793081866230e-01
-6.275564432144165039e-02 -5.083714723587036133e-01 -1.529211044311523438e+00 4.601612343380572234e-01 3.904060730277753022e-01 -5.052537119380107189e-01 6.168900411905730019e-01
-6.275567412376403809e-02 -5.083714723587036133e-01 -1.529211044311523438e+00 4.601612768400580311e-01 3.904060369685932730e-01 -5.052537320599804760e-01 6.168900084994473065e-01
-6.275571137666702271e-02 -5.083715319633483887e-01 -1.529211044311523438e+00 4.601613213659594970e-01 3.904060153835541280e-01 -5.052537499597185011e-01 6.168899730950965221e-01
-6.275574862957000732e-02 -5.083715319633483887e-01 -1.529211044311523438e+00 4.601613739874737541e-01 3.904059707388776168e-01 -5.052537569466259981e-01 6.168899592202847781e-01
-6.275577843189239502e-02 -5.083715319633483887e-01 -1.529211163520812988e+00 4.601614124416534835e-01 3.904059543051641712e-01 -5.052537805011105831e-01 6.168899319556638838e-01
-6.275580823421478271e-02 -5.083707571029663086e-01 -1.529210329055786133e+00 4.601533997355140015e-01 3.904114733610296040e-01 -5.052540790122527214e-01 6.168921571969676609e-01
-6.275602430105209351e-02 -5.083708167076110840e-01 -1.529210448265075684e+00 4.601533592567251252e-01 3.904115238962777568e-01 -5.052542165596819457e-01 6.168920738358731892e-01
-6.275629252195358276e-02 -5.083709359169006348e-01 -1.529210448265075684e+00 4.601533228258121166e-01 3.904115548056454887e-01 -5.052543618061530184e-01 6.168919526650545881e-01
-6.275638192892074585e-02 -5.083709955215454102e-01 -1.529210448265075684e+00 4.601533127061135375e-01 3.904115472000643794e-01 -5.052543992289311170e-01 6.168919095614390224e-01
-6.275647878646850586e-02 -5.083710551261901855e-01 -1.529210567474365234e+00 4.601532985385351493e-01 3.904115754118947512e-01 -5.052544421083066117e-01 6.168918637887411682e-01
-6.275654584169387817e-02 -5.083710551261901855e-01 -1.529210567474365234e+00 4.601532884188360706e-01 3.904115839978328228e-01 -5.052545038183671178e-01 6.168918368766408422e-01
-6.275662034749984741e-02 -5.083711147308349609e-01 -1.529210567474365234e+00 4.601532782991367143e-01 3.904115763922524907e-01 -5.052545351693323861e-01 6.168918018687802318e-01
-6.275679916143417358e-02 -5.083711743354797363e-01 -1.529210567474365234e+00 4.601532540118574155e-01 3.904116131900268183e-01 -5.052546458306054200e-01 6.168917210882133295e-01
-6.275692582130432129e-02 -5.083712339401245117e-01 -1.529210567474365234e+00 4.601532297245768399e-01 3.904116499878060864e-01 -5.052547069053590079e-01 6.168916726906813475e-01
-6.275699287652969360e-02 -5.083712935447692871e-01 -1.529210567474365234e+00 4.601532216288163890e-01 3.904116568565598744e-01 -5.052547340100790318e-01 6.168916430652355842e-01
-6.275704503059387207e-02 -5.083712935447692871e-01 -1.529210686683654785e+00 4.601532135330557716e-01 3.904116475337927050e-01 -5.052547590908600394e-01 6.168916134397890438e-01
-6.275708973407745361e-02 -5.083713531494140625e-01 -1.529210686683654785e+00 4.601532074612352252e-01 3.904116850684015705e-01 -5.052548092725195339e-01 6.168915972925241853e-01
-6.275712698698043823e-02 -5.083713531494140625e-01 -1.529210686683654785e+00 4.601531993654743302e-01 3.904116919371566907e-01 -5.052548292934523344e-01 6.168915838585982137e-01
-6.275716423988342285e-02 -5.083713531494140625e-01 -1.529210686683654785e+00 4.601531953175938550e-01 3.904116953715344174e-01 -5.052548438577846301e-01 6.168915649979935800e-01
-6.275720149278640747e-02 -5.083714127540588379e-01 -1.529210686683654785e+00 4.601531912697133242e-01 3.904116826143900210e-01 -5.052548584221171479e-01 6.168915542331497859e-01
-6.275723874568939209e-02 -5.083714127540588379e-01 -1.529210686683654785e+00 4.601531872218327379e-01 3.904116860487677476e-01 -5.052548719744799355e-01 6.168915353725445971e-01
-6.275726854801177979e-02 -5.083714127540588379e-01 -1.529210686683654785e+00 4.601531791260715099e-01 3.904116929175235340e-01 -5.052548909834448931e-01 6.168915219386174043e-01
-6.275730580091476440e-02 -5.083714127540588379e-01 -1.529210686683654785e+00 4.601531750781908681e-01 3.904117287349469501e-01 -5.052549055477785211e-01 6.168915030780116604e-01
-6.275734305381774902e-02 -5.083714723587036133e-01 -1.529210686683654785e+00 4.601531730542505194e-01 3.904117142606133295e-01 -5.052549178897963733e-01 6.168914815040664745e-01
-6.275739520788192749e-02 -5.083714723587036133e-01 -1.529210686683654785e+00 4.601531649584890693e-01 3.904117211293700040e-01 -5.052549743416602235e-01 6.168914599743766658e-01
-6.275743246078491211e-02 -5.083714723587036133e-01 -1.529210686683654785e+00 4.601531609106082610e-01 3.904117245637484523e-01 -5.052549889059951838e-01 6.168914411137699227e-01
-6.275746971368789673e-02 -5.083715319633483887e-01 -1.529210686683654785e+00 4.601531528148465888e-01 3.904117314325056265e-01 -5.052550079149638051e-01 6.168914276798409535e-01
-6.275750696659088135e-02 -5.083715319633483887e-01 -1.529210686683654785e+00 4.601531487669656695e-01 3.904117186753607305e-01 -5.052550224792996536e-01 6.168914169149953830e-01
-6.275755167007446289e-02 -5.083715319633483887e-01 -1.529210686683654785e+00 4.601531447190847501e-01 3.904117544927870331e-01 -5.052550410915166434e-01 6.168913899586259131e-01
-6.275760382413864136e-02 -5.083715915679931641e-01 -1.529210805892944336e+00 4.601531345993822297e-01 3.904117630787348747e-01 -5.052550643467448310e-01 6.168913711422728818e-01
-6.275764107704162598e-02 -5.083715915679931641e-01 -1.529210805892944336e+00 4.601531305515011994e-01 3.904117503215898122e-01 -5.052550789110817897e-01 6.168913522816643624e-01
-6.275787204504013062e-02 -5.083717107772827148e-01 -1.529210805892944336e+00 4.601531001923921393e-01 3.904117922709616773e-01 -5.052552104069663041e-01 6.168912472580244666e-01
-6.275794655084609985e-02 -5.083717107772827148e-01 -1.529210805892944336e+00 4.601530799529849336e-01 3.904117932513368472e-01 -5.052552862645791620e-01 6.168912258168365303e-01
-6.275799870491027832e-02 -5.083717703819274902e-01 -1.529210805892944336e+00 4.601530718572218182e-01 3.904118325031503689e-01 -5.052553093214394719e-01 6.168912042871400603e-01
-6.275804340839385986e-02 -5.083717703819274902e-01 -1.529210805892944336e+00 4.601530698332810254e-01 3.904118342203408143e-01 -5.052553226754328275e-01 6.168911827131894343e-01
-6.275807321071624756e-02 -5.083717703819274902e-01 -1.529210805892944336e+00 4.601530617375177434e-01 3.904118248975759209e-01 -5.052553416844127732e-01 6.168911692792553580e-01
-6.275811046361923218e-02 -5.083718299865722656e-01 -1.529210805892944336e+00 4.601530576896360469e-01 3.904118283319568117e-01 -5.052553562487552830e-01 6.168911504186430639e-01
-6.275814771652221680e-02 -5.083718299865722656e-01 -1.529210925102233887e+00 4.601530536417542949e-01 3.904118317663378690e-01 -5.052553708130981258e-01 6.168911315580304366e-01
-6.275819242000579834e-02 -5.083718299865722656e-01 -1.529210925102233887e+00 4.601530475699316391e-01 3.904118207263823082e-01 -5.052553896237014230e-01 6.168911154107564743e-01
-6.275825947523117065e-02 -5.083718895912170410e-01 -1.529210925102233887e+00 4.601530394741679686e-01 3.904118599781996046e-01 -5.052554501234731710e-01 6.168910776895297765e-01
-6.275830417871475220e-02 -5.083718895912170410e-01 -1.529210925102233887e+00 4.601530313784041315e-01 3.904118668469628295e-01 -5.052554711563983503e-01 6.168910642555937018e-01
-6.275834143161773682e-02 -5.083718895912170410e-01 -1.529210925102233887e+00 4.601530253065811982e-01 3.904118558070074352e-01 -5.052554879430631862e-01 6.168910481083184072e-01
-6.275838613510131836e-02 -5.083719491958618164e-01 -1.529210925102233887e+00 4.601530192347581538e-01 3.904118609585800481e-01 -5.052555077656402105e-01 6.168910319610427795e-01
