repeatability steamvr; 20211015-225801; x y z w i j k;  frequency = 150 duration = 2 sys.args = ['.\\repeatability.py']
-6.275306642055511475e-02 -5.082668066024780273e-01 -1.529005765914916992e+00 4.602214132389777501e-01 3.904589088294209143e-01 -5.050329038925808200e-01 6.169925156234836727e-01
-6.275302171707153320e-02 -5.082665681838989258e-01 -1.529006242752075195e+00 4.602215710828900241e-01 3.904587101558039119e-01 -5.050323451762233073e-01 6.169929353867953381e-01
-6.275300681591033936e-02 -5.082665085792541504e-01 -1.529006361961364746e+00 4.602215933429245620e-01 3.904586750809503903e-01 -5.050322640868740720e-01 6.169930512460729544e-01
-6.275300681591033936e-02 -5.082665085792541504e-01 -1.529006361961364746e+00 4.602216095320399436e-01 3.904586775349856431e-01 -5.050321947186596772e-01 6.169930781095878114e-01
-6.275299936532974243e-02 -5.082664489746093750e-01 -1.529006481170654297e+00 4.602216216738760912e-01 3.904586348554470177e-01 -5.050321581227524836e-01 6.169931265881739568e-01
-6.275299936532974243e-02 -5.082664489746093750e-01 -1.529006481170654297e+00 4.602216297684333379e-01 3.904586279879084798e-01 -5.050321310272966047e-01 6.169931562090444910e-01
-6.275299191474914551e-02 -5.082664489746093750e-01 -1.529006481170654297e+00 4.602216439339081866e-01 3.904586321588308095e-01 -5.050320669152277286e-01 6.169931857855343038e-01
-6.275299191474914551e-02 -5.082664489746093750e-01 -1.529006481170654297e+00 4.602216520284650447e-01 3.904585929130658384e-01 -5.050320408315946974e-01 6.169932154064028396e-01
-6.275299191474914551e-02 -5.082663893699645996e-01 -1.529006600379943848e+00 4.602216621466609370e-01 3.904586005177579922e-01 -5.050320125272881322e-01 6.169932504088482261e-01
-6.275298446416854858e-02 -5.082663893699645996e-01 -1.529006600379943848e+00 4.602216742884956968e-01 3.904585902164530720e-01 -5.050319809904891821e-01 6.169932746037569693e-01
-6.275298446416854858e-02 -5.082663893699645996e-01 -1.529006600379943848e+00 4.602216823830519998e-01 3.904585509706918756e-01 -5.050319225286350466e-01 6.169933123191789770e-01
-6.275297701358795166e-02 -5.082663893699645996e-01 -1.529006600379943848e+00 4.602216965485252387e-01 3.904585551416174249e-01 -5.050318887711666704e-01 6.169933418956627946e-01
-6.275297701358795166e-02 -5.082663297653198242e-01 -1.529006719589233398e+00 4.602217046430811531e-01 3.904585482740825508e-01 -5.050318626875408556e-01 6.169933715165264454e-01
-6.275296956300735474e-02 -5.082663297653198242e-01 -1.529006719589233398e+00 4.602217188085537258e-01 3.904585038776748895e-01 -5.050318299418961043e-01 6.169934010930079316e-01
-6.275296211242675781e-02 -5.082662701606750488e-01 -1.529006838798522949e+00 4.602217410685811028e-01 3.904585011810695616e-01 -5.050317306398564021e-01 6.169934764794592352e-01
-6.275296211242675781e-02 -5.082662701606750488e-01 -1.529006838798522949e+00 4.602217572576912663e-01 3.904584712568948124e-01 -5.050316926380892246e-01 6.169935114375125762e-01
-6.275295466184616089e-02 -5.082662701606750488e-01 -1.529006838798522949e+00 4.602217693995235281e-01 3.904584609555975527e-01 -5.050316236639923462e-01 6.169935518215221570e-01
-6.275295466184616089e-02 -5.082662105560302734e-01 -1.529006958007812500e+00 4.602217795177168114e-01 3.904584685602928706e-01 -5.050315963715243939e-01 6.169935868239546650e-01
-6.275295466184616089e-02 -5.082662105560302734e-01 -1.529006958007812500e+00 4.602217876122712825e-01 3.904584293145443863e-01 -5.050315702879100144e-01 6.169936164448106553e-01
-6.275293976068496704e-02 -5.082661509513854980e-01 -1.529007077217102051e+00 4.602218260614031053e-01 3.904583805046727973e-01 -5.050314329841515404e-01 6.169937267892884325e-01
-6.275293231010437012e-02 -5.082660913467407227e-01 -1.529007077217102051e+00 4.602218564159786252e-01 3.904583385623384140e-01 -5.050313187285658811e-01 6.169938156074563640e-01
-6.275290250778198242e-02 -5.082659125328063965e-01 -1.529007434844970703e+00 4.602219596215202935e-01 3.904582186231995711e-01 -5.050309241887902534e-01 6.169941548240960305e-01
-6.275287270545959473e-02 -5.082657933235168457e-01 -1.529007673263549805e+00 4.602220446143019394e-01 3.904581303251460911e-01 -5.050306315925136014e-01 6.169943808500856219e-01
-6.275284290313720703e-02 -5.082656145095825195e-01 -1.529008030891418457e+00 4.602221721034449597e-01 3.904579735945090113e-01 -5.050301840978768109e-01 6.169947603616910969e-01
-6.275282055139541626e-02 -5.082654953002929688e-01 -1.529008269309997559e+00 4.602222348361849069e-01 3.904578879931261959e-01 -5.050299290828097476e-01 6.169949595684691701e-01
-6.275280565023422241e-02 -5.082654356956481934e-01 -1.529008388519287109e+00 4.602222692380064095e-01 3.904578426171316785e-01 -5.050298377052288012e-01 6.169950510550995526e-01
-6.272187829017639160e-02 -5.082435607910156250e-01 -1.529039263725280762e+00 4.602026759724949789e-01 3.904746121836938366e-01 -5.050314756508765823e-01 6.169977151016343697e-01
-6.272183358669281006e-02 -5.082435011863708496e-01 -1.529039382934570312e+00 4.602027144232235800e-01 3.904746281282074349e-01 -5.050315012493306055e-01 6.169976635504136331e-01
-6.272180378437042236e-02 -5.082435011863708496e-01 -1.529039382934570312e+00 4.602027387078925780e-01 3.904746237128349784e-01 -5.050314948362938372e-01 6.169976390866441784e-01
-6.272178143262863159e-02 -5.082434415817260742e-01 -1.529039502143859863e+00 4.602027670400047898e-01 3.904746158632727560e-01 -5.050314809459663934e-01 6.169976334811038132e-01
-6.272174417972564697e-02 -5.082433819770812988e-01 -1.529039621353149414e+00 4.602027953721152809e-01 3.904746727728206634e-01 -5.050314771742532294e-01 6.169975954960127407e-01
-6.272169947624206543e-02 -5.082433819770812988e-01 -1.529039621353149414e+00 4.602028358465558022e-01 3.904746708104626096e-01 -5.050314934688306945e-01 6.169975412316089924e-01
-6.272167712450027466e-02 -5.082433223724365234e-01 -1.529039740562438965e+00 4.602028500126091881e-01 3.904746749805705908e-01 -5.050314961363502331e-01 6.169975546186210469e-01
-6.272158771753311157e-02 -5.082432031631469727e-01 -1.529039859771728516e+00 4.602029329851985984e-01 3.904746855285435858e-01 -5.050315012081373345e-01 6.169974514715286240e-01
-6.272155046463012695e-02 -5.082432031631469727e-01 -1.529039978981018066e+00 4.602029673884629468e-01 3.904746887174785908e-01 -5.050314927975985135e-01 6.169974377263646170e-01
-6.269866228103637695e-02 -5.082734823226928711e-01 -1.529025912284851074e+00 4.602168236000108159e-01 3.904454478765411185e-01 -5.050466209636556014e-01 6.169932210573237930e-01
-6.269847601652145386e-02 -5.082734227180480957e-01 -1.529026150703430176e+00 4.602169166883811613e-01 3.904454660365713758e-01 -5.050466321325133290e-01 6.169931286362703160e-01
-6.269831210374832153e-02 -5.082733631134033203e-01 -1.529026269912719727e+00 4.602170037057537466e-01 3.904454893471941967e-01 -5.050466398454407368e-01 6.169930524490169210e-01
-6.269815564155578613e-02 -5.082733035087585449e-01 -1.529026508331298828e+00 4.602170846521321246e-01 3.904455016191303307e-01 -5.050466521970733424e-01 6.169929763062724781e-01
-6.269801408052444458e-02 -5.082732439041137695e-01 -1.529026627540588379e+00 4.602171635748373291e-01 3.904454994186630223e-01 -5.050466262963209108e-01 6.169929109712400939e-01
-6.269783526659011841e-02 -5.082731842994689941e-01 -1.529026865959167480e+00 4.602172566631388406e-01 3.904455175787278076e-01 -5.050466324060985945e-01 6.169928266450439569e-01
-6.269776821136474609e-02 -5.082731842994689941e-01 -1.529026865959167480e+00 4.602172870180157305e-01 3.904455242043711194e-01 -5.050466587923033712e-01 6.169927859496120437e-01
-6.269771605730056763e-02 -5.082731842994689941e-01 -1.529026985168457031e+00 4.602173153492323254e-01 3.904455649254066629e-01 -5.050466529970975005e-01 6.169927803457483373e-01
-6.269767135381698608e-02 -5.082731246948242188e-01 -1.529026985168457031e+00 4.602173396331308841e-01 3.904455767016268286e-01 -5.050466455724810233e-01 6.169927477894129320e-01
-6.269763410091400146e-02 -5.082731246948242188e-01 -1.529027104377746582e+00 4.602173578460539427e-01 3.904455774391595302e-01 -5.050466417747210279e-01 6.169927314667971174e-01
-6.269759684801101685e-02 -5.082731246948242188e-01 -1.529027104377746582e+00 4.602173801062923175e-01 3.904455747429748658e-01 -5.050466325235725140e-01 6.169927016234971751e-01
-6.269753724336624146e-02 -5.082731246948242188e-01 -1.529027223587036133e+00 4.602174084375031948e-01 3.904455830854782206e-01 -5.050466601187303395e-01 6.169926960196475685e-01
-6.269749253988265991e-02 -5.082730650901794434e-01 -1.529027223587036133e+00 4.602174367687122958e-01 3.904455752387201994e-01 -5.050466462289031622e-01 6.169926580372773195e-01
-6.269744038581848145e-02 -5.082730650901794434e-01 -1.529027223587036133e+00 4.602174650999196759e-01 3.904455835812254971e-01 -5.050466414455387909e-01 6.169926200549140649e-01
-6.269739568233489990e-02 -5.082730650901794434e-01 -1.529027342796325684e+00 4.602174893838103520e-01 3.904455953574474947e-01 -5.050466653876253265e-01 6.169925874986081915e-01
-6.269735842943191528e-02 -5.082730650901794434e-01 -1.529027342796325684e+00 4.602175035494126543e-01 3.904455995287003378e-01 -5.050466650196017149e-01 6.169926089805809477e-01
-6.269732117652893066e-02 -5.082730054855346680e-01 -1.529027462005615234e+00 4.602175217623292180e-01 3.904456002662374248e-01 -5.050466602100207592e-01 6.169925845633557060e-01
-6.269729137420654297e-02 -5.082730054855346680e-01 -1.529027462005615234e+00 4.602175419989023575e-01 3.904455992869171888e-01 -5.050466521678333987e-01 6.169925574331087681e-01
-6.269725412130355835e-02 -5.082730054855346680e-01 -1.529027462005615234e+00 4.602175602118174225e-01 3.904456000244554414e-01 -5.050466473582549964e-01 6.169925330158895216e-01
-6.269722431898117065e-02 -5.082730054855346680e-01 -1.529027581214904785e+00 4.602175743774175598e-01 3.904456203849663298e-01 -5.050466793687484746e-01 6.169925140247209949e-01
-6.269718706607818604e-02 -5.082730054855346680e-01 -1.529027581214904785e+00 4.602176006849594825e-01 3.904456142550749020e-01 -5.050466656760574935e-01 6.169925111339249479e-01
-6.269710510969161987e-02 -5.082729458808898926e-01 -1.529027700424194336e+00 4.602176391344410811e-01 3.904456140132974151e-01 -5.050466578834428288e-01 6.169924676811100461e-01
-6.269697844982147217e-02 -5.082728862762451172e-01 -1.529027819633483887e+00 4.602177059151120186e-01 3.904456383032862132e-01 -5.050466726268506568e-01 6.169924105298760786e-01
-6.269689649343490601e-02 -5.082728862762451172e-01 -1.529027938842773438e+00 4.602177504355539628e-01 3.904456329109449175e-01 -5.050466591837445840e-01 6.169923508434020931e-01
-6.269682198762893677e-02 -5.082728862762451172e-01 -1.529027938842773438e+00 4.602177888850230714e-01 3.904456488584260310e-01 -5.050466797223334137e-01 6.169923397691303713e-01
-6.269675493240356445e-02 -5.082728266716003418e-01 -1.529028058052062988e+00 4.602178212635208987e-01 3.904456537672267857e-01 -5.050466725210981389e-01 6.169922963608045485e-01
-6.269669532775878906e-02 -5.082728266716003418e-01 -1.529028177261352539e+00 4.602178597129840676e-01 3.904456859039557304e-01 -5.050466586575392824e-01 6.169922448134296245e-01
-6.269662827253341675e-02 -5.082727670669555664e-01 -1.529028177261352539e+00 4.602178900678211559e-01 3.904456925296129755e-01 -5.050466860555793414e-01 6.169922364966345940e-01
-6.269656121730804443e-02 -5.082727670669555664e-01 -1.529028296470642090e+00 4.602179285172786072e-01 3.904456922878495884e-01 -5.050466721920277013e-01 6.169921930439022928e-01
-6.269650161266326904e-02 -5.082727670669555664e-01 -1.529028296470642090e+00 4.602179588721111436e-01 3.904456989135093314e-01 -5.050466672115807576e-01 6.169921523486309178e-01
-6.269643455743789673e-02 -5.082727074623107910e-01 -1.529028415679931641e+00 4.602179912505970361e-01 3.904457038223148602e-01 -5.050466913770192967e-01 6.169921413188350634e-01
-6.269636750221252441e-02 -5.082727074623107910e-01 -1.529028534889221191e+00 4.602180216054254647e-01 3.904457266372177160e-01 -5.050466863965763498e-01 6.169921006235782324e-01
-6.269630789756774902e-02 -5.082727074623107910e-01 -1.529028534889221191e+00 4.602180600548718692e-01 3.904457263954608792e-01 -5.050466715212131863e-01 6.169920895493643531e-01
-6.269621849060058594e-02 -5.082726478576660156e-01 -1.529028654098510742e+00 4.602181045752795630e-01 3.904457210031442860e-01 -5.050466924802867741e-01 6.169920298630132693e-01
-6.269612908363342285e-02 -5.082725882530212402e-01 -1.529028773307800293e+00 4.602181571903012358e-01 3.904457249326540036e-01 -5.050466731896229300e-01 6.169919917030938228e-01
-6.269606202840805054e-02 -5.082725882530212402e-01 -1.529028892517089844e+00 4.602181855214642625e-01 3.904457494644101856e-01 -5.050467048320930186e-01 6.169919618155081942e-01
-6.269599497318267822e-02 -5.082725882530212402e-01 -1.529028892517089844e+00 4.602182239708970668e-01 3.904457492226630633e-01 -5.050466919804029731e-01 6.169919102682427381e-01
-6.269556283950805664e-02 -5.082721710205078125e-01 -1.529029130935668945e+00 4.602163055426494731e-01 3.904441551388040388e-01 -5.050479058623088546e-01 6.169933570647809784e-01
-6.269548833370208740e-02 -5.082721710205078125e-01 -1.529029250144958496e+00 4.602163176846255643e-01 3.904441448376403945e-01 -5.050479228924721342e-01 6.169933407865259012e-01
-6.270436197519302368e-02 -5.082606077194213867e-01 -1.529028415679931641e+00 4.602158643839679431e-01 3.904448046333607869e-01 -5.050497741831900811e-01 6.169917629511020296e-01
-6.270430237054824829e-02 -5.082605481147766113e-01 -1.529028534889221191e+00 4.602158745022910669e-01 3.904447960490269875e-01 -5.050497924222839830e-01 6.169917493858985136e-01
-6.270423531532287598e-02 -5.082605481147766113e-01 -1.529028654098510742e+00 4.602158866442784824e-01 3.904447695585107625e-01 -5.050498084405686816e-01 6.169917331076554268e-01
-6.270417571067810059e-02 -5.082604885101318359e-01 -1.529028773307800293e+00 4.602158967626011066e-01 3.904447609741785730e-01 -5.050498256678291886e-01 6.169917195424539091e-01
-6.270410865545272827e-02 -5.082604289054870605e-01 -1.529028773307800293e+00 4.602159089045880225e-01 3.904447344836650124e-01 -5.050498416861127771e-01 6.169916951695552099e-01
-6.270404905080795288e-02 -5.082604289054870605e-01 -1.529028892517089844e+00 4.602159190229101471e-01 3.904447258993344327e-01 -5.050498609370367431e-01 6.169916816043558017e-01
-6.270963698625564575e-02 -5.082699060440063477e-01 -1.529048800468444824e+00 4.602174226031079396e-01 3.904450206325475459e-01 -5.050496153029135904e-01 6.169905643297236564e-01
-6.270945817232131958e-02 -5.082697868347167969e-01 -1.529049158096313477e+00 4.602174610526044707e-01 3.904450042015458755e-01 -5.050496722670771987e-01 6.169905127824041324e-01
-6.270936876535415649e-02 -5.082697272300720215e-01 -1.529049396514892578e+00 4.602174792655226998e-01 3.904449725605844135e-01 -5.050497008477243810e-01 6.169904883652572725e-01
-6.270930171012878418e-02 -5.082697272300720215e-01 -1.529049515724182129e+00 4.602174914074678158e-01 3.904449622594517444e-01 -5.050497279961183583e-01 6.169904720871609571e-01
-6.270924210548400879e-02 -5.082696676254272461e-01 -1.529049634933471680e+00 4.602175035494126543e-01 3.904449357690603639e-01 -5.050497440143951744e-01 6.169904558090658631e-01
-6.270919740200042725e-02 -5.082696676254272461e-01 -1.529049754142761230e+00 4.602175136676996958e-01 3.904449271847848513e-01 -5.050497612416355864e-01 6.169904422439878022e-01
-6.270914524793624878e-02 -5.082696080207824707e-01 -1.529049873352050781e+00 4.602175237859865709e-01 3.904449186005098382e-01 -5.050497794807041751e-01 6.169904205842809963e-01
-6.270908564329147339e-02 -5.082696080207824707e-01 -1.529049992561340332e+00 4.602175359279305211e-01 3.904448921101222325e-01 -5.050497975226367897e-01 6.169904043061896770e-01
-6.270903348922729492e-02 -5.082695484161376953e-01 -1.529050111770629883e+00 4.602175460462168965e-01 3.904448835258488293e-01 -5.050498147498756474e-01 6.169903907411145028e-01
-6.270896643400192261e-02 -5.082695484161376953e-01 -1.529050230979919434e+00 4.602175581881602362e-01 3.904448570354639436e-01 -5.050498408864358968e-01 6.169903744630255149e-01
-6.270885467529296875e-02 -5.082694888114929199e-01 -1.529050469398498535e+00 4.602175824720459718e-01 3.904448364332126498e-01 -5.050498769702967961e-01 6.169903419068514250e-01
-6.270880997180938721e-02 -5.082694292068481445e-01 -1.529050469398498535e+00 4.602175925903313480e-01 3.904448440381985685e-01 -5.050498921738760805e-01 6.169903283417802475e-01
-6.270877271890640259e-02 -5.082694292068481445e-01 -1.529050588607788086e+00 4.602176006849594825e-01 3.904448371707823773e-01 -5.050498994799624830e-01 6.169903174897241049e-01
-6.270872056484222412e-02 -5.082693696022033691e-01 -1.529050707817077637e+00 4.602176087795874504e-01 3.904448303033665191e-01 -5.050499229753044883e-01 6.169903066376685175e-01
-6.270864605903625488e-02 -5.082693696022033691e-01 -1.529050827026367188e+00 4.602176249688429421e-01 3.904448003792806987e-01 -5.050499446702754192e-01 6.169902849335590078e-01
-6.270859390497207642e-02 -5.082693099975585938e-01 -1.529050946235656738e+00 4.602176371107842279e-01 3.904447900781590763e-01 -5.050499606885457959e-01 6.169902686554783466e-01
-6.270856410264968872e-02 -5.082693099975585938e-01 -1.529050946235656738e+00 4.602176431817547320e-01 3.904447849275985982e-01 -5.050499742627371225e-01 6.169902605164385712e-01
-6.270853430032730103e-02 -5.082693099975585938e-01 -1.529051065444946289e+00 4.602176472290683829e-01 3.904447653046372313e-01 -5.050499860104068484e-01 6.169902469957849744e-01
-6.270850449800491333e-02 -5.082692503929138184e-01 -1.529051065444946289e+00 4.602176553236955181e-01 3.904447584372240931e-01 -5.050499923046634088e-01 6.169902685222411476e-01
-6.270846724510192871e-02 -5.082692503929138184e-01 -1.529051184654235840e+00 4.602176613946658001e-01 3.904447532866643922e-01 -5.050500048670256703e-01 6.169902603832019272e-01
-6.270844489336013794e-02 -5.082692503929138184e-01 -1.529051184654235840e+00 4.602176674656360267e-01 3.904447481361049133e-01 -5.050500123702458266e-01 6.169902522441630399e-01
-6.270841509103775024e-02 -5.082692503929138184e-01 -1.529051303863525391e+00 4.602176715129494000e-01 3.904447447023987605e-01 -5.050500231060865985e-01 6.169902468181373001e-01
-6.270839273929595947e-02 -5.082691907882690430e-01 -1.529051303863525391e+00 4.602176796075761467e-01 3.904447216457332948e-01 -5.050500283885142050e-01 6.169902359660862645e-01
-6.270836293697357178e-02 -5.082691907882690430e-01 -1.529051423072814941e+00 4.602176816312328334e-01 3.904447199288804127e-01 -5.050500403333185728e-01 6.169902332530735611e-01
-6.270834058523178101e-02 -5.082691907882690430e-01 -1.529051423072814941e+00 4.602176897258593580e-01 3.904447130614690509e-01 -5.050500456157460683e-01 6.169902224010233027e-01
-6.270831823348999023e-02 -5.082691907882690430e-01 -1.529051542282104492e+00 4.602176937731725648e-01 3.904447096277635088e-01 -5.050500563515861741e-01 6.169902169749984511e-01
-6.270828098058700562e-02 -5.082691311836242676e-01 -1.529051542282104492e+00 4.602176998441423472e-01 3.904447044772053621e-01 -5.050500699257752801e-01 6.169902088359612291e-01
-6.270821392536163330e-02 -5.082691311836242676e-01 -1.529051661491394043e+00 4.602177119860816346e-01 3.904446779868374628e-01 -5.050500899913550334e-01 6.169901925578878954e-01
-6.270818412303924561e-02 -5.082690715789794922e-01 -1.529051780700683594e+00 4.602177180570511950e-01 3.904446728362800934e-01 -5.050501025537152966e-01 6.169901844188516726e-01
-6.270815432071685791e-02 -5.082690715789794922e-01 -1.529051780700683594e+00 4.602177261516771090e-01 3.904446659688706189e-01 -5.050501088479700806e-01 6.169901735668039677e-01
-6.270813196897506714e-02 -5.082690715789794922e-01 -1.529051899909973145e+00 4.602177301989899827e-01 3.904446625351660760e-01 -5.050501195838091872e-01 6.169901681407803373e-01
-6.270810216665267944e-02 -5.082690715789794922e-01 -1.529051899909973145e+00 4.602177382936156746e-01 3.904446394785058838e-01 -5.050501248662356835e-01 6.169901572887334096e-01
-6.270807981491088867e-02 -5.082690715789794922e-01 -1.529052019119262695e+00 4.602177403172720838e-01 3.904446377616537789e-01 -5.050501378228665628e-01 6.169901545757218164e-01
-6.270804256200790405e-02 -5.082690119743347168e-01 -1.529052019119262695e+00 4.602177382936156746e-01 3.904446718570084296e-01 -5.050501592683945828e-01 6.169901572887334096e-01
-6.270802021026611328e-02 -5.082690119743347168e-01 -1.529052138328552246e+00 4.602177463882412556e-01 3.904446649895995658e-01 -5.050501645508203019e-01 6.169901464366871480e-01
-6.270799040794372559e-02 -5.082690119743347168e-01 -1.529052138328552246e+00 4.602177484118976092e-01 3.904446632727474054e-01 -5.050501764956226713e-01 6.169901437236756658e-01
-6.270796805620193481e-02 -5.082690119743347168e-01 -1.529052138328552246e+00 4.602177565065229681e-01 3.904446564053390412e-01 -5.050501817780482794e-01 6.169901247770047670e-01
-6.270793825387954712e-02 -5.082689523696899414e-01 -1.529052257537841797e+00 4.602177605538356198e-01 3.904446367823845021e-01 -5.050501925138862758e-01 6.169901193509822468e-01
-6.270791590213775635e-02 -5.082689523696899414e-01 -1.529052257537841797e+00 4.602177666248045140e-01 3.904446316318287979e-01 -5.050502000171037675e-01 6.169901112119487996e-01
-6.270788609981536865e-02 -5.082689523696899414e-01 -1.529052376747131348e+00 4.602177706721170547e-01 3.904446281981250877e-01 -5.050502097411133651e-01 6.169901057859266125e-01
-6.270786374807357788e-02 -5.082689523696899414e-01 -1.529052376747131348e+00 4.602177787667420250e-01 3.904446213307180003e-01 -5.050502150235386400e-01 6.169900949338827933e-01
-6.270783394575119019e-02 -5.082688927650451660e-01 -1.529052495956420898e+00 4.602177807903982676e-01 3.904446196138662839e-01 -5.050502279801680761e-01 6.169900922208718663e-01
-6.270781159400939941e-02 -5.082688927650451660e-01 -1.529052495956420898e+00 4.602177888850230714e-01 3.904445965572101440e-01 -5.050502332625930180e-01 6.169900813688287133e-01
-6.270778924226760864e-02 -5.082688927650451660e-01 -1.529052495956420898e+00 4.602177929323354455e-01 3.904445931235070999e-01 -5.050502429866020604e-01 6.169900759428073034e-01
-6.270775943994522095e-02 -5.082688927650451660e-01 -1.529052615165710449e+00 4.602177990033038957e-01 3.904445879729527280e-01 -5.050502504898188860e-01 6.169900678037755215e-01
-6.270773708820343018e-02 -5.082688331604003906e-01 -1.529052615165710449e+00 4.602178030506161588e-01 3.904445845392499059e-01 -5.050502602138275954e-01 6.169900623777545556e-01
-6.270770728588104248e-02 -5.082688331604003906e-01 -1.529052734375000000e+00 4.602178070979283664e-01 3.904445811055471949e-01 -5.050502699378363047e-01 6.169900569517337008e-01
-6.270768493413925171e-02 -5.082688331604003906e-01 -1.529052734375000000e+00 4.602178131688966500e-01 3.904445759549932116e-01 -5.050502784528807521e-01 6.169900488127026961e-01
-6.270765513181686401e-02 -5.082688331604003906e-01 -1.529052853584289551e+00 4.602178172162088021e-01 3.904445563320422252e-01 -5.050502881768891283e-01 6.169900433866821743e-01
-6.270763278007507324e-02 -5.082687735557556152e-01 -1.529052853584289551e+00 4.602178253108329398e-01 3.904445494646378023e-01 -5.050502934593132931e-01 6.169900325346415748e-01
-6.270760297775268555e-02 -5.082687735557556152e-01 -1.529052972793579102e+00 4.602178273344889603e-01 3.904445477477867521e-01 -5.050503054041133311e-01 6.169900298216315360e-01
-6.270723789930343628e-02 -5.082684755325317383e-01 -1.529052972793579102e+00 4.602147857694472433e-01 3.904405715116657793e-01 -5.050461405333803722e-01 6.169981953283095732e-01
-6.270716339349746704e-02 -5.082684159278869629e-01 -1.529053092002868652e+00 4.602147452960576590e-01 3.904405087126561202e-01 -5.050460787067955204e-01 6.169983224420572121e-01
-6.270712614059448242e-02 -5.082684159278869629e-01 -1.529053211212158203e+00 4.602147210120222098e-01 3.904404483681461202e-01 -5.050460507173548663e-01 6.169984035671260969e-01
-6.270709633827209473e-02 -5.082683563232421875e-01 -1.529053211212158203e+00 4.602147048226645221e-01 3.904404297242805022e-01 -5.050460502707546651e-01 6.169984738398689439e-01
-6.270706653594970703e-02 -5.082683563232421875e-01 -1.529053330421447754e+00 4.602146926806459093e-01 3.904404076467015150e-01 -5.050460140156658451e-01 6.169984982130527484e-01
-6.270702928304672241e-02 -5.082683563232421875e-01 -1.529053330421447754e+00 4.602146683966076846e-01 3.904403473021816340e-01 -5.050459860262216383e-01 6.169985793381438377e-01
-6.270699948072433472e-02 -5.082682967185974121e-01 -1.529053449630737305e+00 4.602146582782580264e-01 3.904403073183838613e-01 -5.050459809408800460e-01 6.169986009982484365e-01
-6.270697712898254395e-02 -5.082682967185974121e-01 -1.529053449630737305e+00 4.602146400652281089e-01 3.904402903913686829e-01 -5.050459523600330236e-01 6.169986658894163201e-01
-6.270694732666015625e-02 -5.082682967185974121e-01 -1.529053449630737305e+00 4.602146218521974697e-01 3.904402410856310235e-01 -5.050459237791845579e-01 6.169986984018686060e-01
-6.270691752433776855e-02 -5.082682967185974121e-01 -1.529053568840026855e+00 4.602146117338468123e-01 3.904402172911889402e-01 -5.050459176820071283e-01 6.169987524407019031e-01
-6.270688772201538086e-02 -5.082682371139526367e-01 -1.529053568840026855e+00 4.602145935208150629e-01 3.904402003641700425e-01 -5.050458891011566642e-01 6.169988173318847746e-01
-6.270686537027359009e-02 -5.082682371139526367e-01 -1.529053688049316406e+00 4.602145753077825918e-01 3.904401672477879059e-01 -5.050458928990299023e-01 6.169988498443487179e-01
-6.270683556795120239e-02 -5.082682371139526367e-01 -1.529053688049316406e+00 4.602145672131012777e-01 3.904401093577610227e-01 -5.050458532141577361e-01 6.169988930754232159e-01
-6.270680576562881470e-02 -5.082682371139526367e-01 -1.529053807258605957e+00 4.602145490000677519e-01 3.904400924307377396e-01 -5.050458236214687702e-01 6.169989579666204094e-01
-6.270677596330642700e-02 -5.082681775093078613e-01 -1.529053807258605957e+00 4.602145388817154847e-01 3.904400686362899942e-01 -5.050458185361251795e-01 6.169989796267424387e-01
-6.270675361156463623e-02 -5.082681775093078613e-01 -1.529053807258605957e+00 4.602145206686808487e-01 3.904400193305360700e-01 -5.050457899552694974e-01 6.169990445179485139e-01
-6.270672380924224854e-02 -5.082681775093078613e-01 -1.529053926467895508e+00 4.602145024556454911e-01 3.904399862141439970e-01 -5.050457937531425134e-01 6.169990770304304428e-01
-6.270669400691986084e-02 -5.082681775093078613e-01 -1.529053926467895508e+00 4.602144923372921692e-01 3.904399624196923657e-01 -5.050457562890680041e-01 6.169991310692896080e-01
-6.270666420459747314e-02 -5.082681179046630859e-01 -1.529054045677185059e+00 4.602144741242557013e-01 3.904399131139308365e-01 -5.050457266963735981e-01 6.169991959605106713e-01
-6.270664185285568237e-02 -5.082681179046630859e-01 -1.529054045677185059e+00 4.602144559112185118e-01 3.904398961868995044e-01 -5.050457294824111099e-01 6.169992284730043686e-01
-6.270661205053329468e-02 -5.082681179046630859e-01 -1.529054164886474609e+00 4.602144437691932932e-01 3.904398579199329089e-01 -5.050456942391369219e-01 6.169992852249643889e-01
-6.270658224821090698e-02 -5.082680583000183105e-01 -1.529054164886474609e+00 4.602144255561549380e-01 3.904398409928992453e-01 -5.050456980370100490e-01 6.169993420215169611e-01
-6.270649284124374390e-02 -5.082680583000183105e-01 -1.529054284095764160e+00 4.602143810353913622e-01 3.904397330594066018e-01 -5.050456305336264995e-01 6.169994664670070961e-01
-6.270645558834075928e-02 -5.082679986953735352e-01 -1.529054403305053711e+00 4.602143587750079368e-01 3.904396709979687241e-01 -5.050455972878493682e-01 6.169995529738185880e-01
-6.270642578601837158e-02 -5.082679986953735352e-01 -1.529054403305053711e+00 4.602143425856375369e-01 3.904396523540718533e-01 -5.050455644625053697e-01 6.169995827732476235e-01
-6.270639598369598389e-02 -5.082679986953735352e-01 -1.529054522514343262e+00 4.602143243725951294e-01 3.904396192376584085e-01 -5.050455672485428815e-01 6.169996557592012376e-01
-6.270635128021240234e-02 -5.082679390907287598e-01 -1.529054522514343262e+00 4.602143061595520002e-01 3.904395537424989460e-01 -5.050455325966587417e-01 6.169996963664177159e-01
-6.270632892847061157e-02 -5.082679390907287598e-01 -1.529054641723632812e+00 4.602142879465081493e-01 3.904395368154528478e-01 -5.050455040157874054e-01 6.169997612576972879e-01
-6.270629912614822388e-02 -5.082679390907287598e-01 -1.529054641723632812e+00 4.602142697334635768e-01 3.904395198884059726e-01 -5.050454754349146258e-01 6.169998261489829661e-01
-6.270626932382583618e-02 -5.082678794860839844e-01 -1.529054760932922363e+00 4.602142596151051479e-01 3.904394637151891723e-01 -5.050454693377312010e-01 6.169998478091455185e-01
-6.270623952150344849e-02 -5.082678794860839844e-01 -1.529054760932922363e+00 4.602142414020594652e-01 3.904394305987650693e-01 -5.050454407568564230e-01 6.169999127004400785e-01
-6.270621716976165771e-02 -5.082678794860839844e-01 -1.529054880142211914e+00 4.602142231890130608e-01 3.904394136717138641e-01 -5.050454445547299942e-01 6.169999775917407447e-01
-6.270618736743927002e-02 -5.082678794860839844e-01 -1.529054880142211914e+00 4.602142130706536327e-01 3.904393574984899029e-01 -5.050454060787958888e-01 6.169999911572225937e-01
-6.270615756511688232e-02 -5.082678198814392090e-01 -1.529054999351501465e+00 4.602141948576061181e-01 3.904393405714356446e-01 -5.050453774979177801e-01 6.170000560485318086e-01
-6.270612776279449463e-02 -5.082678198814392090e-01 -1.529054999351501465e+00 4.602141867629180871e-01 3.904393150601044860e-01 -5.050453701917635430e-01 6.170000749956080499e-01
-6.270610541105270386e-02 -5.082678198814392090e-01 -1.529054999351501465e+00 4.602141685498695178e-01 3.904392819436716677e-01 -5.050453416108835469e-01 6.170001398869258136e-01
-6.270607560873031616e-02 -5.082678198814392090e-01 -1.529055118560791016e+00 4.602141503368202269e-01 3.904392326378594014e-01 -5.050453443969209477e-01 6.170002047782495724e-01
-6.270604580640792847e-02 -5.082677602767944336e-01 -1.529055118560791016e+00 4.602141402184591890e-01 3.904392088433795704e-01 -5.050453069328163513e-01 6.170002264384295554e-01
-6.270601600408554077e-02 -5.082677602767944336e-01 -1.529055237770080566e+00 4.602141220054087878e-01 3.904391919163192615e-01 -5.050452783519330247e-01 6.170002913297623071e-01
-6.270599365234375000e-02 -5.082677602767944336e-01 -1.529055237770080566e+00 4.602141037923576095e-01 3.904391426105000562e-01 -5.050452821498063738e-01 6.170003157476534605e-01
-6.270596385002136230e-02 -5.082677602767944336e-01 -1.529055237770080566e+00 4.602140936739955723e-01 3.904391026266372244e-01 -5.050452446856977806e-01 6.170003697865983350e-01
-6.270593404769897461e-02 -5.082677006721496582e-01 -1.529055356979370117e+00 4.602140754609433393e-01 3.904390856995725301e-01 -5.050452484835712408e-01 6.170004346779458526e-01
-6.270591169595718384e-02 -5.082677006721496582e-01 -1.529055356979370117e+00 4.602140653425806360e-01 3.904390619050870370e-01 -5.050452110194603161e-01 6.170004563381366047e-01
-6.270587444305419922e-02 -5.082677006721496582e-01 -1.529055476188659668e+00 4.602140451058546189e-01 3.904390143161133864e-01 -5.050451826357051921e-01 6.170005239425937482e-01
-6.270585209131240845e-02 -5.082676410675048828e-01 -1.529055476188659668e+00 4.602140268928004430e-01 3.904389811996632487e-01 -5.050451854217423708e-01 6.170005888339566980e-01
-6.270581483840942383e-02 -5.082676410675048828e-01 -1.529055595397949219e+00 4.602140107034183303e-01 3.904389463663562321e-01 -5.050451495608637709e-01 6.170006348228417314e-01
-6.270573288202285767e-02 -5.082675814628601074e-01 -1.529055714607238770e+00 4.602139661826146200e-01 3.904388546220977085e-01 -5.050450850929197877e-01 6.170007754580068005e-01
-6.270559132099151611e-02 -5.082675218582153320e-01 -1.529055953025817871e+00 4.602138933303810964e-01 3.904386735880882031e-01 -5.050449859468790770e-01 6.170010026448233820e-01
-6.270553916692733765e-02 -5.082675218582153320e-01 -1.529056072235107422e+00 4.602138629752803856e-01 3.904386345833589234e-01 -5.050449565251048378e-01 6.170010838148664023e-01
-6.270549446344375610e-02 -5.082674622535705566e-01 -1.529056191444396973e+00 4.602138407148719246e-01 3.904385563324309638e-01 -5.050449212556116230e-01 6.170011784165813085e-01
-6.270544975996017456e-02 -5.082674622535705566e-01 -1.529056191444396973e+00 4.602138103597677721e-01 3.904385335170818538e-01 -5.050448958811808442e-01 6.170012514919550606e-01
-6.270536780357360840e-02 -5.082674026489257812e-01 -1.529056429862976074e+00 4.602137698862924231e-01 3.904384221496601248e-01 -5.050448269715911431e-01 6.170013947957467826e-01
-6.270531564950942993e-02 -5.082673430442810059e-01 -1.529056549072265625e+00 4.602137354838355399e-01 3.904383541998355245e-01 -5.050448009795851512e-01 6.170014813920656760e-01
-6.270527839660644531e-02 -5.082673430442810059e-01 -1.529056549072265625e+00 4.602137172707691515e-01 3.904383210833473616e-01 -5.050448007301112652e-01 6.170015543782229051e-01
-6.270524114370346069e-02 -5.082673430442810059e-01 -1.529056668281555176e+00 4.602136990577019859e-01 3.904382879668572004e-01 -5.050447681018517265e-01 6.170015949856002546e-01
-6.270521879196166992e-02 -5.082672834396362305e-01 -1.529056668281555176e+00 4.602136848919825551e-01 3.904382352272626755e-01 -5.050447340674865115e-01 6.170016544508527545e-01
-6.270517408847808838e-02 -5.082672834396362305e-01 -1.529056787490844727e+00 4.602136666789141684e-01 3.904382021107678513e-01 -5.050446994155489699e-01 6.170017031529357876e-01
-6.270515173673629761e-02 -5.082672834396362305e-01 -1.529056787490844727e+00 4.602136484658450044e-01 3.904381851836661865e-01 -5.050447022015858156e-01 6.170017680444188635e-01
-6.270510703325271606e-02 -5.082672238349914551e-01 -1.529056906700134277e+00 4.602136262054261628e-01 3.904381231220847015e-01 -5.050446699675870121e-01 6.170018221727351371e-01
-6.270505487918853760e-02 -5.082672238349914551e-01 -1.529057025909423828e+00 4.602135938266331827e-01 3.904380696447686261e-01 -5.050446407429274309e-01 6.170019384348092162e-01
-6.270501762628555298e-02 -5.082672238349914551e-01 -1.529057025909423828e+00 4.602135796609105878e-01 3.904380007157604582e-01 -5.050446026612047667e-01 6.170019817106925375e-01
-6.270497292280197144e-02 -5.082671642303466797e-01 -1.529057145118713379e+00 4.602135574004884155e-01 3.904379710329602959e-01 -5.050445704271999681e-01 6.170020682178283256e-01
-6.270495057106018066e-02 -5.082671642303466797e-01 -1.529057145118713379e+00 4.602135391874149217e-01 3.904379541058491387e-01 -5.050445418462765623e-01 6.170021007305491745e-01
-6.270492076873779297e-02 -5.082671642303466797e-01 -1.529057264328002930e+00 4.602135209743407063e-01 3.904379047999380070e-01 -5.050445456441509107e-01 6.170021656220727735e-01
-6.270489096641540527e-02 -5.082671046257019043e-01 -1.529057264328002930e+00 4.602135108559658461e-01 3.904378810054081606e-01 -5.050445081799926905e-01 6.170022115664439699e-01
-6.270486116409301758e-02 -5.082671046257019043e-01 -1.529057264328002930e+00 4.602134926428905204e-01 3.904378478888926862e-01 -5.050445119778671499e-01 6.170022440791761431e-01
-6.270483881235122681e-02 -5.082671046257019043e-01 -1.529057383537292480e+00 4.602134825245150496e-01 3.904377917155587574e-01 -5.050444735018690956e-01 6.170022981182532451e-01
-6.270480901002883911e-02 -5.082671046257019043e-01 -1.529057383537292480e+00 4.602134643114386137e-01 3.904377747884402172e-01 -5.050444449209404718e-01 6.170023306309924127e-01
-6.270476430654525757e-02 -5.082670450210571289e-01 -1.529057502746582031e+00 4.602134420510108348e-01 3.904377451056264547e-01 -5.050444450657308737e-01 6.170024171381742750e-01
-6.270472705364227295e-02 -5.082670450210571289e-01 -1.529057621955871582e+00 4.602134157432312134e-01 3.904376702883085581e-01 -5.050444172733334902e-01 6.170024766927929560e-01
-6.270461529493331909e-02 -5.082669854164123535e-01 -1.529057741165161133e+00 4.602133590803161312e-01 3.904375564661685116e-01 -5.050443175619362401e-01 6.170026821753193946e-01
-6.270456314086914062e-02 -5.082669258117675781e-01 -1.529057860374450684e+00 4.602133307488560088e-01 3.904375157444964217e-01 -5.050442859193133849e-01 6.170027606324955949e-01
-6.270448863506317139e-02 -5.082669258117675781e-01 -1.529057979583740234e+00 4.602132902753384713e-01 3.904374043769048841e-01 -5.050442190333205295e-01 6.170028877472182316e-01
-6.270442157983779907e-02 -5.082668662071228027e-01 -1.529058098793029785e+00 4.602132578965218435e-01 3.904373185207015706e-01 -5.050441847494436809e-01 6.170029878200750106e-01
-6.270437687635421753e-02 -5.082668066024780273e-01 -1.529058218002319336e+00 4.602132275413792217e-01 3.904372957052745230e-01 -5.050441583631363196e-01 6.170030608957123297e-01
-6.270428001880645752e-02 -5.082668066024780273e-01 -1.529058337211608887e+00 4.602131749257939441e-01 3.904371784493547159e-01 -5.050440936717640605e-01 6.170032447627676886e-01
-6.270498782396316528e-02 -5.082666873931884766e-01 -1.529059648513793945e+00 4.602205471201368248e-01 3.904358779835252480e-01 -5.050473419343300963e-01 6.169958946955264034e-01
-6.270495057106018066e-02 -5.082666277885437012e-01 -1.529059767723083496e+00 4.602206078294545089e-01 3.904358102906062000e-01 -5.050473603047994642e-01 6.169958942511812872e-01
-6.270491331815719604e-02 -5.082666277885437012e-01 -1.529059886932373047e+00 4.602206604441900217e-01 3.904357656540249355e-01 -5.050473754164187534e-01 6.169958884697080981e-01
-6.270487606525421143e-02 -5.082665681838989258e-01 -1.529060006141662598e+00 4.602207211534927178e-01 3.904356655828574718e-01 -5.050473583731380778e-01 6.169958799308108421e-01
-6.270485371351242065e-02 -5.082665681838989258e-01 -1.529060006141662598e+00 4.602207616263567780e-01 3.904356150579090801e-01 -5.050473696083064290e-01 6.169958742382197769e-01
-6.270483136177062988e-02 -5.082665681838989258e-01 -1.529060125350952148e+00 4.602207980519313346e-01 3.904355841556950701e-01 -5.050473802258703682e-01 6.169958739716359108e-01
-6.270480155944824219e-02 -5.082665085792541504e-01 -1.529060125350952148e+00 4.602208425720741292e-01 3.904355301971902392e-01 -5.050473637476503574e-01 6.169958709476262015e-01
-6.270477920770645142e-02 -5.082665085792541504e-01 -1.529060244560241699e+00 4.602208769739997152e-01 3.904355010117822600e-01 -5.050473735505056627e-01 6.169958733940509310e-01
-6.270475685596466064e-02 -5.082665085792541504e-01 -1.529060244560241699e+00 4.602209113759227477e-01 3.904354394481015511e-01 -5.050473833533624113e-01 6.169958677459089769e-01
-6.270473450422286987e-02 -5.082664489746093750e-01 -1.529060363769531250e+00 4.602209457778431712e-01 3.904353940735706407e-01 -5.050473607779435437e-01 6.169958620977713526e-01
-6.270471960306167603e-02 -5.082664489746093750e-01 -1.529060482978820801e+00 4.602209801797610411e-01 3.904353648881859207e-01 -5.050473695689843279e-01 6.169958645442065182e-01
-6.270469725131988525e-02 -5.082664489746093750e-01 -1.529060482978820801e+00 4.602210145816763576e-01 3.904353195136717747e-01 -5.050473793718476268e-01 6.169958588960767765e-01
-6.270467489957809448e-02 -5.082664489746093750e-01 -1.529060602188110352e+00 4.602210489835890650e-01 3.904352903283013765e-01 -5.050473881628912975e-01 6.169958532479514757e-01
-6.270463764667510986e-02 -5.082663893699645996e-01 -1.529060721397399902e+00 4.602211015982741182e-01 3.904352295027322395e-01 -5.050473860735945619e-01 6.169958960339549936e-01
-6.270461529493331909e-02 -5.082663893699645996e-01 -1.529060721397399902e+00 4.602211360001803309e-01 3.904351679391160901e-01 -5.050473968882847053e-01 6.169958903858365762e-01
-6.270457804203033447e-02 -5.082663297653198242e-01 -1.529060840606689453e+00 4.602211967094203549e-01 3.904351002464432341e-01 -5.050474152588085852e-01 6.169958899415967091e-01
-6.270455569028854370e-02 -5.082663297653198242e-01 -1.529060840606689453e+00 4.602212311113194620e-01 3.904350548719839331e-01 -5.050473916716042844e-01 6.169958842934895049e-01
-6.270450353622436523e-02 -5.082662701606750488e-01 -1.529061079025268555e+00 4.602213100333135687e-01 3.904349717283031596e-01 -5.050474143391155968e-01 6.169958837160027798e-01
-6.270446628332138062e-02 -5.082662105560302734e-01 -1.529061198234558105e+00 4.602213768134518768e-01 3.904348826962314445e-01 -5.050474007519148989e-01 6.169958751328129543e-01
-6.270444393157958984e-02 -5.082662105560302734e-01 -1.529061198234558105e+00 4.602214132389777501e-01 3.904348356050360014e-01 -5.050474133931558418e-01 6.169958748662945913e-01
-6.270442157983779907e-02 -5.082662105560302734e-01 -1.529061317443847656e+00 4.602214516881408812e-01 3.904348029861899327e-01 -5.050474217900133844e-01 6.169958718867871728e-01
-6.270425021648406982e-02 -5.082660317420959473e-01 -1.529061794281005859e+00 4.602217208321925934e-01 3.904344775198296813e-01 -5.050474370598397877e-01 6.169958510303696908e-01
-6.270408630371093750e-02 -5.082659125328063965e-01 -1.529062271118164062e+00 4.602219758106227410e-01 3.904341478823019629e-01 -5.050474607922648129e-01 6.169958410705427276e-01
-6.270391494035720825e-02 -5.082657933235168457e-01 -1.529062747955322266e+00 4.602222490016411593e-01 3.904338351725062384e-01 -5.050474716209134574e-01 6.169958147886112076e-01
-6.270382553339004517e-02 -5.082656741142272949e-01 -1.529062986373901367e+00 4.602223886325434443e-01 3.904336519590138610e-01 -5.050474863519212043e-01 6.169958137673539067e-01
-6.270377337932586670e-02 -5.082656741142272949e-01 -1.529063224792480469e+00 4.602224675543390986e-01 3.904335688159511486e-01 -5.050474897950386621e-01 6.169958212846893275e-01
-6.270365417003631592e-02 -5.082655549049377441e-01 -1.529063582420349121e+00 4.602226658705863005e-01 3.904333196273916951e-01 -5.050475149993299828e-01 6.169958063434508588e-01
-6.270356476306915283e-02 -5.082654953002929688e-01 -1.529063820838928223e+00 4.602228055013621311e-01 3.904331364143289740e-01 -5.050474922932185473e-01 6.169957972278301561e-01
-6.270352005958557129e-02 -5.082654356956481934e-01 -1.529063940048217773e+00 4.602228803758187103e-01 3.904330728940865747e-01 -5.050475113078581879e-01 6.169957858876036205e-01
-6.270349025726318359e-02 -5.082654356956481934e-01 -1.529064059257507324e+00 4.602229188248592173e-01 3.904330240865268031e-01 -5.050475237520826166e-01 6.169957829082773904e-01
-6.270346790552139282e-02 -5.082653760910034180e-01 -1.529064059257507324e+00 4.602229532266295942e-01 3.904329949015694634e-01 -5.050475021887331772e-01 6.169958177330414628e-01
-6.270344555377960205e-02 -5.082653760910034180e-01 -1.529064178466796875e+00 4.602230017938304663e-01 3.904329375102218447e-01 -5.050475126356634981e-01 6.169958092833818242e-01
-6.270339339971542358e-02 -5.082653164863586426e-01 -1.529064297676086426e+00 4.602230726209892153e-01 3.904328288563962968e-01 -5.050475128200061503e-01 6.169958114636797664e-01
-6.270335614681243896e-02 -5.082653164863586426e-01 -1.529064416885375977e+00 4.602231333299737215e-01 3.904327611645336260e-01 -5.050475332143505858e-01 6.169958110197947265e-01
-6.270332634449005127e-02 -5.082652568817138672e-01 -1.529064536094665527e+00 4.602231839207880926e-01 3.904327182455498702e-01 -5.050475475114635238e-01 6.169958079517221528e-01
-6.270330399274826050e-02 -5.082652568817138672e-01 -1.529064536094665527e+00 4.602232183225386519e-01 3.904326404934735928e-01 -5.050475249363303165e-01 6.169958023038445427e-01
-6.270328164100646973e-02 -5.082651972770690918e-01 -1.529064655303955078e+00 4.602232527242866023e-01 3.904326113085829775e-01 -5.050475357511340357e-01 6.169958047504999765e-01
-6.270325928926467896e-02 -5.082651972770690918e-01 -1.529064655303955078e+00 4.602232871260320546e-01 3.904325659346428168e-01 -5.050475445423068255e-01 6.169957991026303601e-01
-6.270323693752288818e-02 -5.082651972770690918e-01 -1.529064774513244629e+00 4.602233215277748979e-01 3.904325367497664678e-01 -5.050475553571130982e-01 6.169958015492924552e-01
-6.270321458578109741e-02 -5.082651972770690918e-01 -1.529064774513244629e+00 4.602233559295151877e-01 3.904325075648966137e-01 -5.050475327819973215e-01 6.169957959014308324e-01
-6.270319223403930664e-02 -5.082651376724243164e-01 -1.529064893722534180e+00 4.602233903312528684e-01 3.904324621909809334e-01 -5.050475415731768836e-01 6.169957902535735395e-01
-6.270317733287811279e-02 -5.082651376724243164e-01 -1.529064893722534180e+00 4.602234247329879957e-01 3.904324330061254567e-01 -5.050475503643580000e-01 6.169957846057204653e-01
-6.270315498113632202e-02 -5.082651376724243164e-01 -1.529065012931823730e+00 4.602234550874580443e-01 3.904323586876373153e-01 -5.050475635969918775e-01 6.169957924783348036e-01
-6.270313262939453125e-02 -5.082650780677795410e-01 -1.529065132141113281e+00 4.602234894891883421e-01 3.904323295027977703e-01 -5.050475400100774559e-01 6.169957868304888349e-01
-6.270311027765274048e-02 -5.082650780677795410e-01 -1.529065132141113281e+00 4.602235218672851014e-01 3.904322858456716339e-01 -5.050475520338053581e-01 6.169957838956153795e-01
-6.270308792591094971e-02 -5.082650780677795410e-01 -1.529065251350402832e+00 4.602235562690104032e-01 3.904322566608460221e-01 -5.050475608249939130e-01 6.169957782477776265e-01
-6.270307302474975586e-02 -5.082650184631347656e-01 -1.529065251350402832e+00 4.602235906707331514e-01 3.904322274760269051e-01 -5.050475686043686130e-01 6.169957806944668111e-01
-6.270305067300796509e-02 -5.082650184631347656e-01 -1.529065370559692383e+00 4.602236250724532907e-01 3.904321821021701777e-01 -5.050475450174719549e-01 6.169957750466370516e-01
-6.270302832126617432e-02 -5.082650184631347656e-01 -1.529065370559692383e+00 4.602236574505405020e-01 3.904321222560323545e-01 -5.050475550175760331e-01 6.169957721117781402e-01
-6.270300596952438354e-02 -5.082650184631347656e-01 -1.529065489768981934e+00 4.602236878049951740e-01 3.904320803156992592e-01 -5.050475682502197916e-01 6.169957718898888555e-01
-6.270299106836318970e-02 -5.082649588584899902e-01 -1.529065489768981934e+00 4.602237141121876540e-01 3.904320579979186356e-01 -5.050475859243103161e-01 6.169957770939339392e-01
-6.270296871662139893e-02 -5.082649588584899902e-01 -1.529065608978271484e+00 4.602237485138985784e-01 3.904320126240946043e-01 -5.050475623374288681e-01 6.169957795406382228e-01
-6.270294636487960815e-02 -5.082649588584899902e-01 -1.529065608978271484e+00 4.602237808919770745e-01 3.904319851560695276e-01 -5.050475733493534625e-01 6.169957766057914128e-01
-6.270292401313781738e-02 -5.082648992538452148e-01 -1.529065728187561035e+00 4.602238152936830584e-01 3.904319559712991494e-01 -5.050475821405566723e-01 6.169957709579833027e-01
-6.270290166139602661e-02 -5.082648992538452148e-01 -1.529065728187561035e+00 4.602238496953864333e-01 3.904318782194265425e-01 -5.050475909317615475e-01 6.169957653101795225e-01
-6.270279735326766968e-02 -5.082648396492004395e-01 -1.529066085815429688e+00 4.602240217038646719e-01 3.904316999176636327e-01 -5.050475782262022761e-01 6.169957532602552419e-01
-6.270276755094528198e-02 -5.082647800445556641e-01 -1.529066205024719238e+00 4.602240682473242028e-01 3.904316118653721190e-01 -5.050475929175725076e-01 6.169957556182490421e-01
-6.270274519920349121e-02 -5.082647800445556641e-01 -1.529066205024719238e+00 4.602241026490086484e-01 3.904315826806661338e-01 -5.050476057560492338e-01 6.169957580649886308e-01
-6.270272284746170044e-02 -5.082647204399108887e-01 -1.529066324234008789e+00 4.602241390743188054e-01 3.904315517792198986e-01 -5.050475819721270687e-01 6.169957497042573014e-01
-6.270270049571990967e-02 -5.082647204399108887e-01 -1.529066324234008789e+00 4.602241775232541743e-01 3.904315029720098473e-01 -5.050475893573567188e-01 6.169957467250832828e-01
-6.270267814397811890e-02 -5.082647204399108887e-01 -1.529066443443298340e+00 4.602242119249305152e-01 3.904314737873258445e-01 -5.050476001722116193e-01 6.169957410773220241e-01
-6.270265579223632812e-02 -5.082646608352661133e-01 -1.529066443443298340e+00 4.602242463266041916e-01 3.904314284136261581e-01 -5.050476109870678521e-01 6.169957435240762678e-01
-6.270105391740798950e-02 -5.082609653472900391e-01 -1.529065012931823730e+00 4.601857593640233390e-01 3.904574920916707992e-01 -5.050514250825868245e-01 6.170048291321399425e-01
-6.270103156566619873e-02 -5.082609653472900391e-01 -1.529065132141113281e+00 4.601857937685716049e-01 3.904574629001707486e-01 -5.050514267878200014e-01 6.170048153841900529e-01
-6.270100921392440796e-02 -5.082609057426452637e-01 -1.529065132141113281e+00 4.601858180541335552e-01 3.904574584847840812e-01 -5.050514375747884310e-01 6.170047909179463552e-01
-6.270098686218261719e-02 -5.082609057426452637e-01 -1.529065251350402832e+00 4.601858423396942288e-01 3.904574540693990237e-01 -5.050514797306056014e-01 6.170047583565202443e-01
-6.270096451044082642e-02 -5.082609057426452637e-01 -1.529065251350402832e+00 4.601858706728467197e-01 3.904574462197230034e-01 -5.050514850634633124e-01 6.170047203681963133e-01
-6.270094215869903564e-02 -5.082608461380004883e-01 -1.529065370559692383e+00 4.601858969822010259e-01 3.904574400871954620e-01 -5.050514926174276553e-01 6.170047174740733720e-01
-6.270091980695724487e-02 -5.082608461380004883e-01 -1.529065489768981934e+00 4.601859212677575361e-01 3.904574356718156225e-01 -5.050515013805998432e-01 6.170046849126622490e-01
-6.270089745521545410e-02 -5.082607865333557129e-01 -1.529065489768981934e+00 4.601859496009051420e-01 3.904574278221462635e-01 -5.050515067134606628e-01 6.170046469243559706e-01
-6.270087510347366333e-02 -5.082607865333557129e-01 -1.529065608978271484e+00 4.601859738864588767e-01 3.904574234067699212e-01 -5.050515498811677384e-01 6.170046143629561719e-01
-6.270422786474227905e-02 -5.082563161849975586e-01 -1.529054641723632812e+00 4.601961251356829208e-01 3.904530360836911407e-01 -5.050534927404014551e-01 6.169982491794274715e-01
-6.270420551300048828e-02 -5.082562565803527832e-01 -1.529054641723632812e+00 4.601961514444510293e-01 3.904530299520497238e-01 -5.050535013066017598e-01 6.169982139065035565e-01
-6.270418316125869751e-02 -5.082562565803527832e-01 -1.529054760932922363e+00 4.601961858482223611e-01 3.904530169522110739e-01 -5.050535131312497983e-01 6.169981677803814124e-01
-6.270416080951690674e-02 -5.082562565803527832e-01 -1.529054760932922363e+00 4.601962101332359167e-01 3.904530125376240446e-01 -5.050535218947154181e-01 6.169981352207719594e-01
-6.270414590835571289e-02 -5.082561969757080078e-01 -1.529054880142211914e+00 4.601962384657500849e-01 3.904530046889398975e-01 -5.050535575842919345e-01 6.169981377095864472e-01
-6.270412355661392212e-02 -5.082561969757080078e-01 -1.529054999351501465e+00 4.601962627507608095e-01 3.904529840843496968e-01 -5.050535663477573323e-01 6.169981051499860980e-01
-6.270407885313034058e-02 -5.082561373710632324e-01 -1.529055118560791016e+00 4.601963295345338212e-01 3.904529759917565457e-01 -5.050535901943205008e-01 6.169980156111116720e-01
-6.270404160022735596e-02 -5.082560777664184570e-01 -1.529055237770080566e+00 4.601963821520450582e-01 3.904529799185104677e-01 -5.050536356592332243e-01 6.169979774453643317e-01
-6.270400434732437134e-02 -5.082560777664184570e-01 -1.529055356979370117e+00 4.601964266745499077e-01 3.904529745234587845e-01 -5.050536535806935401e-01 6.169979258478208717e-01
-6.270397454500198364e-02 -5.082560181617736816e-01 -1.529055476188659668e+00 4.601964772683001526e-01 3.904529477872704657e-01 -5.050536567441168412e-01 6.169978580154046321e-01
-6.270394474267959595e-02 -5.082560181617736816e-01 -1.529055595397949219e+00 4.601965177432963960e-01 3.904529458263247266e-01 -5.050537033926032482e-01 6.169978361294833347e-01
-6.270392239093780518e-02 -5.082559585571289062e-01 -1.529055595397949219e+00 4.601965420282924102e-01 3.904529414117595132e-01 -5.050537131679465608e-01 6.169978035699383856e-01
-6.270390748977661133e-02 -5.082559585571289062e-01 -1.529055714607238770e+00 4.601965622657880894e-01 3.904529404312891416e-01 -5.050537263734400373e-01 6.169977764369882767e-01
-6.270388513803482056e-02 -5.082559585571289062e-01 -1.529055833816528320e+00 4.601965946457793888e-01 3.904529129585460057e-01 -5.050537262528607130e-01 6.169977411192728578e-01
-6.270387023687362671e-02 -5.082558989524841309e-01 -1.529055833816528320e+00 4.601966189307713506e-01 3.904529085439867320e-01 -5.050537350163308847e-01 6.169977409397322532e-01
-6.270384788513183594e-02 -5.082558989524841309e-01 -1.529055953025817871e+00 4.601966432157620357e-01 3.904529041294290126e-01 -5.050537761597883035e-01 6.169977083802066220e-01
-6.270383298397064209e-02 -5.082558989524841309e-01 -1.529055953025817871e+00 4.601966634532532741e-01 3.904529031489641921e-01 -5.050537883534065298e-01 6.169976812472726113e-01
-6.270381063222885132e-02 -5.082558393478393555e-01 -1.529056072235107422e+00 4.601966938094884663e-01 3.904528935832727865e-01 -5.050537904538420220e-01 6.169976405478782011e-01
-6.270379573106765747e-02 -5.082558393478393555e-01 -1.529056072235107422e+00 4.601967180944752100e-01 3.904529215487013705e-01 -5.050537992173126378e-01 6.169976079883685571e-01
-6.270377337932586670e-02 -5.082558393478393555e-01 -1.529056191444396973e+00 4.601967423794606216e-01 3.904529009441585208e-01 -5.050538079807839198e-01 6.169976078088437177e-01
-6.270375847816467285e-02 -5.082558393478393555e-01 -1.529056191444396973e+00 4.601967707119420381e-01 3.904528930955181165e-01 -5.050538123022341175e-01 6.169975779177540032e-01
-6.270373612642288208e-02 -5.082557797431945801e-01 -1.529056310653686523e+00 4.601967949969247296e-01 3.904528886809694455e-01 -5.050538534456826545e-01 6.169975453582584590e-01
