repeatability steamvr; 20211015-225814; x y z w i j k;  frequency = 150 duration = 2 sys.args = ['.\\repeatability.py']
-6.283561885356903076e-02 -5.084214806556701660e-01 -1.529014945030212402e+00 4.606484480710129614e-01 3.904100079450069649e-01 -5.048921905290073564e-01 6.168199083243594005e-01
-6.283547729253768921e-02 -5.084215998649597168e-01 -1.529014825820922852e+00 4.606485673550896331e-01 3.904098583267426315e-01 -5.048921275172135736e-01 6.168199588634388775e-01
-6.283542513847351074e-02 -5.084216594696044922e-01 -1.529014825820922852e+00 4.606486118338899427e-01 3.904098206299784213e-01 -5.048921252669584803e-01 6.168199720887058701e-01
-6.283537298440933228e-02 -5.084217190742492676e-01 -1.529014706611633301e+00 4.606486583344493457e-01 3.904097650456296864e-01 -5.048920924960759171e-01 6.168199826067848335e-01
-6.283534318208694458e-02 -5.084217190742492676e-01 -1.529014706611633301e+00 4.606486866391353852e-01 3.904097410567936577e-01 -5.048920897775267536e-01 6.168199932284277320e-01
-6.283530592918395996e-02 -5.084217786788940430e-01 -1.529014706611633301e+00 4.606487210091089191e-01 3.904096795792894592e-01 -5.048920864764343541e-01 6.168200038155519094e-01
-6.283528357744216919e-02 -5.084217786788940430e-01 -1.529014706611633301e+00 4.606487371832132527e-01 3.904096496972853103e-01 -5.048920950317952183e-01 6.168200225932879421e-01
-6.283525377511978149e-02 -5.084218382835388184e-01 -1.529014706611633301e+00 4.606487654878944626e-01 3.904096257084645472e-01 -5.048920589541641135e-01 6.168200251278814772e-01
-6.283522397279739380e-02 -5.084218382835388184e-01 -1.529014706611633301e+00 4.606487877272855691e-01 3.904096068601085046e-01 -5.048920608616943584e-01 6.168200357840469827e-01
-6.283519417047500610e-02 -5.084218382835388184e-01 -1.529014587402343750e+00 4.606488160319636704e-01 3.904095828712956240e-01 -5.048920571322752515e-01 6.168200383186436264e-01
-6.283516436815261841e-02 -5.084218978881835938e-01 -1.529014587402343750e+00 4.606488402931149251e-01 3.904095137871583243e-01 -5.048920568238643991e-01 6.168200462676211027e-01
-6.283514201641082764e-02 -5.084218978881835938e-01 -1.529014587402343750e+00 4.606488685977897513e-01 3.904094897983566570e-01 -5.048920207462507248e-01 6.168200568892708846e-01
-6.283511221408843994e-02 -5.084219574928283691e-01 -1.529014587402343750e+00 4.606488928589382303e-01 3.904094692365301933e-01 -5.048920204378448684e-01 6.168200648382501372e-01
-6.283508241176605225e-02 -5.084219574928283691e-01 -1.529014587402343750e+00 4.606489191418476348e-01 3.904094469612218732e-01 -5.048920189243788492e-01 6.168200700800416936e-01
-6.283505260944366455e-02 -5.084220170974731445e-01 -1.529014587402343750e+00 4.606489434029935048e-01 3.904094102253053422e-01 -5.048920186159759904e-01 6.168200780290229446e-01
-6.283494830131530762e-02 -5.084220767021179199e-01 -1.529014468193054199e+00 4.606490384258023485e-01 3.904092811692657095e-01 -5.048919862392529101e-01 6.168201125321440825e-01
-6.283489614725112915e-02 -5.084221363067626953e-01 -1.529014468193054199e+00 4.606490788610341780e-01 3.904092145514162504e-01 -5.048919530401192457e-01 6.168201311718176649e-01
-6.283486634492874146e-02 -5.084221959114074707e-01 -1.529014468193054199e+00 4.606491071656944047e-01 3.904091905626577708e-01 -5.048919503216093840e-01 6.168201337064307399e-01
-6.283483654260635376e-02 -5.084221959114074707e-01 -1.529014348983764648e+00 4.606491314268302828e-01 3.904091538267782102e-01 -5.048919520349824941e-01 6.168201416554187633e-01
-6.283481419086456299e-02 -5.084221959114074707e-01 -1.529014348983764648e+00 4.606491597314872344e-01 3.904091298380290009e-01 -5.048919149465370682e-01 6.168201522770798695e-01
-6.283478438854217529e-02 -5.084222555160522461e-01 -1.529014348983764648e+00 4.606491759055761914e-01 3.904091161301742607e-01 -5.048919245127931887e-01 6.168201710548133487e-01
-6.283475458621978760e-02 -5.084222555160522461e-01 -1.529014348983764648e+00 4.606492021884694421e-01 3.904090615067380421e-01 -5.048919219884707710e-01 6.168201762966173396e-01
-6.283472478389739990e-02 -5.084223151206970215e-01 -1.529014348983764648e+00 4.606492264496003797e-01 3.904090247708770223e-01 -5.048919226909700519e-01 6.168201842456080275e-01
-6.283469498157501221e-02 -5.084223151206970215e-01 -1.529014348983764648e+00 4.606492547542515026e-01 3.904090007821456321e-01 -5.048918856025403912e-01 6.168201867802292071e-01
-6.283467262983322144e-02 -5.084223747253417969e-01 -1.529014229774475098e+00 4.606492790153796091e-01 3.904089802203793980e-01 -5.048918863050446681e-01 6.168202028162648176e-01
-6.283464282751083374e-02 -5.084223747253417969e-01 -1.529014229774475098e+00 4.606493073200275123e-01 3.904089562316562234e-01 -5.048918815647930325e-01 6.168202053508888838e-01
-6.283461302518844604e-02 -5.084223747253417969e-01 -1.529014229774475098e+00 4.606493295593924731e-01 3.904088888611271235e-01 -5.048918844832385178e-01 6.168202160070681561e-01
-6.283458322286605835e-02 -5.084224343299865723e-01 -1.529014229774475098e+00 4.606493578640372677e-01 3.904088648724148292e-01 -5.048918484057066669e-01 6.168202185416953309e-01
-6.283455342054367065e-02 -5.084224343299865723e-01 -1.529014229774475098e+00 4.606493740381192303e-01 3.904088511645811832e-01 -5.048918569610885143e-01 6.168202373194278110e-01
-6.283453106880187988e-02 -5.084224939346313477e-01 -1.529014229774475098e+00 4.606494023427613049e-01 3.904088271758758277e-01 -5.048918522208462045e-01 6.168202398540570952e-01
-6.283450126647949219e-02 -5.084224939346313477e-01 -1.529014229774475098e+00 4.606494245821216582e-01 3.904087921535305261e-01 -5.048918551392974630e-01 6.168202585972786256e-01
-6.283447146415710449e-02 -5.084225535392761230e-01 -1.529014110565185547e+00 4.606494528867606242e-01 3.904087358166762889e-01 -5.048918180509013309e-01 6.168202611319103523e-01
-6.283444166183471680e-02 -5.084225535392761230e-01 -1.529014110565185547e+00 4.606494771478783501e-01 3.904087152549416406e-01 -5.048918177425402165e-01 6.168202690809100330e-01
-6.283441931009292603e-02 -5.084226131439208984e-01 -1.529014110565185547e+00 4.606495054525140409e-01 3.904086912662553810e-01 -5.048918140131881671e-01 6.168202716155453125e-01
-6.283438950777053833e-02 -5.084226131439208984e-01 -1.529014110565185547e+00 4.606495297136289913e-01 3.904086545304516487e-01 -5.048918137048303834e-01 6.168202795645472136e-01
-6.283435970544815063e-02 -5.084226131439208984e-01 -1.529014110565185547e+00 4.606495519529832383e-01 3.904086356822049630e-01 -5.048917832642588754e-01 6.168202902207320371e-01
-6.283432990312576294e-02 -5.084226727485656738e-01 -1.529014110565185547e+00 4.606495802576143772e-01 3.904085793453825337e-01 -5.048917795349144866e-01 6.168203008424089084e-01
-6.283430010080337524e-02 -5.084226727485656738e-01 -1.529013991355895996e+00 4.606495964316885128e-01 3.904085656375721469e-01 -5.048917880903032174e-01 6.168203196201399452e-01
-6.283421814441680908e-02 -5.084227919578552246e-01 -1.529013991355895996e+00 4.606496752802918260e-01 3.904084826379462525e-01 -5.048917491801883095e-01 6.168203353456124249e-01
-6.283418089151382446e-02 -5.084227919578552246e-01 -1.529013991355895996e+00 4.606497096501916411e-01 3.904084049866605177e-01 -5.048917458792091528e-01 6.168203459327871174e-01
-6.283412873744964600e-02 -5.084228515625000000e-01 -1.529013872146606445e+00 4.606497561506401883e-01 3.904083655767494054e-01 -5.048917151303230488e-01 6.168203645379858324e-01
-6.283404678106307983e-02 -5.084229111671447754e-01 -1.529013872146606445e+00 4.606498228686669028e-01 3.904082605099173930e-01 -5.048917168095949926e-01 6.168203884195245790e-01
-6.283400207757949829e-02 -5.084229707717895508e-01 -1.529013872146606445e+00 4.606498633038298984e-01 3.904082262404582893e-01 -5.048916846214959175e-01 6.168204070592343546e-01
-6.283394992351531982e-02 -5.084230303764343262e-01 -1.529013752937316895e+00 4.606499098042630136e-01 3.904081706565286081e-01 -5.048916811663742843e-01 6.168204175774099074e-01
-6.283390522003173828e-02 -5.084230303764343262e-01 -1.529013752937316895e+00 4.606499542829337046e-01 3.904081006120244113e-01 -5.048916435355517152e-01 6.168204308027676053e-01
-6.283383071422576904e-02 -5.084231495857238770e-01 -1.529013752937316895e+00 4.606500169574169745e-01 3.904080313203596164e-01 -5.048916486358470124e-01 6.168204600986797459e-01
-6.283374875783920288e-02 -5.084232091903686523e-01 -1.529013633728027344e+00 4.606500856971629809e-01 3.904079407142544422e-01 -5.048916137293687489e-01 6.168204812730651021e-01
-6.283369660377502441e-02 -5.084232687950134277e-01 -1.529013633728027344e+00 4.606501382628442332e-01 3.904078799899918240e-01 -5.048915773436538634e-01 6.168204917567571277e-01
-6.283365190029144287e-02 -5.084232687950134277e-01 -1.529013633728027344e+00 4.606501786979795288e-01 3.904078457206131003e-01 -5.048915754819696122e-01 6.168205023094553985e-01
-6.283362209796905518e-02 -5.084233283996582031e-01 -1.529013633728027344e+00 4.606502049808156030e-01 3.904077749233642036e-01 -5.048915739686136162e-01 6.168205156383317345e-01
-6.283359229564666748e-02 -5.084233283996582031e-01 -1.529013514518737793e+00 4.606502292418936939e-01 3.904077543617473500e-01 -5.048915423230843080e-01 6.168205235873580605e-01
-6.283356249332427979e-02 -5.084233880043029785e-01 -1.529013514518737793e+00 4.606502494594578168e-01 3.904077372270691182e-01 -5.048915464466386949e-01 6.168205369507352431e-01
-6.283351033926010132e-02 -5.084234476089477539e-01 -1.529013514518737793e+00 4.606502959598519076e-01 3.904076978173177670e-01 -5.048915440024546175e-01 6.168205474689411050e-01
-6.283348053693771362e-02 -5.084234476089477539e-01 -1.529013514518737793e+00 4.606503242644373053e-01 3.904076576547309552e-01 -5.048915099468405110e-01 6.168205580906461760e-01
-6.283344328403472900e-02 -5.084235072135925293e-01 -1.529013514518737793e+00 4.606503586342886591e-01 3.904075961777043746e-01 -5.048915106894488192e-01 6.168205767648778926e-01
-6.283341348171234131e-02 -5.084235072135925293e-01 -1.529013395309448242e+00 4.606503869388702266e-01 3.904075721891786532e-01 -5.048915059493040980e-01 6.168205792995617998e-01
-6.283338367938995361e-02 -5.084235668182373047e-01 -1.529013395309448242e+00 4.606504111999387141e-01 3.904075354535435083e-01 -5.048915066518918637e-01 6.168205872485945651e-01
-6.283336132764816284e-02 -5.084235668182373047e-01 -1.529013395309448242e+00 4.606504395045170619e-01 3.904075114650270018e-01 -5.048914695636630423e-01 6.168205897832819140e-01
-6.283333152532577515e-02 -5.084235668182373047e-01 -1.529013395309448242e+00 4.606504556785610549e-01 3.904074654092178354e-01 -5.048914791299575766e-01 6.168206085610080658e-01
-6.283330172300338745e-02 -5.084236264228820801e-01 -1.529013395309448242e+00 4.606504819613813084e-01 3.904074431341749696e-01 -5.048914776166252283e-01 6.168206218898916182e-01
-6.283327192068099976e-02 -5.084236264228820801e-01 -1.529013395309448242e+00 4.606505062224447999e-01 3.904074063985584209e-01 -5.048914783192198774e-01 6.168206298389270481e-01
-6.283324211835861206e-02 -5.084236860275268555e-01 -1.529013276100158691e+00 4.606505345270172636e-01 3.904073824100597889e-01 -5.048914412310068212e-01 6.168206323736191710e-01
-6.283321231603622437e-02 -5.084236860275268555e-01 -1.529013276100158691e+00 4.606505587880780350e-01 3.904073618484930064e-01 -5.048914409227287514e-01 6.168206403226569323e-01
-6.283318996429443359e-02 -5.084237456321716309e-01 -1.529013276100158691e+00 4.606505870926472790e-01 3.904073055119243740e-01 -5.048914371934813961e-01 6.168206428573523858e-01
-6.283316016197204590e-02 -5.084237456321716309e-01 -1.529013276100158691e+00 4.606506093319504558e-01 3.904072704897911250e-01 -5.048914067530538841e-01 6.168206535135636326e-01
-6.283313035964965820e-02 -5.084237456321716309e-01 -1.529013276100158691e+00 4.606506376365166466e-01 3.904072465013115334e-01 -5.048914030238124129e-01 6.168206641352808051e-01
-6.283310055732727051e-02 -5.084238052368164062e-01 -1.529013276100158691e+00 4.606506618975719225e-01 3.904072259397611266e-01 -5.048914027155424478e-01 6.168206720843223412e-01
-6.283307820558547974e-02 -5.084238052368164062e-01 -1.529013156890869141e+00 4.606506780716080884e-01 3.904072122320626503e-01 -5.048914112709659285e-01 6.168206908620470497e-01
-6.283304840326309204e-02 -5.084238648414611816e-01 -1.529013156890869141e+00 4.606507043544156854e-01 3.904071414349508662e-01 -5.048913774095822316e-01 6.168206961039189862e-01
-6.283301860094070435e-02 -5.084238648414611816e-01 -1.529013156890869141e+00 4.606507286154674641e-01 3.904071208734119502e-01 -5.048913771013174845e-01 6.168207040529624097e-01
-6.283298879861831665e-02 -5.084239244461059570e-01 -1.529013156890869141e+00 4.606507569200262719e-01 3.904070968849540080e-01 -5.048913733720868935e-01 6.168207065876669670e-01
-6.283295899629592896e-02 -5.084239244461059570e-01 -1.529013156890869141e+00 4.606507811810753306e-01 3.904070763234220864e-01 -5.048913730638253661e-01 6.168207226237286678e-01
-6.283293664455413818e-02 -5.084239840507507324e-01 -1.529013156890869141e+00 4.606508094856309188e-01 3.904070361609410789e-01 -5.048913359756593833e-01 6.168207251584362227e-01
-6.283290684223175049e-02 -5.084239840507507324e-01 -1.529013037681579590e+00 4.606508317249233819e-01 3.904069849648163504e-01 -5.048913399050780626e-01 6.168207358146526875e-01
-6.283287703990936279e-02 -5.084239840507507324e-01 -1.529013037681579590e+00 4.606508600294758615e-01 3.904069609763774484e-01 -5.048913351649806369e-01 6.168207383493632401e-01
-6.283284723758697510e-02 -5.084240436553955078e-01 -1.529013037681579590e+00 4.606508762035050886e-01 3.904069472687000664e-01 -5.048913437204104460e-01 6.168207571270869494e-01
-6.283281743526458740e-02 -5.084240436553955078e-01 -1.529013037681579590e+00 4.606509045080548481e-01 3.904069071062402085e-01 -5.048913076431371660e-01 6.168207677488135587e-01
-6.283272802829742432e-02 -5.084241628646850586e-01 -1.529012918472290039e+00 4.606509853781873831e-01 3.904068062198403632e-01 -5.048913049308504375e-01 6.168207888543095763e-01
-6.283268332481384277e-02 -5.084241628646850586e-01 -1.529012918472290039e+00 4.606510318785072000e-01 3.904067506362853823e-01 -5.048912681169762662e-01 6.168207993725726146e-01
-6.283264607191085815e-02 -5.084242224693298340e-01 -1.529012918472290039e+00 4.606510601830473561e-01 3.904067266478817855e-01 -5.048912684312808485e-01 6.168208099943058853e-01
-6.283261626958847046e-02 -5.084242820739746094e-01 -1.529012918472290039e+00 4.606510864658331372e-01 3.904066558508748619e-01 -5.048912719723820386e-01 6.168208233232065352e-01
-6.283257901668548584e-02 -5.084242820739746094e-01 -1.529012918472290039e+00 4.606511147703699627e-01 3.904066318624827558e-01 -5.048912379168963849e-01 6.168208339449415822e-01
-6.283255666494369507e-02 -5.084242820739746094e-01 -1.529012799263000488e+00 4.606511390314001475e-01 3.904066113010073447e-01 -5.048912396304153782e-01 6.168208499810095002e-01
-6.283252686262130737e-02 -5.084243416786193848e-01 -1.529012799263000488e+00 4.606511673359337533e-01 3.904065873126233988e-01 -5.048912359012240891e-01 6.168208525157365951e-01
-6.283249706029891968e-02 -5.084243416786193848e-01 -1.529012799263000488e+00 4.606511956404656383e-01 3.904065471502262130e-01 -5.048912331829112921e-01 6.168208550504656884e-01
-6.283246725797653198e-02 -5.084244012832641602e-01 -1.529012799263000488e+00 4.606512178797394497e-01 3.904064959541837521e-01 -5.048912037534422081e-01 6.168208737937004305e-01
-6.283243745565414429e-02 -5.084244012832641602e-01 -1.529012799263000488e+00 4.606512482060202140e-01 3.904064702523604158e-01 -5.048911988192184008e-01 6.168208736212673626e-01
-6.281845271587371826e-02 -5.084384679794311523e-01 -1.529012560844421387e+00 4.606394147396702943e-01 3.904270290441053115e-01 -5.048822931608780706e-01 6.168239495536025352e-01
-6.281840801239013672e-02 -5.084384679794311523e-01 -1.529012560844421387e+00 4.606394309141013665e-01 3.904270638583344777e-01 -5.048822926182802151e-01 6.168239602439264946e-01
-6.281833350658416748e-02 -5.084385275840759277e-01 -1.529012441635131836e+00 4.606394612411581213e-01 3.904270705027011457e-01 -5.048823210434275621e-01 6.168239196341723796e-01
-6.281822919845581055e-02 -5.084385871887207031e-01 -1.529012441635131836e+00 4.606395016772306672e-01 3.904270685789057449e-01 -5.048823151378784013e-01 6.168238654878460681e-01
-6.281816959381103516e-02 -5.084386467933654785e-01 -1.529012441635131836e+00 4.606395299824793121e-01 3.904270769369073690e-01 -5.048823083756525110e-01 6.168238599342809048e-01
-6.281812489032745361e-02 -5.084386467933654785e-01 -1.529012441635131836e+00 4.606395522223163397e-01 3.904270742613795142e-01 -5.048823335339411855e-01 6.168238301538113699e-01
-6.286394596099853516e-02 -5.083838701248168945e-01 -1.529020905494689941e+00 4.606451829101404494e-01 3.904291759305521525e-01 -5.048867764517976919e-01 6.168146649092007827e-01
-6.286393851041793823e-02 -5.083838701248168945e-01 -1.529020905494689941e+00 4.606452011061474838e-01 3.904291766823858034e-01 -5.048867726824265434e-01 6.168146405443231117e-01
-6.286393105983734131e-02 -5.083838701248168945e-01 -1.529020905494689941e+00 4.606452233457107304e-01 3.904291740070214844e-01 -5.048867958187115423e-01 6.168146107650319676e-01
-6.286391615867614746e-02 -5.083838701248168945e-01 -1.529020786285400391e+00 4.606452678248339483e-01 3.904291848305223578e-01 -5.048867915468228107e-01 6.168145512064627800e-01
-6.286390125751495361e-02 -5.083838701248168945e-01 -1.529020786285400391e+00 4.606453102821748136e-01 3.904291973676234373e-01 -5.048867814037817370e-01 6.168145267035660684e-01
-6.286388635635375977e-02 -5.083838701248168945e-01 -1.529020786285400391e+00 4.606453385870665773e-01 3.904291895514679922e-01 -5.048868059793155671e-01 6.168144888026758643e-01
-6.286387145519256592e-02 -5.083838701248168945e-01 -1.529020786285400391e+00 4.606453749790677121e-01 3.904292072293666926e-01 -5.048868004623657813e-01 6.168144805085252758e-01
-6.284964084625244141e-02 -5.083536505699157715e-01 -1.528952956199645996e+00 4.606545699325521603e-01 3.904269940133040517e-01 -5.048890501497045324e-01 6.168071419795191357e-01
-6.284961104393005371e-02 -5.083535909652709961e-01 -1.528952836990356445e+00 4.606545962151377127e-01 3.904269879114431463e-01 -5.048890769411037427e-01 6.168071067876712554e-01
-6.284958869218826294e-02 -5.083535909652709961e-01 -1.528952836990356445e+00 4.606546103672984893e-01 3.904270082646003059e-01 -5.048890776038761352e-01 6.168070878382172495e-01
-6.284956634044647217e-02 -5.083535909652709961e-01 -1.528952836990356445e+00 4.606546245194588773e-01 3.904270124438592449e-01 -5.048890772557804718e-01 6.168071012365595740e-01
-6.284954398870468140e-02 -5.083535313606262207e-01 -1.528952717781066895e+00 4.606546427150929879e-01 3.904270131960790313e-01 -5.048890734868044516e-01 6.168070768729794207e-01
-6.284952163696289062e-02 -5.083535313606262207e-01 -1.528952717781066895e+00 4.606546649542003768e-01 3.904270105212603870e-01 -5.048890642752120739e-01 6.168070470952742301e-01
-6.284950673580169678e-02 -5.083535313606262207e-01 -1.528952717781066895e+00 4.606546831498329331e-01 3.904270112734815057e-01 -5.048890594953701072e-01 6.168070227317004051e-01
-6.284948438405990601e-02 -5.083534717559814453e-01 -1.528952598571777344e+00 4.606546973019910451e-01 3.904270478005311129e-01 -5.048890925059353885e-01 6.168070037822560581e-01
-6.284946203231811523e-02 -5.083534717559814453e-01 -1.528952598571777344e+00 4.606547114541487686e-01 3.904270519797903294e-01 -5.048890921578422786e-01 6.168070171806020463e-01
-6.284943968057632446e-02 -5.083534717559814453e-01 -1.528952598571777344e+00 4.606547377367262164e-01 3.904270458779348640e-01 -5.048890785145062621e-01 6.168069819887829208e-01
-6.284942477941513062e-02 -5.083534121513366699e-01 -1.528952479362487793e+00 4.606547498671460517e-01 3.904270517707137955e-01 -5.048890803822886353e-01 6.168069657464069211e-01
-6.284940242767333984e-02 -5.083534121513366699e-01 -1.528952479362487793e+00 4.606547640193021098e-01 3.904270559499737892e-01 -5.048890800341976348e-01 6.168069467969699016e-01
-6.284938007593154907e-02 -5.083534121513366699e-01 -1.528952479362487793e+00 4.606547822149307247e-01 3.904270567021962957e-01 -5.048890762652287201e-01 6.168069224334106204e-01
-6.284936517477035522e-02 -5.083533525466918945e-01 -1.528952360153198242e+00 4.606547963670858392e-01 3.904270608814566779e-01 -5.048891072540533376e-01 6.168069034839774867e-01
-6.284934282302856445e-02 -5.083533525466918945e-01 -1.528952360153198242e+00 4.606548165844495113e-01 3.904270599201614123e-01 -5.048891012692117153e-01 6.168069087611429691e-01
-6.284932047128677368e-02 -5.083533525466918945e-01 -1.528952360153198242e+00 4.606548347800760168e-01 3.904270606723854731e-01 -5.048890964893765210e-01 6.168068843975907933e-01
-6.284929811954498291e-02 -5.083532929420471191e-01 -1.528952240943908691e+00 4.606548489322295215e-01 3.904270648516465769e-01 -5.048890961412879630e-01 6.168068735351078802e-01
-6.284926831722259521e-02 -5.083532929420471191e-01 -1.528952240943908691e+00 4.606548752147990866e-01 3.904270587497988831e-01 -5.048890895740406615e-01 6.168068383433180646e-01
-6.284920871257781982e-02 -5.083532333374023438e-01 -1.528952121734619141e+00 4.606549318234054446e-01 3.904270754668470733e-01 -5.048891083990540984e-01 6.168067948934101707e-01
-6.284916400909423828e-02 -5.083531737327575684e-01 -1.528952002525329590e+00 4.606549621494416824e-01 3.904270821118543400e-01 -5.048891064978795473e-01 6.168067542875191878e-01
-6.284913420677185059e-02 -5.083531737327575684e-01 -1.528951883316040039e+00 4.606549884320048083e-01 3.904270760100125859e-01 -5.048891322784093694e-01 6.168067190957533530e-01
-6.284911185503005981e-02 -5.083531141281127930e-01 -1.528951883316040039e+00 4.606550046058890957e-01 3.904270784757585822e-01 -5.048891307253212668e-01 6.168067297870530874e-01
-6.284908950328826904e-02 -5.083531141281127930e-01 -1.528951883316040039e+00 4.606550288667143889e-01 3.904270902613198313e-01 -5.048891253630874987e-01 6.168066973023532684e-01
-6.284906715154647827e-02 -5.083531141281127930e-01 -1.528951764106750488e+00 4.606550430188618983e-01 3.904270944405833776e-01 -5.048891270367400486e-01 6.168066783529474462e-01
-6.284904479980468750e-02 -5.083530545234680176e-01 -1.528951764106750488e+00 4.606550693014204167e-01 3.904270883387458979e-01 -5.048891133934326758e-01 6.168066431611983758e-01
-6.284902244806289673e-02 -5.083530545234680176e-01 -1.528951764106750488e+00 4.606550834535667049e-01 3.904270925180101659e-01 -5.048891130453516674e-01 6.168066242117974385e-01
-6.284900009632110596e-02 -5.083530545234680176e-01 -1.528951644897460938e+00 4.606550976057125490e-01 3.904270966972745449e-01 -5.048891450450325724e-01 6.168066376101597470e-01
-6.284898519515991211e-02 -5.083529949188232422e-01 -1.528951644897460938e+00 4.606551158013280078e-01 3.904270974495060442e-01 -5.048891412760782016e-01 6.168066132466478724e-01
-6.284896284341812134e-02 -5.083529949188232422e-01 -1.528951525688171387e+00 4.606551299534728527e-01 3.904271339765300053e-01 -5.048891409279979703e-01 6.168065942972517091e-01
-6.284894049167633057e-02 -5.083529949188232422e-01 -1.528951525688171387e+00 4.606551501708218699e-01 3.904271330152446762e-01 -5.048891339323078320e-01 6.168065672266889177e-01
-6.284891813993453979e-02 -5.083529353141784668e-01 -1.528951525688171387e+00 4.606551683664352193e-01 3.904271337674763975e-01 -5.048891291524892910e-01 6.168065428631853697e-01
-6.284890323877334595e-02 -5.083529353141784668e-01 -1.528951406478881836e+00 4.606551825185784543e-01 3.904271379467409431e-01 -5.048891611521666434e-01 6.168065562615512309e-01
-6.284888088703155518e-02 -5.083529353141784668e-01 -1.528951406478881836e+00 4.606551966707212453e-01 3.904271421260056552e-01 -5.048891608040880774e-01 6.168065373121622841e-01
-6.284885853528976440e-02 -5.083529353141784668e-01 -1.528951406478881836e+00 4.606552229532709930e-01 3.904271360241748923e-01 -5.048891471607929171e-01 6.168065021204447440e-01
-6.284884363412857056e-02 -5.083528757095336914e-01 -1.528951287269592285e+00 4.606552350836780607e-01 3.904271419169560997e-01 -5.048891490285855044e-01 6.168064858781155957e-01
-6.284882128238677979e-02 -5.083528757095336914e-01 -1.528951287269592285e+00 4.606552492358192419e-01 3.904271460962215334e-01 -5.048891486805091589e-01 6.168064669287331991e-01
-6.284879893064498901e-02 -5.083528757095336914e-01 -1.528951287269592285e+00 4.606552674314287055e-01 3.904271468484559193e-01 -5.048891439006951698e-01 6.168064425652440841e-01
-6.284878402948379517e-02 -5.083528161048889160e-01 -1.528951168060302734e+00 4.606552815835688874e-01 3.904271510277217416e-01 -5.048891759003686364e-01 6.168064559636141642e-01
-6.284876167774200439e-02 -5.083528161048889160e-01 -1.528951168060302734e+00 4.606553058443796367e-01 3.904271466394110268e-01 -5.048891644729490702e-01 6.168064234789678579e-01
-6.284870952367782593e-02 -5.083527565002441406e-01 -1.528951048851013184e+00 4.606553483007953531e-01 3.904271591772108252e-01 -5.048891583743924105e-01 6.168063666308490900e-01
-6.284867227077484131e-02 -5.083527565002441406e-01 -1.528951048851013184e+00 4.606553766050702770e-01 3.904271513618737255e-01 -5.048891516130458168e-01 6.168063691667894366e-01
-6.284864991903305054e-02 -5.083526968955993652e-01 -1.528950929641723633e+00 4.606553907572071282e-01 3.904271555411412686e-01 -5.048891846235818992e-01 6.168063502174222501e-01
-6.284863501787185669e-02 -5.083526968955993652e-01 -1.528950929641723633e+00 4.606554049093435355e-01 3.904271597204089228e-01 -5.048891842755097725e-01 6.168063312680567289e-01
-6.284861266613006592e-02 -5.083526968955993652e-01 -1.528950929641723633e+00 4.606554311918814038e-01 3.904271536185900393e-01 -5.048891706322324868e-01 6.168062960763828206e-01
-6.284859031438827515e-02 -5.083526372909545898e-01 -1.528950810432434082e+00 4.606554433222829759e-01 3.904271595113728011e-01 -5.048891725000296260e-01 6.168062798340737674e-01
-6.284857541322708130e-02 -5.083526372909545898e-01 -1.528950810432434082e+00 4.606554574744177732e-01 3.904271636906411769e-01 -5.048891721519597198e-01 6.168062608847147965e-01
-6.284855306148529053e-02 -5.083526372909545898e-01 -1.528950810432434082e+00 4.606554756700190212e-01 3.904271644428815025e-01 -5.048892007307576035e-01 6.168062688689907036e-01
-6.284853070974349976e-02 -5.083525776863098145e-01 -1.528950691223144531e+00 4.606554898221527639e-01 3.904271686221503779e-01 -5.048892003826880304e-01 6.168062499196348414e-01
-6.284850835800170898e-02 -5.083525776863098145e-01 -1.528950691223144531e+00 4.606555120612192966e-01 3.904271659473637635e-01 -5.048891911711511638e-01 6.168062201420790869e-01
-6.284849345684051514e-02 -5.083525776863098145e-01 -1.528950691223144531e+00 4.606555302568183796e-01 3.904271666996057544e-01 -5.048891863913497202e-01 6.168061957786274974e-01
-6.284847110509872437e-02 -5.083525180816650391e-01 -1.528950572013854980e+00 4.606555423872173427e-01 3.904271725923890712e-01 -5.048891882591488578e-01 6.168061795363281030e-01
-6.284844875335693359e-02 -5.083525180816650391e-01 -1.528950572013854980e+00 4.606555565393490870e-01 3.904272091193879413e-01 -5.048891889219483398e-01 6.168061929347096184e-01
-6.284842640161514282e-02 -5.083525180816650391e-01 -1.528950452804565430e+00 4.606555828218782955e-01 3.904272030175756081e-01 -5.048892076264120954e-01 6.168061577430666853e-01
-6.284841150045394897e-02 -5.083524584770202637e-01 -1.528950452804565430e+00 4.606555969740087630e-01 3.904272071968450941e-01 -5.048892072783459639e-01 6.168061387937230355e-01
-6.284838914871215820e-02 -5.083524584770202637e-01 -1.528950452804565430e+00 4.606556111261388420e-01 3.904272113761146357e-01 -5.048892069302802765e-01 6.168061198443810511e-01
-6.284836679697036743e-02 -5.083524584770202637e-01 -1.528950333595275879e+00 4.606556293217339837e-01 3.904272121283579589e-01 -5.048892021504834959e-01 6.168060954809438945e-01
-6.284835189580917358e-02 -5.083523988723754883e-01 -1.528950333595275879e+00 4.606556414521303933e-01 3.904272180211409982e-01 -5.048892040182846319e-01 6.168060792386540481e-01
-6.284832954406738281e-02 -5.083523988723754883e-01 -1.528950333595275879e+00 4.606556677346547723e-01 3.904272280931940231e-01 -5.048891903750279964e-01 6.168060763947520453e-01
-6.284830719232559204e-02 -5.083523988723754883e-01 -1.528950214385986328e+00 4.606556818867826308e-01 3.904272322724642308e-01 -5.048892223746856978e-01 6.168060574454178324e-01
-6.284828484058380127e-02 -5.083523392677307129e-01 -1.528950214385986328e+00 4.606556960389101008e-01 3.904272364517344385e-01 -5.048892220266224529e-01 6.168060384960852849e-01
-6.284826993942260742e-02 -5.083523392677307129e-01 -1.528950214385986328e+00 4.606557122127695192e-01 3.904272389174921476e-01 -5.048892194626946051e-01 6.168060168397074827e-01
-6.284824013710021973e-02 -5.083523392677307129e-01 -1.528950095176696777e+00 4.606557405170221275e-01 3.904272311021751984e-01 -5.048892116905079330e-01 6.168059789410518245e-01
-6.284817308187484741e-02 -5.083522796630859375e-01 -1.528949975967407227e+00 4.606557910603260031e-01 3.904272367859409898e-01 -5.048892381740465174e-01 6.168059436126109851e-01
-6.284812837839126587e-02 -5.083522200584411621e-01 -1.528949856758117676e+00 4.606558314949651400e-01 3.904272348634140744e-01 -5.048892241827430682e-01 6.168058894717013407e-01
-6.284809857606887817e-02 -5.083521604537963867e-01 -1.528949856758117676e+00 4.606558496905516220e-01 3.904272517895177597e-01 -5.048892274898845178e-01 6.168058974560052254e-01
-6.284806877374649048e-02 -5.083521604537963867e-01 -1.528949737548828125e+00 4.606558759730641217e-01 3.904272456877209696e-01 -5.048892532704133407e-01 6.168058703513505936e-01
-6.284722685813903809e-02 -5.083510875701904297e-01 -1.528949975967407227e+00 4.606505507010579259e-01 3.904292845270302403e-01 -5.048900901561590437e-01 6.168078493984029409e-01
-6.284718215465545654e-02 -5.083510875701904297e-01 -1.528949856758117676e+00 4.606505304835070147e-01 3.904293016626317336e-01 -5.048900941195495484e-01 6.168078441214805974e-01
-6.284714490175247192e-02 -5.083510279655456543e-01 -1.528949856758117676e+00 4.606505143094656862e-01 3.904293477191978501e-01 -5.048900956728586964e-01 6.168078334303265242e-01
-6.284712255001068115e-02 -5.083509683609008789e-01 -1.528949856758117676e+00 4.606504940919132207e-01 3.904293648548048390e-01 -5.048901067123949815e-01 6.168078362404262327e-01
-6.284709274768829346e-02 -5.083509683609008789e-01 -1.528949737548828125e+00 4.606504799396259342e-01 3.904293768497310579e-01 -5.048901100932975394e-01 6.168078309291776806e-01
-6.284706294536590576e-02 -5.083509683609008789e-01 -1.528949737548828125e+00 4.606504657873382036e-01 3.904293888446584426e-01 -5.048901468331652431e-01 6.168078256179293506e-01
-6.284704059362411499e-02 -5.083509087562561035e-01 -1.528949737548828125e+00 4.606504536568055697e-01 3.904293991260255892e-01 -5.048901479981503515e-01 6.168078175995644896e-01
-6.284701079130172729e-02 -5.083509087562561035e-01 -1.528949618339538574e+00 4.606504395045170619e-01 3.904294111209549722e-01 -5.048901523899336219e-01 6.168078203753386557e-01
-6.284698843955993652e-02 -5.083508491516113281e-01 -1.528949618339538574e+00 4.606504273739837063e-01 3.904294214023239507e-01 -5.048901535549198405e-01 6.168078123569741278e-01
-6.284695863723754883e-02 -5.083508491516113281e-01 -1.528949618339538574e+00 4.606504132216943659e-01 3.904294333972553876e-01 -5.048901579467043321e-01 6.168078070457267970e-01
-6.284692883491516113e-02 -5.083507895469665527e-01 -1.528949499130249023e+00 4.606504031129160515e-01 3.904294743131552781e-01 -5.048901568957712138e-01 6.168077963202449610e-01
-6.284690648317337036e-02 -5.083507895469665527e-01 -1.528949499130249023e+00 4.606503869388702266e-01 3.904294880216517827e-01 -5.048901635034773738e-01 6.168077937161153823e-01
-6.284687668085098267e-02 -5.083507299423217773e-01 -1.528949499130249023e+00 4.606503768300913015e-01 3.904294965894627989e-01 -5.048901634634228586e-01 6.168077910776567085e-01
-6.284685432910919189e-02 -5.083507299423217773e-01 -1.528949379920959473e+00 4.606503606560445330e-01 3.904295102979616350e-01 -5.048902014083467282e-01 6.168077884735280181e-01
-6.284682452678680420e-02 -5.083506703376770020e-01 -1.528949379920959473e+00 4.606503505472650528e-01 3.904295188657741500e-01 -5.048902013682936563e-01 6.168077777480460711e-01
-6.284680217504501343e-02 -5.083506703376770020e-01 -1.528949379920959473e+00 4.606503363949733809e-01 3.904295308607125814e-01 -5.048902057600830329e-01 6.168077724367999615e-01
-6.284677237272262573e-02 -5.083506703376770020e-01 -1.528949260711669922e+00 4.606503242644373053e-01 3.904295411420892759e-01 -5.048902069250738034e-01 6.168077644184359887e-01
-6.284672021865844727e-02 -5.083506107330322266e-01 -1.528949260711669922e+00 4.606502979816080590e-01 3.904295634184082320e-01 -5.048902114709782341e-01 6.168077510888263504e-01
-6.284666061401367188e-02 -5.083505511283874512e-01 -1.528949141502380371e+00 4.606502676552647335e-01 3.904296214699585210e-01 -5.048902194378501740e-01 6.168077431734545479e-01
-6.284660845994949341e-02 -5.083504915237426758e-01 -1.528949022293090820e+00 4.606502433941886410e-01 3.904296420327236228e-01 -5.048902571485741619e-01 6.168077352237530953e-01
-6.284655630588531494e-02 -5.083504319190979004e-01 -1.528949022293090820e+00 4.606502090243286829e-01 3.904296711633130634e-01 -5.048902715690557486e-01 6.168077327226225703e-01
-6.284651905298233032e-02 -5.083503723144531250e-01 -1.528948903083801270e+00 4.606501928502760301e-01 3.904296848718280533e-01 -5.048902741332629285e-01 6.168077301184987649e-01
-6.284648925065994263e-02 -5.083503723144531250e-01 -1.528948903083801270e+00 4.606501786979795288e-01 3.904296968667798073e-01 -5.048902765033045359e-01 6.168077248072557639e-01
-6.284645944833755493e-02 -5.083503127098083496e-01 -1.528948903083801270e+00 4.606501625239258213e-01 3.904297429234054317e-01 -5.048902821001484131e-01 6.168077222031328466e-01
-6.284642219543457031e-02 -5.083503127098083496e-01 -1.528948783874511719e+00 4.606501463498715587e-01 3.904297566319256396e-01 -5.048902846643579245e-01 6.168077115119833254e-01
-6.284639984369277954e-02 -5.083502531051635742e-01 -1.528948783874511719e+00 4.606501362410873601e-01 3.904297651997514773e-01 -5.048903159615432124e-01 6.168077007865010453e-01
-6.284637004137039185e-02 -5.083502531051635742e-01 -1.528948664665222168e+00 4.606501200670321539e-01 3.904297789082740722e-01 -5.048903225692690233e-01 6.168076981823791272e-01
-6.284634768962860107e-02 -5.083501935005187988e-01 -1.528948664665222168e+00 4.606501059147334320e-01 3.904297909032324876e-01 -5.048903269610720557e-01 6.168076928711373474e-01
-6.284631788730621338e-02 -5.083501935005187988e-01 -1.528948664665222168e+00 4.606500958059482898e-01 3.904297994710606567e-01 -5.048903259101493735e-01 6.168076902326831146e-01
-6.284628808498382568e-02 -5.083501338958740234e-01 -1.528948545455932617e+00 4.606500796318916957e-01 3.904298131795868598e-01 -5.048903325178776269e-01 6.168076876285624177e-01
-6.284626573324203491e-02 -5.083501338958740234e-01 -1.528948545455932617e+00 4.606500695231060538e-01 3.904298217474164168e-01 -5.048903314669556108e-01 6.168076769030801376e-01
-6.284623593091964722e-02 -5.083501338958740234e-01 -1.528948545455932617e+00 4.606500533490485161e-01 3.904298354559449513e-01 -5.048903380746854186e-01 6.168076742989599959e-01
-6.284621357917785645e-02 -5.083500742912292480e-01 -1.528948545455932617e+00 4.606500432402622636e-01 3.904298763718923593e-01 -5.048903380346427827e-01 6.168076635734776048e-01
-6.284618377685546875e-02 -5.083500742912292480e-01 -1.528948426246643066e+00 4.606500290879611548e-01 3.904298883668578246e-01 -5.048903737636882827e-01 6.168076663492664258e-01
-6.284616142511367798e-02 -5.083500146865844727e-01 -1.528948426246643066e+00 4.606500169574169745e-01 3.904298986482576117e-01 -5.048903759395718671e-01 6.168076583309051175e-01
-6.284613162279129028e-02 -5.083500146865844727e-01 -1.528948426246643066e+00 4.606500028051150331e-01 3.904299106432251310e-01 -5.048903803313810057e-01 6.168076530196652252e-01
-6.284610182046890259e-02 -5.083499550819396973e-01 -1.528948307037353516e+00 4.606499926963276703e-01 3.904299192110597394e-01 -5.048903792804617652e-01 6.168076422941826120e-01
-6.284607946872711182e-02 -5.083499550819396973e-01 -1.528948307037353516e+00 4.606499765222674680e-01 3.904299329195962676e-01 -5.048903848773185210e-01 6.168076396900644687e-01
-6.284604966640472412e-02 -5.083498954772949219e-01 -1.528948307037353516e+00 4.606499583264490050e-01 3.904299483417015826e-01 -5.048903937009807663e-01 6.168076478800993412e-01
-6.284589320421218872e-02 -5.083497762680053711e-01 -1.528948068618774414e+00 4.606498814996521363e-01 3.904300458054051903e-01 -5.048904425254080452e-01 6.168075809230857409e-01
-6.284578889608383179e-02 -5.083496570587158203e-01 -1.528947830200195312e+00 4.606498289339415741e-01 3.904300903581902071e-01 -5.048904536390682596e-01 6.168075623509210459e-01
-6.284557282924652100e-02 -5.083494186401367188e-01 -1.528947591781616211e+00 4.606497258242612247e-01 3.904302100983743640e-01 -5.048905070095055514e-01 6.168075144124440801e-01
-6.284535676240921021e-02 -5.083492398262023926e-01 -1.528947234153747559e+00 4.606496105840029442e-01 3.904303401200612811e-01 -5.048905716538105715e-01 6.168074908037639581e-01
-6.284514814615249634e-02 -5.083490014076232910e-01 -1.528946995735168457e+00 4.606495115177929311e-01 3.904304564332536920e-01 -5.048906236251308188e-01 6.168074455380996302e-01
-6.284502148628234863e-02 -5.083488821983337402e-01 -1.528946757316589355e+00 4.606494488432408829e-01 3.904305419021829593e-01 -5.048906680578829631e-01 6.168074162404767469e-01
-6.284465640783309937e-02 -5.083485245704650879e-01 -1.528946161270141602e+00 4.606492608195336125e-01 3.904307174387253720e-01 -5.048907801277805474e-01 6.168073526087571867e-01
-6.284455209970474243e-02 -5.083484053611755371e-01 -1.528946042060852051e+00 4.606492082537522736e-01 3.904307943398819813e-01 -5.048907932633326379e-01 6.168073421236799359e-01
-6.284449249505996704e-02 -5.083483457565307617e-01 -1.528945922851562500e+00 4.606491819708593560e-01 3.904308166163804050e-01 -5.048907967984707090e-01 6.168073207070550179e-01
-6.284445524215698242e-02 -5.083482861518859863e-01 -1.528945922851562500e+00 4.606491617532483818e-01 3.904308337521509853e-01 -5.048908027837309964e-01 6.168073154301740857e-01
-6.284441798925399780e-02 -5.083482861518859863e-01 -1.528945922851562500e+00 4.606491374921140580e-01 3.904308543150786792e-01 -5.048908455490431768e-01 6.168073155675540820e-01
-6.284460425376892090e-02 -5.083481073379516602e-01 -1.528946042060852051e+00 4.606513108803274026e-01 3.904326513854394221e-01 -5.048894652132838168e-01 6.168056589093935393e-01
-6.284456700086593628e-02 -5.083480477333068848e-01 -1.528945922851562500e+00 4.606513088585756921e-01 3.904327177950634997e-01 -5.048894825923301299e-01 6.168056292684633846e-01
-6.284453719854354858e-02 -5.083480477333068848e-01 -1.528945922851562500e+00 4.606513129020791131e-01 3.904327467159517950e-01 -5.048894660300029535e-01 6.168055995932487656e-01
-6.284451484680175781e-02 -5.083479881286621094e-01 -1.528945922851562500e+00 4.606513108803274026e-01 3.904327646035350430e-01 -5.048894571262769748e-01 6.168056184743594406e-01
-6.284449249505996704e-02 -5.083479881286621094e-01 -1.528945803642272949e+00 4.606513068368239816e-01 3.904327842046882435e-01 -5.048894817756111042e-01 6.168055996275328967e-01
-6.284446269273757935e-02 -5.083479285240173340e-01 -1.528945803642272949e+00 4.606513048150722156e-01 3.904328182662857860e-01 -5.048894728718852365e-01 6.168055780736091398e-01
-6.284444034099578857e-02 -5.083479285240173340e-01 -1.528945803642272949e+00 4.606513088585756921e-01 3.904328310131596758e-01 -5.048894563095578381e-01 6.168055564854015849e-01
-6.284441053867340088e-02 -5.083479285240173340e-01 -1.528945684432983398e+00 4.606513027933205051e-01 3.904328523278836061e-01 -5.048894508267728343e-01 6.168055403456712549e-01
-6.284438818693161011e-02 -5.083478689193725586e-01 -1.528945684432983398e+00 4.606513027933205051e-01 3.904328685018975675e-01 -5.048894720551662108e-01 6.168055160846502849e-01
-6.284435838460922241e-02 -5.083478689193725586e-01 -1.528945684432983398e+00 4.606512967280652071e-01 3.904329059906365140e-01 -5.048894675832572565e-01 6.168055403799548309e-01
-6.284433603286743164e-02 -5.083478093147277832e-01 -1.528945684432983398e+00 4.606513048150722156e-01 3.904329476583968117e-01 -5.048894475999885501e-01 6.168055052905467850e-01
-6.284431368112564087e-02 -5.083478093147277832e-01 -1.528945565223693848e+00 4.606513007715687391e-01 3.904329672595518996e-01 -5.048894722493230125e-01 6.168054864437190199e-01
-6.284429132938385010e-02 -5.083477497100830078e-01 -1.528945565223693848e+00 4.606512987498169731e-01 3.904329851471365909e-01 -5.048894633455969227e-01 6.168054729768015498e-01
-6.284426152706146240e-02 -5.083477497100830078e-01 -1.528945565223693848e+00 4.606512947063134411e-01 3.904330209223065284e-01 -5.048894566577794008e-01 6.168054541299734517e-01
-6.284423917531967163e-02 -5.083476901054382324e-01 -1.528945446014404297e+00 4.606513007715687391e-01 3.904330319556079676e-01 -5.048894712384471850e-01 6.168054217476629519e-01
-6.284421682357788086e-02 -5.083476901054382324e-01 -1.528945446014404297e+00 4.606512967280652071e-01 3.904330515567639992e-01 -5.048894635397537245e-01 6.168054433358698407e-01
-6.284418702125549316e-02 -5.083476305007934570e-01 -1.528945446014404297e+00 4.606512967280652071e-01 3.904330677307781272e-01 -5.048894524201190670e-01 6.168054190748486487e-01
-6.284415721893310547e-02 -5.083476305007934570e-01 -1.528945326805114746e+00 4.606512987498169731e-01 3.904330983652352649e-01 -5.048894370628240758e-01 6.168053921067311318e-01
-6.284411996603012085e-02 -5.083475708961486816e-01 -1.528945326805114746e+00 4.606512967280652071e-01 3.904331647748631173e-01 -5.048894534309948945e-01 6.168053624657990897e-01
-6.284408271312713623e-02 -5.083475112915039062e-01 -1.528945207595825195e+00 4.606512886410580876e-01 3.904332039771782337e-01 -5.048894461206148154e-01 6.168053409461548009e-01
-6.284406036138534546e-02 -5.083475112915039062e-01 -1.528945207595825195e+00 4.606512947063134411e-01 3.904332150104773413e-01 -5.048894607012829328e-01 6.168053489988809535e-01
-6.284403800964355469e-02 -5.083474516868591309e-01 -1.528945207595825195e+00 4.606512906628098536e-01 3.904332346116352603e-01 -5.048894540134652997e-01 6.168053301520516341e-01
-6.284400820732116699e-02 -5.083474516868591309e-01 -1.528945088386535645e+00 4.606512886410580876e-01 3.904332524992215614e-01 -5.048894451097389879e-01 6.168053085981259898e-01
-6.284398585557937622e-02 -5.083474516868591309e-01 -1.528945088386535645e+00 4.606512845975544446e-01 3.904332882743947186e-01 -5.048894697590744496e-01 6.168052978383034013e-01
-6.284396350383758545e-02 -5.083473920822143555e-01 -1.528945088386535645e+00 4.606512845975544446e-01 3.904333044484092907e-01 -5.048894586394394590e-01 6.168052735772815431e-01
-6.284394115209579468e-02 -5.083473920822143555e-01 -1.528944969177246094e+00 4.606512866193062661e-01 3.904333189088516343e-01 -5.048894453038957897e-01 6.168052546961710902e-01
-6.284391134977340698e-02 -5.083473324775695801e-01 -1.528944969177246094e+00 4.606512866193062661e-01 3.904333674308951840e-01 -5.048894341842607991e-01 6.168052627831783763e-01
-6.284388899803161621e-02 -5.083473324775695801e-01 -1.528944969177246094e+00 4.606512805540508015e-01 3.904334049196421796e-01 -5.048894620603808781e-01 6.168052547304512245e-01
-6.284386664628982544e-02 -5.083472728729248047e-01 -1.528944969177246094e+00 4.606512805540508015e-01 3.904334210936569183e-01 -5.048894509407457765e-01 6.168052304694290333e-01
-6.284383684396743774e-02 -5.083472728729248047e-01 -1.528944849967956543e+00 4.606512845975544446e-01 3.904334338405260341e-01 -5.048894353892934284e-01 6.168052007942158577e-01
-6.284381449222564697e-02 -5.083472132682800293e-01 -1.528944849967956543e+00 4.606512825758026231e-01 3.904334517281134453e-01 -5.048894578227203223e-01 6.168051873272967223e-01
-6.284379214048385620e-02 -5.083472132682800293e-01 -1.528944849967956543e+00 4.606512785322989245e-01 3.904334875032888785e-01 -5.048894511349026892e-01 6.168051684804656265e-01
-6.284376233816146851e-02 -5.083471536636352539e-01 -1.528944730758666992e+00 4.606512765105471030e-01 3.904335053908768449e-01 -5.048894422311761554e-01 6.168051792745685713e-01
-6.284373998641967773e-02 -5.083471536636352539e-01 -1.528944730758666992e+00 4.606512805540508015e-01 3.904335181377452946e-01 -5.048894590277531735e-01 6.168051576863627927e-01
-6.284371763467788696e-02 -5.083470940589904785e-01 -1.528944730758666992e+00 4.606512785322989245e-01 3.904335360253333165e-01 -5.048894501240267507e-01 6.168051361324360382e-01
-6.284368783235549927e-02 -5.083470940589904785e-01 -1.528944611549377441e+00 4.606512744887952260e-01 3.904336041485396702e-01 -5.048894424253329571e-01 6.168051253726117844e-01
-6.284366548061370850e-02 -5.083470344543457031e-01 -1.528944611549377441e+00 4.606512744887952260e-01 3.904336203225546309e-01 -5.048894313056977445e-01 6.168051011115893711e-01
-6.284364312887191772e-02 -5.083470344543457031e-01 -1.528944611549377441e+00 4.606512684235395949e-01 3.904336416372908847e-01 -5.048894591818187116e-01 6.168050849718524908e-01
-6.284362077713012695e-02 -5.083470344543457031e-01 -1.528944492340087891e+00 4.606512765105471030e-01 3.904336509570106584e-01 -5.048894391985483399e-01 6.168050903174867594e-01
-6.284359097480773926e-02 -5.083469748497009277e-01 -1.528944492340087891e+00 4.606512704452914719e-01 3.904336884457623724e-01 -5.048894347266391636e-01 6.168050741777497681e-01
-6.284356862306594849e-02 -5.083469748497009277e-01 -1.528944492340087891e+00 4.606512704452914719e-01 3.904337046197774441e-01 -5.048894559550339833e-01 6.168050580037346409e-01
-6.284354627132415771e-02 -5.083469152450561523e-01 -1.528944492340087891e+00 4.606512643800357854e-01 3.904337259345150857e-01 -5.048894504722490906e-01 6.168050418639970944e-01
-6.284351646900177002e-02 -5.083469152450561523e-01 -1.528944373130798340e+00 4.606512724670433490e-01 3.904337352542334161e-01 -5.048894304889786078e-01 6.168050067745945997e-01
-6.284343451261520386e-02 -5.083467960357666016e-01 -1.528944253921508789e+00 4.606512704452914719e-01 3.904338501859132005e-01 -5.048894276505075940e-01 6.168049771336592269e-01
-6.284339725971221924e-02 -5.083467364311218262e-01 -1.528944253921508789e+00 4.606512684235395949e-01 3.904338842475182370e-01 -5.048894440186795229e-01 6.168049474927236320e-01
-6.284337490797042847e-02 -5.083467364311218262e-01 -1.528944134712219238e+00 4.606512623582838528e-01 3.904339055622583765e-01 -5.048894395467704577e-01 6.168049313529846422e-01
-6.284332275390625000e-02 -5.083466768264770508e-01 -1.528944134712219238e+00 4.606512583147799877e-01 3.904339413374395273e-01 -5.048894540873478665e-01 6.168049286801662312e-01
-6.284330040216445923e-02 -5.083466768264770508e-01 -1.528944015502929688e+00 4.606512643800357854e-01 3.904339685447445474e-01 -5.048894363199856183e-01 6.168048962978593952e-01
-6.284327059984207153e-02 -5.083466172218322754e-01 -1.528944015502929688e+00 4.606512603365319203e-01 3.904339881459106265e-01 -5.048894286212917137e-01 6.168048855380330320e-01
-6.284324824810028076e-02 -5.083466172218322754e-01 -1.528944015502929688e+00 4.606512583147799877e-01 3.904340383815325666e-01 -5.048894187066889083e-01 6.168048639841041680e-01
-6.284321844577789307e-02 -5.083465576171875000e-01 -1.528943896293640137e+00 4.606512623582838528e-01 3.904340673024120911e-01 -5.048894344923906541e-01 6.168048343088924357e-01
-6.284319609403610229e-02 -5.083465576171875000e-01 -1.528943896293640137e+00 4.606512562930280552e-01 3.904340886171549507e-01 -5.048894290096054283e-01 6.168048181691517806e-01
-6.284316629171371460e-02 -5.083464980125427246e-01 -1.528943896293640137e+00 4.606512562930280552e-01 3.904341047911705220e-01 -5.048894178899697716e-01 6.168048343431673519e-01
-6.284314393997192383e-02 -5.083464980125427246e-01 -1.528943777084350586e+00 4.606512522495241346e-01 3.904341243923382110e-01 -5.048894425393070096e-01 6.168048154963324814e-01
-6.284311413764953613e-02 -5.083464384078979492e-01 -1.528943777084350586e+00 4.606512542712761227e-01 3.904341550267934613e-01 -5.048894271820103530e-01 6.168047885282147424e-01
-6.284308433532714844e-02 -5.083464384078979492e-01 -1.528943777084350586e+00 4.606512502277721466e-01 3.904341908019774432e-01 -5.048894174615643493e-01 6.168047615943714757e-01
-6.284302473068237305e-02 -5.083463191986083984e-01 -1.528943657875061035e+00 4.606512482060202140e-01 3.904342733856331349e-01 -5.048894247318530537e-01 6.168047481274495647e-01
-6.284298747777938843e-02 -5.083463191986083984e-01 -1.528943538665771484e+00 4.606512461842682260e-01 3.904343074472417796e-01 -5.048894411000259819e-01 6.168047184865116384e-01
-6.284295022487640381e-02 -5.083462595939636230e-01 -1.528943538665771484e+00 4.606512441625161824e-01 3.904343253348347420e-01 -5.048894271419189783e-01 6.168046888455736010e-01
-6.284292787313461304e-02 -5.083462595939636230e-01 -1.528943538665771484e+00 4.606512441625161824e-01 3.904343576828667728e-01 -5.048894160222829885e-01 6.168046726715575856e-01
-6.284289807081222534e-02 -5.083461999893188477e-01 -1.528943419456481934e+00 4.606512461842682260e-01 3.904343721433055081e-01 -5.048894340238939682e-01 6.168046457034399577e-01
-6.284287571907043457e-02 -5.083461999893188477e-01 -1.528943419456481934e+00 4.606512461842682260e-01 3.904343883173214680e-01 -5.048894229042579784e-01 6.168046537904479099e-01
-6.284285336732864380e-02 -5.083461403846740723e-01 -1.528943419456481934e+00 4.606512421407641944e-01 3.904344079184920990e-01 -5.048894152055638518e-01 6.168046430306191041e-01
-6.284274905920028687e-02 -5.083460211753845215e-01 -1.528943181037902832e+00 4.606512380972601628e-01 3.904345407377766697e-01 -5.048894044742414655e-01 6.168045918357496493e-01
-6.284268945455551147e-02 -5.083459615707397461e-01 -1.528943181037902832e+00 4.606512360755081192e-01 3.904345747993873128e-01 -5.048894137662826020e-01 6.168045460207941533e-01
-6.284264475107192993e-02 -5.083459019660949707e-01 -1.528943061828613281e+00 4.606512380972601628e-01 3.904346216078578014e-01 -5.048894216591337525e-01 6.168045028786603989e-01
-6.284259259700775146e-02 -5.083458423614501953e-01 -1.528942942619323730e+00 4.606512320320040321e-01 3.904347076186751031e-01 -5.048894040458361543e-01 6.168044948259232552e-01
-6.284255534410476685e-02 -5.083458423614501953e-01 -1.528942942619323730e+00 4.606512340537560757e-01 3.904347220791127282e-01 -5.048894190148196515e-01 6.168044678578056272e-01
-6.284253299236297607e-02 -5.083457827568054199e-01 -1.528942942619323730e+00 4.606512300102519886e-01 3.904347578543033714e-01 -5.048894123270013523e-01 6.168044490109667599e-01
-6.284250319004058838e-02 -5.083457827568054199e-01 -1.528942823410034180e+00 4.606512259667478459e-01 3.904347774554781103e-01 -5.048894046283068926e-01 6.168044301641276705e-01
-6.284248083829879761e-02 -5.083457231521606445e-01 -1.528942823410034180e+00 4.606512320320040321e-01 3.904347884887572895e-01 -5.048894192089765642e-01 6.168044058688328946e-01
-6.284245848655700684e-02 -5.083457231521606445e-01 -1.528942823410034180e+00 4.606512279884998895e-01 3.904348080899321394e-01 -5.048894125211582651e-01 6.168043870219934721e-01
-6.284242868423461914e-02 -5.083456635475158691e-01 -1.528942704200744629e+00 4.606512259667478459e-01 3.904348421515446699e-01 -5.048894015956787440e-01 6.168043978160943075e-01
-6.284240633249282837e-02 -5.083456635475158691e-01 -1.528942704200744629e+00 4.606512219232436478e-01 3.904348617527203524e-01 -5.048894272558939189e-01 6.168043870562630593e-01
-6.284237653017044067e-02 -5.083456039428710938e-01 -1.528942704200744629e+00 4.606512279884998895e-01 3.904348727859984769e-01 -5.048894084776541780e-01 6.168043546739602201e-01
-6.284235417842864990e-02 -5.083456039428710938e-01 -1.528942584991455078e+00 4.606512239449957469e-01 3.904349409092244261e-01 -5.048894017898357678e-01 6.168043358271202425e-01
-6.284233182668685913e-02 -5.083455443382263184e-01 -1.528942584991455078e+00 4.606512239449957469e-01 3.904349570832411076e-01 -5.048893906701992229e-01 6.168043196531035610e-01
-6.284230202436447144e-02 -5.083455443382263184e-01 -1.528942584991455078e+00 4.606512178797394497e-01 3.904349783979979560e-01 -5.048894185463235207e-01 6.168043358613892746e-01
-6.284227967262268066e-02 -5.083454847335815430e-01 -1.528942584991455078e+00 4.606512259667478459e-01 3.904349877176945260e-01 -5.048893985630505954e-01 6.168043088590028367e-01
-6.284225732088088989e-02 -5.083454847335815430e-01 -1.528942465782165527e+00 4.606512199014915487e-01 3.904350252064684446e-01 -5.048893930802651475e-01 6.168042927192546321e-01
-6.284222751855850220e-02 -5.083454251289367676e-01 -1.528942465782165527e+00 4.606512199014915487e-01 3.904350413804853481e-01 -5.048894143086622988e-01 6.168042684582293322e-01
-6.284220516681671143e-02 -5.083454251289367676e-01 -1.528942465782165527e+00 4.606512138362351960e-01 3.904350626952434733e-01 -5.048894098367530114e-01 6.168042604054890798e-01
-6.284206360578536987e-02 -5.083452463150024414e-01 -1.528942227363586426e+00 4.606512097927308869e-01 3.904352116885593804e-01 -5.048894132576953186e-01 6.168041768625789345e-01
-6.284196674823760986e-02 -5.083451867103576660e-01 -1.528942108154296875e+00 4.606512057492265777e-01 3.904352959858085059e-01 -5.048894055590007479e-01 6.168041256677021522e-01
