repeatability steamvr; 20211015-230018; x y z w i j k;  frequency = 150 duration = 2 sys.args = ['.\\repeatability.py']
9.366748481988906860e-02 -3.845764100551605225e-01 -1.687290906906127930e+00 5.644431032871779497e-01 4.338859306162318741e-01 -3.904437448913745112e-01 5.836956080138512304e-01
9.366750717163085938e-02 -3.845766484737396240e-01 -1.687290668487548828e+00 5.644430950372535394e-01 4.338861696057957906e-01 -3.904440112957286435e-01 5.836952997480735483e-01
9.366750717163085938e-02 -3.845766782760620117e-01 -1.687290668487548828e+00 5.644430940060130020e-01 4.338862165980849617e-01 -3.904440648085882870e-01 5.836952348150924452e-01
9.366751462221145630e-02 -3.845767080783843994e-01 -1.687290549278259277e+00 5.644430927685243349e-01 4.338862538490074749e-01 -3.904440788644795157e-01 5.836951964951523353e-01
9.366751462221145630e-02 -3.845767080783843994e-01 -1.687290549278259277e+00 5.644430911185395194e-01 4.338862666672417268e-01 -3.904441196054664331e-01 5.836951586017775639e-01
9.366751462221145630e-02 -3.845767378807067871e-01 -1.687290549278259277e+00 5.644430960684941878e-01 4.338862991618889220e-01 -3.904441293812966896e-01 5.836951270832313465e-01
9.366751462221145630e-02 -3.845767676830291748e-01 -1.687290549278259277e+00 5.644430933872687239e-01 4.338863111228510316e-01 -3.904441741355969553e-01 5.836950902562707544e-01
9.366752207279205322e-02 -3.845767974853515625e-01 -1.687290549278259277e+00 5.644430907060432601e-01 4.338863511335565026e-01 -3.904441891901694883e-01 5.836950534293098292e-01
9.366752207279205322e-02 -3.845768272876739502e-01 -1.687290430068969727e+00 5.644430904997951304e-01 4.338863611920084074e-01 -3.904442025327173882e-01 5.836950140429552070e-01
9.366752952337265015e-02 -3.845768868923187256e-01 -1.687290430068969727e+00 5.644430884373140556e-01 4.338864469266638935e-01 -3.904442963585592619e-01 5.836949105767491597e-01
9.366753697395324707e-02 -3.845769166946411133e-01 -1.687290430068969727e+00 5.644430909122913897e-01 4.338864879237602779e-01 -3.904443441460809794e-01 5.836948552178395921e-01
9.366753697395324707e-02 -3.845769464969635010e-01 -1.687290310859680176e+00 5.644430849310960729e-01 4.338865090213446241e-01 -3.904443680832947461e-01 5.836948086035215200e-01
9.366753697395324707e-02 -3.845769762992858887e-01 -1.687290310859680176e+00 5.644430884373140556e-01 4.338865459257580937e-01 -3.904444085575327072e-01 5.836947521781984394e-01
9.366754442453384399e-02 -3.845770061016082764e-01 -1.687290310859680176e+00 5.644430822498706091e-01 4.338865886316897180e-01 -3.904444293374462194e-01 5.836947189770412825e-01
9.366754442453384399e-02 -3.845770359039306641e-01 -1.687290191650390625e+00 5.644430861685847400e-01 4.338866037692137856e-01 -3.904444761262860220e-01 5.836946489252738957e-01
9.366755187511444092e-02 -3.845770955085754395e-01 -1.687290191650390625e+00 5.644430797748931639e-01 4.338866548836135539e-01 -3.904445333485376812e-01 5.836945895376391968e-01
9.366755187511444092e-02 -3.845771253108978271e-01 -1.687290191650390625e+00 5.644430803936375529e-01 4.338866973075936051e-01 -3.904445791201089921e-01 5.836945360982735975e-01
9.366755932569503784e-02 -3.845771253108978271e-01 -1.687290191650390625e+00 5.644430789499007561e-01 4.338867347170607958e-01 -3.904445933186705409e-01 5.836944979916136589e-01
9.366755932569503784e-02 -3.845771551132202148e-01 -1.687290072441101074e+00 5.644430764749233109e-01 4.338867481694676509e-01 -3.904446379303055381e-01 5.836944609513664561e-01
9.366755932569503784e-02 -3.845771849155426025e-01 -1.687290072441101074e+00 5.644430814248780903e-01 4.338867806641114044e-01 -3.904446477061314646e-01 5.836944162329460450e-01
9.366756677627563477e-02 -3.845772147178649902e-01 -1.687290072441101074e+00 5.644430787436526265e-01 4.338867926250761231e-01 -3.904446627607065512e-01 5.836943926058606458e-01
9.366756677627563477e-02 -3.845772147178649902e-01 -1.687290072441101074e+00 5.644430768874195703e-01 4.338868320016140423e-01 -3.904447036443652319e-01 5.836943549257652686e-01
9.366756677627563477e-02 -3.845772445201873779e-01 -1.687290072441101074e+00 5.644430742061941064e-01 4.338868439625790385e-01 -3.904447186989407070e-01 5.836943180987997914e-01
9.366756677627563477e-02 -3.845772743225097656e-01 -1.687289953231811523e+00 5.644430781249082374e-01 4.338868772499358539e-01 -3.904447555878695630e-01 5.836942876466726382e-01
9.366757422685623169e-02 -3.845773041248321533e-01 -1.687289953231811523e+00 5.644430764749233109e-01 4.338868900681723262e-01 -3.904447699291005991e-01 5.836942497532943142e-01
9.366757422685623169e-02 -3.845773041248321533e-01 -1.687289953231811523e+00 5.644430739999459767e-01 4.338869282703540220e-01 -3.904448112407666316e-01 5.836942127130457791e-01
9.366757422685623169e-02 -3.845773339271545410e-01 -1.687289953231811523e+00 5.644430721437129206e-01 4.338869395971485243e-01 -3.904448257246668774e-01 5.836941750329495138e-01
9.366758167743682861e-02 -3.845773637294769287e-01 -1.687289953231811523e+00 5.644430760624271626e-01 4.338869728845047291e-01 -3.904448659135649202e-01 5.836941709805821832e-01
9.366758167743682861e-02 -3.845773935317993164e-01 -1.687289834022521973e+00 5.644430733812015877e-01 4.338869864954554845e-01 -3.904448809681412835e-01 5.836941341536159289e-01
9.366758912801742554e-02 -3.845774233341217041e-01 -1.687289834022521973e+00 5.644430750311865141e-01 4.338870314266916051e-01 -3.904449326263075837e-01 5.836940664479584040e-01
9.366758912801742554e-02 -3.845774531364440918e-01 -1.687289834022521973e+00 5.644430676062541785e-01 4.338870750838866308e-01 -3.904449509622716086e-01 5.836940345264877150e-01
9.366758912801742554e-02 -3.845774829387664795e-01 -1.687289834022521973e+00 5.644430727624571986e-01 4.338870859701807747e-01 -3.904449935951248007e-01 5.836939763949082760e-01
9.366759657859802246e-02 -3.845775127410888672e-01 -1.687289714813232422e+00 5.644430713187204018e-01 4.338871233796494642e-01 -3.904450341934468938e-01 5.836939382882463390e-01
9.366759657859802246e-02 -3.845775127410888672e-01 -1.687289714813232422e+00 5.644430688437429566e-01 4.338871368320581512e-01 -3.904450491053551020e-01 5.836939012479961386e-01
9.366759657859802246e-02 -3.845775425434112549e-01 -1.687289714813232422e+00 5.644430661625173817e-01 4.338871784927543218e-01 -3.904450971596319375e-01 5.836938644210281080e-01
9.366760402917861938e-02 -3.845775723457336426e-01 -1.687289714813232422e+00 5.644430643062843256e-01 4.338872178692944059e-01 -3.904451116435333491e-01 5.836938267409301773e-01
9.366760402917861938e-02 -3.845776021480560303e-01 -1.687289595603942871e+00 5.644430682249985676e-01 4.338872247568896778e-01 -3.904451485324600402e-01 5.836937830889260548e-01
9.366760402917861938e-02 -3.845776319503784180e-01 -1.687289595603942871e+00 5.644430663687655114e-01 4.338872624834448355e-01 -3.904451630163615627e-01 5.836937454088280131e-01
9.366761147975921631e-02 -3.845776319503784180e-01 -1.687289595603942871e+00 5.644430636875399365e-01 4.338872744444122187e-01 -3.904451780709395914e-01 5.836937217817388390e-01
9.366761147975921631e-02 -3.845776617527008057e-01 -1.687289595603942871e+00 5.644430610063143616e-01 4.338873144551244065e-01 -3.904452195252774982e-01 5.836936849547695871e-01
9.366761147975921631e-02 -3.845776915550231934e-01 -1.687289595603942871e+00 5.644430647187805850e-01 4.338873215012619133e-01 -3.904452301571131878e-01 5.836936415160484115e-01
9.366761893033981323e-02 -3.845777213573455811e-01 -1.687289595603942871e+00 5.644430628625474178e-01 4.338873592278176816e-01 -3.904452710407748106e-01 5.836936170358296705e-01
9.366761893033981323e-02 -3.845777213573455811e-01 -1.687289476394653320e+00 5.644430601813218429e-01 4.338873711887855644e-01 -3.904452860953534499e-01 5.836935802088598635e-01
9.366761893033981323e-02 -3.845777511596679688e-01 -1.687289476394653320e+00 5.644430575000962680e-01 4.338874095495134919e-01 -3.904453275496921338e-01 5.836935433818896124e-01
9.366761893033981323e-02 -3.845777809619903564e-01 -1.687289476394653320e+00 5.644430622438030287e-01 4.338874174529207539e-01 -3.904453374681813860e-01 5.836935120766378882e-01
9.366762638092041016e-02 -3.845778107643127441e-01 -1.687289476394653320e+00 5.644430595625774538e-01 4.338874558136487369e-01 -3.904453789225201810e-01 5.836934752496675261e-01
9.366762638092041016e-02 -3.845778107643127441e-01 -1.687289476394653320e+00 5.644430568813518789e-01 4.338874677746171749e-01 -3.904453939770994308e-01 5.836934384226968309e-01
9.366762638092041016e-02 -3.845778405666351318e-01 -1.687289357185363770e+00 5.644430550251187118e-01 4.338875055011739423e-01 -3.904454117609721386e-01 5.836934007425969018e-01
9.366763383150100708e-02 -3.845778703689575195e-01 -1.687289357185363770e+00 5.644430589438330648e-01 4.338875140387522533e-01 -3.904454486498972754e-01 5.836933702904749666e-01
9.366763383150100708e-02 -3.845779001712799072e-01 -1.687289357185363770e+00 5.644430562626074899e-01 4.338875523994809580e-01 -3.904454637044768583e-01 5.836933334635037163e-01
9.366763383150100708e-02 -3.845779001712799072e-01 -1.687289357185363770e+00 5.644430544063743227e-01 4.338875637262779583e-01 -3.904455045881398689e-01 5.836932957834034541e-01
9.366764128208160400e-02 -3.845779299736022949e-01 -1.687289357185363770e+00 5.644430583250887867e-01 4.338875970136307214e-01 -3.904455150773044614e-01 5.836932653312820740e-01
9.366764128208160400e-02 -3.845779597759246826e-01 -1.687289237976074219e+00 5.644430570876000086e-01 4.338876095147837786e-01 -3.904455555329597316e-01 5.836932270113351917e-01
9.366764128208160400e-02 -3.845779597759246826e-01 -1.687289237976074219e+00 5.644430542001261930e-01 4.338876480340561614e-01 -3.904455707302092460e-01 5.836931903976454450e-01
9.366765618324279785e-02 -3.845780789852142334e-01 -1.687289118766784668e+00 5.644430504876599697e-01 4.338877531869016480e-01 -3.904456887972067025e-01 5.836930226382825992e-01
9.366765618324279785e-02 -3.845781087875366211e-01 -1.687289118766784668e+00 5.644430478064342838e-01 4.338877948476021484e-01 -3.904457368514882010e-01 5.836929858113092395e-01
9.366765618324279785e-02 -3.845781385898590088e-01 -1.687289118766784668e+00 5.644430465689455056e-01 4.338878073487558718e-01 -3.904457509073842592e-01 5.836929474913611360e-01
9.366766363382339478e-02 -3.845781683921813965e-01 -1.687289118766784668e+00 5.644430453314567275e-01 4.338878445996851019e-01 -3.904457913630409172e-01 5.836929091714128104e-01
9.366766363382339478e-02 -3.845781981945037842e-01 -1.687288999557495117e+00 5.644430500751637103e-01 4.338878558030587196e-01 -3.904458078814663780e-01 5.836928514664051493e-01
9.366766363382339478e-02 -3.845781981945037842e-01 -1.687288999557495117e+00 5.644430476001861541e-01 4.338878956552316146e-01 -3.904458491931390163e-01 5.836928144261490647e-01
9.366767108440399170e-02 -3.845782279968261719e-01 -1.687288999557495117e+00 5.644430457439529869e-01 4.338879069820299472e-01 -3.904458636770434810e-01 5.836927899459267710e-01
9.366767108440399170e-02 -3.845782577991485596e-01 -1.687288999557495117e+00 5.644430432689755417e-01 4.338879451842182489e-01 -3.904459049887165634e-01 5.836927793054303981e-01
9.366767108440399170e-02 -3.845782876014709473e-01 -1.687288999557495117e+00 5.644430469814417650e-01 4.338879522303518144e-01 -3.904459156205480896e-01 5.836927358667138854e-01
9.366767853498458862e-02 -3.845782876014709473e-01 -1.687288880348205566e+00 5.644430451252085978e-01 4.338879916068958953e-01 -3.904459565042132096e-01 5.836927113864913697e-01
9.366767853498458862e-02 -3.845783174037933350e-01 -1.687288880348205566e+00 5.644430424439830229e-01 4.338880035678671643e-01 -3.904459715587955682e-01 5.836926745595160115e-01
9.366767853498458862e-02 -3.845783472061157227e-01 -1.687288880348205566e+00 5.644430397627572260e-01 4.338880419285994772e-01 -3.904460130131389706e-01 5.836926377325406534e-01
9.366768598556518555e-02 -3.845783472061157227e-01 -1.687288880348205566e+00 5.644430436814718011e-01 4.338880488161890869e-01 -3.904460268022703628e-01 5.836925940805426372e-01
9.366768598556518555e-02 -3.845783770084381104e-01 -1.687288880348205566e+00 5.644430418252386339e-01 4.338880865427486300e-01 -3.904460412861754381e-01 5.836925696003194552e-01
9.366768598556518555e-02 -3.845784068107604980e-01 -1.687288761138916016e+00 5.644430391440128369e-01 4.338881001537056581e-01 -3.904460827405192291e-01 5.836925327733435420e-01
9.366768598556518555e-02 -3.845784366130828857e-01 -1.687288761138916016e+00 5.644430364627871510e-01 4.338881385144385816e-01 -3.904460977951024758e-01 5.836924959463670737e-01
9.366769343614578247e-02 -3.845784366130828857e-01 -1.687288761138916016e+00 5.644430412064942448e-01 4.338881447678546999e-01 -3.904461341133460550e-01 5.836924646411225659e-01
9.366769343614578247e-02 -3.845784664154052734e-01 -1.687288761138916016e+00 5.644430385252684479e-01 4.338881831285877344e-01 -3.904461491679295237e-01 5.836924278141460976e-01
9.366769343614578247e-02 -3.845784962177276611e-01 -1.687288761138916016e+00 5.644430366690352807e-01 4.338881961053722702e-01 -3.904461900515960315e-01 5.836923901340417276e-01
9.366770088672637939e-02 -3.845785260200500488e-01 -1.687288641929626465e+00 5.644430341940577245e-01 4.338882343075625148e-01 -3.904462049635103460e-01 5.836923530937826454e-01
9.366770088672637939e-02 -3.845785260200500488e-01 -1.687288641929626465e+00 5.644430389377647073e-01 4.338882405609779669e-01 -3.904462412817532591e-01 5.836923217885392479e-01
9.366770088672637939e-02 -3.845785558223724365e-01 -1.687288641929626465e+00 5.644430362565390213e-01 4.338882805716965940e-01 -3.904462563363372274e-01 5.836922849615618913e-01
9.366770833730697632e-02 -3.845786154270172119e-01 -1.687288522720336914e+00 5.644430311003356682e-01 4.338883422847560345e-01 -3.904463292024480392e-01 5.836921714946826656e-01
9.366771578788757324e-02 -3.845786750316619873e-01 -1.687288522720336914e+00 5.644430315128320386e-01 4.338883848672811516e-01 -3.904463751166908358e-01 5.836921182685966825e-01
9.366771578788757324e-02 -3.845786750316619873e-01 -1.687288522720336914e+00 5.644430304815912791e-01 4.338884236096544611e-01 -3.904464187296505240e-01 5.836920797353639667e-01
9.366771578788757324e-02 -3.845787048339843750e-01 -1.687288522720336914e+00 5.644430290378543713e-01 4.338884346193682129e-01 -3.904464329282181234e-01 5.836920548285750021e-01
9.366762638092041016e-02 -3.845785856246948242e-01 -1.687288165092468262e+00 5.644450659407563853e-01 4.338850093273958208e-01 -3.904363285411224238e-01 5.836993863499863044e-01
9.366762638092041016e-02 -3.845786154270172119e-01 -1.687288045883178711e+00 5.644450836780317005e-01 4.338850187925826773e-01 -3.904362898722802400e-01 5.836994076071562176e-01
9.366762638092041016e-02 -3.845786154270172119e-01 -1.687288045883178711e+00 5.644450956403798125e-01 4.338850062972507970e-01 -3.904362320983492118e-01 5.836994216364138621e-01
9.366762638092041016e-02 -3.845786452293395996e-01 -1.687288045883178711e+00 5.644451067777381814e-01 4.338850208357473703e-01 -3.904362012947438787e-01 5.836994497186347441e-01
9.366762638092041016e-02 -3.845786750316619873e-01 -1.687288045883178711e+00 5.644451247212596279e-01 4.338850037427299799e-01 -3.904361360835814088e-01 5.836994575626879289e-01
9.368099272251129150e-02 -3.845937848091125488e-01 -1.687304377555847168e+00 5.644402153937894129e-01 4.338805721244158309e-01 -3.904271768272198351e-01 5.837135235646334630e-01
9.368100017309188843e-02 -3.845938146114349365e-01 -1.687304377555847168e+00 5.644402333374662906e-01 4.338805830811575115e-01 -3.904271149156581244e-01 5.837135314081465243e-01
9.368100762367248535e-02 -3.845938444137573242e-01 -1.687304258346557617e+00 5.644402455061663382e-01 4.338805704271913033e-01 -3.904270800985950585e-01 5.837135584237731489e-01
9.368102997541427612e-02 -3.845939040184020996e-01 -1.687304258346557617e+00 5.644402809810193933e-01 4.338805728578414289e-01 -3.904269697607625211e-01 5.837135745373815965e-01
9.368103742599487305e-02 -3.845939636230468750e-01 -1.687304258346557617e+00 5.644402923247219261e-01 4.338805624880383016e-01 -3.904269091144723092e-01 5.837135892062281783e-01
9.368104487657546997e-02 -3.845939636230468750e-01 -1.687304258346557617e+00 5.644403102683962503e-01 4.338805717947877283e-01 -3.904268736028176923e-01 5.837136102496849333e-01
9.368105232715606689e-02 -3.845939934253692627e-01 -1.687304139137268066e+00 5.644403214058490992e-01 4.338805863334224133e-01 -3.904268130991966901e-01 5.837136251318222335e-01
9.367365390062332153e-02 -3.845948874950408936e-01 -1.687300562858581543e+00 5.644450570721185612e-01 4.338778997845890717e-01 -3.904289757687092188e-01 5.837095857923715325e-01
9.367366135120391846e-02 -3.845948874950408936e-01 -1.687300562858581543e+00 5.644450682094777072e-01 4.338779143232262547e-01 -3.904289449652444954e-01 5.837096138743930185e-01
9.367366135120391846e-02 -3.845949172973632812e-01 -1.687300562858581543e+00 5.644450801718261523e-01 4.338779001780652678e-01 -3.904288871914672332e-01 5.837096279034343915e-01
9.367366880178451538e-02 -3.845949470996856689e-01 -1.687300562858581543e+00 5.644450974966062073e-01 4.338779182104474663e-01 -3.904288422082683452e-01 5.837096495868557833e-01
9.367366880178451538e-02 -3.845949769020080566e-01 -1.687300562858581543e+00 5.644451092527067448e-01 4.338779042238258832e-01 -3.904287845771587384e-01 5.837096770290147729e-01
9.367367625236511230e-02 -3.845950365066528320e-01 -1.687300443649291992e+00 5.644451507084274899e-01 4.338779070071837052e-01 -3.904286668032251328e-01 5.837096869577332869e-01
9.367368370294570923e-02 -3.845950961112976074e-01 -1.687300443649291992e+00 5.644451799955517712e-01 4.338779125443867901e-01 -3.904285607463238161e-01 5.837097358700217287e-01
9.367369115352630615e-02 -3.845951259136199951e-01 -1.687300443649291992e+00 5.644452041264910180e-01 4.338779055452600675e-01 -3.904285044553863493e-01 5.837097637148117579e-01
9.367369860410690308e-02 -3.845951557159423828e-01 -1.687300324440002441e+00 5.644452210387725932e-01 4.338779271946749394e-01 -3.904284300579194955e-01 5.837097990246306045e-01
9.367369860410690308e-02 -3.845951855182647705e-01 -1.687300324440002441e+00 5.644452389822903760e-01 4.338779101018893081e-01 -3.904283945466349159e-01 5.837098068683570506e-01
9.367370605468750000e-02 -3.845952153205871582e-01 -1.687300324440002441e+00 5.644452509446351574e-01 4.338779240063714293e-01 -3.904283334729321542e-01 5.837098208973938718e-01
9.367370605468750000e-02 -3.845952451229095459e-01 -1.687300324440002441e+00 5.644452627007324752e-01 4.338779116697345506e-01 -3.904283022415078186e-01 5.837098483395453119e-01
9.367370605468750000e-02 -3.845952749252319336e-01 -1.687300324440002441e+00 5.644452810567435197e-01 4.338779190095526928e-01 -3.904282400452513402e-01 5.837098557566978707e-01
9.367371350526809692e-02 -3.845952749252319336e-01 -1.687300324440002441e+00 5.644452919878509833e-01 4.338779073070699321e-01 -3.904282093844781421e-01 5.837098840519938658e-01
9.367371350526809692e-02 -3.845953047275543213e-01 -1.687300205230712891e+00 5.644453037439473020e-01 4.338779197201114712e-01 -3.904281781530593021e-01 5.837098982943155212e-01
9.367372095584869385e-02 -3.845953345298767090e-01 -1.687300205230712891e+00 5.644453157062908621e-01 4.338779336245927043e-01 -3.904281203793258381e-01 5.837099123233501219e-01
9.367372095584869385e-02 -3.845953643321990967e-01 -1.687300205230712891e+00 5.644453340623001303e-01 4.338779162147357593e-01 -3.904280812827790603e-01 5.837099329403284687e-01
9.367372095584869385e-02 -3.845953643321990967e-01 -1.687300205230712891e+00 5.644453449934064837e-01 4.338779292619295846e-01 -3.904280242223596709e-01 5.837099216361421039e-01
9.367372840642929077e-02 -3.845953941345214844e-01 -1.687300205230712891e+00 5.644453565432545616e-01 4.338779154338560651e-01 -3.904279931336099296e-01 5.837099360917491486e-01
9.367372840642929077e-02 -3.845954239368438721e-01 -1.687300205230712891e+00 5.644453682993496590e-01 4.338779294968752032e-01 -3.904279619022000825e-01 5.837099635338952597e-01
9.367373585700988770e-02 -3.845954537391662598e-01 -1.687300205230712891e+00 5.644453866553572619e-01 4.338779104370431017e-01 -3.904278997059686951e-01 5.837099709510462642e-01
9.367373585700988770e-02 -3.845954835414886475e-01 -1.687300086021423340e+00 5.644453982052044516e-01 4.338779246586002558e-01 -3.904278686172244495e-01 5.837099986064774315e-01
9.367374330759048462e-02 -3.845954835414886475e-01 -1.687300086021423340e+00 5.644454099612986608e-01 4.338779370716406847e-01 -3.904278109861701873e-01 5.837100128487962003e-01
9.367374330759048462e-02 -3.845955133438110352e-01 -1.687300086021423340e+00 5.644454217173925370e-01 4.338779230850315916e-01 -3.904277797547678897e-01 5.837100270911147470e-01
9.367374330759048462e-02 -3.845955431461334229e-01 -1.687300086021423340e+00 5.644454334734863021e-01 4.338779371480499525e-01 -3.904277485233669243e-01 5.837100545332571944e-01
9.367375075817108154e-02 -3.845955729484558105e-01 -1.687300086021423340e+00 5.644454516232445540e-01 4.338779182467595308e-01 -3.904276864698126293e-01 5.837100621636930331e-01
9.367375075817108154e-02 -3.845955729484558105e-01 -1.687300086021423340e+00 5.644454633793376530e-01 4.338779323097777807e-01 -3.904276552384157717e-01 5.837100764060102476e-01
9.367376565933227539e-02 -3.845956623554229736e-01 -1.687299966812133789e+00 5.644455163848771662e-01 4.338779245650402072e-01 -3.904274733763722360e-01 5.837101535896128679e-01
9.367377310991287231e-02 -3.845957219600677490e-01 -1.687299966812133789e+00 5.644455450532407381e-01 4.338779305778677209e-01 -3.904273710475541503e-01 5.837101635422592416e-01
9.367378056049346924e-02 -3.845957815647125244e-01 -1.687299847602844238e+00 5.644455755778278183e-01 4.338779252639871631e-01 -3.904272740347063952e-01 5.837101979749700353e-01
9.367378801107406616e-02 -3.845958113670349121e-01 -1.687299847602844238e+00 5.644455984712669627e-01 4.338779241660387642e-01 -3.904272152998874978e-01 5.837102402992775385e-01
9.367378801107406616e-02 -3.845958411693572998e-01 -1.687299847602844238e+00 5.644456166210198855e-01 4.338779382643087046e-01 -3.904271466464621088e-01 5.837102479297107127e-01
9.367379546165466309e-02 -3.845958709716796875e-01 -1.687299847602844238e+00 5.644456277583680404e-01 4.338779264032994742e-01 -3.904271158430716038e-01 5.837102760117026667e-01
9.367379546165466309e-02 -3.845959007740020752e-01 -1.687299847602844238e+00 5.644456395144574756e-01 4.338779388163385153e-01 -3.904270582120597521e-01 5.837102902540147742e-01
9.367379546165466309e-02 -3.845959007740020752e-01 -1.687299728393554688e+00 5.644456512705465778e-01 4.338779264797161250e-01 -3.904270236807343419e-01 5.837103176961458972e-01
9.367380291223526001e-02 -3.845959305763244629e-01 -1.687299728393554688e+00 5.644456690078035743e-01 4.338779359451298001e-01 -3.904269619125542712e-01 5.837103257531504052e-01
9.367380291223526001e-02 -3.845959603786468506e-01 -1.687299728393554688e+00 5.644456807638921214e-01 4.338779483581683971e-01 -3.904269306811877227e-01 5.837103399954614025e-01
9.367381036281585693e-02 -3.845959901809692383e-01 -1.687299728393554688e+00 5.644456925199804465e-01 4.338779360215473391e-01 -3.904268994498225620e-01 5.837103674375903051e-01
9.367381036281585693e-02 -3.845960199832916260e-01 -1.687299728393554688e+00 5.644457108759775021e-01 4.338779433613698666e-01 -3.904268372536687237e-01 5.837103748547348703e-01
9.367381036281585693e-02 -3.845960199832916260e-01 -1.687299728393554688e+00 5.644457226320651611e-01 4.338779293747728749e-01 -3.904268060223076708e-01 5.837104022968623296e-01
9.367381781339645386e-02 -3.845960497856140137e-01 -1.687299609184265137e+00 5.644457341819054674e-01 4.338779435963264208e-01 -3.904267485339743549e-01 5.837104167524578280e-01
9.367381781339645386e-02 -3.845960795879364014e-01 -1.687299609184265137e+00 5.644457451130041603e-01 4.338779302438821595e-01 -3.904267178732607202e-01 5.837104054482781246e-01
9.367382526397705078e-02 -3.845961093902587891e-01 -1.687299609184265137e+00 5.644457568690910421e-01 4.338779443068976338e-01 -3.904266866419045523e-01 5.837104328904040296e-01
9.367382526397705078e-02 -3.845961093902587891e-01 -1.687299609184265137e+00 5.644457752250860993e-01 4.338779252470877923e-01 -3.904266211458120583e-01 5.837104403075477066e-01
9.367383271455764771e-02 -3.845961391925811768e-01 -1.687299609184265137e+00 5.644457867749252955e-01 4.338779378186639613e-01 -3.904265900571208814e-01 5.837104547631423168e-01
9.367383271455764771e-02 -3.845961689949035645e-01 -1.687299609184265137e+00 5.644457985310114001e-01 4.338779518816788250e-01 -3.904265324261385617e-01 5.837104822052660014e-01
9.367383271455764771e-02 -3.845961987972259521e-01 -1.687299609184265137e+00 5.644458102870972827e-01 4.338779378950851640e-01 -3.904265011947898878e-01 5.837104964475732238e-01
9.367384761571884155e-02 -3.845962584018707275e-01 -1.687299489974975586e+00 5.644458517427665134e-01 4.338779439784303249e-01 -3.904263801212522478e-01 5.837105459757162551e-01
9.367385506629943848e-02 -3.845963180065155029e-01 -1.687299489974975586e+00 5.644458929921856161e-01 4.338779551702449666e-01 -3.904262261908612031e-01 5.837105957171415671e-01
9.367386251688003540e-02 -3.845963776111602783e-01 -1.687299370765686035e+00 5.644459162981061429e-01 4.338779554052066834e-01 -3.904261638708519944e-01 5.837106376148496478e-01
9.367388486862182617e-02 -3.845965564250946045e-01 -1.687299251556396484e+00 5.644460165341779190e-01 4.338779427048929938e-01 -3.904258338415023122e-01 5.837107451546788006e-01
9.367390722036361694e-02 -3.845967054367065430e-01 -1.687299132347106934e+00 5.644461159452438537e-01 4.338779570383654027e-01 -3.904254812832588795e-01 5.837108799472502385e-01
9.367346763610839844e-02 -3.845975697040557861e-01 -1.687298893928527832e+00 5.644481041628862661e-01 4.338791148938667686e-01 -3.904271419898862061e-01 5.837069759115436351e-01
9.367346018552780151e-02 -3.845977187156677246e-01 -1.687298893928527832e+00 5.644482130609116410e-01 4.338791466842080724e-01 -3.904270171663498101e-01 5.837069292967551615e-01
9.367346018552780151e-02 -3.845978081226348877e-01 -1.687298774719238281e+00 5.644483013342956879e-01 4.338791877283733611e-01 -3.904269132087316851e-01 5.837068908105669252e-01
9.367345273494720459e-02 -3.845978379249572754e-01 -1.687298774719238281e+00 5.644483341274417754e-01 4.338792070701718573e-01 -3.904268806260112745e-01 5.837068700982996905e-01
9.367345273494720459e-02 -3.845978677272796631e-01 -1.687298774719238281e+00 5.644483617644313611e-01 4.338791973760041110e-01 -3.904268582096670492e-01 5.837068679178708530e-01
9.367345273494720459e-02 -3.845979273319244385e-01 -1.687298655509948730e+00 5.644484100260368509e-01 4.338792196772557341e-01 -3.904267885279690264e-01 5.837068444091335628e-01
9.367345273494720459e-02 -3.845979571342468262e-01 -1.687298655509948730e+00 5.644484358068073693e-01 4.338792345094936165e-01 -3.904267640956332053e-01 5.837068309485033968e-01
9.367344528436660767e-02 -3.845979869365692139e-01 -1.687298655509948730e+00 5.644484620000689290e-01 4.338792473746880818e-01 -3.904267426779196026e-01 5.837068170613097795e-01
9.367344528436660767e-02 -3.845980465412139893e-01 -1.687298655509948730e+00 5.644485189240032730e-01 4.338792531175739708e-01 -3.904266637046092669e-01 5.837067977944565556e-01
9.367344528436660767e-02 -3.845980763435363770e-01 -1.687298655509948730e+00 5.644485461484916033e-01 4.338792684900220631e-01 -3.904266382736704677e-01 5.837067828408556425e-01
9.367343783378601074e-02 -3.845981359481811523e-01 -1.687298536300659180e+00 5.644485861602371868e-01 4.338792839329966844e-01 -3.904266039978442904e-01 5.837067678634665358e-01
9.367343783378601074e-02 -3.845981657505035400e-01 -1.687298536300659180e+00 5.644486187471207117e-01 4.338793034333293108e-01 -3.904265748577666617e-01 5.837067473645167759e-01
9.367343783378601074e-02 -3.845982253551483154e-01 -1.687298536300659180e+00 5.644486833021438166e-01 4.338793066102947238e-01 -3.904264906061070128e-01 5.837066938067304589e-01
9.367343038320541382e-02 -3.845982551574707031e-01 -1.687298536300659180e+00 5.644487146515454468e-01 4.338793237619109067e-01 -3.904264623220012331e-01 5.837066745874911478e-01
9.367343038320541382e-02 -3.845983147621154785e-01 -1.687298417091369629e+00 5.644487457946991693e-01 4.338793443720002085e-01 -3.904264341805592231e-01 5.837066687812854093e-01
9.367343038320541382e-02 -3.845983743667602539e-01 -1.687298417091369629e+00 5.644488111746919223e-01 4.338793469148242155e-01 -3.904263493583073896e-01 5.837066407698950909e-01
9.367342293262481689e-02 -3.845984041690826416e-01 -1.687298417091369629e+00 5.644488462365144787e-01 4.338793694626186803e-01 -3.904263185063536756e-01 5.837066309113267959e-01
9.367342293262481689e-02 -3.845984637737274170e-01 -1.687298417091369629e+00 5.644488860419928367e-01 4.338793850641309846e-01 -3.904262579737550198e-01 5.837066029475174167e-01
9.367342293262481689e-02 -3.845984935760498047e-01 -1.687298297882080078e+00 5.644489126477254537e-01 4.338793728627325930e-01 -3.904262329708422796e-01 5.837065886338018705e-01
9.367342293262481689e-02 -3.845985233783721924e-01 -1.687298297882080078e+00 5.644489382222269702e-01 4.338793862035368876e-01 -3.904262086812286814e-01 5.837065885862442460e-01
9.367341548204421997e-02 -3.845985531806945801e-01 -1.687298297882080078e+00 5.644489640029733968e-01 4.338793993858041098e-01 -3.904261875488943545e-01 5.837065751256632629e-01
9.367341548204421997e-02 -3.845985829830169678e-01 -1.687298297882080078e+00 5.644489891649806523e-01 4.338794130436811614e-01 -3.904261635446049650e-01 5.837065623049325636e-01
9.367341548204421997e-02 -3.845986127853393555e-01 -1.687298297882080078e+00 5.644490151519705456e-01 4.338794260674111447e-01 -3.904261158701359258e-01 5.837065486310741846e-01
9.367341548204421997e-02 -3.845986425876617432e-01 -1.687298297882080078e+00 5.644490411389593287e-01 4.338794390911407950e-01 -3.904260912952170481e-01 5.837065349572181372e-01
9.367341548204421997e-02 -3.845986723899841309e-01 -1.687298178672790527e+00 5.644490663009632536e-01 4.338794263495379111e-01 -3.904260672909375951e-01 5.837065221364944323e-01
9.367340803146362305e-02 -3.845986723899841309e-01 -1.687298178672790527e+00 5.644490920817036850e-01 4.338794395318048558e-01 -3.904260461586186448e-01 5.837065218756646301e-01
9.367340803146362305e-02 -3.845987021923065186e-01 -1.687298178672790527e+00 5.644491172437052784e-01 4.338794531896814077e-01 -3.904259957548684712e-01 5.837065090549450330e-01
9.367340803146362305e-02 -3.845987319946289062e-01 -1.687298178672790527e+00 5.644491430244434893e-01 4.338794663719476308e-01 -3.904259746225562377e-01 5.837064955943805922e-01
9.367340803146362305e-02 -3.845987617969512939e-01 -1.687298178672790527e+00 5.644491679801968420e-01 4.338794785383930375e-01 -3.904259507609484925e-01 5.837064829869481608e-01
9.367340803146362305e-02 -3.845987915992736816e-01 -1.687298178672790527e+00 5.644491939671785197e-01 4.338794651626493026e-01 -3.904259294859829255e-01 5.837064693131061022e-01
9.367340058088302612e-02 -3.845988214015960693e-01 -1.687298178672790527e+00 5.644492195416673797e-01 4.338794801534194834e-01 -3.904259051964039662e-01 5.837064560658311585e-01
9.367340058088302612e-02 -3.845988512039184570e-01 -1.687298059463500977e+00 5.644492455286467258e-01 4.338794931771491892e-01 -3.904258542220397366e-01 5.837064555917294006e-01
9.367340058088302612e-02 -3.845988810062408447e-01 -1.687298059463500977e+00 5.644492706906414359e-01 4.338795068350249085e-01 -3.904258335177195338e-01 5.837064427710233483e-01
9.367340058088302612e-02 -3.845989108085632324e-01 -1.687298059463500977e+00 5.644492966776184506e-01 4.338795198587539481e-01 -3.904258089428329637e-01 5.837064290971905045e-01
9.367339313030242920e-02 -3.845990300178527832e-01 -1.687297940254211426e+00 5.644494031004640977e-01 4.338795502516320512e-01 -3.904256858318818635e-01 5.837063850422299360e-01
9.367339313030242920e-02 -3.845990896224975586e-01 -1.687297940254211426e+00 5.644494548681588952e-01 4.338795781075920344e-01 -3.904256401247366837e-01 5.837063579078732856e-01
9.367338567972183228e-02 -3.845991492271423340e-01 -1.687297940254211426e+00 5.644495000359843750e-01 4.338795730874959733e-01 -3.904255758831549628e-01 5.837063111990944408e-01
9.367338567972183228e-02 -3.845991790294647217e-01 -1.687297940254211426e+00 5.644495373664675242e-01 4.338795971913128602e-01 -3.904255401621392063e-01 5.837062989945004388e-01
9.367338567972183228e-02 -3.845992088317871094e-01 -1.687297821044921875e+00 5.644495699532962041e-01 4.338796067918409549e-01 -3.904255110222100145e-01 5.837062784956690287e-01
9.367337822914123535e-02 -3.845992386341094971e-01 -1.687297821044921875e+00 5.644495963527508264e-01 4.338796194984963495e-01 -3.904254630625214051e-01 5.837062643953013774e-01
9.367337822914123535e-02 -3.845992684364318848e-01 -1.687297821044921875e+00 5.644496221334671660e-01 4.338796062813077836e-01 -3.904254386303349089e-01 5.837062641345085456e-01
9.367337822914123535e-02 -3.845992982387542725e-01 -1.687297821044921875e+00 5.644496472954451116e-01 4.338796199391822261e-01 -3.904254179260586710e-01 5.837062513138370212e-01
9.367337822914123535e-02 -3.845993280410766602e-01 -1.687297821044921875e+00 5.644496732824046958e-01 4.338796329629108217e-01 -3.904253933512196739e-01 5.837062376400401487e-01
9.367337822914123535e-02 -3.845993578433990479e-01 -1.687297821044921875e+00 5.644496982381347339e-01 4.338796467793208933e-01 -3.904253694896761551e-01 5.837062250326551238e-01
9.367337077856063843e-02 -3.845993876457214355e-01 -1.687297701835632324e+00 5.644497242250919866e-01 4.338796598030488783e-01 -3.904253218153261318e-01 5.837062113588630252e-01
9.367337077856063843e-02 -3.845995068550109863e-01 -1.687297701835632324e+00 5.644498112607657658e-01 4.338796836488059139e-01 -3.904252418138788316e-01 5.837061741528253300e-01
9.367336332798004150e-02 -3.845995366573333740e-01 -1.687297701835632324e+00 5.644498388976829650e-01 4.338796987041734221e-01 -3.904251896983504944e-01 5.837061719725110676e-01
9.367336332798004150e-02 -3.845995664596557617e-01 -1.687297701835632324e+00 5.644498655033707291e-01 4.338797129022567978e-01 -3.904251679954914844e-01 5.837061576588863376e-01
9.367336332798004150e-02 -3.845995962619781494e-01 -1.687297582626342773e+00 5.644499053087771445e-01 4.338797021043324098e-01 -3.904251338625727152e-01 5.837061428949550379e-01
9.367336332798004150e-02 -3.845996260643005371e-01 -1.687297582626342773e+00 5.644499321207073761e-01 4.338797161438801564e-01 -3.904251087171329848e-01 5.837061283680549106e-01
9.367336332798004150e-02 -3.845996558666229248e-01 -1.687297582626342773e+00 5.644499576951627073e-01 4.338797311346451191e-01 -3.904250580282089822e-01 5.837061151208473575e-01
9.367335587739944458e-02 -3.845997452735900879e-01 -1.687297582626342773e+00 5.644500294686279895e-01 4.338797386626915276e-01 -3.904249951834253829e-01 5.837060804979972151e-01
9.367335587739944458e-02 -3.845998048782348633e-01 -1.687297463417053223e+00 5.644500816487565409e-01 4.338797678515394218e-01 -3.904249227916862242e-01 5.837060661369105619e-01
9.367334842681884766e-02 -3.845998346805572510e-01 -1.687297463417053223e+00 5.644501082544327586e-01 4.338797803996579661e-01 -3.904248977889283601e-01 5.837060518233089246e-01
9.367334842681884766e-02 -3.845998644828796387e-01 -1.687297463417053223e+00 5.644501344476167137e-01 4.338797949148129329e-01 -3.904248730714899307e-01 5.837060379362728479e-01
9.367334842681884766e-02 -3.845998942852020264e-01 -1.687297463417053223e+00 5.644501598158173650e-01 4.338798084141479161e-01 -3.904248522246153708e-01 5.837060249023651171e-01
9.367334842681884766e-02 -3.845999240875244141e-01 -1.687297463417053223e+00 5.644501855965079473e-01 4.338797951969837197e-01 -3.904248277924990407e-01 5.837060114418968215e-01
9.367334842681884766e-02 -3.845999538898468018e-01 -1.687297344207763672e+00 5.644502107584608019e-01 4.338798088548553866e-01 -3.904247806888626604e-01 5.837059986212752571e-01
9.367334097623825073e-02 -3.845999836921691895e-01 -1.687297344207763672e+00 5.644502377766219547e-01 4.338798227358655057e-01 -3.904247554008054011e-01 5.837059970808355924e-01
9.367334097623825073e-02 -3.846000134944915771e-01 -1.687297344207763672e+00 5.644502629385724779e-01 4.338798363937365066e-01 -3.904247313966733302e-01 5.837059842602182469e-01
9.367334097623825073e-02 -3.846000432968139648e-01 -1.687297344207763672e+00 5.644502887192582863e-01 4.338798495759987883e-01 -3.904247102644979317e-01 5.837059707997592772e-01
9.367334097623825073e-02 -3.846000730991363525e-01 -1.687297344207763672e+00 5.644503147061884496e-01 4.338798362003041253e-01 -3.904246592903193314e-01 5.837059571260212465e-01
9.367334097623825073e-02 -3.846000730991363525e-01 -1.687297344207763672e+00 5.644503396618900659e-01 4.338798500167113659e-01 -3.904246387287824693e-01 5.837059445186922879e-01
9.367333352565765381e-02 -3.846001029014587402e-01 -1.687297344207763672e+00 5.644503654425724326e-01 4.338798631989738697e-01 -3.904246142966893429e-01 5.837059178585314312e-01
9.367333352565765381e-02 -3.846001327037811279e-01 -1.687297224998474121e+00 5.644503906045171826e-01 4.338798752068808162e-01 -3.904245935925000910e-01 5.837059050379265202e-01
9.367333352565765381e-02 -3.846001625061035156e-01 -1.687297224998474121e+00 5.644504165914426830e-01 4.338798882306066917e-01 -3.904245690177549633e-01 5.837058913641988145e-01
9.367333352565765381e-02 -3.846001923084259033e-01 -1.687297224998474121e+00 5.644504415471397474e-01 4.338799020470126555e-01 -3.904245187568876063e-01 5.837058787568798479e-01
9.367333352565765381e-02 -3.846002221107482910e-01 -1.687297224998474121e+00 5.644504675340628053e-01 4.338798886713247094e-01 -3.904244974820764713e-01 5.837058650831571383e-01
9.367332607507705688e-02 -3.846002519130706787e-01 -1.687297224998474121e+00 5.644504926960031144e-01 4.338799023291949886e-01 -3.904244734779727111e-01 5.837058522625614421e-01
9.367332607507705688e-02 -3.846002817153930664e-01 -1.687297224998474121e+00 5.644505186829238408e-01 4.338799153529209751e-01 -3.904244522031672382e-01 5.837058517885490572e-01
9.367332607507705688e-02 -3.846003115177154541e-01 -1.687297105789184570e+00 5.644505438448618184e-01 4.338799290107906437e-01 -3.904244017996595373e-01 5.837058389679575798e-01
9.367332607507705688e-02 -3.846003413200378418e-01 -1.687297105789184570e+00 5.644505698317802134e-01 4.338799420345159641e-01 -3.904243772249348376e-01 5.837058252942440850e-01
9.367332607507705688e-02 -3.846003711223602295e-01 -1.687297105789184570e+00 5.644505949937159706e-01 4.338799292929775842e-01 -3.904243565207698441e-01 5.837058124736571596e-01
9.367331862449645996e-02 -3.846004009246826172e-01 -1.687297105789184570e+00 5.644506207743865689e-01 4.338799424752395328e-01 -3.904243320887087476e-01 5.837057990132296093e-01
9.367331862449645996e-02 -3.846004307270050049e-01 -1.687297105789184570e+00 5.644506459363199946e-01 4.338799561331090349e-01 -3.904243113845492497e-01 5.837057861926475688e-01
9.367331862449645996e-02 -3.846004605293273926e-01 -1.687297105789184570e+00 5.644506873916341760e-01 4.338799721163029144e-01 -3.904242464111867816e-01 5.837057697225718211e-01
9.367331117391586304e-02 -3.846005797386169434e-01 -1.687296986579895020e+00 5.644507808207637201e-01 4.338800042471718799e-01 -3.904241355883626974e-01 5.837057391048110500e-01
9.367331117391586304e-02 -3.846006095409393311e-01 -1.687296986579895020e+00 5.644508187698979995e-01 4.338800163256268938e-01 -3.904241027395339847e-01 5.837057130608291899e-01
9.367331117391586304e-02 -3.846006393432617188e-01 -1.687296986579895020e+00 5.644508455817849324e-01 4.338800303651703105e-01 -3.904240808941383256e-01 5.837056985340177695e-01
9.367347508668899536e-02 -3.846006989479064941e-01 -1.687296867370605469e+00 5.644490196893814371e-01 4.338788566407293379e-01 -3.904219251139550151e-01 5.837097910750266294e-01
9.367347508668899536e-02 -3.846007287502288818e-01 -1.687296867370605469e+00 5.644490308266624234e-01 4.338788711793056252e-01 -3.904218679114191404e-01 5.837098059571874664e-01
9.367347508668899536e-02 -3.846007883548736572e-01 -1.687296867370605469e+00 5.644490427889268247e-01 4.338788586842557971e-01 -3.904218332378006084e-01 5.837098331859531530e-01
9.367347508668899536e-02 -3.846008181571960449e-01 -1.687296867370605469e+00 5.644490601135853103e-01 4.338788750666079941e-01 -3.904217651556738389e-01 5.837098284698626349e-01
9.367347508668899536e-02 -3.846008479595184326e-01 -1.687296748161315918e+00 5.644490784694728980e-01 4.338788560069620770e-01 -3.904217293596120575e-01 5.837098358870935755e-01
9.367347508668899536e-02 -3.846008777618408203e-01 -1.687296748161315918e+00 5.644490902254903908e-01 4.338788700699285350e-01 -3.904216717291145167e-01 5.837098501294022412e-01
9.367347508668899536e-02 -3.846009075641632080e-01 -1.687296748161315918e+00 5.644491017752618633e-01 4.338788562419863548e-01 -3.904216406407540196e-01 5.837098777847326003e-01
9.367347508668899536e-02 -3.846009373664855957e-01 -1.687296748161315918e+00 5.644491133250330028e-01 4.338788688135217231e-01 -3.904216095523950769e-01 5.837098922403239909e-01
9.367347508668899536e-02 -3.846009671688079834e-01 -1.687296748161315918e+00 5.644491316809188142e-01 4.338788514038464106e-01 -3.904215473568671824e-01 5.837098996575540433e-01
9.367347508668899536e-02 -3.846009969711303711e-01 -1.687296748161315918e+00 5.644491434369351968e-01 4.338788638168452616e-01 -3.904215161258548505e-01 5.837099270995987910e-01
9.367347508668899536e-02 -3.846010267734527588e-01 -1.687296748161315918e+00 5.644491549867055591e-01 4.338788763883801303e-01 -3.904214586380265750e-01 5.837099415551887382e-01
9.367347508668899536e-02 -3.846010565757751465e-01 -1.687296628952026367e+00 5.644491663302296791e-01 4.338788643689440727e-01 -3.904214243923981309e-01 5.837099694237992686e-01
9.367347508668899536e-02 -3.846010863780975342e-01 -1.687296628952026367e+00 5.644491844798679159e-01 4.338788735172815492e-01 -3.904213887390138860e-01 5.837099770543116017e-01
9.367347508668899536e-02 -3.846011161804199219e-01 -1.687296628952026367e+00 5.644491962358832993e-01 4.338788595308067930e-01 -3.904213311085357185e-01 5.837099912966167148e-01
9.367347508668899536e-02 -3.846011459827423096e-01 -1.687296628952026367e+00 5.644492077856525514e-01 4.338788721023414396e-01 -3.904213000201895989e-01 5.837100189519414117e-01
9.367347508668899536e-02 -3.846011757850646973e-01 -1.687296628952026367e+00 5.644492195416673797e-01 4.338788597658346791e-01 -3.904212423897160389e-01 5.837100331942457476e-01
9.367347508668899536e-02 -3.846012055873870850e-01 -1.687296628952026367e+00 5.644492310914360766e-01 4.338788723373692147e-01 -3.904212113013734164e-01 5.837100476498333634e-01
9.367347508668899536e-02 -3.846012353897094727e-01 -1.687296509742736816e+00 5.644492494473181132e-01 4.338788532777334006e-01 -3.904211755053443311e-01 5.837100682667958340e-01
9.367347508668899536e-02 -3.846012651920318604e-01 -1.687296509742736816e+00 5.644492609970862551e-01 4.338788674992346550e-01 -3.904211180175353735e-01 5.837100563229128403e-01
9.367347508668899536e-02 -3.846013247966766357e-01 -1.687296509742736816e+00 5.644492896652596459e-01 4.338788751620873407e-01 -3.904210123899169438e-01 5.837101058748973559e-01
9.367347508668899536e-02 -3.846013844013214111e-01 -1.687296509742736816e+00 5.644493140022690536e-01 4.338788597547356130e-01 -3.904209625570432829e-01 5.837101203066332733e-01
9.367347508668899536e-02 -3.846014142036437988e-01 -1.687296509742736816e+00 5.644493251395442668e-01 4.338788742933086806e-01 -3.904209053545602548e-01 5.837101483885192010e-01
9.367347508668899536e-02 -3.846014440059661865e-01 -1.687296390533447266e+00 5.644493371018024508e-01 4.338788617982700657e-01 -3.904208739809177375e-01 5.837101624175368153e-01
9.367347508668899536e-02 -3.846014738082885742e-01 -1.687296390533447266e+00 5.644493488578146145e-01 4.338788758612340812e-01 -3.904208130505348873e-01 5.837101766598375985e-01
9.367347508668899536e-02 -3.846015036106109619e-01 -1.687296390533447266e+00 5.644493672136928764e-01 4.338788832010698204e-01 -3.904207772545288391e-01 5.837101972767955171e-01
9.367347508668899536e-02 -3.846015334129333496e-01 -1.687296390533447266e+00 5.644493787634585757e-01 4.338788693731386314e-01 -3.904207461662059786e-01 5.837102117323791362e-01
9.367347508668899536e-02 -3.846015632152557373e-01 -1.687296390533447266e+00 5.644493905194698513e-01 4.338788834361020919e-01 -3.904206885357638379e-01 5.837102259746788091e-01
9.367347508668899536e-02 -3.846015930175781250e-01 -1.687296390533447266e+00 5.644494022754809048e-01 4.338788694496356069e-01 -3.904206573047874218e-01 5.837102534167096790e-01
9.367346763610839844e-02 -3.846016228199005127e-01 -1.687296271324157715e+00 5.644494196001282882e-01 4.338788775821535437e-01 -3.904205958226133477e-01 5.837102619003518011e-01
9.367346763610839844e-02 -3.846016526222229004e-01 -1.687296271324157715e+00 5.644494313561387866e-01 4.338788652456546657e-01 -3.904205645916408729e-01 5.837102761426501418e-01
9.367346763610839844e-02 -3.846016824245452881e-01 -1.687296271324157715e+00 5.644494431121489519e-01 4.338788776586514628e-01 -3.904205333606698969e-01 5.837103035846789023e-01
9.367346763610839844e-02 -3.846017122268676758e-01 -1.687296271324157715e+00 5.644494546619132080e-01 4.338788654806896572e-01 -3.904204758728964664e-01 5.837102916407992392e-01
9.367346763610839844e-02 -3.846017420291900635e-01 -1.687296271324157715e+00 5.644494664179229293e-01 4.338788778936862323e-01 -3.904204446419289321e-01 5.837103058830969138e-01
9.367346763610839844e-02 -3.846017718315124512e-01 -1.687296271324157715e+00 5.644494847737971943e-01 4.338788852335234703e-01 -3.904203824464858030e-01 5.837103265000505026e-01
9.367346763610839844e-02 -3.846018016338348389e-01 -1.687296271324157715e+00 5.644494963235605622e-01 4.338788730555630524e-01 -3.904203513581790963e-01 5.837103409556307909e-01
9.367346763610839844e-02 -3.846018314361572266e-01 -1.687296152114868164e+00 5.644495080795693953e-01 4.338788854685592944e-01 -3.904203201272170576e-01 5.837103683976564428e-01
9.367346763610839844e-02 -3.846018612384796143e-01 -1.687296152114868164e+00 5.644495196293322081e-01 4.338788716406337120e-01 -3.904202626394556175e-01 5.837103828532359540e-01
9.367346763610839844e-02 -3.846018910408020020e-01 -1.687296152114868164e+00 5.644495379852048078e-01 4.338788806304377799e-01 -3.904202268434822098e-01 5.837103902704583458e-01
9.367346763610839844e-02 -3.846019208431243896e-01 -1.687296152114868164e+00 5.644495495349670655e-01 4.338788668025134743e-01 -3.904201693557260988e-01 5.837104179257652792e-01
9.367346763610839844e-02 -3.846019506454467773e-01 -1.687296152114868164e+00 5.644495612909747884e-01 4.338788792155095497e-01 -3.904201381247716096e-01 5.837104321680600671e-01
9.367346763610839844e-02 -3.846019804477691650e-01 -1.687296152114868164e+00 5.644495730469822892e-01 4.338788932784711228e-01 -3.904201068938185637e-01 5.837104464103544110e-01
9.367346763610839844e-02 -3.846019804477691650e-01 -1.687296032905578613e+00 5.644495845967437697e-01 4.338788794505480384e-01 -3.904200494060690030e-01 5.837104740656592350e-01
9.367346763610839844e-02 -3.846020102500915527e-01 -1.687296032905578613e+00 5.644496021276314002e-01 4.338788874245311233e-01 -3.904200141807344648e-01 5.837104823360140804e-01
9.367346763610839844e-02 -3.846020400524139404e-01 -1.687296032905578613e+00 5.644496136773923256e-01 4.338788752465751464e-01 -3.904199566929901777e-01 5.837104967915907050e-01
9.367346763610839844e-02 -3.846021592617034912e-01 -1.687296032905578613e+00 5.644496609076621318e-01 4.338788933906707612e-01 -3.904198118269717743e-01 5.837105403477510501e-01
9.367346763610839844e-02 -3.846022188663482666e-01 -1.687295913696289062e+00 5.644496850384098652e-01 4.338788847417392458e-01 -3.904197291375378076e-01 5.837105681924837919e-01
9.367346763610839844e-02 -3.846022486686706543e-01 -1.687295913696289062e+00 5.644496965881691253e-01 4.338788725637863219e-01 -3.904196980492583013e-01 5.837105826480583071e-01
9.367346763610839844e-02 -3.846023082733154297e-01 -1.687295913696289062e+00 5.644497198939325555e-01 4.338788991982776566e-01 -3.904196093305989934e-01 5.837106245456470388e-01
9.367346763610839844e-02 -3.846023380756378174e-01 -1.687295913696289062e+00 5.644497442309234225e-01 4.338788854409162954e-01 -3.904195330983894485e-01 5.837106389773687454e-01
9.367346763610839844e-02 -3.846023976802825928e-01 -1.687295794486999512e+00 5.644497615555603698e-01 4.338788754238175338e-01 -3.904194881159483432e-01 5.837106606607278536e-01
9.367346763610839844e-02 -3.846024274826049805e-01 -1.687295794486999512e+00 5.644497788801967619e-01 4.338788918061652899e-01 -3.904194200339955456e-01 5.837106955438090550e-01
9.367346763610839844e-02 -3.846024572849273682e-01 -1.687295794486999512e+00 5.644497966173239734e-01 4.338788831219609898e-01 -3.904193747662488834e-01 5.837107168005992719e-01
9.367346763610839844e-02 -3.846025168895721436e-01 -1.687295794486999512e+00 5.644498141482049425e-01 4.338789026457027798e-01 -3.904192999417873122e-01 5.837107382706722136e-01
9.367346763610839844e-02 -3.846025466918945312e-01 -1.687295794486999512e+00 5.644498382789460145e-01 4.338788923468131498e-01 -3.904192205523325798e-01 5.837107661153957405e-01
9.367346763610839844e-02 -3.846026062965393066e-01 -1.687295675277709961e+00 5.644498551910888118e-01 4.338788859467203052e-01 -3.904191758552228997e-01 5.837107750255962069e-01
9.367346763610839844e-02 -3.846026360988616943e-01 -1.687295675277709961e+00 5.644498671533357825e-01 4.338788982011780870e-01 -3.904191147822826946e-01 5.837107890545990552e-01
9.367346763610839844e-02 -3.846026659011840820e-01 -1.687295675277709961e+00 5.644498789093369551e-01 4.338788858646957514e-01 -3.904190835513722257e-01 5.837108032968847393e-01
9.367346763610839844e-02 -3.846026957035064697e-01 -1.687295675277709961e+00 5.644498972651978974e-01 4.338788932045375413e-01 -3.904190477554680405e-01 5.837108239138208976e-01
9.367346763610839844e-02 -3.846027255058288574e-01 -1.687295675277709961e+00 5.644499090211984038e-01 4.338788808680564824e-01 -3.904189901251216566e-01 5.837108381561058046e-01
9.367346763610839844e-02 -3.846027553081512451e-01 -1.687295556068420410e+00 5.644499199522161614e-01 4.338788939151939639e-01 -3.904189594648410089e-01 5.837108532515241643e-01
9.367346763610839844e-02 -3.846027851104736328e-01 -1.687295556068420410e+00 5.644499315019705366e-01 4.338789081366881129e-01 -3.904189019771551750e-01 5.837108809068110027e-01
9.367346763610839844e-02 -3.846028149127960205e-01 -1.687295556068420410e+00 5.644499498578298136e-01 4.338788890770922668e-01 -3.904188661812613703e-01 5.837108883240256230e-01
9.367346763610839844e-02 -3.846028447151184082e-01 -1.687295556068420410e+00 5.644499675949515849e-01 4.338789067923315423e-01 -3.904187945141128768e-01 5.837109095808090675e-01
9.367346763610839844e-02 -3.846029341220855713e-01 -1.687295556068420410e+00 5.644499962630892265e-01 4.338788880557647443e-01 -3.904186888867693939e-01 5.837109591327251934e-01
9.367346763610839844e-02 -3.846029639244079590e-01 -1.687295436859130859e+00 5.644500206000681031e-01 4.338789056477480033e-01 -3.904186324542208708e-01 5.837109867641548933e-01
9.367346018552780151e-02 -3.846029937267303467e-01 -1.687295436859130859e+00 5.644500379246966126e-01 4.338788923307307921e-01 -3.904185676722601861e-01 5.837110084475014560e-01
9.367346018552780151e-02 -3.846030533313751221e-01 -1.687295436859130859e+00 5.644500500931852738e-01 4.338789077265806648e-01 -3.904185328561323720e-01 5.837110354629317932e-01
9.367346018552780151e-02 -3.846030831336975098e-01 -1.687295436859130859e+00 5.644500676240583603e-01 4.338788975509579871e-01 -3.904184646315940199e-01 5.837110305335613258e-01
9.367346018552780151e-02 -3.846031129360198975e-01 -1.687295436859130859e+00 5.644500855674220441e-01 4.338789068578379204e-01 -3.904184258211088054e-01 5.837110383773406186e-01
9.367346018552780151e-02 -3.846031427383422852e-01 -1.687295317649841309e+00 5.644500971171730885e-01 4.338788946798995405e-01 -3.904183683334530586e-01 5.837110660326191303e-01
9.367346018552780151e-02 -3.846031725406646729e-01 -1.687295317649841309e+00 5.644501088731694871e-01 4.338789070928916747e-01 -3.904183371025742311e-01 5.837110802748982641e-01
9.367346018552780151e-02 -3.846032023429870605e-01 -1.687295317649841309e+00 5.644501206291655526e-01 4.338788931064539445e-01 -3.904183058716968469e-01 5.837110945171771759e-01
9.367346018552780151e-02 -3.846032321453094482e-01 -1.687295317649841309e+00 5.644501321789158199e-01 4.338789073279462061e-01 -3.904182483840477058e-01 5.837111221724535781e-01
9.367346018552780151e-02 -3.846032619476318359e-01 -1.687295317649841309e+00 5.644501505347685466e-01 4.338788882683622394e-01 -3.904182125881924259e-01 5.837111295896644236e-01
9.367346018552780151e-02 -3.846032917499542236e-01 -1.687295317649841309e+00 5.644501622907637239e-01 4.338789023313184834e-01 -3.904181549578930044e-01 5.837111438319421142e-01
9.367346018552780151e-02 -3.846033215522766113e-01 -1.687295317649841309e+00 5.644501730155311314e-01 4.338789155369892625e-01 -3.904181244403012174e-01 5.837111723403496377e-01
9.367346018552780151e-02 -3.846033513545989990e-01 -1.687295198440551758e+00 5.644501847715258647e-01 4.338789015505539748e-01 -3.904180932094327705e-01 5.837111865826263291e-01
