repeatability steamvr; 20211015-230030; x y z w i j k;  frequency = 150 duration = 2 sys.args = ['.\\repeatability.py']
9.363734722137451172e-02 -3.844986557960510254e-01 -1.686694145202636719e+00 5.643773040369334248e-01 4.335741719586339027e-01 -3.908606050715401348e-01 5.837119099759829899e-01
9.363759309053421021e-02 -3.844994604587554932e-01 -1.686693787574768066e+00 5.643846291261080950e-01 4.335677327680667048e-01 -3.908555090303749147e-01 5.837130336614764214e-01
9.363763034343719482e-02 -3.844995498657226562e-01 -1.686693787574768066e+00 5.643847433993863794e-01 4.335676317805977065e-01 -3.908554760966209685e-01 5.837130606884023409e-01
9.363766014575958252e-02 -3.844996094703674316e-01 -1.686693787574768066e+00 5.643848446776695837e-01 4.335675110732949422e-01 -3.908554158589365723e-01 5.837130615516219478e-01
9.363768249750137329e-02 -3.844996690750122070e-01 -1.686693787574768066e+00 5.643849222349577310e-01 4.335674597435971167e-01 -3.908553852500925019e-01 5.837130605457153676e-01
9.363769739866256714e-02 -3.844997286796569824e-01 -1.686693787574768066e+00 5.643849754524523643e-01 4.335673974092527083e-01 -3.908553813983016711e-01 5.837130583106731052e-01
9.363771229982376099e-02 -3.844997584819793701e-01 -1.686693787574768066e+00 5.643850264009794282e-01 4.335673368179681075e-01 -3.908553527153726392e-01 5.837130584223022556e-01
9.363772720098495483e-02 -3.844997882843017578e-01 -1.686693787574768066e+00 5.643850775557712751e-01 4.335673024707114021e-01 -3.908553205892945637e-01 5.837130451193669467e-01
9.363774210214614868e-02 -3.844998180866241455e-01 -1.686693668365478516e+00 5.643851285042891242e-01 4.335672418794534466e-01 -3.908553183088521177e-01 5.837130452310067552e-01
9.363777935504913330e-02 -3.844999074935913086e-01 -1.686693668365478516e+00 5.643852308138495033e-01 4.335671484326830138e-01 -3.908552606573520438e-01 5.837130450276345472e-01
9.363780170679092407e-02 -3.844999670982360840e-01 -1.686693668365478516e+00 5.643853116713921647e-01 4.335670681653167602e-01 -3.908552310633240379e-01 5.837130538096876320e-01
9.363783895969390869e-02 -3.845000565052032471e-01 -1.686693668365478516e+00 5.643854271821473478e-01 4.335669645773078673e-01 -3.908551972726733714e-01 5.837130795567218033e-01
9.363786131143569946e-02 -3.845001161098480225e-01 -1.686693668365478516e+00 5.643855059769703475e-01 4.335668858945988524e-01 -3.908551691071646128e-01 5.837130772708991611e-01
9.363788366317749023e-02 -3.845001459121704102e-01 -1.686693668365478516e+00 5.643855670326370921e-01 4.335668191891612899e-01 -3.908551367250688302e-01 5.837130669292655005e-01
9.363789856433868408e-02 -3.845001757144927979e-01 -1.686693668365478516e+00 5.643856190124563188e-01 4.335667842081899481e-01 -3.908551073279890598e-01 5.837130659742849614e-01
9.363791346549987793e-02 -3.845002353191375732e-01 -1.686693668365478516e+00 5.643856701671944309e-01 4.335667234586164653e-01 -3.908550752020041874e-01 5.837130658726406018e-01
9.363792836666107178e-02 -3.845002651214599609e-01 -1.686693668365478516e+00 5.643857136899719240e-01 4.335666685720012126e-01 -3.908550780641479316e-01 5.837130736643127982e-01
9.363794326782226562e-02 -3.845002949237823486e-01 -1.686693668365478516e+00 5.643857656697776060e-01 4.335666335910632330e-01 -3.908550486670905877e-01 5.837130727093459148e-01
9.363798052072525024e-02 -3.845003843307495117e-01 -1.686693549156188965e+00 5.643858921126977402e-01 4.335664968527533358e-01 -3.908550139062441642e-01 5.837130607473883792e-01
9.363800287246704102e-02 -3.845004439353942871e-01 -1.686693549156188965e+00 5.643859554372816500e-01 4.335664548068316471e-01 -3.908549832531948431e-01 5.837130612603640412e-01
9.363801777362823486e-02 -3.845004737377166748e-01 -1.686693549156188965e+00 5.643860065919892310e-01 4.335663940573475927e-01 -3.908549511272614851e-01 5.837130611587517670e-01
9.363803267478942871e-02 -3.845005035400390625e-01 -1.686693549156188965e+00 5.643860575404232582e-01 4.335663598687619080e-01 -3.908549224444881065e-01 5.837130876729028639e-01
9.363804757595062256e-02 -3.845005333423614502e-01 -1.686693549156188965e+00 5.643861084888526225e-01 4.335662992777621905e-01 -3.908549201641468573e-01 5.837130877846301580e-01
9.363806247711181641e-02 -3.845005929470062256e-01 -1.686693549156188965e+00 5.643861520115963648e-01 4.335662443912482455e-01 -3.908548933235992950e-01 5.837130955763295548e-01
9.363808482885360718e-02 -3.845006227493286133e-01 -1.686693549156188965e+00 5.643862041976305255e-01 4.335662092519500521e-01 -3.908548637837622186e-01 5.837130944080708428e-01
9.363809973001480103e-02 -3.845006525516510010e-01 -1.686693549156188965e+00 5.643862549397777872e-01 4.335661504695983437e-01 -3.908548616462835801e-01 5.837130947331435893e-01
9.363811463117599487e-02 -3.845006823539733887e-01 -1.686693549156188965e+00 5.643863052693828264e-01 4.335661167564391349e-01 -3.908548300917871199e-01 5.837130822836782418e-01
9.363812953233718872e-02 -3.845007419586181641e-01 -1.686693549156188965e+00 5.643863562177897641e-01 4.335660561655051981e-01 -3.908548014090585943e-01 5.837130823954291836e-01
9.363814443349838257e-02 -3.845007717609405518e-01 -1.686693549156188965e+00 5.643864073724610408e-01 4.335660218185380943e-01 -3.908547989859006977e-01 5.837130822938526586e-01
9.363817423582077026e-02 -3.845008611679077148e-01 -1.686693549156188965e+00 5.643865127758214140e-01 4.335658995931155335e-01 -3.908547391920751957e-01 5.837130920919340049e-01
9.363822638988494873e-02 -3.845009505748748779e-01 -1.686693429946899414e+00 5.643866680961973081e-01 4.335657687238362312e-01 -3.908546778322400383e-01 5.837130898672717727e-01
9.363826364278793335e-02 -3.845010697841644287e-01 -1.686693429946899414e+00 5.643868067087675078e-01 4.335656242872834576e-01 -3.908546148418944877e-01 5.837131049225413593e-01
9.363829344511032104e-02 -3.845011293888092041e-01 -1.686693429946899414e+00 5.643868966419050004e-01 4.335655370484309823e-01 -3.908545855635210953e-01 5.837131043181922330e-01
9.363831579685211182e-02 -3.845011591911315918e-01 -1.686693429946899414e+00 5.643869523344370309e-01 4.335654744632962410e-01 -3.908545832980808710e-01 5.837131127245562823e-01
9.363833069801330566e-02 -3.845012187957763672e-01 -1.686693429946899414e+00 5.643870032827855709e-01 4.335654402749165026e-01 -3.908545546154479911e-01 5.837130996351739265e-01
9.363834559917449951e-02 -3.845012485980987549e-01 -1.686693429946899414e+00 5.643870542311296701e-01 4.335653796841668628e-01 -3.908545226325258470e-01 5.837130997469881510e-01
9.363836050033569336e-02 -3.845012784004211426e-01 -1.686693429946899414e+00 5.643871043543947641e-01 4.335653461296355982e-01 -3.908545209236750639e-01 5.837131007121341142e-01
9.363837540149688721e-02 -3.845013082027435303e-01 -1.686693429946899414e+00 5.643871542713868594e-01 4.335652863311955096e-01 -3.908544896550029124e-01 5.837131018906162039e-01
9.363839030265808105e-02 -3.845013380050659180e-01 -1.686693429946899414e+00 5.643871973815128840e-01 4.335652581642093217e-01 -3.908544631002879299e-01 5.837130969078604403e-01
9.363840520381927490e-02 -3.845013976097106934e-01 -1.686693429946899414e+00 5.643872472984967636e-01 4.335651983657931585e-01 -3.908544582340022777e-01 5.837130980863511898e-01
9.363842010498046875e-02 -3.845014274120330811e-01 -1.686693429946899414e+00 5.643872972154762024e-01 4.335651385673910396e-01 -3.908544302656483671e-01 5.837130992648462691e-01
9.363843500614166260e-02 -3.845014572143554688e-01 -1.686693310737609863e+00 5.643873463073773022e-01 4.335651058051944728e-01 -3.908543995683940731e-01 5.837131012966718657e-01
9.363844990730285645e-02 -3.845014870166778564e-01 -1.686693310737609863e+00 5.643873896237571186e-01 4.335650510774226585e-01 -3.908543992732221861e-01 5.837130961006015140e-01
9.363846480846405029e-02 -3.845015168190002441e-01 -1.686693310737609863e+00 5.643874393344555651e-01 4.335650178398761101e-01 -3.908543681474408449e-01 5.837131238948023437e-01
9.363848716020584106e-02 -3.845015764236450195e-01 -1.686693310737609863e+00 5.643875061654290981e-01 4.335649466982532396e-01 -3.908543383665686877e-01 5.837131207813150979e-01
9.363853186368942261e-02 -3.845016956329345703e-01 -1.686693310737609863e+00 5.643876614855315443e-01 4.335647910774723668e-01 -3.908542770071412042e-01 5.837131185569316427e-01
9.363854676485061646e-02 -3.845017254352569580e-01 -1.686693310737609863e+00 5.643877124338161355e-01 4.335647568892464498e-01 -3.908542747269649897e-01 5.837131186688055973e-01
9.363857656717300415e-02 -3.845017850399017334e-01 -1.686693310737609863e+00 5.643878021605409634e-01 4.335646714593855977e-01 -3.908542158890016549e-01 5.837131182779357053e-01
9.363859891891479492e-02 -3.845018446445465088e-01 -1.686693310737609863e+00 5.643878644535691436e-01 4.335646021537675754e-01 -3.908542123528680468e-01 5.837131198577805158e-01
9.363861382007598877e-02 -3.845018744468688965e-01 -1.686693310737609863e+00 5.643879164331767617e-01 4.335645424211124199e-01 -3.908541829561396064e-01 5.837131189030178025e-01
9.363862872123718262e-02 -3.845019042491912842e-01 -1.686693310737609863e+00 5.643879675877065960e-01 4.335645080744860991e-01 -3.908541508305135581e-01 5.837131056004161156e-01
9.363864362239837646e-02 -3.845019340515136719e-01 -1.686693310737609863e+00 5.643880185359635426e-01 4.335644474839910889e-01 -3.908541485503690960e-01 5.837131057123198241e-01
9.363865852355957031e-02 -3.845019936561584473e-01 -1.686693191528320312e+00 5.643880696904841621e-01 4.335644131373866950e-01 -3.908541197250497978e-01 5.837131056108971761e-01
9.363867342472076416e-02 -3.845020234584808350e-01 -1.686693191528320312e+00 5.643881142444175936e-01 4.335643574590464233e-01 -3.908540954708215609e-01 5.837131123360698171e-01
9.363868832588195801e-02 -3.845020532608032227e-01 -1.686693191528320312e+00 5.643881651926613285e-01 4.335643232709184280e-01 -3.908540898904009353e-01 5.837131388503140617e-01
9.363870322704315186e-02 -3.845020830631256104e-01 -1.686693191528320312e+00 5.643882161409004006e-01 4.335642626804750432e-01 -3.908540612079499654e-01 5.837131389622332023e-01
9.363872557878494263e-02 -3.845021426677703857e-01 -1.686693191528320312e+00 5.643882817341732139e-01 4.335641941399887567e-01 -3.908540322842961046e-01 5.837131371288284409e-01
9.363874047994613647e-02 -3.845021724700927734e-01 -1.686693191528320312e+00 5.643883316510611703e-01 4.335641607441750311e-01 -3.908540010158045308e-01 5.837131383074125601e-01
9.363875538110733032e-02 -3.845022022724151611e-01 -1.686693191528320312e+00 5.643883815679446858e-01 4.335641009460532436e-01 -3.908539961496390047e-01 5.837131394860011202e-01
9.363877028226852417e-02 -3.845022618770599365e-01 -1.686693191528320312e+00 5.643884316910919852e-01 4.335640673918049748e-01 -3.908539680386054482e-01 5.837131272501056012e-01
9.363878518342971802e-02 -3.845022916793823242e-01 -1.686693191528320312e+00 5.643884824330389627e-01 4.335640069598871715e-01 -3.908539361987526939e-01 5.837131275753811854e-01
9.363880008459091187e-02 -3.845023214817047119e-01 -1.686693191528320312e+00 5.643885249242592828e-01 4.335639528661983655e-01 -3.908539364750617251e-01 5.837131364338874473e-01
9.363881498575210571e-02 -3.845023512840270996e-01 -1.686693191528320312e+00 5.643885748411258119e-01 4.335639194704368760e-01 -3.908539085068954977e-01 5.837131376124933269e-01
9.363882988691329956e-02 -3.845023810863494873e-01 -1.686693191528320312e+00 5.643886247579879001e-01 4.335638596723786486e-01 -3.908539036407550626e-01 5.837131255899504767e-01
9.363884478807449341e-02 -3.845024108886718750e-01 -1.686693191528320312e+00 5.643886680742695727e-01 4.335638313472058858e-01 -3.908538769433858584e-01 5.837131335951435407e-01
9.363885968923568726e-02 -3.845024704933166504e-01 -1.686693191528320312e+00 5.643887177848553316e-01 4.335637700574830333e-01 -3.908538458177990838e-01 5.837131349870929853e-01
9.363891184329986572e-02 -3.845025897026062012e-01 -1.686693072319030762e+00 5.643888854806997646e-01 4.335636065804568950e-01 -3.908537824886934575e-01 5.837131463655262920e-01
9.363893419504165649e-02 -3.845026195049285889e-01 -1.686693072319030762e+00 5.643889597371463118e-01 4.335635561372262470e-01 -3.908537508659237214e-01 5.837131487734747992e-01
9.363897144794464111e-02 -3.845027089118957520e-01 -1.686693072319030762e+00 5.643890641086907189e-01 4.335634347054574955e-01 -3.908537214896942169e-01 5.837131464375010514e-01
9.363915026187896729e-02 -3.845019936561584473e-01 -1.686693906784057617e+00 5.643822671293935445e-01 4.335692469631460266e-01 -3.908549005788106157e-01 5.837146184747865618e-01
9.363918751478195190e-02 -3.845020532608032227e-01 -1.686693906784057617e+00 5.643822722861520091e-01 4.335692149488597491e-01 -3.908548904069202301e-01 5.837146395439917201e-01
9.363921731710433960e-02 -3.845021128654479980e-01 -1.686693906784057617e+00 5.643822840435611665e-01 4.335692059165942025e-01 -3.908548459609157977e-01 5.837146537864468243e-01
9.363923966884613037e-02 -3.845021426677703857e-01 -1.686693906784057617e+00 5.643822852811831714e-01 4.335692033156667846e-01 -3.908548385031677674e-01 5.837146789090339460e-01
9.363925457000732422e-02 -3.845021724700927734e-01 -1.686693906784057617e+00 5.643822877564270701e-01 4.335692014141373507e-01 -3.908548334886479125e-01 5.837146895503040334e-01
9.363926947116851807e-02 -3.845022022724151611e-01 -1.686693906784057617e+00 5.643822912630227506e-01 4.335691723177015899e-01 -3.908548244595549392e-01 5.837146991248942651e-01
9.363929182291030884e-02 -3.845022320747375488e-01 -1.686693906784057617e+00 5.643822937382667604e-01 4.335691687660095939e-01 -3.908548194450350843e-01 5.837147097661641304e-01
9.363930672407150269e-02 -3.845022618770599365e-01 -1.686693906784057617e+00 5.643822964197809933e-01 4.335691667060195820e-01 -3.908547878850637813e-01 5.837147201940980912e-01
9.363932162523269653e-02 -3.845022916793823242e-01 -1.686693906784057617e+00 5.643822991012952262e-01 4.335691646460295701e-01 -3.908547794273694032e-01 5.837147306220319409e-01
9.363933652639389038e-02 -3.845023214817047119e-01 -1.686693906784057617e+00 5.643823083834599297e-01 4.335691558651325050e-01 -3.908547696988157183e-01 5.837147342232155145e-01
9.363935142755508423e-02 -3.845023512840270996e-01 -1.686693906784057617e+00 5.643823118900553881e-01 4.335691267686982431e-01 -3.908547639700488130e-01 5.837147569991060214e-01
9.363936632871627808e-02 -3.845023810863494873e-01 -1.686693906784057617e+00 5.643823145715696210e-01 4.335691247087085087e-01 -3.908547555123548234e-01 5.837147674270394271e-01
9.363938122987747192e-02 -3.845024108886718750e-01 -1.686693906784057617e+00 5.643823170468135197e-01 4.335691211570169568e-01 -3.908547240952344737e-01 5.837147780683086262e-01
9.363939613103866577e-02 -3.845024406909942627e-01 -1.686693906784057617e+00 5.643823197283276416e-01 4.335691190970273334e-01 -3.908547189378659414e-01 5.837147884962419209e-01
9.363941103219985962e-02 -3.845024704933166504e-01 -1.686693906784057617e+00 5.643823232349231001e-01 4.335691164031947320e-01 -3.908547099087743559e-01 5.837147980708312645e-01
9.363942593336105347e-02 -3.845025002956390381e-01 -1.686693906784057617e+00 5.643823259164372219e-01 4.335690862904418852e-01 -3.908547047514059347e-01 5.837148084987643371e-01
9.363944083452224731e-02 -3.845025300979614258e-01 -1.686693906784057617e+00 5.643823285979513438e-01 4.335690842304524839e-01 -3.908546995940376245e-01 5.837148189266972986e-01
9.363946318626403809e-02 -3.845025300979614258e-01 -1.686693906784057617e+00 5.643823312794654656e-01 4.335690821704630826e-01 -3.908546911363442455e-01 5.837148293546301492e-01
9.363947808742523193e-02 -3.845025599002838135e-01 -1.686693906784057617e+00 5.643823337547092533e-01 4.335690786187719192e-01 -3.908546597192251726e-01 5.837148399958989042e-01
9.363949298858642578e-02 -3.845025897026062012e-01 -1.686693906784057617e+00 5.643823372613046008e-01 4.335690759249397064e-01 -3.908546539904592665e-01 5.837148495704878037e-01
9.363957494497299194e-02 -3.845027387142181396e-01 -1.686693906784057617e+00 5.643823566507137901e-01 4.335690313267089313e-01 -3.908545910577370663e-01 5.837149087247067714e-01
9.363963454961776733e-02 -3.845028579235076904e-01 -1.686693787574768066e+00 5.643823682018508370e-01 4.335689944001495100e-01 -3.908545665565452132e-01 5.837149495830907808e-01
9.363967180252075195e-02 -3.845029175281524658e-01 -1.686693787574768066e+00 5.643823787216362131e-01 4.335689582658949770e-01 -3.908545196673280375e-01 5.837149783068539266e-01
9.363969415426254272e-02 -3.845029771327972412e-01 -1.686693787574768066e+00 5.643823799592579959e-01 4.335689573151310650e-01 -3.908545122095821167e-01 5.837149902281372205e-01
9.363971650600433350e-02 -3.845030069351196289e-01 -1.686693787574768066e+00 5.643823824345015616e-01 4.335689537634409008e-01 -3.908545071950647598e-01 5.837150008694045322e-01
9.363974630832672119e-02 -3.845030665397644043e-01 -1.686693787574768066e+00 5.643823886226103648e-01 4.335689473594593335e-01 -3.908544666060114747e-01 5.837150208719231737e-01
9.363979101181030273e-02 -3.845031261444091797e-01 -1.686693787574768066e+00 5.643824040928823171e-01 4.335689090723147121e-01 -3.908544459913355640e-01 5.837150444756209478e-01
9.363980591297149658e-02 -3.845031559467315674e-01 -1.686693787574768066e+00 5.643824055367743231e-01 4.335689063129281040e-01 -3.908544383907408548e-01 5.837150429822691722e-01
9.363982826471328735e-02 -3.845032155513763428e-01 -1.686693787574768066e+00 5.643824067743961059e-01 4.335689053621643585e-01 -3.908544045303986025e-01 5.837150549035516889e-01
9.363984316587448120e-02 -3.845032453536987305e-01 -1.686693787574768066e+00 5.643824102809910093e-01 4.335688746155748619e-01 -3.908543988016353610e-01 5.837150644781384790e-01
9.363985806703567505e-02 -3.845032751560211182e-01 -1.686693787574768066e+00 5.643824195631538254e-01 4.335688674848480195e-01 -3.908543857727665993e-01 5.837150680793178337e-01
9.363988041877746582e-02 -3.845033049583435059e-01 -1.686693787574768066e+00 5.643824220383971690e-01 4.335688655833209171e-01 -3.908543807582502971e-01 5.837150787205843683e-01
9.363989531993865967e-02 -3.845033347606658936e-01 -1.686693787574768066e+00 5.643824247199108468e-01 4.335688618731710076e-01 -3.908543756008846515e-01 5.837151023498128311e-01
9.363991022109985352e-02 -3.845033645629882812e-01 -1.686693787574768066e+00 5.643824271951543015e-01 4.335688599716439051e-01 -3.908543408834478927e-01 5.837151129910789216e-01
9.363995492458343506e-02 -3.845034241676330566e-01 -1.686693787574768066e+00 5.643824360647762273e-01 4.335688251050811015e-01 -3.908543215396304560e-01 5.837151434215251955e-01
9.363998472690582275e-02 -3.845034837722778320e-01 -1.686693787574768066e+00 5.643824424591548095e-01 4.335688185426413432e-01 -3.908543105106537241e-01 5.837151632107049348e-01
9.364000707864761353e-02 -3.845035135746002197e-01 -1.686693787574768066e+00 5.643824436967764813e-01 4.335687911892827651e-01 -3.908542766503140808e-01 5.837151751319865634e-01
9.364002197980880737e-02 -3.845035433769226074e-01 -1.686693787574768066e+00 5.643824529789388533e-01 4.335687840585580322e-01 -3.908542669217727750e-01 5.837151787331643638e-01
9.364003688097000122e-02 -3.845035731792449951e-01 -1.686693787574768066e+00 5.643824554541820859e-01 4.335687805068693668e-01 -3.908542586069330138e-01 5.837152025757271767e-01
9.364005178213119507e-02 -3.845036029815673828e-01 -1.686693787574768066e+00 5.643824581356955417e-01 4.335687784468823525e-01 -3.908542534495684229e-01 5.837152130036565856e-01
9.364007413387298584e-02 -3.845036327838897705e-01 -1.686693787574768066e+00 5.643824606109387743e-01 4.335687765453559162e-01 -3.908542484350530644e-01 5.837152236449218989e-01
9.364008903503417969e-02 -3.845036625862121582e-01 -1.686693787574768066e+00 5.643824641175333445e-01 4.335687457987704163e-01 -3.908542130033730855e-01 5.837152332195070237e-01
9.364010393619537354e-02 -3.845036923885345459e-01 -1.686693787574768066e+00 5.643824667990468003e-01 4.335687437387836241e-01 -3.908542078460087721e-01 5.837152436474360995e-01
9.364011883735656738e-02 -3.845037221908569336e-01 -1.686693787574768066e+00 5.643824694805602560e-01 4.335687416787968318e-01 -3.908542026886445142e-01 5.837152540753650642e-01
9.364013373851776123e-02 -3.845037519931793213e-01 -1.686693787574768066e+00 5.643824719558034886e-01 4.335687381271084440e-01 -3.908541943738053082e-01 5.837152647166299335e-01
9.364014863967895508e-02 -3.845037817955017090e-01 -1.686693787574768066e+00 5.643824746373169443e-01 4.335687360671217627e-01 -3.908541892164411613e-01 5.837152751445587873e-01
9.364016354084014893e-02 -3.845038115978240967e-01 -1.686693787574768066e+00 5.643824781439114036e-01 4.335687069706994357e-01 -3.908541570850866953e-01 5.837152847191434679e-01
9.364017844200134277e-02 -3.845038414001464844e-01 -1.686693787574768066e+00 5.643824808254247483e-01 4.335687032605509139e-01 -3.908541486273987009e-01 5.837152951470722106e-01
9.364019334316253662e-02 -3.845038712024688721e-01 -1.686693787574768066e+00 5.643824835069382040e-01 4.335687012005643437e-01 -3.908541434700348316e-01 5.837153055750006203e-01
9.364021569490432739e-02 -3.845039010047912598e-01 -1.686693787574768066e+00 5.643824861884515487e-01 4.335686991405779400e-01 -3.908541383126711288e-01 5.837153160029291410e-01
9.364023059606552124e-02 -3.845039308071136475e-01 -1.686693787574768066e+00 5.643824960894239240e-01 4.335686898843123527e-01 -3.908541248552617198e-01 5.837153189640971185e-01
9.364024549722671509e-02 -3.845039606094360352e-01 -1.686693787574768066e+00 5.643824987709372687e-01 4.335686614217333923e-01 -3.908541196978981835e-01 5.837153425933216955e-01
9.364026039838790894e-02 -3.845039904117584229e-01 -1.686693787574768066e+00 5.643825014524505024e-01 4.335686593617473217e-01 -3.908540881379423126e-01 5.837153530212498831e-01
9.364027529954910278e-02 -3.845040202140808105e-01 -1.686693787574768066e+00 5.643825039276935129e-01 4.335686558100596555e-01 -3.908540798231042168e-01 5.837153636625138642e-01
9.364030510187149048e-02 -3.845040798187255859e-01 -1.686693787574768066e+00 5.643825092907200913e-01 4.335686500399255072e-01 -3.908540695083779215e-01 5.837153845183695733e-01
9.364034980535507202e-02 -3.845041394233703613e-01 -1.686693787574768066e+00 5.643825191916920225e-01 4.335686160312317572e-01 -3.908540230477309807e-01 5.837154138821283311e-01
9.364037960767745972e-02 -3.845041990280151367e-01 -1.686693787574768066e+00 5.643825259986101628e-01 4.335686091518751728e-01 -3.908540117330616681e-01 5.837154332446310434e-01
9.364039450883865356e-02 -3.845042288303375244e-01 -1.686693787574768066e+00 5.643825284738531733e-01 4.335686072503498467e-01 -3.908540034182242939e-01 5.837154438858942473e-01
9.364040940999984741e-02 -3.845042586326599121e-01 -1.686693787574768066e+00 5.643825309490960729e-01 4.335685772960715667e-01 -3.908539984037109338e-01 5.837154545271575623e-01
9.364042431116104126e-02 -3.845042884349822998e-01 -1.686693787574768066e+00 5.643825336306091955e-01 4.335685752360861067e-01 -3.908539932463485078e-01 5.837154649550846397e-01
9.364043921232223511e-02 -3.845043182373046875e-01 -1.686693787574768066e+00 5.643825371372033217e-01 4.335685725422589454e-01 -3.908539578146749682e-01 5.837154745296675440e-01
9.364045411348342896e-02 -3.845043480396270752e-01 -1.686693787574768066e+00 5.643825398187164444e-01 4.335685688321115339e-01 -3.908539526573127643e-01 5.837154849575945104e-01
9.364046901464462280e-02 -3.845043778419494629e-01 -1.686693787574768066e+00 5.643825422939593439e-01 4.335685669305865408e-01 -3.908539476427997372e-01 5.837154955988573812e-01
9.364048391580581665e-02 -3.845044076442718506e-01 -1.686693787574768066e+00 5.643825449754723556e-01 4.335685384680108001e-01 -3.908539391851139078e-01 5.837155060267842366e-01
9.364050626754760742e-02 -3.845044076442718506e-01 -1.686693787574768066e+00 5.643825484820664817e-01 4.335685341240219648e-01 -3.908539334563554957e-01 5.837155156013665858e-01
9.364052116870880127e-02 -3.845044374465942383e-01 -1.686693787574768066e+00 5.643825511635794934e-01 4.335685320640368379e-01 -3.908539018964034550e-01 5.837155260292933301e-01
9.364053606986999512e-02 -3.845044672489166260e-01 -1.686693787574768066e+00 5.643825604457400891e-01 4.335685249333190994e-01 -3.908538888675476830e-01 5.837155296304664676e-01
9.364055097103118896e-02 -3.845044970512390137e-01 -1.686693787574768066e+00 5.643825631272531007e-01 4.335685212231721875e-01 -3.908538837101860897e-01 5.837155400583928788e-01
9.364056587219238281e-02 -3.845045268535614014e-01 -1.686693787574768066e+00 5.643825656024957782e-01 4.335685193216476385e-01 -3.908538786956737288e-01 5.837155639009500296e-01
9.364058077335357666e-02 -3.845045566558837891e-01 -1.686693787574768066e+00 5.643825691090896823e-01 4.335684902252318063e-01 -3.908538696665923573e-01 5.837155734755319347e-01
9.364059567451477051e-02 -3.845045864582061768e-01 -1.686693787574768066e+00 5.643825717906026940e-01 4.335684865150851164e-01 -3.908538645092309860e-01 5.837155839034579019e-01
9.364061057567596436e-02 -3.845046162605285645e-01 -1.686693787574768066e+00 5.643825744721157056e-01 4.335684844551003225e-01 -3.908538329492805552e-01 5.837155943313838691e-01
9.364062547683715820e-02 -3.845046460628509521e-01 -1.686693787574768066e+00 5.643825771536286062e-01 4.335684823951155842e-01 -3.908538244915958360e-01 5.837156047593097252e-01
9.364064037799835205e-02 -3.845046758651733398e-01 -1.686693787574768066e+00 5.643825806602223993e-01 4.335684780511276371e-01 -3.908538187628387006e-01 5.837156143338914083e-01
9.364066272974014282e-02 -3.845047056674957275e-01 -1.686693787574768066e+00 5.643825831354650768e-01 4.335684497470146948e-01 -3.908538137483267838e-01 5.837156249751531689e-01
9.364067763090133667e-02 -3.845047354698181152e-01 -1.686693787574768066e+00 5.643825858169780885e-01 4.335684476870300674e-01 -3.908538085909657456e-01 5.837156354030785810e-01
9.364069253206253052e-02 -3.845047652721405029e-01 -1.686693787574768066e+00 5.643825884984908781e-01 4.335684439768838772e-01 -3.908537737306929660e-01 5.837156458310042151e-01
9.364072978496551514e-02 -3.845048248767852783e-01 -1.686693787574768066e+00 5.643826000496232620e-01 4.335684351031048323e-01 -3.908537558301781178e-01 5.837156734880671882e-01
9.364074468612670898e-02 -3.845048546791076660e-01 -1.686693787574768066e+00 5.643826025248658285e-01 4.335684051488313817e-01 -3.908537508156667006e-01 5.837156841293283938e-01
9.364078938961029053e-02 -3.845049440860748291e-01 -1.686693787574768066e+00 5.643826113944850897e-01 4.335683966848759563e-01 -3.908537050692790227e-01 5.837157145597590135e-01
9.364082664251327515e-02 -3.845050036907196045e-01 -1.686693787574768066e+00 5.643826155198893302e-01 4.335683654629208794e-01 -3.908536923113293815e-01 5.837157366956250426e-01
9.364085644483566284e-02 -3.845050632953643799e-01 -1.686693787574768066e+00 5.643826215017254677e-01 4.335683608675722223e-01 -3.908536782677393129e-01 5.837157569114659328e-01
9.364089369773864746e-02 -3.845051229000091553e-01 -1.686693787574768066e+00 5.643826320215060699e-01 4.335683247333493862e-01 -3.908536346788862859e-01 5.837157856352060969e-01
9.364091604948043823e-02 -3.845051825046539307e-01 -1.686693787574768066e+00 5.643826394472334362e-01 4.335683173786179512e-01 -3.908536229356781022e-01 5.837158043576936572e-01
9.364093840122222900e-02 -3.845052123069763184e-01 -1.686693787574768066e+00 5.643826421287461148e-01 4.335683153186344341e-01 -3.908536144779954924e-01 5.837158147856175150e-01
9.364095330238342285e-02 -3.845052421092987061e-01 -1.686693787574768066e+00 5.643826433663673425e-01 4.335683143678727980e-01 -3.908535839179928528e-01 5.837158267068940365e-01
9.364097565412521362e-02 -3.845052719116210938e-01 -1.686693787574768066e+00 5.643826460478799101e-01 4.335683106577277734e-01 -3.908535754603106316e-01 5.837158371348178942e-01
9.364099055528640747e-02 -3.845053017139434814e-01 -1.686693787574768066e+00 5.643826551237687283e-01 4.335682772828910458e-01 -3.908535658746355446e-01 5.837158409493230504e-01
9.364100545644760132e-02 -3.845053315162658691e-01 -1.686693787574768066e+00 5.643826578052812959e-01 4.335682752229078618e-01 -3.908535607172766713e-01 5.837158645785393007e-01
9.362263977527618408e-02 -3.844883441925048828e-01 -1.686686158180236816e+00 5.643538145129185502e-01 4.336401726707090898e-01 -3.908402248032191162e-01 5.836992661178224129e-01
9.362263977527618408e-02 -3.844883739948272705e-01 -1.686686158180236816e+00 5.643537751132960967e-01 4.336402590530968326e-01 -3.908402355867592326e-01 5.836992276562158466e-01
9.362263977527618408e-02 -3.844884037971496582e-01 -1.686686158180236816e+00 5.643537421083746342e-01 4.336403388716650320e-01 -3.908402188382381626e-01 5.836992089846373410e-01
9.362263977527618408e-02 -3.844884335994720459e-01 -1.686686158180236816e+00 5.643537093097319435e-01 4.336403921278017548e-01 -3.908402283507974029e-01 5.836991900997068328e-01
9.362263977527618408e-02 -3.844884634017944336e-01 -1.686686158180236816e+00 5.643536690849789705e-01 4.336404791442382001e-01 -3.908402430062723476e-01 5.836991788954443150e-01
9.362263977527618408e-02 -3.844884932041168213e-01 -1.686686158180236816e+00 5.643536362863320610e-01 4.336405324003932416e-01 -3.908402261148942181e-01 5.836991600105139177e-01
9.362263232469558716e-02 -3.844885230064392090e-01 -1.686686158180236816e+00 5.643536034876832641e-01 4.336406120605003078e-01 -3.908402356274598977e-01 5.836991279236111163e-01
9.362019598484039307e-02 -3.844975531101226807e-01 -1.686707496643066406e+00 5.643495801723072969e-01 4.336385877353668983e-01 -3.908527551974619874e-01 5.836961204621945454e-01
9.362019598484039307e-02 -3.844975829124450684e-01 -1.686707496643066406e+00 5.643495465482935014e-01 4.336386680301329566e-01 -3.908527652824489995e-01 5.836961024306110968e-01
9.362018853425979614e-02 -3.844976723194122314e-01 -1.686707496643066406e+00 5.643494652730619565e-01 4.336388228954295987e-01 -3.908527819652098945e-01 5.836960676734425091e-01
9.362018108367919922e-02 -3.844978809356689453e-01 -1.686707496643066406e+00 5.643491902986509379e-01 4.336393856875692121e-01 -3.908527974774508307e-01 5.836959032038916417e-01
9.362407773733139038e-02 -3.844759464263916016e-01 -1.686645627021789551e+00 5.643598244702440203e-01 4.336407282335352775e-01 -3.908614002895318129e-01 5.836788450461889433e-01
9.362413734197616577e-02 -3.844761252403259277e-01 -1.686645388603210449e+00 5.643593789084171419e-01 4.336416399221906803e-01 -3.908614184342580899e-01 5.836785929615332380e-01
9.361036121845245361e-02 -3.844549059867858887e-01 -1.686632037162780762e+00 5.643816939038290847e-01 4.335958044782580179e-01 -3.908838223000891676e-01 5.836760826381665046e-01
9.361031651496887207e-02 -3.844549059867858887e-01 -1.686631798744201660e+00 5.643812799186854745e-01 4.335966687344106063e-01 -3.908838515954862203e-01 5.836758375088745288e-01
9.361029416322708130e-02 -3.844548761844635010e-01 -1.686631679534912109e+00 5.643810033096086087e-01 4.335972409809845662e-01 -3.908838550528099809e-01 5.836756615279579119e-01
9.361027181148529053e-02 -3.844548761844635010e-01 -1.686631560325622559e+00 5.643808329299009330e-01 4.335975930010826374e-01 -3.908838806465437243e-01 5.836755341018283749e-01
9.361027181148529053e-02 -3.844548761844635010e-01 -1.686631560325622559e+00 5.643807611476359121e-01 4.335977306576992429e-01 -3.908838808571339363e-01 5.836755027274546093e-01
9.361026436090469360e-02 -3.844548761844635010e-01 -1.686631560325622559e+00 5.643807040105964790e-01 4.335978438614964681e-01 -3.908838841259400509e-01 5.836754826098402571e-01
9.361025691032409668e-02 -3.844548761844635010e-01 -1.686631560325622559e+00 5.643806710072497568e-01 4.335979269729006713e-01 -3.908838904820234328e-01 5.836754639361354524e-01
9.361025691032409668e-02 -3.844548761844635010e-01 -1.686631441116333008e+00 5.643806384164430368e-01 4.335979800643570137e-01 -3.908838734500421630e-01 5.836754316344449078e-01
9.361024945974349976e-02 -3.844548761844635010e-01 -1.686631441116333008e+00 5.643805981936093064e-01 4.335980654219765973e-01 -3.908838881065992421e-01 5.836753940243571970e-01
9.361024945974349976e-02 -3.844548761844635010e-01 -1.686631441116333008e+00 5.643805653965274782e-01 4.335981203220909408e-01 -3.908838976201625681e-01 5.836753751373271459e-01
9.361024945974349976e-02 -3.844548761844635010e-01 -1.686631441116333008e+00 5.643805325994436517e-01 4.335981999747300364e-01 -3.908839071337284476e-01 5.836753562502968729e-01
9.361024200916290283e-02 -3.844548761844635010e-01 -1.686631441116333008e+00 5.643804932016863729e-01 4.335982846984973715e-01 -3.908838948161650340e-01 5.836753441895994321e-01
9.361024200916290283e-02 -3.844548761844635010e-01 -1.686631441116333008e+00 5.643804604045983275e-01 4.335983395986394706e-01 -3.908839043297349103e-01 5.836753253025693811e-01
9.361023455858230591e-02 -3.844548761844635010e-01 -1.686631321907043457e+00 5.643804276075083948e-01 4.335984192513107627e-01 -3.908839138433071181e-01 5.836753064155391080e-01
9.361023455858230591e-02 -3.844548761844635010e-01 -1.686631321907043457e+00 5.643803873846596764e-01 4.335985046090051198e-01 -3.908838987968551448e-01 5.836752820067896419e-01
9.361022710800170898e-02 -3.844548761844635010e-01 -1.686631321907043457e+00 5.643803547938365250e-01 4.335985593507023506e-01 -3.908839081675700711e-01 5.836752629064357878e-01
9.361022710800170898e-02 -3.844548761844635010e-01 -1.686631321907043457e+00 5.643803219967404861e-01 4.335986390034060611e-01 -3.908839176811485516e-01 5.836752440194046265e-01
9.361021965742111206e-02 -3.844548761844635010e-01 -1.686631321907043457e+00 5.643802823926974410e-01 4.335986974830233764e-01 -3.908839055064526891e-01 5.836752057693367357e-01
9.361021965742111206e-02 -3.844548761844635010e-01 -1.686631321907043457e+00 5.643802495955971832e-01 4.335987771357485143e-01 -3.908839150200351109e-01 5.836751868823042422e-01
9.361021220684051514e-02 -3.844548761844635010e-01 -1.686631321907043457e+00 5.643802165922239267e-01 4.335988585971259357e-01 -3.908839246764812536e-01 5.836751682085945525e-01
9.361021220684051514e-02 -3.844548761844635010e-01 -1.686631202697753906e+00 5.643801771944445544e-01 4.335989169183024350e-01 -3.908839123589274989e-01 5.836751561478999983e-01
9.361021220684051514e-02 -3.844548761844635010e-01 -1.686631202697753906e+00 5.643801443973381904e-01 4.335989965710599359e-01 -3.908839218725163600e-01 5.836751372608673938e-01
9.361020475625991821e-02 -3.844548761844635010e-01 -1.686631202697753906e+00 5.643801107751453827e-01 4.335990768577198673e-01 -3.908839319575527771e-01 5.836751060257748813e-01
9.361020475625991821e-02 -3.844548761844635010e-01 -1.686631202697753906e+00 5.643800779780351329e-01 4.335991317579622195e-01 -3.908839150684407238e-01 5.836750871387410555e-01
9.361018985509872437e-02 -3.844548761844635010e-01 -1.686631083488464355e+00 5.643799164677097968e-01 4.335994637637189397e-01 -3.908839510210840862e-01 5.836749901436901755e-01
9.361017495393753052e-02 -3.844548761844635010e-01 -1.686631083488464355e+00 5.643798354031228648e-01 4.335996184532030506e-01 -3.908839411588306834e-01 5.836749419661468874e-01
9.361017495393753052e-02 -3.844548761844635010e-01 -1.686630964279174805e+00 5.643797627956459451e-01 4.335997831470321806e-01 -3.908839650433432733e-01 5.836749114450668907e-01
9.361001104116439819e-02 -3.844558894634246826e-01 -1.686630487442016602e+00 5.643852966137383742e-01 4.335843898467446333e-01 -3.908887297136351413e-01 5.836777560904393702e-01
9.361000359058380127e-02 -3.844559192657470703e-01 -1.686630487442016602e+00 5.643853003265845159e-01 4.335843589417655575e-01 -3.908887865476862178e-01 5.836777654519073044e-01
9.361000359058380127e-02 -3.844559192657470703e-01 -1.686630368232727051e+00 5.643853019767384183e-01 4.335843263211254239e-01 -3.908888448103410296e-01 5.836777637453459677e-01
9.360999614000320435e-02 -3.844559192657470703e-01 -1.686630368232727051e+00 5.643852968200075981e-01 4.335843005799717154e-01 -3.908888813849296096e-01 5.836777690783501171e-01
9.360998868942260742e-02 -3.844559192657470703e-01 -1.686630368232727051e+00 5.643852992952383962e-01 4.335842673254731161e-01 -3.908889126736809772e-01 5.836777665185081121e-01
9.360998868942260742e-02 -3.844559490680694580e-01 -1.686630368232727051e+00 5.643853009453922986e-01 4.335842363549870515e-01 -3.908889445338740165e-01 5.836777516107160002e-01
9.360998123884201050e-02 -3.844559490680694580e-01 -1.686630368232727051e+00 5.643853023892768661e-01 4.335842055429657838e-01 -3.908889732366197522e-01 5.836777501174749139e-01
9.360997378826141357e-02 -3.844559490680694580e-01 -1.686630368232727051e+00 5.643853040394307685e-01 4.335841762226338991e-01 -3.908890050968124030e-01 5.836777484109136882e-01
9.360997378826141357e-02 -3.844559490680694580e-01 -1.686630249023437500e+00 5.643853056895845599e-01 4.335841452521483896e-01 -3.908890336566973045e-01 5.836777335031217984e-01
9.360996633768081665e-02 -3.844559788703918457e-01 -1.686630249023437500e+00 5.643853073397383513e-01 4.335841159318168936e-01 -3.908890655168896777e-01 5.836777317965606837e-01
9.360996633768081665e-02 -3.844559788703918457e-01 -1.686630249023437500e+00 5.643853098149691494e-01 4.335840843274735845e-01 -3.908890935053320193e-01 5.836777292367189007e-01
9.360995888710021973e-02 -3.844559788703918457e-01 -1.686630249023437500e+00 5.643853114651229408e-01 4.335840814096035278e-01 -3.908891253655240039e-01 5.836777539326188924e-01
9.360995143651962280e-02 -3.844560086727142334e-01 -1.686630249023437500e+00 5.643853083710844709e-01 4.335840276813415772e-01 -3.908891869139700104e-01 5.836777439311905402e-01
9.360994398593902588e-02 -3.844560086727142334e-01 -1.686630129814147949e+00 5.643853110525844929e-01 4.335839728163807805e-01 -3.908892411620121798e-01 5.836777411580286179e-01
9.360992163419723511e-02 -3.844560384750366211e-01 -1.686630010604858398e+00 5.643853211597764652e-01 4.335838049867036803e-01 -3.908894354806051741e-01 5.836777043028812395e-01
9.360990673303604126e-02 -3.844560682773590088e-01 -1.686630010604858398e+00 5.643853193033534499e-01 4.335837585584235709e-01 -3.908895159737331149e-01 5.836777326252230447e-01
9.360989928245544434e-02 -3.844560682773590088e-01 -1.686629891395568848e+00 5.643853223973918087e-01 4.335837017263826088e-01 -3.908895732363589226e-01 5.836777162241907346e-01
9.360989183187484741e-02 -3.844560980796813965e-01 -1.686629891395568848e+00 5.643853256976993915e-01 4.335836496863392786e-01 -3.908896237555082864e-01 5.836777128110687274e-01
9.360988438129425049e-02 -3.844560980796813965e-01 -1.686629891395568848e+00 5.643853281729300786e-01 4.335835982801539146e-01 -3.908896781464075709e-01 5.836776970499971684e-01
9.360987693071365356e-02 -3.844561278820037842e-01 -1.686629891395568848e+00 5.643853318857759982e-01 4.335835360222606294e-01 -3.908897382807569043e-01 5.836776932102351045e-01
9.360986948013305664e-02 -3.844561278820037842e-01 -1.686629772186279297e+00 5.643853349798142460e-01 4.335835138434508962e-01 -3.908897889427652705e-01 5.836776768092035717e-01
9.360986202955245972e-02 -3.844561278820037842e-01 -1.686629772186279297e+00 5.643853300293529829e-01 4.335834846435192014e-01 -3.908898253744993445e-01 5.836776819288860274e-01
9.360985457897186279e-02 -3.844561576843261719e-01 -1.686629772186279297e+00 5.643853327108528939e-01 4.335834429797931766e-01 -3.908898664213065199e-01 5.836777055581846563e-01
9.360985457897186279e-02 -3.844561576843261719e-01 -1.686629772186279297e+00 5.643853341547374614e-01 4.335834121677756836e-01 -3.908898984243557306e-01 5.836776908637137939e-01
9.360984712839126587e-02 -3.844561576843261719e-01 -1.686629652976989746e+00 5.643853358048911417e-01 4.335833828474479068e-01 -3.908899269842365798e-01 5.836776891571530124e-01
9.360983967781066895e-02 -3.844561576843261719e-01 -1.686629652976989746e+00 5.643853382801218288e-01 4.335833512431094827e-01 -3.908899582729812860e-01 5.836776865973116735e-01
9.360983967781066895e-02 -3.844561874866485596e-01 -1.686629652976989746e+00 5.643853399302755092e-01 4.335833202726284141e-01 -3.908900132353214096e-01 5.836776716895210049e-01
9.360983222723007202e-02 -3.844561874866485596e-01 -1.686629652976989746e+00 5.643853415804291895e-01 4.335832909523011924e-01 -3.908900450955091199e-01 5.836776699829603343e-01
9.360983222723007202e-02 -3.844561874866485596e-01 -1.686629652976989746e+00 5.643853432305829809e-01 4.335832599818203459e-01 -3.908900736553890809e-01 5.836776682763995527e-01
9.360981732606887817e-02 -3.844562172889709473e-01 -1.686629533767700195e+00 5.643853413741600766e-01 4.335832135535401810e-01 -3.908901574488233277e-01 5.836776569950504756e-01
9.360980987548828125e-02 -3.844562172889709473e-01 -1.686629533767700195e+00 5.643853428180445331e-01 4.335831794412163820e-01 -3.908901927521788999e-01 5.836776555018099444e-01
9.360980987548828125e-02 -3.844562172889709473e-01 -1.686629533767700195e+00 5.643853446744674374e-01 4.335831483122718488e-01 -3.908902244695049433e-01 5.836776799843886865e-01
9.360980242490768433e-02 -3.844562470912933350e-01 -1.686629533767700195e+00 5.643853475622364613e-01 4.335831064900844134e-01 -3.908902653734482313e-01 5.836776637966776260e-01
9.360979497432708740e-02 -3.844562470912933350e-01 -1.686629533767700195e+00 5.643853492123901416e-01 4.335830755196045661e-01 -3.908902939333273041e-01 5.836776620901169554e-01
9.360979497432708740e-02 -3.844562470912933350e-01 -1.686629414558410645e+00 5.643853508625438220e-01 4.335830445491248852e-01 -3.908903257935136266e-01 5.836776603835562849e-01
9.360978752374649048e-02 -3.844562470912933350e-01 -1.686629414558410645e+00 5.643853525126976134e-01 4.335830152287989403e-01 -3.908903543533923108e-01 5.836776586769955033e-01
9.360978007316589355e-02 -3.844562768936157227e-01 -1.686629414558410645e+00 5.643853549879280784e-01 4.335829753736947789e-01 -3.908903955430564348e-01 5.836776429159250545e-01
9.360978007316589355e-02 -3.844562768936157227e-01 -1.686629414558410645e+00 5.643853568443509827e-01 4.335829706472105194e-01 -3.908904272603811458e-01 5.836776409960443557e-01
9.360977262258529663e-02 -3.844562768936157227e-01 -1.686629414558410645e+00 5.643853587007738870e-01 4.335829411684211099e-01 -3.908904556773982741e-01 5.836776390761636568e-01
9.360977262258529663e-02 -3.844563066959381104e-01 -1.686629295349121094e+00 5.643853537503128459e-01 4.335829152687928345e-01 -3.908904888088290952e-01 5.836776309946160035e-01
9.360976517200469971e-02 -3.844563066959381104e-01 -1.686629295349121094e+00 5.643853556067357502e-01 4.335828857900034250e-01 -3.908905205261535287e-01 5.836776290747353046e-01
9.360975772142410278e-02 -3.844563066959381104e-01 -1.686629295349121094e+00 5.643853572568894306e-01 4.335828564696783127e-01 -3.908905754884903772e-01 5.836776273681747451e-01
9.360975772142410278e-02 -3.844563066959381104e-01 -1.686629295349121094e+00 5.643853591133123349e-01 4.335828253407356669e-01 -3.908906072058143111e-01 5.836776518507529321e-01
9.360975027084350586e-02 -3.844563066959381104e-01 -1.686629295349121094e+00 5.643853607634660152e-01 4.335827960204108877e-01 -3.908906357656918296e-01 5.836776369429629296e-01
9.360975027084350586e-02 -3.844563364982604980e-01 -1.686629295349121094e+00 5.643853626198888085e-01 4.335827665416223664e-01 -3.908906641827081807e-01 5.836776350230824528e-01
9.360974282026290894e-02 -3.844563364982604980e-01 -1.686629176139831543e+00 5.643853642700424889e-01 4.335827355711442954e-01 -3.908906960428926158e-01 5.836776333165218933e-01
9.360973536968231201e-02 -3.844563364982604980e-01 -1.686629176139831543e+00 5.643853661264653931e-01 4.335827060923561072e-01 -3.908907244599085229e-01 5.836776313966413055e-01
9.360973536968231201e-02 -3.844563364982604980e-01 -1.686629176139831543e+00 5.643853677766190735e-01 4.335827031744904358e-01 -3.908907563200926250e-01 5.836776164888515250e-01
9.360972791910171509e-02 -3.844563663005828857e-01 -1.686629176139831543e+00 5.643853694267726429e-01 4.335826722040129200e-01 -3.908907848799693108e-01 5.836776147822911875e-01
9.360972791910171509e-02 -3.844563663005828857e-01 -1.686629176139831543e+00 5.643853646825809367e-01 4.335826477960723624e-01 -3.908908178685411849e-01 5.836776196886523937e-01
9.360972046852111816e-02 -3.844563663005828857e-01 -1.686629056930541992e+00 5.643853673640806257e-01 4.335826044821993741e-01 -3.908908622156485602e-01 5.836776037142624718e-01
9.360971301794052124e-02 -3.844563961029052734e-01 -1.686629056930541992e+00 5.643853698393110907e-01 4.335825629769444745e-01 -3.908909034053094089e-01 5.836776011544219100e-01
9.360970556735992432e-02 -3.844563961029052734e-01 -1.686629056930541992e+00 5.643853733458875643e-01 4.335824926267584645e-01 -3.908909735834293353e-01 5.836776107292100946e-01
9.360969066619873047e-02 -3.844564259052276611e-01 -1.686628937721252441e+00 5.643853782963484944e-01 4.335824145667116492e-01 -3.908910526624416182e-01 5.836776056095289711e-01
9.360968321561813354e-02 -3.844564259052276611e-01 -1.686628937721252441e+00 5.643853752023104686e-01 4.335823855907510183e-01 -3.908911175111978165e-01 5.836775956081006189e-01
9.360967576503753662e-02 -3.844564557075500488e-01 -1.686628937721252441e+00 5.643853766461948140e-01 4.335823514784314381e-01 -3.908911759166995847e-01 5.836775941148604208e-01
9.360967576503753662e-02 -3.844564557075500488e-01 -1.686628937721252441e+00 5.643853787088868312e-01 4.335823201910277147e-01 -3.908912074911592982e-01 5.836775919816600267e-01
9.360966831445693970e-02 -3.844564557075500488e-01 -1.686628818511962891e+00 5.643853807715788484e-01 4.335822889036242134e-01 -3.908912390656187341e-01 5.836775766472307447e-01
9.360966086387634277e-02 -3.844564557075500488e-01 -1.686628818511962891e+00 5.643853820091940809e-01 4.335822582500762357e-01 -3.908912712115231169e-01 5.836775753673104639e-01
9.360966086387634277e-02 -3.844564855098724365e-01 -1.686628818511962891e+00 5.643853840718860981e-01 4.335822253125195536e-01 -3.908913027859821643e-01 5.836775732341101808e-01
9.360965341329574585e-02 -3.844564855098724365e-01 -1.686628818511962891e+00 5.643853861345781153e-01 4.335821940251167184e-01 -3.908913343604409896e-01 5.836775975033674513e-01
9.360965341329574585e-02 -3.844564855098724365e-01 -1.686628818511962891e+00 5.643853881972701325e-01 4.335821627377141052e-01 -3.908913659348995373e-01 5.836775821689382804e-01
9.360964596271514893e-02 -3.844564855098724365e-01 -1.686628699302673340e+00 5.643853902599620387e-01 4.335821479518476296e-01 -3.908914074102794456e-01 5.836775800357381083e-01
9.360963851213455200e-02 -3.844565153121948242e-01 -1.686628699302673340e+00 5.643853921163848320e-01 4.335821168229092026e-01 -3.908914358272917444e-01 5.836775781158578535e-01
9.360963851213455200e-02 -3.844565153121948242e-01 -1.686628699302673340e+00 5.643853871659241239e-01 4.335820925734285569e-01 -3.908914689587290048e-01 5.836775700343097562e-01
9.360963106155395508e-02 -3.844565153121948242e-01 -1.686628699302673340e+00 5.643853888160776933e-01 4.335820616029538721e-01 -3.908915008189098317e-01 5.836775683277495297e-01
9.360962361097335815e-02 -3.844565153121948242e-01 -1.686628699302673340e+00 5.643853906725004865e-01 4.335820321241692366e-01 -3.908915292359219085e-01 5.836775664078693859e-01
9.360962361097335815e-02 -3.844565451145172119e-01 -1.686628699302673340e+00 5.643853923226540559e-01 4.335820028038485097e-01 -3.908915610961023468e-01 5.836775647013092705e-01
9.360961616039276123e-02 -3.844565451145172119e-01 -1.686628580093383789e+00 5.643853941790768491e-01 4.335819716749106933e-01 -3.908915895131140350e-01 5.836775495802004610e-01
9.360961616039276123e-02 -3.844565451145172119e-01 -1.686628580093383789e+00 5.643853958292304185e-01 4.335819423545902995e-01 -3.908916213732940848e-01 5.836775478736403455e-01
9.360960870981216431e-02 -3.844565451145172119e-01 -1.686628580093383789e+00 5.643853976856531007e-01 4.335819128758064966e-01 -3.908916497903054399e-01 5.836775459537603128e-01
9.360960125923156738e-02 -3.844565749168395996e-01 -1.686628580093383789e+00 5.643853993358066701e-01 4.335818819053329776e-01 -3.908916783501780734e-01 5.836775706496571958e-01
9.360959380865097046e-02 -3.844565749168395996e-01 -1.686628580093383789e+00 5.643854032549213695e-01 4.335818491917592943e-01 -3.908917647441021992e-01 5.836775533953485473e-01
9.360957145690917969e-02 -3.844566047191619873e-01 -1.686628460884094238e+00 5.643854046988057149e-01 4.335817078194625918e-01 -3.908919155581977445e-01 5.836775387008802385e-01
9.360956400632858276e-02 -3.844566345214843750e-01 -1.686628341674804688e+00 5.643854100618047598e-01 4.335816195415788665e-01 -3.908920042523955640e-01 5.836775199533319469e-01
9.360954910516738892e-02 -3.844566345214843750e-01 -1.686628341674804688e+00 5.643854137746501243e-01 4.335815853363177985e-01 -3.908920643867212497e-01 5.836775293148004362e-01
9.360954165458679199e-02 -3.844566643238067627e-01 -1.686628222465515137e+00 5.643854106806123205e-01 4.335815217071302130e-01 -3.908921358360928910e-01 5.836775325146001947e-01
9.360898286104202271e-02 -3.844577968120574951e-01 -1.686627984046936035e+00 5.643870509308321903e-01 4.335826873291927508e-01 -3.908832606080407390e-01 5.836810110678195551e-01
9.360896795988082886e-02 -3.844578266143798828e-01 -1.686627984046936035e+00 5.643870645445590029e-01 4.335826504682532279e-01 -3.908832445788494314e-01 5.836810365922669996e-01
9.360895305871963501e-02 -3.844578266143798828e-01 -1.686627984046936035e+00 5.643870783645541511e-01 4.335826382010824487e-01 -3.908832020044231692e-01 5.836810619033934167e-01
9.360893815755844116e-02 -3.844578564167022705e-01 -1.686627864837646484e+00 5.643870983726061441e-01 4.335825964277937872e-01 -3.908831815466526916e-01 5.836810940161072381e-01
9.360892325639724731e-02 -3.844578862190246582e-01 -1.686627864837646484e+00 5.643871175555831288e-01 4.335825536382119649e-01 -3.908831319576404062e-01 5.836811137809112537e-01
9.360890835523605347e-02 -3.844579160213470459e-01 -1.686627864837646484e+00 5.643871311693083870e-01 4.335825431796571650e-01 -3.908830895260792526e-01 5.836811525065427331e-01
9.360890090465545654e-02 -3.844579458236694336e-01 -1.686627864837646484e+00 5.643871406576621563e-01 4.335825094879863228e-01 -3.908830796543408814e-01 5.836811690961977162e-01
9.360889345407485962e-02 -3.844579458236694336e-01 -1.686627745628356934e+00 5.643871559215353217e-01 4.335824961115816167e-01 -3.908830657825955734e-01 5.836811797128919066e-01
9.360887855291366577e-02 -3.844579756259918213e-01 -1.686627745628356934e+00 5.643871647910829736e-01 4.335824892976765099e-01 -3.908830266367593897e-01 5.836812101436934519e-01
9.360884875059127808e-02 -3.844580352306365967e-01 -1.686627745628356934e+00 5.643872033633003937e-01 4.335824052102224546e-01 -3.908829570185756719e-01 5.836812758623454167e-01
9.360882639884948730e-02 -3.844580650329589844e-01 -1.686627626419067383e+00 5.643872208961256964e-01 4.335823653385086351e-01 -3.908829118727376040e-01 5.836813105348891417e-01
9.360881894826889038e-02 -3.844580948352813721e-01 -1.686627626419067383e+00 5.643872357474595258e-01 4.335823522790371309e-01 -3.908828949864185942e-01 5.836813347794058693e-01
9.360880404710769653e-02 -3.844581246376037598e-01 -1.686627626419067383e+00 5.643872559617745255e-01 4.335823103473117057e-01 -3.908828479834411396e-01 5.836813534776016388e-01
9.360879659652709961e-02 -3.844581246376037598e-01 -1.686627626419067383e+00 5.643872646250520653e-01 4.335823036918747264e-01 -3.908828353828433522e-01 5.836813841217166621e-01
9.360878169536590576e-02 -3.844581544399261475e-01 -1.686627507209777832e+00 5.643872732883296051e-01 4.335822706340686228e-01 -3.908827996801729210e-01 5.836814015646460962e-01
9.360877424478530884e-02 -3.844581544399261475e-01 -1.686627507209777832e+00 5.643872885521991067e-01 4.335822572576763512e-01 -3.908827825081448992e-01 5.836814253825195475e-01
9.360876679420471191e-02 -3.844581842422485352e-01 -1.686627507209777832e+00 5.643872974217447602e-01 4.335822504437780722e-01 -3.908827730649879206e-01 5.836814426121280652e-01
9.360875189304351807e-02 -3.844582140445709229e-01 -1.686627507209777832e+00 5.643873069100956430e-01 4.335822167521243276e-01 -3.908827367908920825e-01 5.836814592017761649e-01
9.360874444246292114e-02 -3.844582140445709229e-01 -1.686627507209777832e+00 5.643873223802328143e-01 4.335822032172722551e-01 -3.908827194760101653e-01 5.836814828063275895e-01
9.360873699188232422e-02 -3.844582438468933105e-01 -1.686627388000488281e+00 5.643873310435093549e-01 4.335821701594718691e-01 -3.908826837733458404e-01 5.836815002492546922e-01
9.360872954130172729e-02 -3.844582438468933105e-01 -1.686627388000488281e+00 5.643873397067857844e-01 4.335821635040387201e-01 -3.908826744730488079e-01 5.836815176921814619e-01
9.360871464014053345e-02 -3.844582736492156982e-01 -1.686627388000488281e+00 5.643873551769220676e-01 4.335821516193373859e-01 -3.908826571581702214e-01 5.836815280955480745e-01
9.360870718955993652e-02 -3.844583034515380859e-01 -1.686627388000488281e+00 5.643873646652720621e-01 4.335821162775416182e-01 -3.908826208840806560e-01 5.836815578863765452e-01
9.360869973897933960e-02 -3.844583034515380859e-01 -1.686627388000488281e+00 5.643873735348164944e-01 4.335821094636474471e-01 -3.908826081406328035e-01 5.836815751159818433e-01
9.360868483781814575e-02 -3.844583332538604736e-01 -1.686627268791198730e+00 5.643873887986832205e-01 4.335820713350478917e-01 -3.908825678665465153e-01 5.836815857326673740e-01
