repeatability steamvr; 20211015-230100; x y z w i j k;  frequency = 150 duration = 2 sys.args = ['.\\repeatability.py']
9.360986202955245972e-02 -3.843509554862976074e-01 -1.686375498771667480e+00 5.638248529949763110e-01 4.339828370085118681e-01 -3.911046419932183715e-01 5.837786621889240468e-01
9.360918402671813965e-02 -3.843507766723632812e-01 -1.686375379562377930e+00 5.638250685540672213e-01 4.339853998529614176e-01 -3.910986286009623947e-01 5.837805665112720810e-01
9.360917657613754272e-02 -3.843506872653961182e-01 -1.686375379562377930e+00 5.638250365505675932e-01 4.339854244865812283e-01 -3.910985054424340190e-01 5.837806657192186055e-01
9.360916912555694580e-02 -3.843505978584289551e-01 -1.686375260353088379e+00 5.638250140448796133e-01 4.339854385059936370e-01 -3.910983955172387949e-01 5.837807550932039291e-01
9.360916912555694580e-02 -3.843505680561065674e-01 -1.686375141143798828e+00 5.638249933974587291e-01 4.339854411843059312e-01 -3.910983503747924583e-01 5.837808161144589780e-01
9.360916167497634888e-02 -3.843505084514617920e-01 -1.686375141143798828e+00 5.638249820413768765e-01 4.339854631396203866e-01 -3.910982756622749523e-01 5.837808543011739904e-01
9.360916167497634888e-02 -3.843504488468170166e-01 -1.686375141143798828e+00 5.638249669687588339e-01 4.339854631787089523e-01 -3.910982200456742386e-01 5.837809095503195822e-01
9.360915422439575195e-02 -3.843504190444946289e-01 -1.686375021934509277e+00 5.638249518961403473e-01 4.339854863429113974e-01 -3.910981809470090997e-01 5.837809251564165525e-01
9.360915422439575195e-02 -3.843503892421722412e-01 -1.686375021934509277e+00 5.638249341393564151e-01 4.339854851444602257e-01 -3.910981106743403601e-01 5.837809831847363684e-01
9.360915422439575195e-02 -3.843503296375274658e-01 -1.686375021934509277e+00 5.638249219573764348e-01 4.339855044318977062e-01 -3.910980728741617618e-01 5.837810222265887861e-01
9.360914677381515503e-02 -3.843502998352050781e-01 -1.686374902725219727e+00 5.638249124595613448e-01 4.339854919209981676e-01 -3.910980497300458048e-01 5.837810452749226942e-01
9.360914677381515503e-02 -3.843502998352050781e-01 -1.686374902725219727e+00 5.638249124595613448e-01 4.339854985281739741e-01 -3.910980001762275338e-01 5.837810584892741961e-01
9.360914677381515503e-02 -3.843502700328826904e-01 -1.686374902725219727e+00 5.638249058523855384e-01 4.339855085692100323e-01 -3.910979816341896287e-01 5.837810917590092741e-01
9.360914677381515503e-02 -3.843502700328826904e-01 -1.686374902725219727e+00 5.638248992452096209e-01 4.339855186102463680e-01 -3.910979630921512795e-01 5.837811118143935163e-01
9.360913932323455811e-02 -3.843502402305603027e-01 -1.686374902725219727e+00 5.638248870632289744e-01 4.339855098171880310e-01 -3.910979352027317835e-01 5.837811376418997611e-01
9.360913932323455811e-02 -3.843501806259155273e-01 -1.686374783515930176e+00 5.638248730229796779e-01 4.339855321867630011e-01 -3.910978689592442548e-01 5.837811786078007659e-01
9.360913932323455811e-02 -3.843501508235931396e-01 -1.686374783515930176e+00 5.638248693064429329e-01 4.339855416546204436e-01 -3.910978418049316785e-01 5.837812088845876213e-01
9.360913187265396118e-02 -3.843501508235931396e-01 -1.686374783515930176e+00 5.638248579503586377e-01 4.339855305740616398e-01 -3.910978166462122374e-01 5.837812338569686732e-01
9.360913187265396118e-02 -3.843501210212707520e-01 -1.686374783515930176e+00 5.638248505172851477e-01 4.339855429026006073e-01 -3.910977986770552417e-01 5.837812283387802115e-01
9.360913187265396118e-02 -3.843500912189483643e-01 -1.686374664306640625e+00 5.638248439101085641e-01 4.339855529436388859e-01 -3.910977801350134508e-01 5.837812483941686725e-01
9.360913187265396118e-02 -3.843500912189483643e-01 -1.686374664306640625e+00 5.638248381288291089e-01 4.339855359202637874e-01 -3.910977345913801417e-01 5.837812808087813332e-01
9.360913187265396118e-02 -3.843500614166259766e-01 -1.686374664306640625e+00 5.638248315216524142e-01 4.339855459613022881e-01 -3.910977127457488933e-01 5.837813008641709045e-01
9.360912442207336426e-02 -3.843500316143035889e-01 -1.686374664306640625e+00 5.638248249144756086e-01 4.339855560023411218e-01 -3.910976942037056037e-01 5.837813209195611419e-01
9.360912442207336426e-02 -3.843500316143035889e-01 -1.686374664306640625e+00 5.638248185137730850e-01 4.339855675362476184e-01 -3.910976755184408238e-01 5.837813407611693872e-01
9.360912442207336426e-02 -3.843500018119812012e-01 -1.686374664306640625e+00 5.638248119065961683e-01 4.339855775772870072e-01 -3.910976569763967015e-01 5.837813608165606238e-01
9.360912442207336426e-02 -3.843499720096588135e-01 -1.686374545097351074e+00 5.638248061253163801e-01 4.339855605539114647e-01 -3.910976378614678395e-01 5.837813800168225598e-01
9.360911697149276733e-02 -3.843499720096588135e-01 -1.686374545097351074e+00 5.638247995181392413e-01 4.339855705949511311e-01 -3.910975928907147181e-01 5.837814000722149066e-01
9.360911697149276733e-02 -3.843499422073364258e-01 -1.686374545097351074e+00 5.638247929109621026e-01 4.339855822877853875e-01 -3.910975743486692080e-01 5.837814201276078085e-01
9.360911697149276733e-02 -3.843499124050140381e-01 -1.686374545097351074e+00 5.638247865102592460e-01 4.339855921698987928e-01 -3.910975523598135828e-01 5.837814399692186074e-01
9.360911697149276733e-02 -3.843499124050140381e-01 -1.686374545097351074e+00 5.638247799030819962e-01 4.339855757822300153e-01 -3.910975338177672400e-01 5.837814600246125085e-01
9.360911697149276733e-02 -3.843498826026916504e-01 -1.686374545097351074e+00 5.638247732959046354e-01 4.339855858232705144e-01 -3.910975152757205642e-01 5.837814800800069648e-01
9.360910952091217041e-02 -3.843498528003692627e-01 -1.686374425888061523e+00 5.638247666887271636e-01 4.339855958643113465e-01 -3.910974703049636125e-01 5.837815001354020872e-01
9.360910952091217041e-02 -3.843498528003692627e-01 -1.686374425888061523e+00 5.638247611139211024e-01 4.339856067625127989e-01 -3.910974510468106513e-01 5.837815191218850286e-01
9.360910952091217041e-02 -3.843498229980468750e-01 -1.686374425888061523e+00 5.638247545067435196e-01 4.339855903748437438e-01 -3.910974325047625322e-01 5.837815391772811502e-01
9.360910952091217041e-02 -3.843498229980468750e-01 -1.686374425888061523e+00 5.638247545067435196e-01 4.339855953302269587e-01 -3.910974093796408257e-01 5.837815656059915925e-01
9.360910952091217041e-02 -3.843497931957244873e-01 -1.686374425888061523e+00 5.638247478995659367e-01 4.339856053712683459e-01 -3.910973908375920405e-01 5.837815856613884913e-01
9.360910207033157349e-02 -3.843497633934020996e-01 -1.686374306678771973e+00 5.638247414988625250e-01 4.339856169051776735e-01 -3.910973721523218205e-01 5.837815790742922895e-01
9.360910207033157349e-02 -3.843497633934020996e-01 -1.686374306678771973e+00 5.638247357175818486e-01 4.339856263105124068e-01 -3.910973266086769096e-01 5.837815982745597765e-01
9.360910207033157349e-02 -3.843497335910797119e-01 -1.686374306678771973e+00 5.638247225032260168e-01 4.339856166602963361e-01 -3.910972994353430487e-01 5.837816251710007398e-01
9.360909461975097656e-02 -3.843496739864349365e-01 -1.686374306678771973e+00 5.638247018557944745e-01 4.339856242940083875e-01 -3.910972410784842035e-01 5.837816994066867826e-01
9.360909461975097656e-02 -3.843496143817901611e-01 -1.686374187469482422e+00 5.638246904997067377e-01 4.339856429457532583e-01 -3.910971762766773385e-01 5.837817375934454267e-01
9.360909461975097656e-02 -3.843496143817901611e-01 -1.686374187469482422e+00 5.638246830666310272e-01 4.339856536225044636e-01 -3.910971583075081304e-01 5.837817585039780655e-01
9.360908716917037964e-02 -3.843495845794677734e-01 -1.686374187469482422e+00 5.638246764594525562e-01 4.339856636635485154e-01 -3.910971397654546267e-01 5.837817785593806263e-01
9.360908716917037964e-02 -3.843495845794677734e-01 -1.686374187469482422e+00 5.638246706781713247e-01 4.339856466401708635e-01 -3.910971173469275364e-01 5.837817977596529984e-01
9.360908716917037964e-02 -3.843495547771453857e-01 -1.686374187469482422e+00 5.638246642774670248e-01 4.339856581740829111e-01 -3.910970722329376037e-01 5.837818176012739002e-01
9.360908716917037964e-02 -3.843495249748229980e-01 -1.686374068260192871e+00 5.638246576702883317e-01 4.339856682151274625e-01 -3.910970536908826012e-01 5.837818376566781264e-01
9.360908716917037964e-02 -3.843495249748229980e-01 -1.686374068260192871e+00 5.638246510631095276e-01 4.339856782561723469e-01 -3.910970351488272656e-01 5.837818577120827968e-01
9.360907971858978271e-02 -3.843494951725006104e-01 -1.686374068260192871e+00 5.638246510631095276e-01 4.339856567828411782e-01 -3.910970120237013958e-01 5.837818709264405159e-01
9.360907971858978271e-02 -3.843494653701782227e-01 -1.686374068260192871e+00 5.638246333063160476e-01 4.339856803613234559e-01 -3.910969813940391449e-01 5.837819157404727788e-01
9.360907971858978271e-02 -3.843494355678558350e-01 -1.686374068260192871e+00 5.638246333063160476e-01 4.339856869685024821e-01 -3.910969285366068804e-01 5.837819025261147265e-01
9.360907971858978271e-02 -3.843494057655334473e-01 -1.686373949050903320e+00 5.638246266991370215e-01 4.339856705808317061e-01 -3.910969099945493799e-01 5.837819357958795585e-01
9.360907226800918579e-02 -3.843494057655334473e-01 -1.686373949050903320e+00 5.638246153430478413e-01 4.339856859289915048e-01 -3.910968848358037375e-01 5.837819607682910306e-01
9.360907226800918579e-02 -3.843493759632110596e-01 -1.686373949050903320e+00 5.638246087358684822e-01 4.339856976218325890e-01 -3.910968662937454043e-01 5.837819808236992536e-01
9.360907226800918579e-02 -3.843493461608886719e-01 -1.686373949050903320e+00 5.638246031610609776e-01 4.339857068682443919e-01 -3.910968470355820625e-01 5.837819998101938523e-01
9.360907226800918579e-02 -3.843493461608886719e-01 -1.686373949050903320e+00 5.638245965538815074e-01 4.339856904805733384e-01 -3.910968020648051269e-01 5.837820198656031856e-01
9.360907226800918579e-02 -3.843493163585662842e-01 -1.686373829841613770e+00 5.638245899467020372e-01 4.339857005216201102e-01 -3.910967835227452394e-01 5.837820399210128519e-01
9.360906481742858887e-02 -3.843492865562438965e-01 -1.686373829841613770e+00 5.638245833395224560e-01 4.339857105626671596e-01 -3.910967649806850743e-01 5.837820599764231844e-01
9.360906481742858887e-02 -3.843492865562438965e-01 -1.686373829841613770e+00 5.638245769388171569e-01 4.339857220965824824e-01 -3.910967462954036411e-01 5.837820798180511916e-01
9.360906481742858887e-02 -3.843492567539215088e-01 -1.686373829841613770e+00 5.638245703316373536e-01 4.339857057089111514e-01 -3.910967244497528528e-01 5.837821130878222409e-01
9.360906481742858887e-02 -3.843492269515991211e-01 -1.686373829841613770e+00 5.638245635179831572e-01 4.339857159088857386e-01 -3.910967060509123461e-01 5.837821333570173410e-01
9.360905736684799194e-02 -3.843491375446319580e-01 -1.686373710632324219e+00 5.638245306885573127e-01 4.339857428300706865e-01 -3.910965834650678152e-01 5.837822334203032204e-01
9.360904991626739502e-02 -3.843491077423095703e-01 -1.686373710632324219e+00 5.638245232554794928e-01 4.339857568104180108e-01 -3.910965258528052435e-01 5.837822411164899084e-01
9.360904991626739502e-02 -3.843490779399871826e-01 -1.686373591423034668e+00 5.638245147900295962e-01 4.339857418530889688e-01 -3.910965052961375976e-01 5.837822630959526027e-01
9.360864758491516113e-02 -3.843497335910797119e-01 -1.686373353004455566e+00 5.638289605790318681e-01 4.339798818469711161e-01 -3.911024666605078526e-01 5.837783339023328022e-01
9.360864013433456421e-02 -3.843497037887573242e-01 -1.686373233795166016e+00 5.638289958858727635e-01 4.339798365016498960e-01 -3.911024917232215348e-01 5.837783237747806719e-01
9.360863268375396729e-02 -3.843497037887573242e-01 -1.686373233795166016e+00 5.638290237596930154e-01 4.339797952257561930e-01 -3.911025219418799437e-01 5.837783081289890097e-01
9.360862523317337036e-02 -3.843496739864349365e-01 -1.686373233795166016e+00 5.638290650542389093e-01 4.339797403163580536e-01 -3.911025593690067859e-01 5.837782785876252101e-01
9.360861778259277344e-02 -3.843496739864349365e-01 -1.686373233795166016e+00 5.638290921021649194e-01 4.339797013279472759e-01 -3.911025637320362791e-01 5.837782902254604611e-01
9.360861033201217651e-02 -3.843496739864349365e-01 -1.686373114585876465e+00 5.638291191500894861e-01 4.339796623395414388e-01 -3.911025912200090104e-01 5.837782754347902170e-01
9.360861033201217651e-02 -3.843496441841125488e-01 -1.686373114585876465e+00 5.638291461980128316e-01 4.339796233511402090e-01 -3.911026220115430552e-01 5.837782738583749964e-01
9.360860288143157959e-02 -3.843496441841125488e-01 -1.686373114585876465e+00 5.638291806789513805e-01 4.339795786415474588e-01 -3.911026443435667299e-01 5.837782513717024724e-01
9.360859543085098267e-02 -3.843496143817901611e-01 -1.686373114585876465e+00 5.638292077268718394e-01 4.339795413049380990e-01 -3.911026751350968333e-01 5.837782365810406660e-01
9.360858798027038574e-02 -3.843496143817901611e-01 -1.686373114585876465e+00 5.638292347747908551e-01 4.339795023165521903e-01 -3.911027026230624037e-01 5.837782217903817461e-01
9.360858052968978882e-02 -3.843496143817901611e-01 -1.686372995376586914e+00 5.638292634744899168e-01 4.339794604050134508e-01 -3.911027058403239165e-01 5.837782052895024165e-01
9.360858052968978882e-02 -3.843495845794677734e-01 -1.686372995376586914e+00 5.638292971295307821e-01 4.339794179829145060e-01 -3.911027320487876491e-01 5.837781836579574168e-01
9.360857307910919189e-02 -3.843495845794677734e-01 -1.686372995376586914e+00 5.638293241774455788e-01 4.339793525660476381e-01 -3.911027628403110912e-01 5.837781952958041032e-01
9.360856562852859497e-02 -3.843495547771453857e-01 -1.686372995376586914e+00 5.638293514318316602e-01 4.339793134187611701e-01 -3.911027901850500088e-01 5.837781802913781792e-01
9.360855817794799805e-02 -3.843495547771453857e-01 -1.686372995376586914e+00 5.638293784797439034e-01 4.339792744304012961e-01 -3.911028209765694541e-01 5.837781655007328041e-01
9.360855072736740112e-02 -3.843495249748229980e-01 -1.686372876167297363e+00 5.638294129606682414e-01 4.339792297208592831e-01 -3.911028168800895211e-01 5.837781562283369530e-01
9.360855072736740112e-02 -3.843495249748229980e-01 -1.686372876167297363e+00 5.638294400085774871e-01 4.339791923842906685e-01 -3.911028476716064683e-01 5.837781414376973510e-01
9.360854327678680420e-02 -3.843495249748229980e-01 -1.686372876167297363e+00 5.638294670564854005e-01 4.339791533959460601e-01 -3.911028751595601594e-01 5.837781266470606356e-01
9.360852092504501343e-02 -3.843494653701782227e-01 -1.686372756958007812e+00 5.638295579044110273e-01 4.339790273098401152e-01 -3.911029376777986344e-01 5.837780986561037500e-01
9.360850602388381958e-02 -3.843494355678558350e-01 -1.686372756958007812e+00 5.638296481329044818e-01 4.339789017005508676e-01 -3.911030237506098461e-01 5.837780580922632412e-01
9.360847622156143188e-02 -3.843493759632110596e-01 -1.686372637748718262e+00 5.638297705710887398e-01 4.339787050497279641e-01 -3.911031205165877433e-01 5.837779841791688185e-01
9.360846877098083496e-02 -3.843493461608886719e-01 -1.686372637748718262e+00 5.638298164079738051e-01 4.339786400371349884e-01 -3.911031647034840519e-01 5.837779895775317973e-01
9.360846132040023804e-02 -3.843493461608886719e-01 -1.686372518539428711e+00 5.638298645160518818e-01 4.339785732764204207e-01 -3.911032139220673720e-01 5.837779661958758526e-01
9.360844641923904419e-02 -3.843493163585662842e-01 -1.686372518539428711e+00 5.638299479309071272e-01 4.339784595188285188e-01 -3.911032617748408935e-01 5.837779194725457588e-01
9.360843151807785034e-02 -3.843492865562438965e-01 -1.686372399330139160e+00 5.638299855088824142e-01 4.339784041666943648e-01 -3.911033050834268887e-01 5.837779069935516985e-01
9.360843151807785034e-02 -3.843492567539215088e-01 -1.686372399330139160e+00 5.638300222609657908e-01 4.339783560573700627e-01 -3.911033357506591979e-01 5.837779085839024384e-01
9.360841661691665649e-02 -3.843492567539215088e-01 -1.686372399330139160e+00 5.638300672719409601e-01 4.339782669038521612e-01 -3.911033540819531251e-01 5.837778884089376286e-01
9.360841661691665649e-02 -3.843492269515991211e-01 -1.686372399330139160e+00 5.638300951457082544e-01 4.339782272799340146e-01 -3.911033843005482513e-01 5.837778727632519926e-01
9.360840916633605957e-02 -3.843492269515991211e-01 -1.686372280120849609e+00 5.638301221935847485e-01 4.339781882917052025e-01 -3.911034117884660266e-01 5.837778579726778938e-01
9.360840171575546265e-02 -3.843492269515991211e-01 -1.686372280120849609e+00 5.638301558485743215e-01 4.339781442180077331e-01 -3.911034379968832964e-01 5.837778363412398086e-01
9.360839426517486572e-02 -3.843491971492767334e-01 -1.686372280120849609e+00 5.638301828964479290e-01 4.339781052297893571e-01 -3.911034654847975744e-01 5.837778215506720381e-01
9.360838681459426880e-02 -3.843491971492767334e-01 -1.686372280120849609e+00 5.638302101507925990e-01 4.339780677344330373e-01 -3.911034697045916997e-01 5.837778065463299360e-01
9.360838681459426880e-02 -3.843491673469543457e-01 -1.686372280120849609e+00 5.638302380245527878e-01 4.339780281105402593e-01 -3.911034966196216822e-01 5.837777909006597321e-01
9.360837936401367188e-02 -3.843491673469543457e-01 -1.686372280120849609e+00 5.638302716795353664e-01 4.339779840368667707e-01 -3.911035228280333453e-01 5.837777956976890614e-01
9.360837191343307495e-02 -3.843491375446319580e-01 -1.686372160911560059e+00 5.638302987274034228e-01 4.339779450486683232e-01 -3.911035503159417392e-01 5.837777941213573296e-01
9.360836446285247803e-02 -3.843491375446319580e-01 -1.686372160911560059e+00 5.638303257752702580e-01 4.339779077122526418e-01 -3.911035811074045632e-01 5.837777793308023266e-01
9.360835701227188110e-02 -3.843491375446319580e-01 -1.686372160911560059e+00 5.638303528231356498e-01 4.339778687240636867e-01 -3.911035821668613077e-01 5.837777645402503213e-01
9.360835701227188110e-02 -3.843491077423095703e-01 -1.686372160911560059e+00 5.638303800774721042e-01 4.339778031485117538e-01 -3.911036128151009761e-01 5.837777495359239843e-01
9.360834956169128418e-02 -3.843491077423095703e-01 -1.686372160911560059e+00 5.638304137324462451e-01 4.339777590748692959e-01 -3.911036357199493274e-01 5.837777279045182066e-01
9.360834211111068726e-02 -3.843490779399871826e-01 -1.686372041702270508e+00 5.638304407803075291e-01 4.339777217384744312e-01 -3.911036632078500608e-01 5.837777131139751940e-01
9.360833466053009033e-02 -3.843490779399871826e-01 -1.686372041702270508e+00 5.638304820747496171e-01 4.339776651776684480e-01 -3.911037006348712652e-01 5.837776967870575984e-01
9.360831230878829956e-02 -3.843490183353424072e-01 -1.686371922492980957e+00 5.638305857237860819e-01 4.339775176766379472e-01 -3.911037840053046555e-01 5.837776687564530942e-01
9.360830485820770264e-02 -3.843490183353424072e-01 -1.686371922492980957e+00 5.638306315606048669e-01 4.339774543160637155e-01 -3.911038281921291326e-01 5.837776345122500654e-01
9.360827505588531494e-02 -3.843489587306976318e-01 -1.686371803283691406e+00 5.638307622574596500e-01 4.339772480056938164e-01 -3.911039225326505830e-01 5.837775916911800422e-01
9.360824525356292725e-02 -3.843488693237304688e-01 -1.686371684074401855e+00 5.638309148403213289e-01 4.339770331087821620e-01 -3.911040545486381692e-01 5.837775129956512821e-01
9.360822290182113647e-02 -3.843488395214080811e-01 -1.686371564865112305e+00 5.638310193151662153e-01 4.339768915794662285e-01 -3.911041208283559389e-01 5.837774841100792367e-01
9.360820800065994263e-02 -3.843488097190856934e-01 -1.686371564865112305e+00 5.638310990133550415e-01 4.339767509510830124e-01 -3.911042075980488697e-01 5.837774412350650310e-01
9.360817819833755493e-02 -3.843487501144409180e-01 -1.686371445655822754e+00 5.638312356977874806e-01 4.339765615055354298e-01 -3.911043109992948796e-01 5.837774054288837888e-01
9.360811114311218262e-02 -3.843486011028289795e-01 -1.686371088027954102e+00 5.638315759634207058e-01 4.339760650538874165e-01 -3.911045837190280650e-01 5.837772381249153320e-01
9.360808134078979492e-02 -3.843485414981842041e-01 -1.686371088027954102e+00 5.638317006723756464e-01 4.339758897813991712e-01 -3.911046855163011204e-01 5.837772015037302475e-01
9.360807389020919800e-02 -3.843485116958618164e-01 -1.686370968818664551e+00 5.638317533226712142e-01 4.339758145697200087e-01 -3.911047150661191019e-01 5.837771866335134119e-01
9.362617135047912598e-02 -3.843682110309600830e-01 -1.686396360397338867e+00 5.638246671681076405e-01 4.339565909702625679e-01 -3.910962046874422171e-01 5.838040015141943151e-01
9.362617880105972290e-02 -3.843682110309600830e-01 -1.686396241188049316e+00 5.638246723299659147e-01 4.339565936045351457e-01 -3.910961482494977326e-01 5.838040358124951812e-01
9.362617880105972290e-02 -3.843682110309600830e-01 -1.686396241188049316e+00 5.638246733623375473e-01 4.339565729884182765e-01 -3.910961144975018122e-01 5.838040743866124149e-01
9.362618625164031982e-02 -3.843682110309600830e-01 -1.686396241188049316e+00 5.638246727429145899e-01 4.339565519918365810e-01 -3.910960653733243086e-01 5.838041014566992537e-01
9.362618625164031982e-02 -3.843682110309600830e-01 -1.686396241188049316e+00 5.638246789371444967e-01 4.339565538315283688e-01 -3.910960379515820984e-01 5.838041346860446401e-01
9.362618625164031982e-02 -3.843682110309600830e-01 -1.686396241188049316e+00 5.638246774918241888e-01 4.339565598993258555e-01 -3.910959860966979340e-01 5.838041626112947524e-01
9.362619370222091675e-02 -3.843682110309600830e-01 -1.686396241188049316e+00 5.638246768724012314e-01 4.339565389027442710e-01 -3.910959634012347030e-01 5.838042028957385332e-01
9.362619370222091675e-02 -3.843682110309600830e-01 -1.686396121978759766e+00 5.638246828601567451e-01 4.339565409013524944e-01 -3.910959328191251916e-01 5.838042231245165192e-01
9.362620115280151367e-02 -3.843682110309600830e-01 -1.686396121978759766e+00 5.638246824472080698e-01 4.339565197458549184e-01 -3.910958835517278076e-01 5.838042499808122621e-01
9.362620115280151367e-02 -3.843682110309600830e-01 -1.686396121978759766e+00 5.638246818277851125e-01 4.339565251779873845e-01 -3.910958608562646877e-01 5.838042902652557098e-01
9.362620115280151367e-02 -3.843682110309600830e-01 -1.686396121978759766e+00 5.638246886414378656e-01 4.339564984604227793e-01 -3.910958065761502289e-01 5.838043096388690900e-01
9.362620860338211060e-02 -3.843682110309600830e-01 -1.686396121978759766e+00 5.638246882284891903e-01 4.339565053854335663e-01 -3.910957804338776045e-01 5.838043364951644998e-01
9.362620860338211060e-02 -3.843682110309600830e-01 -1.686396121978759766e+00 5.638246874025918398e-01 4.339564878513578194e-01 -3.910957215421538846e-01 5.838043902077555414e-01
9.362622350454330444e-02 -3.843682408332824707e-01 -1.686396002769470215e+00 5.638246929773986782e-01 4.339564753016476595e-01 -3.910956086567591861e-01 5.838044901502531525e-01
9.362622350454330444e-02 -3.843682408332824707e-01 -1.686396002769470215e+00 5.638246971068850977e-01 4.339564523017891418e-01 -3.910955760600487996e-01 5.838044990887901742e-01
9.362623095512390137e-02 -3.843682408332824707e-01 -1.686396002769470215e+00 5.638247020622687566e-01 4.339564534431846754e-01 -3.910955197653336324e-01 5.838045203865195321e-01
9.362623095512390137e-02 -3.843682408332824707e-01 -1.686396002769470215e+00 5.638247006169485598e-01 4.339564330822685556e-01 -3.910954976427523100e-01 5.838045615261259202e-01
9.362623095512390137e-02 -3.843682408332824707e-01 -1.686395883560180664e+00 5.638247018557944745e-01 4.339564403877443910e-01 -3.910954373188260114e-01 5.838045998864492825e-01
9.362623840570449829e-02 -3.843682408332824707e-01 -1.686395883560180664e+00 5.638247078435496551e-01 4.339564143058465828e-01 -3.910954100403127298e-01 5.838046201152224945e-01
9.362623840570449829e-02 -3.843682408332824707e-01 -1.686395883560180664e+00 5.638247072241266977e-01 4.339564197379787158e-01 -3.910953576125483777e-01 5.838046603996646100e-01
9.362624585628509521e-02 -3.843682408332824707e-01 -1.686395883560180664e+00 5.638247068111781335e-01 4.339564002342764515e-01 -3.910953347738653219e-01 5.838046872559593536e-01
9.362624585628509521e-02 -3.843682408332824707e-01 -1.686395883560180664e+00 5.638247127989333141e-01 4.339564005810917502e-01 -3.910953074953533726e-01 5.838047206990877314e-01
9.362624585628509521e-02 -3.843682408332824707e-01 -1.686395883560180664e+00 5.638247132118818783e-01 4.339563787899306524e-01 -3.910952576550770776e-01 5.838047467002180912e-01
9.362625330686569214e-02 -3.843682408332824707e-01 -1.686395883560180664e+00 5.638247115600873993e-01 4.339563866684378324e-01 -3.910952323721266777e-01 5.838047748392590774e-01
9.362625330686569214e-02 -3.843682408332824707e-01 -1.686395764350891113e+00 5.638247177543168620e-01 4.339563604276249764e-01 -3.910951785216836285e-01 5.838048080685951380e-01
9.362626075744628906e-02 -3.843682408332824707e-01 -1.686395764350891113e+00 5.638247171348939046e-01 4.339563658597569429e-01 -3.910951558262211747e-01 5.838048351386806445e-01
9.362626075744628906e-02 -3.843682408332824707e-01 -1.686395764350891113e+00 5.638247175478425799e-01 4.339563440685959561e-01 -3.910951324146574870e-01 5.838048611398106713e-01
9.362626075744628906e-02 -3.843682408332824707e-01 -1.686395764350891113e+00 5.638247235355976494e-01 4.339563460672064554e-01 -3.910950787074363721e-01 5.838048945829366065e-01
9.362626820802688599e-02 -3.843682408332824707e-01 -1.686395764350891113e+00 5.638247231226489742e-01 4.339563513404222084e-01 -3.910950525651648579e-01 5.838049214392307951e-01
9.362626820802688599e-02 -3.843682706356048584e-01 -1.686395764350891113e+00 5.638247225032260168e-01 4.339563303438421227e-01 -3.910950034409904630e-01 5.838049485093161906e-01
9.362627565860748291e-02 -3.843682706356048584e-01 -1.686395645141601562e+00 5.638247220902774526e-01 4.339563356170578201e-01 -3.910949806023077957e-01 5.838049885799664329e-01
9.362627565860748291e-02 -3.843682706356048584e-01 -1.686395645141601562e+00 5.638247280780324111e-01 4.339563095351622324e-01 -3.910949533238005094e-01 5.838049823800233185e-01
9.362627565860748291e-02 -3.843682706356048584e-01 -1.686395645141601562e+00 5.638247282845068042e-01 4.339563159834239903e-01 -3.910949036267458712e-01 5.838050218092996069e-01
9.362628310918807983e-02 -3.843682706356048584e-01 -1.686395645141601562e+00 5.638247278715581290e-01 4.339562948279279686e-01 -3.910948774844744125e-01 5.838050486655936844e-01
9.362628310918807983e-02 -3.843682706356048584e-01 -1.686395645141601562e+00 5.638247338593130875e-01 4.339562951747445996e-01 -3.910948237772570724e-01 5.838050688943615674e-01
9.362629055976867676e-02 -3.843682706356048584e-01 -1.686395645141601562e+00 5.638247332398902412e-01 4.339562741781647359e-01 -3.910948010817947851e-01 5.838051091788021285e-01
9.362629801034927368e-02 -3.843682706356048584e-01 -1.686395525932312012e+00 5.638247375758506097e-01 4.339562592783657857e-01 -3.910947088772724900e-01 5.838051839753212180e-01
9.362629801034927368e-02 -3.843682706356048584e-01 -1.686395525932312012e+00 5.638247402600166103e-01 4.339562423463066976e-01 -3.910946277292783879e-01 5.838052472678134652e-01
9.362630546092987061e-02 -3.843682706356048584e-01 -1.686395525932312012e+00 5.638247419118110892e-01 4.339562245570336985e-01 -3.910945572081516164e-01 5.838052984149056934e-01
9.362631291151046753e-02 -3.843682706356048584e-01 -1.686395406723022461e+00 5.638247458348228935e-01 4.339562297966005899e-01 -3.910945148439054497e-01 5.838053472102938679e-01
9.362631291151046753e-02 -3.843682706356048584e-01 -1.686395406723022461e+00 5.638247495513603047e-01 4.339562104181672875e-01 -3.910944461941691097e-01 5.838053962194726942e-01
9.362632036209106445e-02 -3.843682706356048584e-01 -1.686395406723022461e+00 5.638247489319374584e-01 4.339561894215879234e-01 -3.910944234987070445e-01 5.838054232895572015e-01
9.362632036209106445e-02 -3.843683004379272461e-01 -1.686395406723022461e+00 5.638247551261664769e-01 4.339561896094897842e-01 -3.910943663446879714e-01 5.838054565188843803e-01
9.362632781267166138e-02 -3.843683004379272461e-01 -1.686395406723022461e+00 5.638247545067435196e-01 4.339561966934155635e-01 -3.910943436492260727e-01 5.838054571602583342e-01
9.362632781267166138e-02 -3.843683004379272461e-01 -1.686395406723022461e+00 5.638247538873206732e-01 4.339561756968364215e-01 -3.910943209537641185e-01 5.838054974446978962e-01
9.362632781267166138e-02 -3.843683004379272461e-01 -1.686395287513732910e+00 5.638247600815496918e-01 4.339561758847383932e-01 -3.910942671033353912e-01 5.838055174596689101e-01
9.362633526325225830e-02 -3.843683004379272461e-01 -1.686395287513732910e+00 5.638247594621267345e-01 4.339561548881594732e-01 -3.910942444078736591e-01 5.838055445297531953e-01
9.362633526325225830e-02 -3.843683004379272461e-01 -1.686395287513732910e+00 5.638247590491781702e-01 4.339561618131690945e-01 -3.910941918368928127e-01 5.838055846004012173e-01
9.362634271383285522e-02 -3.843683004379272461e-01 -1.686395287513732910e+00 5.638247650369327957e-01 4.339561357312773371e-01 -3.910941645583959625e-01 5.838056048291625499e-01
9.362634271383285522e-02 -3.843683004379272461e-01 -1.686395287513732910e+00 5.638247654498813599e-01 4.339561403688284025e-01 -3.910941411468350504e-01 5.838056308302898012e-01
9.362634271383285522e-02 -3.843683004379272461e-01 -1.686395287513732910e+00 5.638247648304585136e-01 4.339561193722495935e-01 -3.910940920226633200e-01 5.838056711147288080e-01
9.362635016441345215e-02 -3.843683004379272461e-01 -1.686395287513732910e+00 5.638247708182130280e-01 4.339561197190683339e-01 -3.910940647441678575e-01 5.838056913434891415e-01
9.362635016441345215e-02 -3.843683004379272461e-01 -1.686395168304443359e+00 5.638247704052644638e-01 4.339561002153680680e-01 -3.910940121731879549e-01 5.838057181997815537e-01
9.362635016441345215e-02 -3.843683004379272461e-01 -1.686395168304443359e+00 5.638247697858416174e-01 4.339561056474991463e-01 -3.910939894777262227e-01 5.838057584842203385e-01
9.362635761499404907e-02 -3.843683004379272461e-01 -1.686395168304443359e+00 5.638247701987901817e-01 4.339561102850502117e-01 -3.910939660661656991e-01 5.838057844853472567e-01
9.362635761499404907e-02 -3.843683004379272461e-01 -1.686395168304443359e+00 5.638247761865446961e-01 4.339560842031596199e-01 -3.910939123589623478e-01 5.838058047141061468e-01
9.362636506557464600e-02 -3.843683004379272461e-01 -1.686395168304443359e+00 5.638247757735961319e-01 4.339560911281689637e-01 -3.910938895202810683e-01 5.838058447847531696e-01
9.362636506557464600e-02 -3.843683004379272461e-01 -1.686395168304443359e+00 5.638247813484019710e-01 4.339560686676995349e-01 -3.910938228851639220e-01 5.838058786554488622e-01
9.362637251615524292e-02 -3.843683302402496338e-01 -1.686395049095153809e+00 5.638247848584648780e-01 4.339560527517732358e-01 -3.910937312535359145e-01 5.838059410927672888e-01
9.362637996673583984e-02 -3.843683302402496338e-01 -1.686395049095153809e+00 5.638247869232078102e-01 4.339560313410817383e-01 -3.910936967854529711e-01 5.838059785979161642e-01
9.362637996673583984e-02 -3.843683302402496338e-01 -1.686395049095153809e+00 5.638247852714135533e-01 4.339560392195866978e-01 -3.910936450737921843e-01 5.838060067369568173e-01
9.362638741731643677e-02 -3.843683302402496338e-01 -1.686395049095153809e+00 5.638247904332707172e-01 4.339560137733615708e-01 -3.910936150645924481e-01 5.838060410352333696e-01
9.362638741731643677e-02 -3.843683302402496338e-01 -1.686395049095153809e+00 5.638247889879507424e-01 4.339560214929504833e-01 -3.910935665133007388e-01 5.838060689604824827e-01
9.362638741731643677e-02 -3.843683302402496338e-01 -1.686394929885864258e+00 5.638247949757050348e-01 4.339559954110618900e-01 -3.910935359312235904e-01 5.838061024035923197e-01
9.362639486789703369e-02 -3.843683302402496338e-01 -1.686394929885864258e+00 5.638247935303850600e-01 4.339560031306506915e-01 -3.910935138086406582e-01 5.838061303288414328e-01
9.362639486789703369e-02 -3.843683302402496338e-01 -1.686394929885864258e+00 5.638247927044878205e-01 4.339559822929887623e-01 -3.910934615241017376e-01 5.838061708270705363e-01
9.362640231847763062e-02 -3.843683302402496338e-01 -1.686394929885864258e+00 5.638248005505106519e-01 4.339559845131542026e-01 -3.910934230458728567e-01 5.838062023460551808e-01
9.362640231847763062e-02 -3.843683302402496338e-01 -1.686394929885864258e+00 5.638247999310878056e-01 4.339559635165765039e-01 -3.910933739217033467e-01 5.838062294161381338e-01
9.362640976905822754e-02 -3.843683302402496338e-01 -1.686394929885864258e+00 5.638247995181392413e-01 4.339559687897912021e-01 -3.910933510830225668e-01 5.838062694867838243e-01
9.362640976905822754e-02 -3.843683302402496338e-01 -1.686394810676574707e+00 5.638248055058935337e-01 4.339559427079036080e-01 -3.910932973758287634e-01 5.838062897155367192e-01
9.362640976905822754e-02 -3.843683302402496338e-01 -1.686394810676574707e+00 5.638248048864706874e-01 4.339559497918284436e-01 -3.910932713767791280e-01 5.838063167856195612e-01
9.362641721963882446e-02 -3.843683302402496338e-01 -1.686394810676574707e+00 5.638248044735221232e-01 4.339559286363349200e-01 -3.910932485380985146e-01 5.838063568562648076e-01
9.362641721963882446e-02 -3.843683302402496338e-01 -1.686394810676574707e+00 5.638248038540992768e-01 4.339559340684654987e-01 -3.910931994139291712e-01 5.838063839263477606e-01
9.362642467021942139e-02 -3.843683302402496338e-01 -1.686394810676574707e+00 5.638248108742247577e-01 4.339559336207069462e-01 -3.910931714193480735e-01 5.838064030861416231e-01
9.362642467021942139e-02 -3.843683302402496338e-01 -1.686394810676574707e+00 5.638248102548019114e-01 4.339559126241295806e-01 -3.910931222951792297e-01 5.838064433705781875e-01
9.362642467021942139e-02 -3.843683600425720215e-01 -1.686394810676574707e+00 5.638248098418533472e-01 4.339559195491383692e-01 -3.910930994564986718e-01 5.838064437981613786e-01
9.362643212080001831e-02 -3.843683600425720215e-01 -1.686394691467285156e+00 5.638248158296075285e-01 4.339558934672518853e-01 -3.910930688744277406e-01 5.838064640269122751e-01
9.362643212080001831e-02 -3.843683600425720215e-01 -1.686394691467285156e+00 5.638248162425560928e-01 4.339558981048027286e-01 -3.910930190341621593e-01 5.838065032423903622e-01
9.362643957138061523e-02 -3.843683600425720215e-01 -1.686394691467285156e+00 5.638248147972361179e-01 4.339558777438891624e-01 -3.910929969115787830e-01 5.838065311676394753e-01
9.362643957138061523e-02 -3.843683600425720215e-01 -1.686394691467285156e+00 5.638248211979386415e-01 4.339558579513485559e-01 -3.910929197928327272e-01 5.838065906118671267e-01
9.362644702196121216e-02 -3.843683600425720215e-01 -1.686394572257995605e+00 5.638248236756300269e-01 4.339558411782100666e-01 -3.910928354844903088e-01 5.838066541181352598e-01
9.362645447254180908e-02 -3.843683600425720215e-01 -1.686394572257995605e+00 5.638248259468470192e-01 4.339558460373121873e-01 -3.910928041767822716e-01 5.838066914094874882e-01
9.362645447254180908e-02 -3.843683600425720215e-01 -1.686394572257995605e+00 5.638248242950528732e-01 4.339558274871088139e-01 -3.910927524651223175e-01 5.838067327628817527e-01
9.362645447254180908e-02 -3.843683600425720215e-01 -1.686394572257995605e+00 5.638248302828067215e-01 4.339558278339311070e-01 -3.910927251866443966e-01 5.838067529916294296e-01
9.362667798995971680e-02 -3.843682706356048584e-01 -1.686394810676574707e+00 5.638216730758616180e-01 4.339575987673555124e-01 -3.910962894714993254e-01 5.838060974231761291e-01
9.362668544054031372e-02 -3.843682706356048584e-01 -1.686394810676574707e+00 5.638216410721691441e-01 4.339576101852658518e-01 -3.910962885456911731e-01 5.838061305612279872e-01
9.362668544054031372e-02 -3.843682706356048584e-01 -1.686394810676574707e+00 5.638216158821648394e-01 4.339576180106771153e-01 -3.910962795899436961e-01 5.838061566440856387e-01
9.362669289112091064e-02 -3.843682706356048584e-01 -1.686394691467285156e+00 5.638215904856839211e-01 4.339576243432047287e-01 -3.910962740810258187e-01 5.838061697263113858e-01
9.362670034170150757e-02 -3.843682706356048584e-01 -1.686394691467285156e+00 5.638215640568244869e-01 4.339576331221293715e-01 -3.910962659846119460e-01 5.838061970919394827e-01
9.366264194250106812e-02 -3.843365311622619629e-01 -1.686447501182556152e+00 5.638258062858496622e-01 4.339729440673024130e-01 -3.910629568420832536e-01 5.838130102826607493e-01
9.366267174482345581e-02 -3.843365311622619629e-01 -1.686447501182556152e+00 5.638257810960313199e-01 4.339729518931978447e-01 -3.910629511883665921e-01 5.838130363654404631e-01
9.366270154714584351e-02 -3.843365013599395752e-01 -1.686447501182556152e+00 5.638257559062119784e-01 4.339729580673032938e-01 -3.910629686597307808e-01 5.838130624482236186e-01
9.366272389888763428e-02 -3.843364715576171875e-01 -1.686447501182556152e+00 5.638257241092252681e-01 4.339729709786942502e-01 -3.910629675886692636e-01 5.838130821580650442e-01
9.366275370121002197e-02 -3.843364715576171875e-01 -1.686447501182556152e+00 5.638256989194033730e-01 4.339729788045947334e-01 -3.910629619349547115e-01 5.838131082408554162e-01
9.365583956241607666e-02 -3.843534588813781738e-01 -1.686504840850830078e+00 5.638352680801055339e-01 4.339666723892185995e-01 -3.910581155005238840e-01 5.838117759817934571e-01
9.365591406822204590e-02 -3.843533992767333984e-01 -1.686504960060119629e+00 5.638351687678101465e-01 4.339667042292275623e-01 -3.910580951851186371e-01 5.838118655985994332e-01
9.365594387054443359e-02 -3.843533694744110107e-01 -1.686504960060119629e+00 5.638351390360591964e-01 4.339667122469733629e-01 -3.910580860743625431e-01 5.838118963837488629e-01
9.365596622228622437e-02 -3.843533694744110107e-01 -1.686504960060119629e+00 5.638351124013643023e-01 4.339667195327742699e-01 -3.910580781191140831e-01 5.838119239621160084e-01
9.365598857402801514e-02 -3.843533396720886230e-01 -1.686504960060119629e+00 5.638350793660822369e-01 4.339667317449132922e-01 -3.910581043348633767e-01 5.838119449537346739e-01
9.364733099937438965e-02 -3.843532800674438477e-01 -1.686520814895629883e+00 5.638254197665475420e-01 4.339810710650618963e-01 -3.910428682372930065e-01 5.838208369629380723e-01
9.364734590053558350e-02 -3.843532800674438477e-01 -1.686520934104919434e+00 5.638253890019121473e-01 4.339810798787235857e-01 -3.910428631455217241e-01 5.838208556042671082e-01
9.364739805459976196e-02 -3.843532502651214600e-01 -1.686521053314208984e+00 5.638252770929560453e-01 4.339811164622064954e-01 -3.910428383491856841e-01 5.838209318389491198e-01
9.364743530750274658e-02 -3.843532502651214600e-01 -1.686521172523498535e+00 5.638251889285045282e-01 4.339811446801109529e-01 -3.910428202098644723e-01 5.838210099157582489e-01
9.364745020866394043e-02 -3.843532502651214600e-01 -1.686521172523498535e+00 5.638251542408477812e-01 4.339811548615709058e-01 -3.910428112317400617e-01 5.838210458336001718e-01
9.364747256040573120e-02 -3.843532502651214600e-01 -1.686521172523498535e+00 5.638251135654378521e-01 4.339811696518585671e-01 -3.910428064064409015e-01 5.838210747372076792e-01
9.364748001098632812e-02 -3.843532502651214600e-01 -1.686521291732788086e+00 5.638250885820629277e-01 4.339811773192298050e-01 -3.910428006086375530e-01 5.838211006066148512e-01
9.364749491214752197e-02 -3.843532502651214600e-01 -1.686521291732788086e+00 5.638250646310577485e-01 4.339811577632814998e-01 -3.910427940948301151e-01 5.838211254070416745e-01
9.364750236272811890e-02 -3.843532502651214600e-01 -1.686521291732788086e+00 5.638250396476804926e-01 4.339811637788610899e-01 -3.910427882970272662e-01 5.838211512764557298e-01
9.364751726388931274e-02 -3.843532502651214600e-01 -1.686521291732788086e+00 5.638250090894987299e-01 4.339811757372118994e-01 -3.910427863656488756e-01 5.838211697040388559e-01
9.364752471446990967e-02 -3.843532502651214600e-01 -1.686521410942077637e+00 5.638249853449642801e-01 4.339811824510381166e-01 -3.910428061373411035e-01 5.838211942906788021e-01
9.364753961563110352e-02 -3.843532502651214600e-01 -1.686521410942077637e+00 5.638249613939547711e-01 4.339811893237905949e-01 -3.910427963199480939e-01 5.838212190911185040e-01
9.364755451679229736e-02 -3.843532204627990723e-01 -1.686521410942077637e+00 5.638249374429441518e-01 4.339811961965445164e-01 -3.910427898061427654e-01 5.838212306772105897e-01
9.364756196737289429e-02 -3.843532204627990723e-01 -1.686521410942077637e+00 5.638249060588598205e-01 4.339812087906040894e-01 -3.910427884475717875e-01 5.838212631743466829e-01
9.364757686853408813e-02 -3.843532204627990723e-01 -1.686521530151367188e+00 5.638248821078468698e-01 4.339812156633612861e-01 -3.910427819337671251e-01 5.838212879747964879e-01
9.364758431911468506e-02 -3.843532204627990723e-01 -1.686521530151367188e+00 5.638248581568329199e-01 4.339812225361198705e-01 -3.910427787235508101e-01 5.838213127752492904e-01
9.364759922027587891e-02 -3.843532204627990723e-01 -1.686521530151367188e+00 5.638248344122922528e-01 4.339812292499546365e-01 -3.910427720665455298e-01 5.838213241475548321e-01
9.364760667085647583e-02 -3.843532204627990723e-01 -1.686521530151367188e+00 5.638248038540992768e-01 4.339812412083219884e-01 -3.910427701351733565e-01 5.838213557895197692e-01
9.364762157201766968e-02 -3.843532204627990723e-01 -1.686521649360656738e+00 5.638247799030819962e-01 4.339812480810851247e-01 -3.910427636213696934e-01 5.838213541612731206e-01
9.364762902259826660e-02 -3.843532204627990723e-01 -1.686521649360656738e+00 5.638247559520636054e-01 4.339812549538497599e-01 -3.910427571075662523e-01 5.838213789617379135e-01
9.364765137434005737e-02 -3.843532204627990723e-01 -1.686521649360656738e+00 5.638247196125857341e-01 4.339812664067467796e-01 -3.910427459714688192e-01 5.838214033756790045e-01
9.364770352840423584e-02 -3.843532204627990723e-01 -1.686521768569946289e+00 5.638245903596507125e-01 4.339813097329608405e-01 -3.910427232932943697e-01 5.838215239983877147e-01
9.364771842956542969e-02 -3.843531906604766846e-01 -1.686521887779235840e+00 5.638245577367008154e-01 4.339813199770115593e-01 -3.910427161867589541e-01 5.838215445640043688e-01
9.364773333072662354e-02 -3.843531906604766846e-01 -1.686521887779235840e+00 5.638245313079804921e-01 4.339813271050985688e-01 -3.910427345165016222e-01 5.838215719300650086e-01
9.364774823188781738e-02 -3.843531906604766846e-01 -1.686521887779235840e+00 5.638245059116309132e-01 4.339813350903554134e-01 -3.910427290051093352e-01 5.838215982271425242e-01
9.364775568246841431e-02 -3.843531906604766846e-01 -1.686521887779235840e+00 5.638244730822016271e-01 4.339813471451335891e-01 -3.910427253453682694e-01 5.838216322209309750e-01
9.364777058362960815e-02 -3.843531906604766846e-01 -1.686522006988525391e+00 5.638244474793749905e-01 4.339813536375242697e-01 -3.910427166735873095e-01 5.838216455174517483e-01
9.364778548479080200e-02 -3.843531906604766846e-01 -1.686522006988525391e+00 5.638244210506495602e-01 4.339813624174135853e-01 -3.910427118782018319e-01 5.838216728835277092e-01
9.364780038595199585e-02 -3.843531906604766846e-01 -1.686522006988525391e+00 5.638243820269822626e-01 4.339813759363723156e-01 -3.910427059073163791e-01 5.838217132912565388e-01
9.364780783653259277e-02 -3.843531906604766846e-01 -1.686522126197814941e+00 5.638243580759471074e-01 4.339813828091600989e-01 -3.910426993935175455e-01 5.838217248774069112e-01
9.364782273769378662e-02 -3.843531906604766846e-01 -1.686522126197814941e+00 5.638243341249108420e-01 4.339813896819493810e-01 -3.910426928797189339e-01 5.838217496779244398e-01
9.364783018827438354e-02 -3.843531906604766846e-01 -1.686522126197814941e+00 5.638243093479757828e-01 4.339813971904420420e-01 -3.910426869387252369e-01 5.838217753336355509e-01
9.364784508943557739e-02 -3.843531906604766846e-01 -1.686522126197814941e+00 5.638242787897543851e-01 4.339814091488514713e-01 -3.910426850073663863e-01 5.838217937613174868e-01
9.364785999059677124e-02 -3.843531906604766846e-01 -1.686522245407104492e+00 5.638242546322402848e-01 4.339814161805709558e-01 -3.910426786367697805e-01 5.838217923469086745e-01
9.364786744117736816e-02 -3.843531906604766846e-01 -1.686522245407104492e+00 5.638242296488272798e-01 4.339814238479940967e-01 -3.910426728389783113e-01 5.838218182164265357e-01
9.364788234233856201e-02 -3.843531608581542969e-01 -1.686522245407104492e+00 5.638242056977855743e-01 4.339814307207908173e-01 -3.910426663251808654e-01 5.838218430169592743e-01
9.364788979291915894e-02 -3.843531608581542969e-01 -1.686522245407104492e+00 5.638241743136604978e-01 4.339814433149111195e-01 -3.910426649666295384e-01 5.838218622998451179e-01
9.364790469408035278e-02 -3.843531608581542969e-01 -1.686522364616394043e+00 5.638241503626164608e-01 4.339814501877111708e-01 -3.910426584528327032e-01 5.838218871003846289e-01
9.364791214466094971e-02 -3.843531608581542969e-01 -1.686522364616394043e+00 5.638241262050969205e-01 4.339814572194381492e-01 -3.910426520822373186e-01 5.838219121147251167e-01
9.364792704582214355e-02 -3.843531608581542969e-01 -1.686522364616394043e+00 5.638241012216781423e-01 4.339814648868692837e-01 -3.910426462844473483e-01 5.838219379842600754e-01
9.364794194698333740e-02 -3.843531608581542969e-01 -1.686522364616394043e+00 5.638240772706309967e-01 4.339814717596735538e-01 -3.910426661993932629e-01 5.838219495704382034e-01
9.364794939756393433e-02 -3.843531608581542969e-01 -1.686522483825683594e+00 5.638240467123969424e-01 4.339814837181016904e-01 -3.910426642680412401e-01 5.838219812125220454e-01
9.364800155162811279e-02 -3.843531608581542969e-01 -1.686522603034973145e+00 5.638239381067681188e-01 4.339815177591442863e-01 -3.910426404841627623e-01 5.838220804558655885e-01
9.364801645278930664e-02 -3.843531608581542969e-01 -1.686522603034973145e+00 5.638239013542881706e-01 4.339815278781702923e-01 -3.910426296344811092e-01 5.838221052975380854e-01
9.364803135395050049e-02 -3.843531608581542969e-01 -1.686522603034973145e+00 5.638238596464147934e-01 4.339815434632164348e-01 -3.910426255252278938e-01 5.838221484847463394e-01
9.364804625511169434e-02 -3.843531310558319092e-01 -1.686522722244262695e+00 5.638238344565096316e-01 4.339815512895898730e-01 -3.910426198706435930e-01 5.838221745681143604e-01
9.364805370569229126e-02 -3.843531310558319092e-01 -1.686522722244262695e+00 5.638238094730778638e-01 4.339815573052420161e-01 -3.910426107692638875e-01 5.838221872233104737e-01
9.364806860685348511e-02 -3.843531310558319092e-01 -1.686522722244262695e+00 5.638237853155436685e-01 4.339815379082332392e-01 -3.910426043986727218e-01 5.838222122376940382e-01
9.364808350801467896e-02 -3.843531310558319092e-01 -1.686522722244262695e+00 5.638237539313951663e-01 4.339815505023869036e-01 -3.910426030401331632e-01 5.838222447350176481e-01
9.364809095859527588e-02 -3.843531310558319092e-01 -1.686522841453552246e+00 5.638237297738586395e-01 4.339815575341362530e-01 -3.910425966695427191e-01 5.838222697494086511e-01
9.364810585975646973e-02 -3.843531310558319092e-01 -1.686522841453552246e+00 5.638237056163211136e-01 4.339815645658869347e-01 -3.910425902989523861e-01 5.838222551206633248e-01
9.364811331033706665e-02 -3.843531310558319092e-01 -1.686522841453552246e+00 5.638236808393584099e-01 4.339815720744169547e-01 -3.910425843579667937e-01 5.838222807764538169e-01
9.364812821149826050e-02 -3.843531310558319092e-01 -1.686522841453552246e+00 5.638236500746282021e-01 4.339815841918014394e-01 -3.910425825698253255e-01 5.838223126323983658e-01
9.364813566207885742e-02 -3.843531310558319092e-01 -1.686522960662841797e+00 5.638236252976630558e-01 4.339815917003349011e-01 -3.910425766288405103e-01 5.838223250738148185e-01
9.364815056324005127e-02 -3.843531310558319092e-01 -1.686522960662841797e+00 5.638236011401209780e-01 4.339815987320919111e-01 -3.910425966870158532e-01 5.838223500882205874e-01
9.364816546440124512e-02 -3.843531310558319092e-01 -1.686522960662841797e+00 5.638235771890526271e-01 4.339816056049242143e-01 -3.910425868696306706e-01 5.838223748888312636e-01
9.364817291498184204e-02 -3.843531310558319092e-01 -1.686522960662841797e+00 5.638235522056095350e-01 4.339816116205901797e-01 -3.910425810718490269e-01 5.838224007584371655e-01
9.364819526672363281e-02 -3.843531310558319092e-01 -1.686523079872131348e+00 5.638234995545481354e-01 4.339816306733593754e-01 -3.910425746415033821e-01 5.838224420626546562e-01
9.364821016788482666e-02 -3.843531012535095215e-01 -1.686523079872131348e+00 5.638234667250603405e-01 4.339816394246249764e-01 -3.910425643745946700e-01 5.838224760566135263e-01
9.364822506904602051e-02 -3.843531012535095215e-01 -1.686523199081420898e+00 5.638234281142765481e-01 4.339816542776226971e-01 -3.910425614209280809e-01 5.838225028225513258e-01
9.364824742078781128e-02 -3.843531012535095215e-01 -1.686523199081420898e+00 5.638233930135617689e-01 4.339816647770815550e-01 -3.910425527292381576e-01 5.838225391683067311e-01
9.364830702543258667e-02 -3.843531012535095215e-01 -1.686523318290710449e+00 5.638232505459324084e-01 4.339817083642091844e-01 -3.910425193944999100e-01 5.838226602606026994e-01
9.364835917949676514e-02 -3.843531012535095215e-01 -1.686523437500000000e+00 5.638231483408717715e-01 4.339817407823438056e-01 -3.910425242073945484e-01 5.838227264478259571e-01
9.364806115627288818e-02 -3.843533992767333984e-01 -1.686523675918579102e+00 5.638312078240765857e-01 4.339790672300675722e-01 -3.910394981456996044e-01 5.838189797460092700e-01
9.364809840917587280e-02 -3.843533992767333984e-01 -1.686523795127868652e+00 5.638313839446116305e-01 4.339790175629996694e-01 -3.910393726955512239e-01 5.838189295240707732e-01
9.364812821149826050e-02 -3.843533992767333984e-01 -1.686523914337158203e+00 5.638315408632131875e-01 4.339789463365775757e-01 -3.910392539556756808e-01 5.838188859705927269e-01
9.364814311265945435e-02 -3.843533992767333984e-01 -1.686523914337158203e+00 5.638316290266714992e-01 4.339789082094536732e-01 -3.910391928108743476e-01 5.838188739669943894e-01
9.364816546440124512e-02 -3.843533992767333984e-01 -1.686524033546447754e+00 5.638317339143275042e-01 4.339788687722160310e-01 -3.910391233707615766e-01 5.838188446463502546e-01
9.364818781614303589e-02 -3.843533992767333984e-01 -1.686524033546447754e+00 5.638318427249264797e-01 4.339788560474470702e-01 -3.910390512099629068e-01 5.838188112637117122e-01
9.364821016788482666e-02 -3.843533992767333984e-01 -1.686524152755737305e+00 5.638319833321400187e-01 4.339787858135127352e-01 -3.910389669076668184e-01 5.838187713857122541e-01
9.364823997020721436e-02 -3.843533992767333984e-01 -1.686524271965026855e+00 5.638321127898517915e-01 4.339787456343754402e-01 -3.910388606061024896e-01 5.838187430524600652e-01
9.364825487136840820e-02 -3.843533992767333984e-01 -1.686524271965026855e+00 5.638321831966650599e-01 4.339787376922455975e-01 -3.910388315975967255e-01 5.838187230066109734e-01
9.364826232194900513e-02 -3.843533992767333984e-01 -1.686524391174316406e+00 5.638322513322824303e-01 4.339787017663413460e-01 -3.910387777358986239e-01 5.838187053124711534e-01
9.364827722311019897e-02 -3.843533992767333984e-01 -1.686524391174316406e+00 5.638323027436973334e-01 4.339786952306966539e-01 -3.910387288659822880e-01 5.838186917211889426e-01
9.364828467369079590e-02 -3.843533992767333984e-01 -1.686524391174316406e+00 5.638323518839207793e-01 4.339786607112781636e-01 -3.910387079995849002e-01 5.838186804816083431e-01
9.364829212427139282e-02 -3.843533992767333984e-01 -1.686524510383605957e+00 5.638323966882385907e-01 4.339786592610841987e-01 -3.910386637119503406e-01 5.838186737316309882e-01
9.364829957485198975e-02 -3.843533992767333984e-01 -1.686524510383605957e+00 5.638324456219824254e-01 4.339786249006007957e-01 -3.910386429887633408e-01 5.838186627058525868e-01
9.364830702543258667e-02 -3.843533992767333984e-01 -1.686524510383605957e+00 5.638324931104217175e-01 4.339786164291418169e-01 -3.910386232679519680e-01 5.838186399624383238e-01
9.364832192659378052e-02 -3.843533992767333984e-01 -1.686524510383605957e+00 5.638325341982420857e-01 4.339785881076291263e-01 -3.910385815578626967e-01 5.838186370607015840e-01
9.364832937717437744e-02 -3.843533992767333984e-01 -1.686524629592895508e+00 5.638325818931454458e-01 4.339785811290319262e-01 -3.910385616938691911e-01 5.838186273176823038e-01
9.364833682775497437e-02 -3.843533992767333984e-01 -1.686524629592895508e+00 5.638326227744879793e-01 4.339785777430212876e-01 -3.910385168234482567e-01 5.838186114155728967e-01
9.364834427833557129e-02 -3.843533992767333984e-01 -1.686524629592895508e+00 5.638326704693837899e-01 4.339785426843212335e-01 -3.910384969594685178e-01 5.838186016725651628e-01
9.364835172891616821e-02 -3.843533992767333984e-01 -1.686524748802185059e+00 5.638327121766053551e-01 4.339785403144110210e-01 -3.910384548198244103e-01 5.838185981294752303e-01
9.364835917949676514e-02 -3.843533992767333984e-01 -1.686524748802185059e+00 5.638327596650222207e-01 4.339785318429804639e-01 -3.910384350990537272e-01 5.838185753861004912e-01
9.364836663007736206e-02 -3.843533992767333984e-01 -1.686524748802185059e+00 5.638328005463518755e-01 4.339785036804219009e-01 -3.910383902286650448e-01 5.838185726981798274e-01
9.364838153123855591e-02 -3.843533992767333984e-01 -1.686524748802185059e+00 5.638328482412325870e-01 4.339784950500819027e-01 -3.910383703647127840e-01 5.838185497410285363e-01
9.364838898181915283e-02 -3.843533992767333984e-01 -1.686524868011474609e+00 5.638328893290270871e-01 4.339784667286157860e-01 -3.910383286546861847e-01 5.838185468393268795e-01
