repeatability steamvr; 20211015-224829; x y z w i j k;  frequency = 150 duration = 2 sys.args = ['.\\repeatability.py']
6.454073190689086914e-01 -6.959550380706787109e-01 -1.876560807228088379e+00 4.795000804981792153e-01 5.128438790829284999e-01 -4.184777389640510492e-01 5.761485111776898371e-01
6.454072594642639160e-01 -6.959550976753234863e-01 -1.876561164855957031e+00 4.794996985975673032e-01 5.128438539267634599e-01 -4.184778236515183103e-01 5.761487874805683029e-01
6.454072594642639160e-01 -6.959551572799682617e-01 -1.876561164855957031e+00 4.794996371729649542e-01 5.128438545564272255e-01 -4.184778384135365847e-01 5.761488418632672026e-01
6.454072594642639160e-01 -6.959551572799682617e-01 -1.876561164855957031e+00 4.794995895871015934e-01 5.128438554376819614e-01 -4.184778488670763963e-01 5.761488835024258792e-01
6.454072594642639160e-01 -6.959551572799682617e-01 -1.876561284065246582e+00 4.794995451574391998e-01 5.128438548855347445e-01 -4.184778565660792204e-01 5.761489213492183570e-01
6.454072594642639160e-01 -6.959551572799682617e-01 -1.876561284065246582e+00 4.794994992710622794e-01 5.128438262716226159e-01 -4.184778733055372624e-01 5.761489337544239975e-01
6.454072594642639160e-01 -6.959551572799682617e-01 -1.876561284065246582e+00 4.794994575120275493e-01 5.128438248054102422e-01 -4.184778786737828882e-01 5.761489683923000094e-01
6.454097628593444824e-01 -6.959566473960876465e-01 -1.876571297645568848e+00 4.794956868018753759e-01 5.128562387696856684e-01 -4.184727865957649229e-01 5.761447627274070005e-01
6.454097628593444824e-01 -6.959566473960876465e-01 -1.876571297645568848e+00 4.794956450425086336e-01 5.128562373048978218e-01 -4.184727919638999705e-01 5.761448012501865223e-01
6.454097628593444824e-01 -6.959567070007324219e-01 -1.876571416854858398e+00 4.794955853168964000e-01 5.128562395179755429e-01 -4.184728052426295308e-01 5.761448535913883395e-01
6.454097032546997070e-01 -6.959567070007324219e-01 -1.876571416854858398e+00 4.794955404012888334e-01 5.128562424001706921e-01 -4.184728211345175031e-01 5.761448648298651554e-01
6.454097032546997070e-01 -6.959567070007324219e-01 -1.876571416854858398e+00 4.794954996130577629e-01 5.128562413534032416e-01 -4.184728256551124570e-01 5.761448983011893121e-01
6.454097032546997070e-01 -6.959567070007324219e-01 -1.876571416854858398e+00 4.794954588248232508e-01 5.128562092298878383e-01 -4.184728379448990343e-01 5.761449356571172187e-01
6.454097032546997070e-01 -6.959567070007324219e-01 -1.876571536064147949e+00 4.794954122096937721e-01 5.128562149009953108e-01 -4.184728475508394108e-01 5.761449761298509387e-01
6.454097032546997070e-01 -6.959567070007324219e-01 -1.876571536064147949e+00 4.794953519984782031e-01 5.128562122921427324e-01 -4.184728612533858416e-01 5.761450290545842012e-01
6.454097032546997070e-01 -6.959567666053771973e-01 -1.876571536064147949e+00 4.794952900877446633e-01 5.128562129577747264e-01 -4.184728764391665301e-01 5.761450529446509039e-01
6.454097032546997070e-01 -6.959567666053771973e-01 -1.876571655273437500e+00 4.794952451721094522e-01 5.128562153544242719e-01 -4.184728845619037352e-01 5.761450952599518338e-01
6.454097032546997070e-01 -6.959567666053771973e-01 -1.876571655273437500e+00 4.794952021987680113e-01 5.128562132457723521e-01 -4.184728909895321092e-01 5.761451313568703991e-01
6.454097032546997070e-01 -6.959567666053771973e-01 -1.876571655273437500e+00 4.794951553408263178e-01 5.128561871286689833e-01 -4.184729085765865886e-01 5.761451721213998178e-01
6.454097032546997070e-01 -6.959568262100219727e-01 -1.876571893692016602e+00 4.794949727647612736e-01 5.128561862354052980e-01 -4.184729436103057365e-01 5.761453021529612251e-01
6.454096436500549316e-01 -6.959568262100219727e-01 -1.876571893692016602e+00 4.794948467581013340e-01 5.128561568848031271e-01 -4.184729758890153306e-01 5.761453836356564828e-01
6.454095840454101562e-01 -6.959570050239562988e-01 -1.876572370529174805e+00 4.794942264358149075e-01 5.128561046291897352e-01 -4.184731443460570355e-01 5.761458415349773876e-01
6.454095840454101562e-01 -6.959570050239562988e-01 -1.876572489738464355e+00 4.794940710516331639e-01 5.128560765943670496e-01 -4.184731789561476067e-01 5.761459777401302107e-01
6.454095840454101562e-01 -6.959570646286010742e-01 -1.876572608947753906e+00 4.794938833766089759e-01 5.128560787269141885e-01 -4.184732184401115385e-01 5.761461138990555675e-01
6.454095244407653809e-01 -6.959571242332458496e-01 -1.876572966575622559e+00 4.794935272066003784e-01 5.128560216890502010e-01 -4.184732962073779428e-01 5.761463670556212779e-01
6.454094648361206055e-01 -6.959572434425354004e-01 -1.876573324203491211e+00 4.794930018128669147e-01 5.128559635580829390e-01 -4.184734439710267040e-01 5.761467691629017507e-01
6.454094648361206055e-01 -6.959573030471801758e-01 -1.876573562622070312e+00 4.794927165364534227e-01 5.128559380061652462e-01 -4.184735064821661910e-01 5.761469915209911363e-01
6.454094648361206055e-01 -6.959573030471801758e-01 -1.876573562622070312e+00 4.794926572960535038e-01 5.128559401858228117e-01 -4.184735193376005191e-01 5.761470160874495594e-01
6.454094648361206055e-01 -6.959573030471801758e-01 -1.876573681831359863e+00 4.794926106806517430e-01 5.128559419726115287e-01 -4.184735289439008854e-01 5.761470565609492223e-01
6.454094648361206055e-01 -6.959573030471801758e-01 -1.876573681831359863e+00 4.794925686782285368e-01 5.128559402821797342e-01 -4.184735345242607263e-01 5.761470914916092534e-01
6.454094648361206055e-01 -6.959573626518249512e-01 -1.876573681831359863e+00 4.794925266758016114e-01 5.128559385917516034e-01 -4.184735478738601522e-01 5.761471303068975702e-01
6.453813910484313965e-01 -6.959313750267028809e-01 -1.876523256301879883e+00 4.794928534691530464e-01 5.128695387127393257e-01 -4.184815291283807692e-01 5.761289266798826914e-01
6.453813910484313965e-01 -6.959313750267028809e-01 -1.876523256301879883e+00 4.794928534691530464e-01 5.128695372560087007e-01 -4.184815602053010841e-01 5.761289189106526543e-01
6.453813314437866211e-01 -6.959313750267028809e-01 -1.876523256301879883e+00 4.794928537119415024e-01 5.128695044626692123e-01 -4.184815988395557129e-01 5.761289069650878947e-01
6.453813314437866211e-01 -6.959313750267028809e-01 -1.876523256301879883e+00 4.794928539547299584e-01 5.128694721549066360e-01 -4.184816297045802491e-01 5.761289299810585796e-01
6.453812718391418457e-01 -6.959313750267028809e-01 -1.876523256301879883e+00 4.794928541975184144e-01 5.128694398471440596e-01 -4.184816683388347669e-01 5.761289180354939310e-01
6.453812718391418457e-01 -6.959313750267028809e-01 -1.876523256301879883e+00 4.794928583249218335e-01 5.128694334901324758e-01 -4.184816958135266218e-01 5.761289053070316468e-01
6.453812122344970703e-01 -6.959313750267028809e-01 -1.876523256301879883e+00 4.794928585677102895e-01 5.128694011823703436e-01 -4.184817344477808065e-01 5.761288933614669983e-01
6.453812122344970703e-01 -6.959313750267028809e-01 -1.876523375511169434e+00 4.794928590532871460e-01 5.128693691004966304e-01 -4.184817651009091199e-01 5.761288850087979974e-01
6.453812122344970703e-01 -6.959313154220581055e-01 -1.876523375511169434e+00 4.794928592960756020e-01 5.128693367927344982e-01 -4.184818037351631936e-01 5.761289041401533861e-01
6.453838348388671875e-01 -6.959080100059509277e-01 -1.876507043838500977e+00 4.794942594549470583e-01 5.128616092430572371e-01 -4.185003155237259076e-01 5.761211540500406070e-01
6.453838348388671875e-01 -6.959080100059509277e-01 -1.876507043838500977e+00 4.794942599405225270e-01 5.128616082381157737e-01 -4.185003461767470845e-01 5.761211456974054679e-01
6.453837752342224121e-01 -6.959079504013061523e-01 -1.876507043838500977e+00 4.794942618828243464e-01 5.128615639155873485e-01 -4.185004221735876828e-01 5.761211627867124374e-01
6.453837752342224121e-01 -6.959079504013061523e-01 -1.876507043838500977e+00 4.794942587265839107e-01 5.128615367002121728e-01 -4.185004560051693301e-01 5.761211549251823438e-01
6.453837752342224121e-01 -6.959078907966613770e-01 -1.876507043838500977e+00 4.794942596977347926e-01 5.128615045846512954e-01 -4.185004940035896293e-01 5.761211459891194542e-01
6.453837156295776367e-01 -6.959078907966613770e-01 -1.876507163047790527e+00 4.794942604260979957e-01 5.128615042911778277e-01 -4.185005244447064787e-01 5.761211373447704398e-01
6.453837156295776367e-01 -6.959078311920166016e-01 -1.876507163047790527e+00 4.794942613972488776e-01 5.128614721756170614e-01 -4.185005546739192783e-01 5.761211245241039114e-01
6.453837156295776367e-01 -6.959078311920166016e-01 -1.876507163047790527e+00 4.794942621256120807e-01 5.128614403197392368e-01 -4.185005928842431833e-01 5.761211469565840071e-01
6.453835964202880859e-01 -6.959077119827270508e-01 -1.876507163047790527e+00 4.794942640679139001e-01 5.128613425839121387e-01 -4.185007232655330034e-01 5.761211368536655053e-01
6.453835368156433105e-01 -6.959075927734375000e-01 -1.876507163047790527e+00 4.794942628539752283e-01 5.128612501662641598e-01 -4.185008641707843036e-01 5.761211033508024659e-01
6.453834772109985352e-01 -6.959075927734375000e-01 -1.876507163047790527e+00 4.794942662530033983e-01 5.128611800068683113e-01 -4.185009311269894394e-01 5.761211109206189063e-01
6.453834772109985352e-01 -6.959075331687927246e-01 -1.876507282257080078e+00 4.794942669813666014e-01 5.128611695163109996e-01 -4.185009771065196227e-01 5.761210945070629474e-01
6.453834176063537598e-01 -6.959074735641479492e-01 -1.876507282257080078e+00 4.794942640679139001e-01 5.128611284451380925e-01 -4.185010262646146062e-01 5.761210863538186455e-01
6.453834176063537598e-01 -6.959074735641479492e-01 -1.876507282257080078e+00 4.794942647962770477e-01 5.128610961036856875e-01 -4.185010567057304565e-01 5.761210777094698532e-01
6.453834176063537598e-01 -6.959074735641479492e-01 -1.876507282257080078e+00 4.794942652818525164e-01 5.128610640219158912e-01 -4.185010951279577451e-01 5.761210965490600744e-01
6.453833580017089844e-01 -6.959074139595031738e-01 -1.876507282257080078e+00 4.794942660102156640e-01 5.128610632428678429e-01 -4.185011255690734289e-01 5.761210879047112821e-01
6.453833580017089844e-01 -6.959074139595031738e-01 -1.876507282257080078e+00 4.794942667385788670e-01 5.128610318725663753e-01 -4.185011560101890016e-01 5.761210753757588510e-01
6.453833580017089844e-01 -6.959073543548583984e-01 -1.876507282257080078e+00 4.794942674669420146e-01 5.128610000166896610e-01 -4.185011942205116298e-01 5.761210667314101697e-01
6.453832983970642090e-01 -6.959073543548583984e-01 -1.876507282257080078e+00 4.794942684380928966e-01 5.128609679011304490e-01 -4.185012244497225975e-01 5.761210577953476131e-01
6.453832983970642090e-01 -6.959072947502136230e-01 -1.876507282257080078e+00 4.794942689236683653e-01 5.128609668961896517e-01 -4.185012551027422756e-01 5.761210766349377232e-01
6.453832387924194336e-01 -6.959072947502136230e-01 -1.876507282257080078e+00 4.794942657674279296e-01 5.128609396808109233e-01 -4.185012967035360854e-01 5.761210726580108243e-01
6.453832387924194336e-01 -6.959072947502136230e-01 -1.876507282257080078e+00 4.794942667385788670e-01 5.128609080508270690e-01 -4.185013269327468866e-01 5.761210637219481567e-01
6.453832387924194336e-01 -6.959072351455688477e-01 -1.876507282257080078e+00 4.794942674669420146e-01 5.128608761949504657e-01 -4.185013573738621262e-01 5.761210511929958367e-01
6.453831791877746582e-01 -6.959072351455688477e-01 -1.876507282257080078e+00 4.794942681953052177e-01 5.128608443390739735e-01 -4.185013955841843658e-01 5.761210425486470443e-01
6.453831791877746582e-01 -6.959071755409240723e-01 -1.876507401466369629e+00 4.794942689236683653e-01 5.128608435600262583e-01 -4.185014260252993834e-01 5.761210610965233903e-01
6.453831791877746582e-01 -6.959071755409240723e-01 -1.876507401466369629e+00 4.794942696520315129e-01 5.128608117041499881e-01 -4.185014564664143455e-01 5.761210524521748200e-01
6.453831195831298828e-01 -6.959071159362792969e-01 -1.876507401466369629e+00 4.794942703803947159e-01 5.128607798482737179e-01 -4.185014946767362520e-01 5.761210438078260276e-01
6.453830599784851074e-01 -6.959070563316345215e-01 -1.876507401466369629e+00 4.794942694092438340e-01 5.128607017382063038e-01 -4.185016120624615032e-01 5.761210410900778900e-01
6.453830003738403320e-01 -6.959069967269897461e-01 -1.876507401466369629e+00 4.794942720799087454e-01 5.128606299299856008e-01 -4.185016874235815698e-01 5.761210184582079563e-01
6.453830003738403320e-01 -6.959069967269897461e-01 -1.876507401466369629e+00 4.794942718371210111e-01 5.128606282473663347e-01 -4.185017187123146742e-01 5.761210070961111374e-01
6.453830003738403320e-01 -6.959069371223449707e-01 -1.876507401466369629e+00 4.794942723226964798e-01 5.128605956800221799e-01 -4.185017882113690746e-01 5.761210298203047753e-01
6.453829407691955566e-01 -6.959069371223449707e-01 -1.876507401466369629e+00 4.794942728082719485e-01 5.128605640838288515e-01 -4.185018188643879200e-01 5.761210214676699692e-01
6.453829407691955566e-01 -6.959068775177001953e-01 -1.876507401466369629e+00 4.794942735366350961e-01 5.128605317423777787e-01 -4.185018570747091049e-01 5.761210089387178712e-01
6.453829407691955566e-01 -6.959068775177001953e-01 -1.876507401466369629e+00 4.794942735366350961e-01 5.128605302856514836e-01 -4.185018881515373268e-01 5.761210011695108157e-01
6.453828811645507812e-01 -6.959068179130554199e-01 -1.876507520675659180e+00 4.794942742649982437e-01 5.128604984297759906e-01 -4.185019185926512897e-01 5.761209886405588287e-01
6.453828811645507812e-01 -6.959068179130554199e-01 -1.876507520675659180e+00 4.794942752361491256e-01 5.128604663142182218e-01 -4.185019565910674255e-01 5.761210107813247161e-01
6.453828811645507812e-01 -6.959068179130554199e-01 -1.876507520675659180e+00 4.794942759645122732e-01 5.128604344583429508e-01 -4.185019870321811108e-01 5.761210021369762568e-01
6.453828215599060059e-01 -6.959067583084106445e-01 -1.876507520675659180e+00 4.794942766928754208e-01 5.128604026024676799e-01 -4.185020174732947962e-01 5.761209896080242698e-01
6.453828215599060059e-01 -6.959067583084106445e-01 -1.876507520675659180e+00 4.794942774212386238e-01 5.128604023089959885e-01 -4.185020556836153149e-01 5.761209809636758106e-01
6.453828215599060059e-01 -6.959066987037658691e-01 -1.876507520675659180e+00 4.794942742649982437e-01 5.128603746080385717e-01 -4.185020895152065101e-01 5.761209731021447178e-01
6.453827619552612305e-01 -6.959066987037658691e-01 -1.876507520675659180e+00 4.794942749933613912e-01 5.128603427521633007e-01 -4.185021199563201399e-01 5.761209955346244804e-01
6.453827619552612305e-01 -6.959066390991210938e-01 -1.876507520675659180e+00 4.794942757217245943e-01 5.128603108962881407e-01 -4.185021581666406032e-01 5.761209868902759101e-01
6.453827619552612305e-01 -6.959066390991210938e-01 -1.876507520675659180e+00 4.794942766928754208e-01 5.128603103431343957e-01 -4.185021883958491284e-01 5.761209740696102699e-01
6.453827023506164551e-01 -6.959065794944763184e-01 -1.876507520675659180e+00 4.794942766928754208e-01 5.128602632423168162e-01 -4.185022427802982392e-01 5.761209624157996867e-01
6.453827023506164551e-01 -6.959065794944763184e-01 -1.876507520675659180e+00 4.794942781496017714e-01 5.128602233237635755e-01 -4.185022803549035553e-01 5.761209800885344068e-01
6.453826427459716797e-01 -6.959065198898315430e-01 -1.876507520675659180e+00 4.794942781496017714e-01 5.128602121555284610e-01 -4.185023269701454995e-01 5.761209684347239346e-01
6.453826427459716797e-01 -6.959065198898315430e-01 -1.876507639884948730e+00 4.794942786351771846e-01 5.128601800737606631e-01 -4.185023576231635123e-01 5.761209561974858229e-01
6.453825831413269043e-01 -6.959064602851867676e-01 -1.876507639884948730e+00 4.794942793635403322e-01 5.128601482178859472e-01 -4.185023958334833649e-01 5.761209475531375857e-01
6.453825235366821289e-01 -6.959064006805419922e-01 -1.876507639884948730e+00 4.794942781496017714e-01 5.128600975597253919e-01 -4.185024823542853323e-01 5.761209528963099347e-01
6.453825235366821289e-01 -6.959064006805419922e-01 -1.876507639884948730e+00 4.794942793635403322e-01 5.128600574152795133e-01 -4.185025279100019202e-01 5.761209397839305302e-01
6.453824639320373535e-01 -6.959063410758972168e-01 -1.876507639884948730e+00 4.794942796063280666e-01 5.128600008288467516e-01 -4.185025898517525378e-01 5.761209239538028770e-01
6.453824639320373535e-01 -6.959063410758972168e-01 -1.876507639884948730e+00 4.794942800919034798e-01 5.128599998239070645e-01 -4.185026205047702175e-01 5.761209466779961819e-01
6.453824639320373535e-01 -6.959062814712524414e-01 -1.876507639884948730e+00 4.794942808202666829e-01 5.128599684536081504e-01 -4.185026509458825705e-01 5.761209341490444169e-01
6.453824043273925781e-01 -6.959062814712524414e-01 -1.876507639884948730e+00 4.794942815486298304e-01 5.128599365977339897e-01 -4.185026891562018680e-01 5.761209255046960687e-01
6.453824043273925781e-01 -6.959062218666076660e-01 -1.876507639884948730e+00 4.794942822769929780e-01 5.128599042562844712e-01 -4.185027195973140546e-01 5.761209168603478314e-01
6.453824043273925781e-01 -6.959062218666076660e-01 -1.876507639884948730e+00 4.794942827625683912e-01 5.128598721745172284e-01 -4.185027502503314012e-01 5.761209046231100528e-01
6.453823447227478027e-01 -6.959061622619628906e-01 -1.876507639884948730e+00 4.794942834909315388e-01 5.128598718810464252e-01 -4.185027884606503656e-01 5.761208959787618156e-01
6.453823447227478027e-01 -6.959061622619628906e-01 -1.876507759094238281e+00 4.794942803346912141e-01 5.128598441800857888e-01 -4.185028222922459462e-01 5.761209191940580565e-01
6.453823447227478027e-01 -6.959061622619628906e-01 -1.876507759094238281e+00 4.794942813058420961e-01 5.128598125501050431e-01 -4.185028525214527506e-01 5.761209102579960550e-01
6.453822851181030273e-01 -6.959061026573181152e-01 -1.876507759094238281e+00 4.794942822769929780e-01 5.128597804345491618e-01 -4.185028905198664440e-01 5.761209013219340536e-01
6.453822851181030273e-01 -6.959061026573181152e-01 -1.876507759094238281e+00 4.794942830053561256e-01 5.128597796555030008e-01 -4.185029209609782974e-01 5.761208887929823996e-01
6.453822851181030273e-01 -6.959060430526733398e-01 -1.876507759094238281e+00 4.794942837337192731e-01 5.128597482852047529e-01 -4.185029514020900954e-01 5.761208801486342734e-01
6.453822255134582520e-01 -6.959060430526733398e-01 -1.876507759094238281e+00 4.794942844620824207e-01 5.128597164293310362e-01 -4.185029896124086712e-01 5.761209025811137030e-01
6.453822255134582520e-01 -6.959060430526733398e-01 -1.876507759094238281e+00 4.794942851904455683e-01 5.128596845734575416e-01 -4.185030200535202471e-01 5.761208900521621601e-01
6.453822255134582520e-01 -6.959059834480285645e-01 -1.876507759094238281e+00 4.794942822769929780e-01 5.128596570983892100e-01 -4.185030536732118334e-01 5.761208857835201647e-01
6.453821659088134766e-01 -6.959059834480285645e-01 -1.876507759094238281e+00 4.794942830053561256e-01 5.128596563193432711e-01 -4.185030918835304092e-01 5.761208771391720385e-01
6.453821659088134766e-01 -6.959059238433837891e-01 -1.876507759094238281e+00 4.794942827625683912e-01 5.128596230743204254e-01 -4.185031542490911249e-01 5.761208657770754415e-01
6.453821063041687012e-01 -6.959059238433837891e-01 -1.876507759094238281e+00 4.794942832481438044e-01 5.128595909925534047e-01 -4.185031926713148609e-01 5.761208885012687464e-01
6.453821063041687012e-01 -6.959058642387390137e-01 -1.876507759094238281e+00 4.794942839765069520e-01 5.128595586511045523e-01 -4.185032231124262148e-01 5.761208759723170925e-01
6.453821063041687012e-01 -6.959058642387390137e-01 -1.876507759094238281e+00 4.794942847048700996e-01 5.128595583576341932e-01 -4.185032535535375131e-01 5.761208673279689663e-01
6.453820466995239258e-01 -6.959058642387390137e-01 -1.876507759094238281e+00 4.794942854332332471e-01 5.128595265017609206e-01 -4.185032917638555339e-01 5.761208547990175344e-01
6.453820466995239258e-01 -6.959058046340942383e-01 -1.876507878303527832e+00 4.794942864043841291e-01 5.128594948717812851e-01 -4.185033219930611170e-01 5.761208458629556439e-01
6.453819870948791504e-01 -6.959057450294494629e-01 -1.876507878303527832e+00 4.794942856760209815e-01 5.128594451509823626e-01 -4.185034080900530973e-01 5.761208545073037701e-01
6.453819274902343750e-01 -6.959056854248046875e-01 -1.876507878303527832e+00 4.794942866471718079e-01 5.128593809874492093e-01 -4.185034771652927366e-01 5.761208339174317405e-01
6.453819274902343750e-01 -6.959056258201599121e-01 -1.876507878303527832e+00 4.794942878611104242e-01 5.128593622083246206e-01 -4.185035304902127717e-01 5.761208479972768082e-01
6.453818678855895996e-01 -6.959056258201599121e-01 -1.876507878303527832e+00 4.794942888322612506e-01 5.128593160110826998e-01 -4.185035762578314111e-01 5.761208351766117230e-01
6.453817486763000488e-01 -6.959053277969360352e-01 -1.876507639884948730e+00 4.794944454303106118e-01 5.128620294344657937e-01 -4.185002852818463515e-01 5.761206664443687675e-01
6.453816890716552734e-01 -6.959052681922912598e-01 -1.876507639884948730e+00 4.794944481009745796e-01 5.128620426019364631e-01 -4.185003062585173073e-01 5.761206515817146601e-01
6.453816294670104980e-01 -6.959052085876464844e-01 -1.876507639884948730e+00 4.794944507716385473e-01 5.128620193512624104e-01 -4.185003427735964343e-01 5.761206328344584682e-01
6.453815698623657227e-01 -6.959051489830017090e-01 -1.876507639884948730e+00 4.794944531995148362e-01 5.128620070429272815e-01 -4.185003561929665494e-01 5.761206260327222939e-01
6.453815698623657227e-01 -6.959051489830017090e-01 -1.876507639884948730e+00 4.794944592692055307e-01 5.128619893826219522e-01 -4.185003664337791363e-01 5.761206420474994649e-01
6.453815698623657227e-01 -6.959050893783569336e-01 -1.876507639884948730e+00 4.794944563557540507e-01 5.128619842440381715e-01 -4.185003845150332413e-01 5.761206377788562483e-01
6.453815102577209473e-01 -6.959050893783569336e-01 -1.876507759094238281e+00 4.794944595119932096e-01 5.128619726133802903e-01 -4.185003895294874265e-01 5.761206301019798914e-01
6.453815102577209473e-01 -6.959050297737121582e-01 -1.876507759094238281e+00 4.794944587836302841e-01 5.128619656232251689e-01 -4.185004057036070813e-01 5.761206270925181006e-01
6.453814506530761719e-01 -6.959050297737121582e-01 -1.876507759094238281e+00 4.794944619398694430e-01 5.128619855549587658e-01 -4.185004184872651023e-01 5.761206155310398813e-01
6.453814506530761719e-01 -6.959049701690673828e-01 -1.876507759094238281e+00 4.794944636393828064e-01 5.128619715977967841e-01 -4.185004325423461458e-01 5.761206057198422492e-01
6.453813910484313965e-01 -6.959049701690673828e-01 -1.876507759094238281e+00 4.794944675239847798e-01 5.128619562746389304e-01 -4.185004524594962416e-01 5.761205932832241805e-01
6.453813910484313965e-01 -6.959049105644226074e-01 -1.876507759094238281e+00 4.794944694662857665e-01 5.128619425433695866e-01 -4.185004663026731242e-01 5.761205831803132282e-01
6.453813314437866211e-01 -6.959048509597778320e-01 -1.876507759094238281e+00 4.794944687379228965e-01 5.128619350676392186e-01 -4.185004824767925569e-01 5.761205801708514374e-01
6.453813314437866211e-01 -6.959048509597778320e-01 -1.876507759094238281e+00 4.794944697090733898e-01 5.128619257741283688e-01 -4.185004971675848062e-01 5.761205712347940988e-01
6.453812718391418457e-01 -6.959047913551330566e-01 -1.876507759094238281e+00 4.794944738364629311e-01 5.128618999942081702e-01 -4.185005246420341329e-01 5.761205818140746615e-01
6.453812122344970703e-01 -6.959047317504882812e-01 -1.876507759094238281e+00 4.794944779638524723e-01 5.128619096612805350e-01 -4.185005521164830156e-01 5.761205690857438277e-01
6.453812122344970703e-01 -6.959046721458435059e-01 -1.876507759094238281e+00 4.794944808773038414e-01 5.128618924634039677e-01 -4.185005728812473125e-01 5.761205539313780655e-01
6.453811526298522949e-01 -6.959046125411987305e-01 -1.876507759094238281e+00 4.794944830623923959e-01 5.128618794436028416e-01 -4.185005865125194235e-01 5.761205435367543481e-01
6.453811526298522949e-01 -6.959046125411987305e-01 -1.876507759094238281e+00 4.794944820912419581e-01 5.128618722275554154e-01 -4.185006028985424620e-01 5.761205408190058774e-01
6.453810930252075195e-01 -6.959045529365539551e-01 -1.876507759094238281e+00 4.794944852474808950e-01 5.128618605968991995e-01 -4.185006079129951484e-01 5.761205292575289905e-01
6.453810930252075195e-01 -6.959045529365539551e-01 -1.876507759094238281e+00 4.794944845191180804e-01 5.128618536067440781e-01 -4.185006240871141925e-01 5.761205262480670886e-01
6.453810930252075195e-01 -6.959044933319091797e-01 -1.876507878303527832e+00 4.794944876753570728e-01 5.128618419760879732e-01 -4.185006679475846147e-01 5.761205185711921750e-01
6.453810334205627441e-01 -6.959044933319091797e-01 -1.876507878303527832e+00 4.794944905888083864e-01 5.128618306051148101e-01 -4.185006809431443542e-01 5.761205073014289413e-01
6.453810334205627441e-01 -6.959044933319091797e-01 -1.876507878303527832e+00 4.794944879181446407e-01 5.128618567692371233e-01 -4.185006910432915173e-01 5.761205066256734897e-01
6.453810334205627441e-01 -6.959044337272644043e-01 -1.876507878303527832e+00 4.794944910743836330e-01 5.128618456241561541e-01 -4.185007038269470403e-01 5.761205261410111689e-01
6.453809738159179688e-01 -6.959044337272644043e-01 -1.876507878303527832e+00 4.794944901032331397e-01 5.128618384081089498e-01 -4.185007202129700787e-01 5.761205234232626982e-01
6.453809738159179688e-01 -6.959043741226196289e-01 -1.876507878303527832e+00 4.794944932594720766e-01 5.128618272630283137e-01 -4.185007252274218770e-01 5.761205157463878956e-01
6.453809142112731934e-01 -6.959043741226196289e-01 -1.876507878303527832e+00 4.794944964157110134e-01 5.128618161179477886e-01 -4.185007380110770669e-01 5.761205041849115638e-01
6.453809142112731934e-01 -6.959043145179748535e-01 -1.876507878303527832e+00 4.794944956873481989e-01 5.128618086422176425e-01 -4.185007541851959445e-01 5.761205011754496619e-01
6.453809142112731934e-01 -6.959043145179748535e-01 -1.876507878303527832e+00 4.794944988435870803e-01 5.128617974971373394e-01 -4.185007591996475207e-01 5.761204896139734410e-01
6.453808546066284180e-01 -6.959042549133300781e-01 -1.876507878303527832e+00 4.794944981152242658e-01 5.128617905069823291e-01 -4.185007753737663427e-01 5.761204866045116502e-01
6.453808546066284180e-01 -6.959042549133300781e-01 -1.876507878303527832e+00 4.794945012714631472e-01 5.128617793619022480e-01 -4.185007881574211441e-01 5.761204789276372917e-01
6.453808546066284180e-01 -6.959041953086853027e-01 -1.876507878303527832e+00 4.794945005431003326e-01 5.128617718861721020e-01 -4.185007965623365189e-01 5.761204720335737495e-01
6.453807950019836426e-01 -6.959041953086853027e-01 -1.876507878303527832e+00 4.794945034565515907e-01 5.128617920775884187e-01 -4.185008095578951481e-01 5.761204646484128222e-01
6.453807950019836426e-01 -6.959041953086853027e-01 -1.876507878303527832e+00 4.794945027281887762e-01 5.128617846018582727e-01 -4.185008257320139147e-01 5.761204616389509203e-01
6.453807353973388672e-01 -6.959041357040405273e-01 -1.876507878303527832e+00 4.794945058844276575e-01 5.128617734567784137e-01 -4.185008307464649357e-01 5.761204500774751436e-01
6.453807353973388672e-01 -6.959040760993957520e-01 -1.876507878303527832e+00 4.794945090406664834e-01 5.128617506578937446e-01 -4.185008590685256880e-01 5.761204657082110714e-01
6.453806757926940918e-01 -6.959040164947509766e-01 -1.876507878303527832e+00 4.794945119541176859e-01 5.128617334600193978e-01 -4.185008798332869318e-01 5.761204505538471965e-01
6.453806757926940918e-01 -6.959040164947509766e-01 -1.876507878303527832e+00 4.794945109829672480e-01 5.128617257583969469e-01 -4.185008962193095816e-01 5.761204478360986148e-01
6.453806161880493164e-01 -6.959039568901062012e-01 -1.876507878303527832e+00 4.794945138964184506e-01 5.128617143874252271e-01 -4.185009092148673782e-01 5.761204365663364912e-01
6.453806161880493164e-01 -6.959039568901062012e-01 -1.876507997512817383e+00 4.794945168098696531e-01 5.128617025308784827e-01 -4.185009222104249527e-01 5.761204291811760081e-01
6.453805565834045410e-01 -6.959038972854614258e-01 -1.876507997512817383e+00 4.794945160815068386e-01 5.128617261319610154e-01 -4.185009383845434416e-01 5.761204222871126879e-01
6.453805565834045410e-01 -6.959038972854614258e-01 -1.876507997512817383e+00 4.794945187521704177e-01 5.128617145350969908e-01 -4.185009438228018408e-01 5.761204151936656359e-01
6.453804969787597656e-01 -6.959038376808166504e-01 -1.876507997512817383e+00 4.794945221511967559e-01 5.128616977890082529e-01 -4.185009641637540412e-01 5.761204033404775382e-01
6.453804969787597656e-01 -6.959037780761718750e-01 -1.876507997512817383e+00 4.794945248218603351e-01 5.128616803652422673e-01 -4.185009851404181691e-01 5.761203884778276496e-01
6.453804373741149902e-01 -6.959037184715270996e-01 -1.876507997512817383e+00 4.794945245790727117e-01 5.128616679999702388e-01 -4.185010086599312840e-01 5.761204120771499237e-01
6.453804373741149902e-01 -6.959037184715270996e-01 -1.876507997512817383e+00 4.794945272497362354e-01 5.128616559175316336e-01 -4.185010218673921867e-01 5.761204010991015645e-01
6.453803777694702148e-01 -6.959036588668823242e-01 -1.876507997512817383e+00 4.794945304059749502e-01 5.128616447724532179e-01 -4.185010346510447121e-01 5.761203934222285383e-01
6.453803777694702148e-01 -6.959036588668823242e-01 -1.876507997512817383e+00 4.794945294348245679e-01 5.128616686332176933e-01 -4.185010432678640813e-01 5.761203868198784273e-01
6.453803777694702148e-01 -6.959035992622375488e-01 -1.876507997512817383e+00 4.794945325910632272e-01 5.128616574881393886e-01 -4.185010560515164402e-01 5.761203791430055121e-01
6.453803181648254395e-01 -6.959035992622375488e-01 -1.876507997512817383e+00 4.794945318627004682e-01 5.128616504979847113e-01 -4.185010722256345406e-01 5.761203761335436102e-01
6.453803181648254395e-01 -6.959035396575927734e-01 -1.876507997512817383e+00 4.794945357473018865e-01 5.128616346892569400e-01 -4.185010843735743058e-01 5.761203636969298714e-01
6.453802585601806641e-01 -6.959035396575927734e-01 -1.876507997512817383e+00 4.794945347761515597e-01 5.128616274732097358e-01 -4.185011007595964561e-01 5.761203570945797603e-01
6.453802585601806641e-01 -6.959034800529479980e-01 -1.876507997512817383e+00 4.794945369612398367e-01 5.128616139678364716e-01 -4.185011143908649034e-01 5.761203466999583744e-01
6.453801989555358887e-01 -6.959034800529479980e-01 -1.876507997512817383e+00 4.794945408458411995e-01 5.128615986446845021e-01 -4.185011265388042245e-01 5.761203342633450797e-01
6.453801989555358887e-01 -6.959034204483032227e-01 -1.876507997512817383e+00 4.794945401174784405e-01 5.128615916545297138e-01 -4.185011427129221584e-01 5.761203312538831778e-01
6.453801393508911133e-01 -6.959034204483032227e-01 -1.876507997512817383e+00 4.794945432737170443e-01 5.128615800238770506e-01 -4.185011554965736291e-01 5.761203546538216091e-01
6.453800797462463379e-01 -6.959033012390136719e-01 -1.876508116722106934e+00 4.794945454588053213e-01 5.128615869126611493e-01 -4.185011924354495871e-01 5.761203364899978308e-01
6.453800797462463379e-01 -6.959033012390136719e-01 -1.876508116722106934e+00 4.794945488578314929e-01 5.128615701665744098e-01 -4.185012050071964529e-01 5.761203207522098690e-01
6.453800201416015625e-01 -6.959032416343688965e-01 -1.876508116722106934e+00 4.794945508001321466e-01 5.128615510939824595e-01 -4.185012343887733466e-01 5.761203106493022474e-01
6.453799605369567871e-01 -6.959031820297241211e-01 -1.876508116722106934e+00 4.794945529852203125e-01 5.128615327328585050e-01 -4.185012557892433538e-01 5.761202963700803314e-01
6.453799605369567871e-01 -6.959031224250793457e-01 -1.876508116722106934e+00 4.794945566270339965e-01 5.128615162126649585e-01 -4.185012759182879516e-01 5.761202842251811340e-01
6.453799009323120117e-01 -6.959030628204345703e-01 -1.876508116722106934e+00 4.794945561414588608e-01 5.128615351838859970e-01 -4.185013307265137428e-01 5.761202731548035194e-01
6.453798413276672363e-01 -6.959030032157897949e-01 -1.876508116722106934e+00 4.794945585693346501e-01 5.128615170486547914e-01 -4.185013519150787564e-01 5.761202935452798268e-01
6.453798413276672363e-01 -6.959029436111450195e-01 -1.876508116722106934e+00 4.794945612399979518e-01 5.128614991393163347e-01 -4.185013728917394427e-01 5.761202786826320477e-01
6.453797817230224609e-01 -6.959029436111450195e-01 -1.876508116722106934e+00 4.794945639106613089e-01 5.128614870568798390e-01 -4.185013860991974588e-01 5.761202677045855758e-01
6.453797817230224609e-01 -6.959028840065002441e-01 -1.876508116722106934e+00 4.794945668241121783e-01 5.128614756859111168e-01 -4.185013990947510920e-01 5.761202603194273131e-01
6.453797817230224609e-01 -6.959028840065002441e-01 -1.876508116722106934e+00 4.794945660957494193e-01 5.128614682101815259e-01 -4.185014074996661892e-01 5.761202573099655222e-01
6.453797221183776855e-01 -6.959028840065002441e-01 -1.876508116722106934e+00 4.794945692519878566e-01 5.128614570651055526e-01 -4.185014202833154395e-01 5.761202457484931871e-01
6.453797221183776855e-01 -6.959028244018554688e-01 -1.876508235931396484e+00 4.794945685236251531e-01 5.128614500749509864e-01 -4.185014364574327628e-01 5.761202427390312852e-01
6.453796625137329102e-01 -6.959028244018554688e-01 -1.876508235931396484e+00 4.794945714370760226e-01 5.128614697807917233e-01 -4.185014416837837814e-01 5.761202314692721593e-01
6.453796625137329102e-01 -6.959027647972106934e-01 -1.876508235931396484e+00 4.794945745933144043e-01 5.128614586357159721e-01 -4.185014544674326431e-01 5.761202237924012426e-01
6.453796625137329102e-01 -6.959027647972106934e-01 -1.876508235931396484e+00 4.794945738649517009e-01 5.128614516455614059e-01 -4.185014706415498553e-01 5.761202207829393407e-01
6.453796029090881348e-01 -6.959027051925659180e-01 -1.876508235931396484e+00 4.794945770211900826e-01 5.128614400149107411e-01 -4.185014756559963245e-01 5.761202092214674497e-01
6.453796029090881348e-01 -6.959027051925659180e-01 -1.876508235931396484e+00 4.794945743505268365e-01 5.128614351022168227e-01 -4.185014935253478785e-01 5.761202396225186817e-01
6.453796029090881348e-01 -6.959026455879211426e-01 -1.876508235931396484e+00 4.794945767784025148e-01 5.128614223083133306e-01 -4.185015069447092229e-01 5.761202289361858631e-01
6.453794836997985840e-01 -6.959025859832763672e-01 -1.876508235931396484e+00 4.794945826053040872e-01 5.128613937394762567e-01 -4.185015407050164393e-01 5.761202063966684994e-01
6.453794836997985840e-01 -6.959025263786315918e-01 -1.876508235931396484e+00 4.794945850331797654e-01 5.128613809455732087e-01 -4.185015541243773396e-01 5.761201957103361249e-01
6.453794836997985840e-01 -6.959025263786315918e-01 -1.876508235931396484e+00 4.794945840620294941e-01 5.128614048063342423e-01 -4.185015705103987127e-01 5.761201929925872101e-01
6.453794240951538086e-01 -6.959024667739868164e-01 -1.876508235931396484e+00 4.794945872182678204e-01 5.128613931756842437e-01 -4.185015832940464642e-01 5.761201814311158742e-01
6.453795433044433594e-01 -6.959025859832763672e-01 -1.876508593559265137e+00 4.794960152925809016e-01 5.128623805159469029e-01 -4.184968096711516039e-01 5.761215771389233131e-01
6.453794836997985840e-01 -6.959025859832763672e-01 -1.876508593559265137e+00 4.794960286458568866e-01 5.128623822573968871e-01 -4.184967902474376333e-01 5.761215805177111182e-01
6.453794836997985840e-01 -6.959025263786315918e-01 -1.876508593559265137e+00 4.794960439414270859e-01 5.128623557004184930e-01 -4.184967691285202962e-01 5.761215893319818759e-01
6.453794836997985840e-01 -6.959025263786315918e-01 -1.876508593559265137e+00 4.794960534101131433e-01 5.128623606256254019e-01 -4.184967530952187209e-01 5.761215973781613764e-01
6.453794240951538086e-01 -6.959024667739868164e-01 -1.876508712768554688e+00 4.794960626360121880e-01 5.128623658105139205e-01 -4.184967372738185309e-01 5.761216018314635479e-01
6.453794240951538086e-01 -6.959024667739868164e-01 -1.876508712768554688e+00 4.794960721046978569e-01 5.128623707357209405e-01 -4.184967212405185655e-01 5.761216098776429373e-01
6.453793644905090332e-01 -6.959024071693420410e-01 -1.876508712768554688e+00 4.794960874002666684e-01 5.128623703997213790e-01 -4.184967001216065019e-01 5.761216109227359494e-01
6.453793644905090332e-01 -6.959024071693420410e-01 -1.876508712768554688e+00 4.794960968689518377e-01 5.128623753249286210e-01 -4.184966840883085348e-01 5.761216189689153389e-01
6.453793644905090332e-01 -6.959024071693420410e-01 -1.876508712768554688e+00 4.794961060948501053e-01 5.128623805098171395e-01 -4.184966682669117866e-01 5.761216273068063831e-01
6.453793048858642578e-01 -6.959023475646972656e-01 -1.876508712768554688e+00 4.794961155635349415e-01 5.128623859205978519e-01 -4.184966522336153738e-01 5.761216353529855505e-01
6.453793048858642578e-01 -6.959023475646972656e-01 -1.876508712768554688e+00 4.794961286740213047e-01 5.128623869505846145e-01 -4.184966330218128361e-01 5.761216390234862317e-01
6.453793048858642578e-01 -6.959022879600524902e-01 -1.876508712768554688e+00 4.794961400849999111e-01 5.128623587216337709e-01 -4.184966152933147221e-01 5.761216408513818443e-01
6.453792452812194824e-01 -6.959022879600524902e-01 -1.876508712768554688e+00 4.794961493108972905e-01 5.128623639065230666e-01 -4.184965994719214710e-01 5.761216491892728886e-01
6.453792452812194824e-01 -6.959022283554077148e-01 -1.876508712768554688e+00 4.794961585367945034e-01 5.128623690914123623e-01 -4.184965525738228997e-01 5.761216575271637108e-01
6.453792452812194824e-01 -6.959022283554077148e-01 -1.876508712768554688e+00 4.794961718900664360e-01 5.128623698617194027e-01 -4.184965331501254715e-01 5.761216609059530702e-01
6.453791856765747070e-01 -6.959022283554077148e-01 -1.876508712768554688e+00 4.794961811159632603e-01 5.128623750466086983e-01 -4.184965173287353846e-01 5.761216381671391273e-01
6.453791856765747070e-01 -6.959021687507629395e-01 -1.876508712768554688e+00 4.794961905846465977e-01 5.128623799718168286e-01 -4.184965012954457442e-01 5.761216423287306432e-01
6.453791856765747070e-01 -6.959021687507629395e-01 -1.876508831977844238e+00 4.794962017528369702e-01 5.128623830792560234e-01 -4.184964837788546776e-01 5.761216483329274496e-01
6.453791260719299316e-01 -6.959021091461181641e-01 -1.876508831977844238e+00 4.794962148633210020e-01 5.128623841092451174e-01 -4.184964645670621874e-01 5.761216520034299071e-01
6.453791260719299316e-01 -6.959020495414733887e-01 -1.876508831977844238e+00 4.794962338006861780e-01 5.128623638541073282e-01 -4.184964325004892349e-01 5.761216680957886860e-01
6.453790664672851562e-01 -6.959020495414733887e-01 -1.876508831977844238e+00 4.794962585649318321e-01 5.128623684433227803e-01 -4.184964031174888133e-01 5.761216771870649733e-01
6.453790068626403809e-01 -6.959019899368286133e-01 -1.876508831977844238e+00 4.794962743460680632e-01 5.128623787561560343e-01 -4.184963738056253213e-01 5.761216893025011831e-01
6.453790068626403809e-01 -6.959019303321838379e-01 -1.876508831977844238e+00 4.794962927978574929e-01 5.128623832990557574e-01 -4.184963421628623004e-01 5.761216982091083016e-01
6.453789472579956055e-01 -6.959018707275390625e-01 -1.876508831977844238e+00 4.794963112496462565e-01 5.128623878419558135e-01 -4.184962872125801425e-01 5.761217071157155312e-01
6.453789472579956055e-01 -6.959018707275390625e-01 -1.876508831977844238e+00 4.794963231461938369e-01 5.128623610359516194e-01 -4.184962690603005742e-01 5.761217122447777061e-01
6.453788876533508301e-01 -6.959018111228942871e-01 -1.876508951187133789e+00 4.794963364994612176e-01 5.128623676331437453e-01 -4.184962418674480489e-01 5.761217233927434789e-01
6.453788876533508301e-01 -6.959018111228942871e-01 -1.876508951187133789e+00 4.794963479104348836e-01 5.128623709664780206e-01 -4.184962241389711957e-01 5.761217291052289635e-01
6.453788876533508301e-01 -6.959017515182495117e-01 -1.876508951187133789e+00 4.794963612637015982e-01 5.128623722223636383e-01 -4.184962047152951392e-01 5.761217324840213205e-01
6.453788280487060547e-01 -6.959017515182495117e-01 -1.876508951187133789e+00 4.794963707323813829e-01 5.128623771475737669e-01 -4.184961964511939025e-01 5.761217405302001549e-01
6.453788280487060547e-01 -6.959017515182495117e-01 -1.876508951187133789e+00 4.794963799582743214e-01 5.128623823324649500e-01 -4.184961806298202469e-01 5.761217449835041027e-01
6.453788280487060547e-01 -6.959016919136047363e-01 -1.876508951187133789e+00 4.794963891841670933e-01 5.128623875173561331e-01 -4.184961648084473129e-01 5.761217533213943698e-01
6.453787684440612793e-01 -6.959016919136047363e-01 -1.876508951187133789e+00 4.794964025374326422e-01 5.128623882876690576e-01 -4.184961453847755863e-01 5.761217567001871709e-01
6.453787684440612793e-01 -6.959016323089599609e-01 -1.876508951187133789e+00 4.794964137056180742e-01 5.128623913951119162e-01 -4.184961278682048369e-01 5.761217627043846434e-01
6.453787088394165039e-01 -6.959016323089599609e-01 -1.876508951187133789e+00 4.794964229315101800e-01 5.128623655033143214e-01 -4.184961120468346230e-01 5.761217710422747995e-01
6.453787088394165039e-01 -6.959015727043151855e-01 -1.876508951187133789e+00 4.794964324001887990e-01 5.128623704285252272e-01 -4.184960960135651886e-01 5.761217752038672035e-01
6.453787088394165039e-01 -6.959015727043151855e-01 -1.876508951187133789e+00 4.794964455106665024e-01 5.128623714585209825e-01 -4.184960768017981225e-01 5.761217477976845469e-01
6.453786492347717285e-01 -6.959015727043151855e-01 -1.876508951187133789e+00 4.794964547365579977e-01 5.128623766434130538e-01 -4.184960609804304621e-01 5.761217561355752581e-01
6.453786492347717285e-01 -6.959015130996704102e-01 -1.876508951187133789e+00 4.794964642052359505e-01 5.128623815686240706e-01 -4.184960138704774124e-01 5.761217641817542034e-01
6.453786492347717285e-01 -6.959015130996704102e-01 -1.876509070396423340e+00 4.794964758589931875e-01 5.128623851278525381e-01 -4.184959959301135513e-01 5.761217696025293655e-01
6.453785896301269531e-01 -6.959014534950256348e-01 -1.876509070396423340e+00 4.794964889694696697e-01 5.128623861578490706e-01 -4.184959767183519808e-01 5.761217732730355978e-01
6.453785896301269531e-01 -6.959014534950256348e-01 -1.876509070396423340e+00 4.794964984381469564e-01 5.128623910830603094e-01 -4.184959606850885971e-01 5.761217813192144321e-01
6.453785300254821777e-01 -6.959013342857360840e-01 -1.876509070396423340e+00 4.794965384979333334e-01 5.128623749422296374e-01 -4.184959024141159944e-01 5.761218031093554570e-01
6.453784704208374023e-01 -6.959012746810913086e-01 -1.876509070396423340e+00 4.794965635049497910e-01 5.128623855842281420e-01 -4.184958572809357458e-01 5.761218196780965028e-01
6.453784108161926270e-01 -6.959012150764465332e-01 -1.876509070396423340e+00 4.794965853557398572e-01 5.128623898906161660e-01 -4.184958226716262719e-01 5.761218283853314359e-01
6.453784108161926270e-01 -6.959012150764465332e-01 -1.876509070396423340e+00 4.794966040503038651e-01 5.128623946594175198e-01 -4.184957985861851304e-01 5.761218331156456873e-01
6.453783512115478516e-01 -6.959011554718017578e-01 -1.876509189605712891e+00 4.794966222592940697e-01 5.128623683853319459e-01 -4.184957360787006087e-01 5.761218423139677913e-01
6.453783512115478516e-01 -6.959011554718017578e-01 -1.876509189605712891e+00 4.794966324563282867e-01 5.128623744737946799e-01 -4.184957194097501110e-01 5.761218533695965371e-01
6.453782916069030762e-01 -6.959010958671569824e-01 -1.876509189605712891e+00 4.794966499369578417e-01 5.128623824832942990e-01 -4.184956963838145638e-01 5.761218634430527175e-01
6.453782916069030762e-01 -6.959010362625122070e-01 -1.876509189605712891e+00 4.794966625618566347e-01 5.128623884028142843e-01 -4.184956698267029429e-01 5.761218715815675795e-01
6.453782320022583008e-01 -6.959010362625122070e-01 -1.876509189605712891e+00 4.794966783429795987e-01 5.128623880330462903e-01 -4.184956482840679337e-01 5.761218759278350365e-01
6.453782320022583008e-01 -6.959009766578674316e-01 -1.876509189605712891e+00 4.794966878116531106e-01 5.128623939294054690e-01 -4.184956322508206483e-01 5.761218839740132047e-01
6.453781723976135254e-01 -6.959009766578674316e-01 -1.876509189605712891e+00 4.794967031072022712e-01 5.128623673724856946e-01 -4.184956111319876326e-01 5.761218578270328461e-01
6.453781723976135254e-01 -6.959009170532226562e-01 -1.876509189605712891e+00 4.794967125758752835e-01 5.128623722976997090e-01 -4.184955950987423456e-01 5.761218658732115694e-01
6.453781723976135254e-01 -6.959009170532226562e-01 -1.876509189605712891e+00 4.794967218017616717e-01 5.128623774825943338e-01 -4.184955792773972227e-01 5.761218742111013924e-01
6.453781127929687500e-01 -6.959008574485778809e-01 -1.876509189605712891e+00 4.794967438953309791e-01 5.128623825004542391e-01 -4.184955444562187821e-01 5.761218826266284454e-01
6.453781127929687500e-01 -6.959008574485778809e-01 -1.876509308815002441e+00 4.794967533640032142e-01 5.128623883968140840e-01 -4.184955284229768813e-01 5.761218906728069467e-01
6.453780531883239746e-01 -6.959007978439331055e-01 -1.876509308815002441e+00 4.794967689023367230e-01 5.128623926568862679e-01 -4.184954760155860098e-01 5.761218991953710455e-01
6.453780531883239746e-01 -6.959007978439331055e-01 -1.876509308815002441e+00 4.794967803133000639e-01 5.128623964758010079e-01 -4.184954582871524553e-01 5.761219049078596388e-01
6.453779935836791992e-01 -6.959007382392883301e-01 -1.876509308815002441e+00 4.794967939093411902e-01 5.128623979575898106e-01 -4.184954386516264169e-01 5.761219079949472244e-01
6.453777551651000977e-01 -6.959004402160644531e-01 -1.876509428024291992e+00 4.794969298697309146e-01 5.128623846122771779e-01 -4.184951956814623730e-01 5.761219854808242724e-01
6.453776955604553223e-01 -6.959003210067749023e-01 -1.876509428024291992e+00 4.794969709006266512e-01 5.128623999661500177e-01 -4.184951287938783460e-01 5.761219789120559653e-01
6.453775763511657715e-01 -6.959001421928405762e-01 -1.876509547233581543e+00 4.794970362101517170e-01 5.128623888664111119e-01 -4.184950329472596486e-01 5.761220092100771684e-01
6.453772783279418945e-01 -6.959000229835510254e-01 -1.876509070396423340e+00 4.794967788565813738e-01 5.128572159998470159e-01 -4.185012165109050497e-01 5.761223378468661727e-01
6.453770399093627930e-01 -6.958997845649719238e-01 -1.876509070396423340e+00 4.794968679592011007e-01 5.128568342100722210e-01 -4.185014805860781117e-01 5.761224055950087131e-01
6.453769207000732422e-01 -6.958996653556823730e-01 -1.876509189605712891e+00 4.794969014637240901e-01 5.128567041734269916e-01 -4.185015601118718953e-01 5.761224430304885402e-01
6.453768610954284668e-01 -6.958995461463928223e-01 -1.876509189605712891e+00 4.794969400667585813e-01 5.128565322656184478e-01 -4.185016662643641361e-01 5.761224743400281678e-01
6.453768014907836914e-01 -6.958994865417480469e-01 -1.876509189605712891e+00 4.794969570618042298e-01 5.128564480503025047e-01 -4.185017291228403380e-01 5.761224772277278028e-01
6.453767418861389160e-01 -6.958994269371032715e-01 -1.876509189605712891e+00 4.794969706578403046e-01 5.128564116575935472e-01 -4.185017716404551003e-01 5.761225075068758805e-01
6.453766822814941406e-01 -6.958993673324584961e-01 -1.876509189605712891e+00 4.794970024628518179e-01 5.128562732417283332e-01 -4.185018604186968583e-01 5.761225081385138447e-01
6.453765630722045898e-01 -6.958991885185241699e-01 -1.876509189605712891e+00 4.794970408230918579e-01 5.128561122762745894e-01 -4.185019590138898127e-01 5.761225475089248871e-01
6.453764438629150391e-01 -6.958990693092346191e-01 -1.876509308815002441e+00 4.794970857385588703e-01 5.128559496408675589e-01 -4.185020829643518181e-01 5.761225751185501398e-01
6.453763246536254883e-01 -6.958989500999450684e-01 -1.876509308815002441e+00 4.794971250699373577e-01 5.128557575312687744e-01 -4.185022117885495718e-01 5.761226133221123424e-01
6.453762650489807129e-01 -6.958988308906555176e-01 -1.876509308815002441e+00 4.794971627018088101e-01 5.128556162822665021e-01 -4.185023187885652529e-01 5.761226457984898186e-01
6.453762054443359375e-01 -6.958987712860107422e-01 -1.876509308815002441e+00 4.794971823674952782e-01 5.128555345518838182e-01 -4.185023715469092798e-01 5.761226765540089501e-01
6.453761458396911621e-01 -6.958987116813659668e-01 -1.876509308815002441e+00 4.794972039754709092e-01 5.128554614266894740e-01 -4.185024070717108802e-01 5.761226777837789026e-01
6.453760862350463867e-01 -6.958986520767211914e-01 -1.876509308815002441e+00 4.794972175714999896e-01 5.128553983275493389e-01 -4.185024495892906149e-01 5.761226808708563851e-01
6.453760862350463867e-01 -6.958986520767211914e-01 -1.876509308815002441e+00 4.794972280113077301e-01 5.128553439455060259e-01 -4.185024870924410889e-01 5.761227149422354366e-01
6.453760266304016113e-01 -6.958985924720764160e-01 -1.876509308815002441e+00 4.794972389366877197e-01 5.128552900152569816e-01 -4.185025241717851285e-01 5.761227173535548030e-01
6.453759670257568359e-01 -6.958985328674316406e-01 -1.876509308815002441e+00 4.794972697705366382e-01 5.128551783736060576e-01 -4.185026215667112526e-01 5.761227502286780933e-01
6.453759074211120605e-01 -6.958984136581420898e-01 -1.876509428024291992e+00 4.794972972053768712e-01 5.128550558002697990e-01 -4.185026986207875388e-01 5.761227483419638640e-01
6.453758478164672852e-01 -6.958983540534973145e-01 -1.876509428024291992e+00 4.794973260969325746e-01 5.128549540052195210e-01 -4.185027821725989527e-01 5.761227835507737316e-01
6.453757882118225098e-01 -6.958982944488525391e-01 -1.876509428024291992e+00 4.794973450342538412e-01 5.128548550877515266e-01 -4.185028200283048005e-01 5.761227879893672243e-01
6.453757286071777344e-01 -6.958982348442077637e-01 -1.876509428024291992e+00 4.794973678561528785e-01 5.128547525010458408e-01 -4.185028855701957151e-01 5.761228188372136128e-01
6.453756690025329590e-01 -6.958981156349182129e-01 -1.876509428024291992e+00 4.794973909208369856e-01 5.128546812168734981e-01 -4.185029509001787495e-01 5.761228183167211858e-01
6.453756093978881836e-01 -6.958980560302734375e-01 -1.876509428024291992e+00 4.794974105865140723e-01 5.128545834626934141e-01 -4.185030191967923918e-01 5.761228529568079848e-01
6.453754901885986328e-01 -6.958979368209838867e-01 -1.876509428024291992e+00 4.794974547735881831e-01 5.128544080105974512e-01 -4.185031593211085421e-01 5.761228892107130850e-01
6.453754305839538574e-01 -6.958978772163391113e-01 -1.876509547233581543e+00 4.794974819656317444e-01 5.128542852114674755e-01 -4.185032365870361981e-01 5.761228915002927220e-01
6.453753113746643066e-01 -6.958977580070495605e-01 -1.876509547233581543e+00 4.794975144989674920e-01 5.128541707810803096e-01 -4.185032936527897096e-01 5.761229223334310978e-01
6.453752517700195312e-01 -6.958976984024047852e-01 -1.876509547233581543e+00 4.794975361069281350e-01 5.128540670649694988e-01 -4.185033680233092301e-01 5.761229546398239920e-01
6.453751921653747559e-01 -6.958976387977600098e-01 -1.876509547233581543e+00 4.794975548014550615e-01 5.128539839455720228e-01 -4.185034216291930731e-01 5.761229554855525903e-01
6.453751921653747559e-01 -6.958975791931152344e-01 -1.876509547233581543e+00 4.794975722820510322e-01 5.128539356290343632e-01 -4.185034685254329090e-01 5.761229577898360210e-01
6.453751325607299805e-01 -6.958975195884704590e-01 -1.876509547233581543e+00 4.794975878203580066e-01 5.128538578277190840e-01 -4.185035248860445312e-01 5.761229896198429845e-01
6.453750133514404297e-01 -6.958974599838256836e-01 -1.876509547233581543e+00 4.794976196253285528e-01 5.128537116430923470e-01 -4.185036214332443771e-01 5.761230252126852136e-01
6.453750133514404297e-01 -6.958974003791809082e-01 -1.876509547233581543e+00 4.794976368631361230e-01 5.128536587305285721e-01 -4.185036763105279278e-01 5.761230278086793000e-01
6.453749537467956543e-01 -6.958973407745361328e-01 -1.876509547233581543e+00 4.794976545865151096e-01 5.128535751931536657e-01 -4.185036996873935378e-01 5.761230298212525192e-01
6.453748941421508789e-01 -6.958972811698913574e-01 -1.876509666442871094e+00 4.794976727954654572e-01 5.128534925931511612e-01 -4.185037537170605559e-01 5.761230584424368306e-01
6.453748345375061035e-01 -6.958972215652465820e-01 -1.876509666442871094e+00 4.794976931894889827e-01 5.128534304779626130e-01 -4.185038136087513849e-01 5.761230611307686100e-01
6.453747749328613281e-01 -6.958971023559570312e-01 -1.876509666442871094e+00 4.794977223238068298e-01 5.128533017169876196e-01 -4.185038969485446181e-01 5.761230921632729540e-01
6.453746557235717773e-01 -6.958969831466674805e-01 -1.876509666442871094e+00 4.794977618979190392e-01 5.128531413959880325e-01 -4.185040255605653736e-01 5.761231300750940809e-01
6.453745961189270020e-01 -6.958969235420227051e-01 -1.876509666442871094e+00 4.794977745227885224e-01 5.128530773934159015e-01 -4.185040689256746549e-01 5.761231304444415224e-01
6.453745961189270020e-01 -6.958969235420227051e-01 -1.876509666442871094e+00 4.794977883615873515e-01 5.128530184049078233e-01 -4.185040723855174560e-01 5.761231293552362409e-01
6.453745365142822266e-01 -6.958968639373779297e-01 -1.876509666442871094e+00 4.794978022003857920e-01 5.128529900074313419e-01 -4.185041069219599952e-01 5.761231632272060255e-01
6.453841924667358398e-01 -6.958866119384765625e-01 -1.876506209373474121e+00 4.795084018743275278e-01 5.128534989910226161e-01 -4.185045359126396414e-01 5.761135704072746222e-01
6.453841328620910645e-01 -6.958864331245422363e-01 -1.876506328582763672e+00 4.795083154444377826e-01 5.128534841222484042e-01 -4.185045802708687313e-01 5.761136392895546132e-01
