repeatability libsurvive; 20211016-001748; x y z w i j k;  frequency = 150 duration = 2 sys.args = ['repeatability.py']
3.172587521368255836e-01 4.966981915595354291e-01 -3.670924096815225690e-01 -7.527735294447529535e-03 9.760565533967990870e-01 -1.533307766755840906e-01 1.540993533294685580e-01
3.172587521368255836e-01 4.966981915595354291e-01 -3.670924096815225690e-01 -7.527735294447529535e-03 9.760565533967990870e-01 -1.533307766755840906e-01 1.540993533294685580e-01
3.172587521368255836e-01 4.966981915595354291e-01 -3.670924096815225690e-01 -7.527735294447529535e-03 9.760565533967990870e-01 -1.533307766755840906e-01 1.540993533294685580e-01
3.172903639203858428e-01 4.970035965241291209e-01 -3.671901212705210860e-01 -7.521272919763316578e-03 9.760442168366105786e-01 -1.533931668263519565e-01 1.541157149821430206e-01
3.172672754701552078e-01 4.970696791677429727e-01 -3.671001323891254775e-01 -7.544500700686601613e-03 9.760196528779746528e-01 -1.535091127392312349e-01 1.541546950668359339e-01
3.172655386116176590e-01 4.970682669445008472e-01 -3.671013206430753795e-01 -7.508184422594016416e-03 9.760275795055266546e-01 -1.535047769046818944e-01 1.541105923637405284e-01
3.172649020706870826e-01 4.970674618609004503e-01 -3.671018990563965634e-01 -7.489926061090626530e-03 9.760305731534056894e-01 -1.535022266795145196e-01 1.540950605368795467e-01
3.172649020706870826e-01 4.970674618609004503e-01 -3.671018990563965634e-01 -7.489926061090626530e-03 9.760305731534056894e-01 -1.535022266795145196e-01 1.540950605368795467e-01
3.172645505251930342e-01 4.972720207986651708e-01 -3.670889730115917682e-01 -7.498943631979337887e-03 9.760095418880596618e-01 -1.536200250300724379e-01 1.541104405860425075e-01
3.172761421811359783e-01 4.973346465850196352e-01 -3.670597458200512420e-01 -7.532425814442716971e-03 9.759922476483973153e-01 -1.536769616264924698e-01 1.541615599195496622e-01
3.172755713183917914e-01 4.973334692036616711e-01 -3.670604869769533707e-01 -7.508132922488808259e-03 9.759950901671400336e-01 -1.536736167019964738e-01 1.541480828274622294e-01
3.172746814593612741e-01 4.973312696290161927e-01 -3.670618323034643971e-01 -7.463831439262796907e-03 9.759996474210990147e-01 -1.536672161279928894e-01 1.541277591532733138e-01
3.172616663227927347e-01 4.973885553077057597e-01 -3.670928961694272519e-01 -7.494760237751557641e-03 9.759751115048371783e-01 -1.537642709255204743e-01 1.541848218173327290e-01
3.172608839408757597e-01 4.973879352640830365e-01 -3.670934283856152058e-01 -7.478578355697845792e-03 9.759786778513379613e-01 -1.537622450826212628e-01 1.541650519167162836e-01
3.172592793131477351e-01 4.973865874782551488e-01 -3.670945620518788477e-01 -7.443925062085618438e-03 9.759860254802544821e-01 -1.537581506140891507e-01 1.541242912932983544e-01
3.172500702774342929e-01 4.974019257373597513e-01 -3.671743995373523139e-01 -7.478391448030960453e-03 9.759661148534617414e-01 -1.538187164062683743e-01 1.541882576667818194e-01
3.172485435178291624e-01 4.974008471254784403e-01 -3.671753843697301845e-01 -7.449079526283139407e-03 9.759729782515629282e-01 -1.538151310397649629e-01 1.541498050605494552e-01
3.172078892800470062e-01 4.974050563810879511e-01 -3.671782597075421983e-01 -7.463748588273977358e-03 9.759753548777334586e-01 -1.537701534062660413e-01 1.541789189536189320e-01
3.172063590716458492e-01 4.974033399262360322e-01 -3.671795271250982706e-01 -7.424079910290162787e-03 9.759823955244170124e-01 -1.537652043131661483e-01 1.541411969800299264e-01
3.172063590716458492e-01 4.974033399262360322e-01 -3.671795271250982706e-01 -7.424079910290162787e-03 9.759823955244170124e-01 -1.537652043131661483e-01 1.541411969800299264e-01
3.171828014078418856e-01 4.973175910613914508e-01 -3.672355364911708553e-01 -7.451690955021267326e-03 9.759613706867287242e-01 -1.538510014083538935e-01 1.541873684671970779e-01
3.171817089177400018e-01 4.973161752351767939e-01 -3.672365537149613335e-01 -7.420087452529061656e-03 9.759663876371800217e-01 -1.538467305064216695e-01 1.541613960014477369e-01
3.171766575043261649e-01 4.972739103542652694e-01 -3.672334510676339980e-01 -7.474209613224952475e-03 9.759522815599972478e-01 -1.538586187599143562e-01 1.542362011389829535e-01
3.171751198963809193e-01 4.972727378445269686e-01 -3.672344652225099648e-01 -7.443976456007153630e-03 9.759590546895691165e-01 -1.538548266081882776e-01 1.541985833700471042e-01
3.171732590307708710e-01 4.972721962753870462e-01 -3.672353027007843052e-01 -7.421533329740270801e-03 9.759670453675761692e-01 -1.538529596222376616e-01 1.541509455533663364e-01
3.171787097439607850e-01 4.971444861014227001e-01 -3.672716351486457476e-01 -7.488521470241357725e-03 9.759456001123485436e-01 -1.539129384694652436e-01 1.542235878172733277e-01
3.171766021453873430e-01 4.971434188089493000e-01 -3.672727601208363724e-01 -7.456587714792115018e-03 9.759547514644828503e-01 -1.539095655528374129e-01 1.541705809319264264e-01
3.171752330138948306e-01 4.971419198673435735e-01 -3.672738858042127186e-01 -7.422029740220117966e-03 9.759609380978739868e-01 -1.539053622167893542e-01 1.541372773295669463e-01
3.171853126011651147e-01 4.971852762969217743e-01 -3.672261994501497817e-01 -7.461984792624304363e-03 9.759347168212324508e-01 -1.540413473833686653e-01 1.541655298123794926e-01
3.171845877771304889e-01 4.971847456193341230e-01 -3.672266731428275310e-01 -7.448060459067012973e-03 9.759379055637025235e-01 -1.540396515309150338e-01 1.541477104454231362e-01
3.171835123268167966e-01 4.971840995017368092e-01 -3.672273438920515276e-01 -7.429211649320519029e-03 9.759425848126771497e-01 -1.540373287677700431e-01 1.541213136120692939e-01
3.171596535741117440e-01 4.973746678454058490e-01 -3.672043386461289471e-01 -7.492784345590461359e-03 9.759355755876419902e-01 -1.540184075035661571e-01 1.541815184619536039e-01
3.171584010575069223e-01 4.973728496376437769e-01 -3.672055582075764435e-01 -7.453789884326753046e-03 9.759413679273900577e-01 -1.540131394863127334e-01 1.541520037169303858e-01
3.171577065308702759e-01 4.973723678797075665e-01 -3.672059993348179008e-01 -7.440776458924450165e-03 9.759444320198078504e-01 -1.540115772904224190e-01 1.541347933327814057e-01
3.171380004848888823e-01 4.973415728544921532e-01 -3.672078253563191841e-01 -7.466390443244777519e-03 9.759158963112094520e-01 -1.541245788295115826e-01 1.542012663419582430e-01
3.171362900201176171e-01 4.973410601396920927e-01 -3.672086007975925992e-01 -7.445766424101996073e-03 9.759231711549111177e-01 -1.541227040322168396e-01 1.541580898529083532e-01
3.172194948608740850e-01 4.971109660163594013e-01 -3.673520486628106818e-01 -7.459114932217028593e-03 9.758860121763923701e-01 -1.543155207737041956e-01 1.541997823968200843e-01
3.172186528938055750e-01 4.971105429742410653e-01 -3.673525075654676120e-01 -7.446446957894051200e-03 9.758897165289888154e-01 -1.543143148366183937e-01 1.541781561609096574e-01
3.172174938859301796e-01 4.971097299891140686e-01 -3.673532878530768597e-01 -7.424607162953456019e-03 9.758948741702896390e-01 -1.543117552661618652e-01 1.541491224863329734e-01
3.172174938859301796e-01 4.971097299891140686e-01 -3.673532878530768597e-01 -7.424607162953456019e-03 9.758948741702896390e-01 -1.543117552661618652e-01 1.541491224863329734e-01
3.172090635946553938e-01 4.971365795710878666e-01 -3.673796306161513092e-01 -7.467766132083872299e-03 9.758927226132846355e-01 -1.543003530695924441e-01 1.541720709532900524e-01
3.172075636375218388e-01 4.971346929742851972e-01 -3.673809422036109495e-01 -7.427081391748510675e-03 9.758996740021412819e-01 -1.542950560406045057e-01 1.541353315302549376e-01
3.173299103236285612e-01 4.968740538261220419e-01 -3.673802790380739647e-01 -7.446353579853987048e-03 9.758730908473720600e-01 -1.544331775305394783e-01 1.541643799850715979e-01
3.173293480376123687e-01 4.968733973938941895e-01 -3.673807717796123695e-01 -7.431531816031400339e-03 9.758757611538501076e-01 -1.544312665218789404e-01 1.541501055715156776e-01
3.173281452119228185e-01 4.968723950181619942e-01 -3.673816387355357538e-01 -7.406442326451517788e-03 9.758813416703022714e-01 -1.544281165746619333e-01 1.541191370435168184e-01
3.173281452119228185e-01 4.968723950181619942e-01 -3.673816387355357538e-01 -7.406442326451517788e-03 9.758813416703022714e-01 -1.544281165746619333e-01 1.541191370435168184e-01
3.173106485033927449e-01 4.968976990702343999e-01 -3.673224478647807434e-01 -7.460667716927035786e-03 9.758970996901421557e-01 -1.543065323753305407e-01 1.541385199094882363e-01
3.173091623015990015e-01 4.968967897676604961e-01 -3.673233309784031397e-01 -7.435415124666139297e-03 9.759037995409522992e-01 -1.543038491877676832e-01 1.541000024960909875e-01
3.173091623015990015e-01 4.968967897676604961e-01 -3.673233309784031397e-01 -7.435415124666139297e-03 9.759037995409522992e-01 -1.543038491877676832e-01 1.541000024960909875e-01
3.172689976698842007e-01 4.969382228861310424e-01 -3.673558204496017443e-01 -7.465620579170564874e-03 9.758730223125061665e-01 -1.544455131983266116e-01 1.541515237839971020e-01
3.172677063704383849e-01 4.969372784941095134e-01 -3.673566779149621819e-01 -7.440890800451516185e-03 9.758788219118781360e-01 -1.544426244327926079e-01 1.541188951630916570e-01
3.172677063704383849e-01 4.969372784941095134e-01 -3.673566779149621819e-01 -7.440890800451516185e-03 9.758788219118781360e-01 -1.544426244327926079e-01 1.541188951630916570e-01
3.172589284558210987e-01 4.970433524913064893e-01 -3.673004639535529803e-01 -7.443106186807352254e-03 9.758718869174863864e-01 -1.544775696107980045e-01 1.541276775324192938e-01
3.172580410256852224e-01 4.970425551257083296e-01 -3.673010869125666877e-01 -7.423963050581225409e-03 9.758759323092525140e-01 -1.544752675080423021e-01 1.541052927075814427e-01
3.172789267375091260e-01 4.972373651154010643e-01 -3.672204054585218591e-01 -7.477426051451213640e-03 9.758756381533074675e-01 -1.544397761864060858e-01 1.541401391267458454e-01
3.172773046393669860e-01 4.972364691628645694e-01 -3.672213311056585217e-01 -7.450371540661554493e-03 9.758829305673017984e-01 -1.544369239921981607e-01 1.540981320428932988e-01
3.172766017546218564e-01 4.972356974627035742e-01 -3.672219024936285159e-01 -7.432384025476912459e-03 9.758862229906253294e-01 -1.544345906499602350e-01 1.540804875886905290e-01
3.172617100858942107e-01 4.971262138243283668e-01 -3.672955937832998452e-01 -7.455254550586390416e-03 9.758650989383113039e-01 -1.544861860758361405e-01 1.541614289160807005e-01
3.172603095657591799e-01 4.971255253034211341e-01 -3.672963788168280841e-01 -7.433213252936415882e-03 9.758712601117851548e-01 -1.544836771094887928e-01 1.541260021388474177e-01
3.172596471169605303e-01 4.971246356628072904e-01 -3.672969958194936546e-01 -7.413629183934233868e-03 9.758743679802645010e-01 -1.544810636009953386e-01 1.541098861531854380e-01
3.172827766630794133e-01 4.970665205585083068e-01 -3.673230602167506520e-01 -7.467472839276595442e-03 9.758659459656680024e-01 -1.544776972681818350e-01 1.541639821769234808e-01
3.172814082517931844e-01 4.970654993390695164e-01 -3.673239665002842047e-01 -7.440742225461385861e-03 9.758721213067136357e-01 -1.544744581472721756e-01 1.541294261053866577e-01
3.172807578688782715e-01 4.970651041729733377e-01 -3.673243640963240186e-01 -7.429390397374877053e-03 9.758750257896534608e-01 -1.544731308837350992e-01 1.541129132595410178e-01
3.172707010142020723e-01 4.969746434832470472e-01 -3.673192116876097812e-01 -7.459673951040898809e-03 9.758602585019375830e-01 -1.545197270977387571e-01 1.541582403853784811e-01
3.172698576279481264e-01 4.969727136609874973e-01 -3.673203655330982143e-01 -7.421850306338143022e-03 9.758644378756120563e-01 -1.545142790901014029e-01 1.541390689767265232e-01
3.172692857765622154e-01 4.969717730637373543e-01 -3.673209681549480798e-01 -7.402419105797267140e-03 9.758671655026542879e-01 -1.545115788604017881e-01 1.541254407398829906e-01
3.172814998882269588e-01 4.970145965136090749e-01 -3.673346736918164934e-01 -7.433480222997695952e-03 9.758684175361622692e-01 -1.544615049142719632e-01 1.541662042305618208e-01
3.172801020844928654e-01 4.970139631215237941e-01 -3.673354160171841132e-01 -7.413023252017911235e-03 9.758745427032207154e-01 -1.544594186198154362e-01 1.541305031123735292e-01
3.172794348537144593e-01 4.970139182182021220e-01 -3.673356581869960946e-01 -7.407466610377333449e-03 9.758773764915709137e-01 -1.544588596173968043e-01 1.541133874004404214e-01
3.172882538626234372e-01 4.970792249368206628e-01 -3.672956058022165404e-01 -7.447014578003077756e-03 9.758929000202007931e-01 -1.543286414621931057e-01 1.541436346025071291e-01
3.172863744804912400e-01 4.970772951893369096e-01 -3.672970219073412590e-01 -7.402359128057492410e-03 9.759015091246674434e-01 -1.543234089652822383e-01 1.540965120074758166e-01
3.172519820794766909e-01 4.968964926188251252e-01 -3.671971976309419405e-01 -7.431528930427602764e-03 9.758923980925202635e-01 -1.543528754712580886e-01 1.541232933619710865e-01
3.172901593849022372e-01 4.971752958345036499e-01 -3.672848318187815764e-01 -7.433932844029572662e-03 9.758923926029271501e-01 -1.543568821266484425e-01 1.541191994604982352e-01
3.172889600943376021e-01 4.971745409472832500e-01 -3.672855805190695100e-01 -7.412315315810408256e-03 9.758977570770226428e-01 -1.543542729644701850e-01 1.540888825688129238e-01
3.172570249996010672e-01 4.972233072056945757e-01 -3.672974010255921629e-01 -7.456768532083754564e-03 9.758853231582691468e-01 -1.543681891497336589e-01 1.541515320260277710e-01
3.172564118633012797e-01 4.972229348292363516e-01 -3.672977780345663135e-01 -7.446016475446334826e-03 9.758880198218750079e-01 -1.543669559553552117e-01 1.541362141609321501e-01
3.172548271789599195e-01 4.972228004620539710e-01 -3.672983480056923877e-01 -7.432408608948545825e-03 9.758947313417929426e-01 -1.543657167149415921e-01 1.540956136451719916e-01
3.172164249471994824e-01 4.971889572000679491e-01 -3.673116712404110307e-01 -7.475087496135748855e-03 9.758678298429723785e-01 -1.544641658445572996e-01 1.541652464546979240e-01
3.172154533285542755e-01 4.971880950364818696e-01 -3.673123372855159885e-01 -7.454487933457779048e-03 9.758721466081325957e-01 -1.544618064641164468e-01 1.541412807392201489e-01
3.172140739074639781e-01 4.971871527847258054e-01 -3.673132004855396704e-01 -7.429215687318177497e-03 9.758781633018800417e-01 -1.544588111598351188e-01 1.541074067003614934e-01
3.172208382880650213e-01 4.972284793723039664e-01 -3.673185138346921064e-01 -7.447760514825832456e-03 9.758487210641242360e-01 -1.545886406511930988e-01 1.541627602323044632e-01
3.172200706972163053e-01 4.972283816943374180e-01 -3.673188001615067533e-01 -7.440802980327440586e-03 9.758519574005030117e-01 -1.545880895496186680e-01 1.541431615674657141e-01
3.172186571692612311e-01 4.972273444492750216e-01 -3.673197117361161612e-01 -7.413916944896903338e-03 9.758581998846851402e-01 -1.545848221162987590e-01 1.541082097898373304e-01
3.172425059402679826e-01 4.973098846344372603e-01 -3.672790955097074428e-01 -7.460705224030986238e-03 9.758540365427030849e-01 -1.545701782550724102e-01 1.541469987870937863e-01
3.172410668687611901e-01 4.973092606899113255e-01 -3.672798371666957662e-01 -7.439855246302903846e-03 9.758603342868527042e-01 -1.545680877658429098e-01 1.541102292642404503e-01
3.172405452341640619e-01 4.973083566689083801e-01 -3.672804226533701311e-01 -7.420973673863504039e-03 9.758628300273830547e-01 -1.545653317349247047e-01 1.540980997493200388e-01
3.172405452341640619e-01 4.973083566689083801e-01 -3.672804226533701311e-01 -7.420973673863504039e-03 9.758628300273830547e-01 -1.545653317349247047e-01 1.540980997493200388e-01
3.172405452341640619e-01 4.973083566689083801e-01 -3.672804226533701311e-01 -7.420973673863504039e-03 9.758628300273830547e-01 -1.545653317349247047e-01 1.540980997493200388e-01
3.171798560423961244e-01 4.971595071942130351e-01 -3.672281049210275317e-01 -7.480404411040211810e-03 9.758342505919195276e-01 -1.546571252095818028e-01 1.541840865441757580e-01
3.172085176165455045e-01 4.973560307697713068e-01 -3.672910181597782708e-01 -7.484158165315904498e-03 9.758277017875021109e-01 -1.546831421068305956e-01 1.541992521014171613e-01
3.172069195760541804e-01 4.973552191690393531e-01 -3.672918992326444920e-01 -7.458805264090845322e-03 9.758348481951678588e-01 -1.546803222931271149e-01 1.541580785013883514e-01
3.172062326727017600e-01 4.973542324438935402e-01 -3.672925946214307125e-01 -7.436844781696677620e-03 9.758381359950116796e-01 -1.546774735789138711e-01 1.541411847778472177e-01
3.172146139580293012e-01 4.972813605398688219e-01 -3.672789456831374033e-01 -7.475372170096597491e-03 9.758199832846954358e-01 -1.547176817031157281e-01 1.542138709766039673e-01
3.172129793023975020e-01 4.972811156221452200e-01 -3.672795638752165970e-01 -7.459402581302981838e-03 9.758270937239248433e-01 -1.547164347507916649e-01 1.541708963632648643e-01
3.172120108898095481e-01 4.972809528385015998e-01 -3.672799293996624193e-01 -7.449757235075835093e-03 9.758313271926806198e-01 -1.547157050061394590e-01 1.541452970770210706e-01
3.172023721863405088e-01 4.971901146857696796e-01 -3.672372994348671593e-01 -7.479305628196195044e-03 9.758294438446994956e-01 -1.546782794246841508e-01 1.541933409304170610e-01
3.172018709302986683e-01 4.971894430302204460e-01 -3.672377915603879939e-01 -7.463986232202859950e-03 9.758317869284651724e-01 -1.546761626374948406e-01 1.541813777382454453e-01
3.172012712170184101e-01 4.971891846403252990e-01 -3.672381135844149380e-01 -7.455015382858656836e-03 9.758344238206355659e-01 -1.546751616321995759e-01 1.541661260016041202e-01
3.171685856214686017e-01 4.972150186378701542e-01 -3.672739993664486668e-01 -7.482147785155698894e-03 9.758205109768531837e-01 -1.547220656019555052e-01 1.542058048105138246e-01
3.171677368705005384e-01 4.972146964049936613e-01 -3.672744056170770266e-01 -7.470761088019334251e-03 9.758242079960977033e-01 -1.547208023179910130e-01 1.541842279470622135e-01
3.171667849654484783e-01 4.972143436179701781e-01 -3.672748563156603141e-01 -7.458071961896614588e-03 9.758283737388724344e-01 -1.547196542180315770e-01 1.541596275534279359e-01
3.171998248212986593e-01 4.971322023268494039e-01 -3.673160946239111824e-01 -7.470801973524440753e-03 9.758090429438062152e-01 -1.548007074863571031e-01 1.541999993148139847e-01
3.171993585404228044e-01 4.971317544256019794e-01 -3.673164777912070744e-01 -7.459540138944883991e-03 9.758111439055365821e-01 -1.547990893120799183e-01 1.541888732653381999e-01
3.171989138945891518e-01 4.971310011906929227e-01 -3.673169974478185940e-01 -7.443296060351489718e-03 9.758132506348022872e-01 -1.547966256619704439e-01 1.541787985196609312e-01
3.171997961429022794e-01 4.970879801180737023e-01 -3.673581639556157130e-01 -7.462943536844915404e-03 9.757887274615317796e-01 -1.548965921938195711e-01 1.542326475150834764e-01
3.171991612044137709e-01 4.970867235791924799e-01 -3.673589636943278558e-01 -7.437111019081774077e-03 9.757918152317420768e-01 -1.548930655659909728e-01 1.542179008610907176e-01
3.171984693431319502e-01 4.970861766700395146e-01 -3.673594459960746184e-01 -7.422823784510951262e-03 9.757949230303860633e-01 -1.548913807762687389e-01 1.542006161998324965e-01
3.171929030492853796e-01 4.971427306963125403e-01 -3.673537961652645345e-01 -7.466593449177091890e-03 9.758003451650885118e-01 -1.548222224055025298e-01 1.542336403233097730e-01
3.171912351092868732e-01 4.971420632545680562e-01 -3.673546131787458480e-01 -7.443867214882549099e-03 9.758076284260164268e-01 -1.548198678987448007e-01 1.541910167626372452e-01
3.171912351092868732e-01 4.971420632545680562e-01 -3.673546131787458480e-01 -7.443867214882549099e-03 9.758076284260164268e-01 -1.548198678987448007e-01 1.541910167626372452e-01
3.171331792347019674e-01 4.971571892222849676e-01 -3.673741444175699922e-01 -7.477607658234020072e-03 9.758085374767331288e-01 -1.547767461545173084e-01 1.542269186006406667e-01
3.171317788722839426e-01 4.971558460511737443e-01 -3.673752160952264978e-01 -7.445292354692323311e-03 9.758147917485564538e-01 -1.547726698202801510e-01 1.541929975815283516e-01
3.171317788722839426e-01 4.971558460511737443e-01 -3.673752160952264978e-01 -7.445292354692323311e-03 9.758147917485564538e-01 -1.547726698202801510e-01 1.541929975815283516e-01
3.171179409583585462e-01 4.971312498542400649e-01 -3.673463963604473026e-01 -7.466889848562502374e-03 9.758114624177891550e-01 -1.547633090138750833e-01 1.542224158581393945e-01
3.171170264877214984e-01 4.971294096804313445e-01 -3.673475899352716123e-01 -7.429020420218923615e-03 9.758157672527814075e-01 -1.547578440088728802e-01 1.542024894552190828e-01
3.171170264877214984e-01 4.971294096804313445e-01 -3.673475899352716123e-01 -7.429020420218923615e-03 9.758157672527814075e-01 -1.547578440088728802e-01 1.542024894552190828e-01
3.170967532295434488e-01 4.972112621720714554e-01 -3.673592167231446992e-01 -7.439612392230995908e-03 9.757834445634611109e-01 -1.549341902731394827e-01 1.542294335324068122e-01
3.170952678003493563e-01 4.972101474911225227e-01 -3.673601966755719039e-01 -7.410797698226084806e-03 9.757899311694464561e-01 -1.549307413216319262e-01 1.541932414191125589e-01
3.170952678003493563e-01 4.972101474911225227e-01 -3.673601966755719039e-01 -7.410797698226084806e-03 9.757899311694464561e-01 -1.549307413216319262e-01 1.541932414191125589e-01
3.171353108281964039e-01 4.970669668717854206e-01 -3.673452405499210704e-01 -7.431861572616910161e-03 9.757768103977598750e-01 -1.549792043755187643e-01 1.542265539220498138e-01
3.171337722991726116e-01 4.970663019231455482e-01 -3.673460239303696917e-01 -7.410162790386157217e-03 9.757834666434944682e-01 -1.549768897842045412e-01 1.541878054368719386e-01
3.171337722991726116e-01 4.970663019231455482e-01 -3.673460239303696917e-01 -7.410162790386157217e-03 9.757834666434944682e-01 -1.549768897842045412e-01 1.541878054368719386e-01
3.171263186594838746e-01 4.970584507795103857e-01 -3.672918232985163955e-01 -7.429606890843321043e-03 9.757637231845648351e-01 -1.550834051579269568e-01 1.542047175123563707e-01
3.171245864410400239e-01 4.970579937355507072e-01 -3.672925430344961550e-01 -7.410151957653099419e-03 9.757711221746732111e-01 -1.550816837679480642e-01 1.541605596047237736e-01
3.170884130599892492e-01 4.968664278319490091e-01 -3.672162895852179587e-01 -7.440927714579881336e-03 9.757601433970313209e-01 -1.551101244750884289e-01 1.541999495391418729e-01
3.171185442463010928e-01 4.970677727908918708e-01 -3.672849084249243945e-01 -7.411618685519302807e-03 9.757588307854542231e-01 -1.551262153607960159e-01 1.541934802788359760e-01
3.171178778333693105e-01 4.970676283268734008e-01 -3.672851861356831726e-01 -7.404377259634553621e-03 9.757616508569797453e-01 -1.551256198857927093e-01 1.541765804825987740e-01
3.171251046914793648e-01 4.971233355898663775e-01 -3.672508983381393977e-01 -7.410379778592254829e-03 9.757285297984351624e-01 -1.553162366698284114e-01 1.541939980532420762e-01
3.171243835458078530e-01 4.971230997125656303e-01 -3.672512293826513119e-01 -7.401205934445695411e-03 9.757316440547633141e-01 -1.553155160356721187e-01 1.541754566053800124e-01
3.171236498955707361e-01 4.971223098167307231e-01 -3.672518356630343206e-01 -7.382534299411699918e-03 9.757349821404583956e-01 -1.553131962699418889e-01 1.541575618615316223e-01
3.171524572097534911e-01 4.971363121657730311e-01 -3.672379139982348550e-01 -7.374019586009139537e-03 9.756967280530772779e-01 -1.555379331508259244e-01 1.541735063259372374e-01
3.171515474075760621e-01 4.971357790237911911e-01 -3.672384319384234264e-01 -7.358677648310649189e-03 9.757007829326798110e-01 -1.555362436399129189e-01 1.541502804480397726e-01
3.171509978722668599e-01 4.971351117670157471e-01 -3.672389370154617305e-01 -7.343121201477301185e-03 9.757033411645872345e-01 -1.555343337311182461e-01 1.541367562980963113e-01
3.171281510242912050e-01 4.972649706035306982e-01 -3.671950977223722989e-01 -7.366762520343392295e-03 9.756863636722017397e-01 -1.556224339928446443e-01 1.541541715044634497e-01
3.171274274508082969e-01 4.972649217627431728e-01 -3.671953321662876357e-01 -7.360697098659718662e-03 9.756894654319711035e-01 -1.556219076584112737e-01 1.541353594735909160e-01
3.171265047340980359e-01 4.972646398093666931e-01 -3.671957276848792917e-01 -7.349431559626626309e-03 9.756934985263627791e-01 -1.556207716818710507e-01 1.541115122574423235e-01
3.171701222995285674e-01 4.970604603327720694e-01 -3.671865768869507773e-01 -7.350622057766570405e-03 9.756992977166627501e-01 -1.555876373487083408e-01 1.541081954174468582e-01
3.171694693931074172e-01 4.970599808027484912e-01 -3.671870041404503016e-01 -7.337694894515134347e-03 9.757022699893246331e-01 -1.555860365179925209e-01 1.540916085059006457e-01
3.171604902226006217e-01 4.971161051217635185e-01 -3.671618279345582603e-01 -7.387705038328487572e-03 9.757054455900331380e-01 -1.555127809537433792e-01 1.541430511578595619e-01
3.171593762054863985e-01 4.971148016115429225e-01 -3.671628066960531678e-01 -7.357061824600635846e-03 9.757106697539648099e-01 -1.555088518361779082e-01 1.541154099049542592e-01
3.171588219729158942e-01 4.971146196969112863e-01 -3.671630682607336382e-01 -7.349757105610074670e-03 9.757131052126364334e-01 -1.555079547853158717e-01 1.541012439446598492e-01
3.171583027428015455e-01 4.970158726799994153e-01 -3.672029230344240336e-01 -7.388307300606758443e-03 9.757008853409667726e-01 -1.555265513191547710e-01 1.541579939375695152e-01
3.171572698621771824e-01 4.970147213705595202e-01 -3.672038134887127270e-01 -7.361015625052855227e-03 9.757056341847558656e-01 -1.555227150298194583e-01 1.541331112345584731e-01
3.171568053144757093e-01 4.970138211075110779e-01 -3.672044105744848297e-01 -7.342021563597853073e-03 9.757079099845575865e-01 -1.555201293532907370e-01 1.541222192899568688e-01
3.171756191739280029e-01 4.970877885738618218e-01 -3.671640326140128696e-01 -7.360707160459015186e-03 9.756921008691297192e-01 -1.555793697989429347e-01 1.541616164440611780e-01
3.171743086530776634e-01 4.970870357641158366e-01 -3.671647883437924587e-01 -7.338258840152586671e-03 9.756979890047798865e-01 -1.555766859267138646e-01 1.541281252895913556e-01
3.171736257566086237e-01 4.970865391334075012e-01 -3.671652303287721297e-01 -7.324843233025499223e-03 9.757010933487568760e-01 -1.555749813868801956e-01 1.541108311447447199e-01
3.171426413097361841e-01 4.968385160134345946e-01 -3.671152414351869786e-01 -7.367566225156996218e-03 9.757070198601780486e-01 -1.555046196176186335e-01 1.541422837545487479e-01
3.171619918539038130e-01 4.969628034151994944e-01 -3.671602715532312211e-01 -7.328667254284090826e-03 9.757013287404125990e-01 -1.555563927253437173e-01 1.541279222358752921e-01
3.171613710373367701e-01 4.969622986363900208e-01 -3.671607085345156007e-01 -7.315447814691525275e-03 9.757041248986408899e-01 -1.555547699667285122e-01 1.541124862548325647e-01
3.171230232300716878e-01 4.968479594144834532e-01 -3.670633033686714897e-01 -7.330072958382061188e-03 9.756943992974191904e-01 -1.556075539754447346e-01 1.541200777181613857e-01
3.171226559225038821e-01 4.968471365039928700e-01 -3.670638328441682696e-01 -7.313016901466906639e-03 9.756961325865776136e-01 -1.556048841571852082e-01 1.541126103400484726e-01
3.172510338592016144e-01 4.969342723783254367e-01 -3.670648114231201409e-01 -7.287086941070303192e-03 9.756816911199227560e-01 -1.556992596488429581e-01 1.541099494584404206e-01
3.171522828624265822e-01 4.971824082335976058e-01 -3.669681888628683053e-01 -7.306927152284384275e-03 9.756851940552337954e-01 -1.556617384024612805e-01 1.541247355699777166e-01
3.172686491825998378e-01 4.972489663977441299e-01 -3.669609907630980716e-01 -7.295041067564636550e-03 9.756755879284089161e-01 -1.557297781001701353e-01 1.541173764026881332e-01
3.172684553978292188e-01 4.972482429377514390e-01 -3.669614370828097605e-01 -7.280374182202550837e-03 9.756768235408537215e-01 -1.557275475377614127e-01 1.541125014230557699e-01
3.172411299935276041e-01 4.975649092579928490e-01 -3.669629079239841718e-01 -7.319084073025630688e-03 9.756721627903257588e-01 -1.557246291067077015e-01 1.541431206832091227e-01
3.172402087721096775e-01 4.975637683028762970e-01 -3.669637785798962604e-01 -7.291560788084405775e-03 9.756768054101185861e-01 -1.557209547602911304e-01 1.541187489389992948e-01
3.172396477559303318e-01 4.975633557461022205e-01 -3.669641594186362488e-01 -7.279859025572057996e-03 9.756795026320648212e-01 -1.557194974152921185e-01 1.541036985959238215e-01
3.172667915407963446e-01 4.974892014473422663e-01 -3.669611786855341840e-01 -7.321258405842412387e-03 9.756705197538947383e-01 -1.557213511991595856e-01 1.541567281672383549e-01
3.172657797971676352e-01 4.974878242002930273e-01 -3.669621902523465540e-01 -7.289119172979405259e-03 9.756756711890968159e-01 -1.557170639843649673e-01 1.541299755903331459e-01
3.172653187219691140e-01 4.974868945343411952e-01 -3.669628123169906830e-01 -7.269086395880711149e-03 9.756781245895351784e-01 -1.557143481923416450e-01 1.541181343886917632e-01
3.172302609301550502e-01 4.974837940726998808e-01 -3.669738603976855917e-01 -7.309502195113060097e-03 9.756571795018749160e-01 -1.557800544178163382e-01 1.541824046695608186e-01
3.172289931114378736e-01 4.974826654621889999e-01 -3.669747930894842192e-01 -7.280333718508197327e-03 9.756632132407117020e-01 -1.557763501976004994e-01 1.541493424860159167e-01
3.172281554124403158e-01 4.974822723600275109e-01 -3.669752257529264594e-01 -7.267312947316501015e-03 9.756670447453689166e-01 -1.557749991250437227e-01 1.541270696793936301e-01
3.172073156579557907e-01 4.974960874652807896e-01 -3.669710858693850386e-01 -7.319470277759546062e-03 9.756366715847593074e-01 -1.558991894228898278e-01 1.541912875332173694e-01
3.172071174862029497e-01 4.974954423519046265e-01 -3.669715020989252618e-01 -7.306164408378029718e-03 9.756377950676133892e-01 -1.558969549998313053e-01 1.541870689098928660e-01
3.172061103813715865e-01 4.974939661560596194e-01 -3.669725556075812412e-01 -7.272613711316863738e-03 9.756427461317835892e-01 -1.558923970214255994e-01 1.541619329184499010e-01
3.172061103813715865e-01 4.974939661560596194e-01 -3.669725556075812412e-01 -7.272613711316863738e-03 9.756427461317835892e-01 -1.558923970214255994e-01 1.541619329184499010e-01
3.172374630103650950e-01 4.973967754397511376e-01 -3.669663146512506247e-01 -7.288552561402442120e-03 9.756392818200672057e-01 -1.558808679278859688e-01 1.541947592664300037e-01
3.172366762557550235e-01 4.973953924150028572e-01 -3.669672696490196562e-01 -7.258041125566772056e-03 9.756432692235121884e-01 -1.558763883123199800e-01 1.541754961872471297e-01
3.172560818505906766e-01 4.973723658227602318e-01 -3.669582510108366225e-01 -7.314166507527100625e-03 9.756504255608047238e-01 -1.557949792944424705e-01 1.542098391736564933e-01
3.172550675264078635e-01 4.973720329990407585e-01 -3.669587337833294938e-01 -7.300340059730556219e-03 9.756550516986560728e-01 -1.557933808387449992e-01 1.541828382691755595e-01
3.172542537819849628e-01 4.973716328344050530e-01 -3.669591514557143386e-01 -7.287633255339681648e-03 9.756587655006123683e-01 -1.557920432851974124e-01 1.541612887607651250e-01
3.172538437927387989e-01 4.973273129233066747e-01 -3.669330867553800557e-01 -7.362127144260377509e-03 9.756682638666347440e-01 -1.556687527405400950e-01 1.542221689238705284e-01
3.172530484388522143e-01 4.973265075223649578e-01 -3.669337531245017159e-01 -7.341547940323128740e-03 9.756720660053985750e-01 -1.556659582949673770e-01 1.542019154184109675e-01
3.172526849576260966e-01 4.973260843131691589e-01 -3.669340953934398519e-01 -7.331007269169603768e-03 9.756738241103741771e-01 -1.556645343295941508e-01 1.541927301470740197e-01
3.172357622207317429e-01 4.973711569143451361e-01 -3.669390914681170401e-01 -7.388756104921873069e-03 9.756661823310348591e-01 -1.556506722800660159e-01 1.542523100558599591e-01
3.172348390372002891e-01 4.973708165626756772e-01 -3.669395475800170114e-01 -7.375716770725904148e-03 9.756703181360406596e-01 -1.556490678864165811e-01 1.542283916032480551e-01
3.172345855183958951e-01 4.973702836950362749e-01 -3.669399213214010746e-01 -7.363983161699241831e-03 9.756716232966471392e-01 -1.556473541636178015e-01 1.542224250475422442e-01
3.172328608548494189e-01 4.972909889206069689e-01 -3.669430879108538379e-01 -7.412304113997972288e-03 9.756719860891176488e-01 -1.556146641349541726e-01 1.542508010183529232e-01
3.172315638025426932e-01 4.972896696417596352e-01 -3.669441275954860027e-01 -7.380092766634954726e-03 9.756780083873282106e-01 -1.556109205731291967e-01 1.542180261139267372e-01
3.172311141220606201e-01 4.972893109916973198e-01 -3.669444471623504178e-01 -7.370518348517901552e-03 9.756800685483735247e-01 -1.556094862519586952e-01 1.542068970089098823e-01
3.172257206440471933e-01 4.973216813934991376e-01 -3.669095500681101019e-01 -7.414368326327205883e-03 9.756684357337020996e-01 -1.556512531829724599e-01 1.542362410001054673e-01
3.172245191674284426e-01 4.973202229941334762e-01 -3.669106241051665052e-01 -7.380494567745254919e-03 9.756740635904325165e-01 -1.556467666339524936e-01 1.542067896470972477e-01
3.172238637335044187e-01 4.973200817301354215e-01 -3.669108744478983830e-01 -7.373485784603936444e-03 9.756769160655742734e-01 -1.556460717437480601e-01 1.541897775953214034e-01
3.171994791150522519e-01 4.972409538491323611e-01 -3.669228946441253636e-01 -7.429154684191488500e-03 9.756758893019008561e-01 -1.556033233183998221e-01 1.542367416275786385e-01
3.171983397000885940e-01 4.972397350263682014e-01 -3.669238507078381728e-01 -7.399720169139770154e-03 9.756810426865872854e-01 -1.555993717220904293e-01 1.542095412194814941e-01
3.171976028810873371e-01 4.972394713734386573e-01 -3.669241825222445130e-01 -7.390152942932742830e-03 9.756842271620667084e-01 -1.555984020791454925e-01 1.541908290951745641e-01
3.172165382139904843e-01 4.972052070284706526e-01 -3.668341122327802295e-01 -7.423277286749851989e-03 9.756627314743626656e-01 -1.557093168297739583e-01 1.542132874259367625e-01
3.172151792332709164e-01 4.972042653440319482e-01 -3.668349465004056564e-01 -7.397527382803067986e-03 9.756688056590117064e-01 -1.557062091353362820e-01 1.541792291109314594e-01
3.172148581947728530e-01 4.972038715302776746e-01 -3.668352596538235755e-01 -7.387897416222727331e-03 9.756702843930978863e-01 -1.557048023661844471e-01 1.541717537169708940e-01
3.171913519606809340e-01 4.972702613697529417e-01 -3.668286331529608812e-01 -7.408118214947689850e-03 9.756463281002307752e-01 -1.557987675803439442e-01 1.542274497924936705e-01
3.171900705085688443e-01 4.972688146851606539e-01 -3.668297228342087268e-01 -7.373766656513972007e-03 9.756521899039463097e-01 -1.557942151661684260e-01 1.541966096309734247e-01
3.171604437282645739e-01 4.970801931629348913e-01 -3.667447190757514019e-01 -7.392673140551392352e-03 9.756540660248707031e-01 -1.557575345492616115e-01 1.542208878982018194e-01
3.171905135185154601e-01 4.972409339073966539e-01 -3.667992066756896596e-01 -7.398105586140374390e-03 9.756500417159963412e-01 -1.557719576762509606e-01 1.542315186173667252e-01
3.171894767175331697e-01 4.972397294504929954e-01 -3.668001261505846045e-01 -7.369177791434589064e-03 9.756547891465564559e-01 -1.557680625440095445e-01 1.542068037583041451e-01
3.171888831011370202e-01 4.972394815691144054e-01 -3.668004145732012278e-01 -7.360556440314372506e-03 9.756573794860368132e-01 -1.557671252316682464e-01 1.541917726741290073e-01
3.171827300246551906e-01 4.972577378949868399e-01 -3.668258152132680139e-01 -7.418881671924865140e-03 9.756575166439459545e-01 -1.557069495291018013e-01 1.542488777244362674e-01
3.171815934334578091e-01 4.972570023005330464e-01 -3.668265172483612946e-01 -7.397774948746618784e-03 9.756625112758126050e-01 -1.557043174561851817e-01 1.542209536421235150e-01
3.171806633208649195e-01 4.972566577823211431e-01 -3.668269315865113067e-01 -7.385506241499917301e-03 9.756665653973072283e-01 -1.557031847405042080e-01 1.541970353964160767e-01
3.171867590797001202e-01 4.972691344738757735e-01 -3.668746417692909101e-01 -7.422863193157158701e-03 9.756575124191473325e-01 -1.557029023656019695e-01 1.542527982145684429e-01
3.171854805015253964e-01 4.972688189117267510e-01 -3.668751679848529235e-01 -7.408312724706447860e-03 9.756630011470805997e-01 -1.557016203071402982e-01 1.542200717448154457e-01
3.171848482414827419e-01 4.972680041851972321e-01 -3.668757726602205338e-01 -7.389475573720133417e-03 9.756659360427163419e-01 -1.556990305650441386e-01 1.542050218953352203e-01
3.171580412943998950e-01 4.973127094635029222e-01 -3.669189195277708371e-01 -7.437430138258316337e-03 9.756481760442644591e-01 -1.557477166167994254e-01 1.542659067425193042e-01
3.171568351254465123e-01 4.973115662064491738e-01 -3.669198612461999631e-01 -7.408964004003315562e-03 9.756535523229956652e-01 -1.557439183965477758e-01 1.542371063473263193e-01
3.171211909046500188e-01 4.971385193775359479e-01 -3.668414888248303640e-01 -7.432840693760975337e-03 9.756590724862772568e-01 -1.556853997513560350e-01 1.542601162280737292e-01
3.171581347583707355e-01 4.973202927094255155e-01 -3.668997018508334262e-01 -7.463424879139937684e-03 9.756577413376608110e-01 -1.556728076598200561e-01 1.542797654012874609e-01
3.171572014843602738e-01 4.973194925706296843e-01 -3.669004191684906990e-01 -7.442321169760818256e-03 9.756618628120303782e-01 -1.556698884162391328e-01 1.542576648022407071e-01
3.171389745849059749e-01 4.970280136913900471e-01 -3.668638145173908072e-01 -7.459099702437951840e-03 9.756581431135826765e-01 -1.556786024805657531e-01 1.542715862934037618e-01
3.171703013171909835e-01 4.971942044526615478e-01 -3.669233187652870543e-01 -7.456260008828902164e-03 9.756547368854111557e-01 -1.556891777037470725e-01 1.542825930741083262e-01
3.171691078311427159e-01 4.971935707296972762e-01 -3.669239960534690925e-01 -7.436938869414003173e-03 9.756599336662358235e-01 -1.556869056751405966e-01 1.542529519326902299e-01
3.171253556121116368e-01 4.970734273387015234e-01 -3.668454296513410928e-01 -7.453711645259791796e-03 9.756472996259891728e-01 -1.557553119184479917e-01 1.542629953177735991e-01
3.171613670075043023e-01 4.972526993751026358e-01 -3.669047411122996483e-01 -7.467556109281819898e-03 9.756493825830108158e-01 -1.557314123710137332e-01 1.542732804865243890e-01
3.171600555483516937e-01 4.972516801473960690e-01 -3.669056391667695483e-01 -7.440700286002535635e-03 9.756552060371155299e-01 -1.557280429794504206e-01 1.542411473690394885e-01
3.171430399581494641e-01 4.970976842014923625e-01 -3.668363539454099764e-01 -7.456412192959158136e-03 9.756456183792707737e-01 -1.557657087976526133e-01 1.542630001565631070e-01
3.171769679546092569e-01 4.972721924137851190e-01 -3.668952416197848176e-01 -7.474954984471052222e-03 9.756516202437908181e-01 -1.557201626504909897e-01 1.542701264268324657e-01
3.171753830048738010e-01 4.972715768184259866e-01 -3.668959794408798158e-01 -7.453722869793427686e-03 9.756585726636528566e-01 -1.557179816504971614e-01 1.542293804500282084e-01
3.171324380270663656e-01 4.971813481929393541e-01 -3.668217612613111633e-01 -7.485583587339902922e-03 9.756501409294278115e-01 -1.557423356781913459e-01 1.542565830693979345e-01
3.171559062138000762e-01 4.973093540324771133e-01 -3.668707456028803549e-01 -7.463893564926951663e-03 9.756434508942285477e-01 -1.557879840948114825e-01 1.542538525668885052e-01
3.171546693066882860e-01 4.973083140218030329e-01 -3.668716470823955023e-01 -7.436652950402064532e-03 9.756490161163888786e-01 -1.557844671214519416e-01 1.542235174923169416e-01
3.171546693066882860e-01 4.973083140218030329e-01 -3.668716470823955023e-01 -7.436652950402064532e-03 9.756490161163888786e-01 -1.557844671214519416e-01 1.542235174923169416e-01
3.171669039298507520e-01 4.973390677749564559e-01 -3.668394892129198670e-01 -7.458373112888522227e-03 9.756463454779655819e-01 -1.557727069273510123e-01 1.542512398735415013e-01
3.171655949296162125e-01 4.973383101887019486e-01 -3.668402495387075302e-01 -7.435704753535693490e-03 9.756521829620252717e-01 -1.557697756284641133e-01 1.542183684808997590e-01
3.171391756039490528e-01 4.971506613696365928e-01 -3.667644359459337755e-01 -7.471604191669062311e-03 9.756586270546299122e-01 -1.557153238953066787e-01 1.542308545293620270e-01
3.171653244327483634e-01 4.972776972322066058e-01 -3.668065771672094355e-01 -7.487105746054295574e-03 9.756577206536575231e-01 -1.557069927783684693e-01 1.542442471419080974e-01
3.171643756788379287e-01 4.972764009763336324e-01 -3.668075557146681098e-01 -7.456638363522991031e-03 9.756621686533759608e-01 -1.557026580272976024e-01 1.542219617503983453e-01
3.171490552171869481e-01 4.971414234885625505e-01 -3.667070018623033723e-01 -7.476156715422968557e-03 9.756571863090854890e-01 -1.557155073431447101e-01 1.542395625547227644e-01
3.171808611669379441e-01 4.972939936746712530e-01 -3.667595842134265260e-01 -7.478098341065719801e-03 9.756508192792316958e-01 -1.557429168043921175e-01 1.542520688685425634e-01
3.171797054365418367e-01 4.972925758808569574e-01 -3.667606685186347582e-01 -7.443979026178104696e-03 9.756562667802823885e-01 -1.557382683592770656e-01 1.542239541610639642e-01
3.171498390123276834e-01 4.970741173253659384e-01 -3.666984108349246596e-01 -7.472964134269982628e-03 9.756564350949861186e-01 -1.557165906524559107e-01 1.542433754180919936e-01
3.171918463257580312e-01 4.972788633041523854e-01 -3.667695693620930952e-01 -7.462530272638004392e-03 9.756575577880242101e-01 -1.557141749789660023e-01 1.542392177225302141e-01
3.171914342587953684e-01 4.972782245429526182e-01 -3.667700470549956626e-01 -7.447586357187965800e-03 9.756595696587471167e-01 -1.557121252227370856e-01 1.542292827234150732e-01
3.171914342587953684e-01 4.972782245429526182e-01 -3.667700470549956626e-01 -7.447586357187965800e-03 9.756595696587471167e-01 -1.557121252227370856e-01 1.542292827234150732e-01
3.171914342587953684e-01 4.972782245429526182e-01 -3.667700470549956626e-01 -7.447586357187965800e-03 9.756595696587471167e-01 -1.557121252227370856e-01 1.542292827234150732e-01
3.172001595834217369e-01 4.972830686628228469e-01 -3.667814096227340892e-01 -7.471571586236375184e-03 9.756481790388313868e-01 -1.557178593596579841e-01 1.542943765426655067e-01
3.171644072398265291e-01 4.970793306411668833e-01 -3.667235195165134964e-01 -7.501804563863165298e-03 9.756461584736710879e-01 -1.556886280004236012e-01 1.543351790590837547e-01
3.171873833163377787e-01 4.971952884500373537e-01 -3.667651622936971001e-01 -7.485812942349401311e-03 9.756527397561014503e-01 -1.556586232437052186e-01 1.543246157321618017e-01
3.171867100664892414e-01 4.971949425905033970e-01 -3.667655486953589894e-01 -7.474534605197577508e-03 9.756558012925397039e-01 -1.556572051592359784e-01 1.543072364429604049e-01
3.171867100664892414e-01 4.971949425905033970e-01 -3.667655486953589894e-01 -7.474534605197577508e-03 9.756558012925397039e-01 -1.556572051592359784e-01 1.543072364429604049e-01
3.171538946566767048e-01 4.972384751544681181e-01 -3.667884811902192288e-01 -7.482333599549181868e-03 9.756502151974852932e-01 -1.556839122355207494e-01 1.543152349576946969e-01
3.171534200655714564e-01 4.972380010326105104e-01 -3.667889020655095145e-01 -7.469802370097367028e-03 9.756524350146631441e-01 -1.556821094946289064e-01 1.543036256405290740e-01
3.171113214181169315e-01 4.970837462095238912e-01 -3.667194149931233826e-01 -7.497874529405548771e-03 9.756594724633791405e-01 -1.556184795276050470e-01 1.543219508026587583e-01
3.171459080220200288e-01 4.972521410402361841e-01 -3.667784302733729240e-01 -7.492578390307355618e-03 9.756692380486442495e-01 -1.555727428413885560e-01 1.543065808040925413e-01
3.171449938594427809e-01 4.972517495796197062e-01 -3.667788793553471427e-01 -7.479098601922626322e-03 9.756733723020343252e-01 -1.555714327333051483e-01 1.542824130683260186e-01
3.171400274245022022e-01 4.971193918673669221e-01 -3.666940039259022899e-01 -7.478829730784064544e-03 9.756655094728254873e-01 -1.556391329278920543e-01 1.542638682013521834e-01
3.171665627162044143e-01 4.972486425409496369e-01 -3.667408705986558437e-01 -7.466056693209141559e-03 9.756678628644760431e-01 -1.556396884078684595e-01 1.542490413688892281e-01
3.171661275231520416e-01 4.972481562307758951e-01 -3.667412904553220554e-01 -7.453446508708619356e-03 9.756699302062867840e-01 -1.556379865391774864e-01 1.542382915246150454e-01
3.171535105481608219e-01 4.970949783743962569e-01 -3.666607458764458705e-01 -7.476403397814690432e-03 9.756663093576323220e-01 -1.556570755788558302e-01 1.542408214414348888e-01
3.171974320431459327e-01 4.972897295690081876e-01 -3.667283144920354676e-01 -7.467567362550067700e-03 9.756614004489270187e-01 -1.556830816535742512e-01 1.542460540777972899e-01
3.171972720183598438e-01 4.972889005868398882e-01 -3.667288914872038341e-01 -7.449883424140754662e-03 9.756624128111136551e-01 -1.556803676996514896e-01 1.542432448357588248e-01
3.171622790082122001e-01 4.971908912770719446e-01 -3.666373062285948059e-01 -7.469335579876029696e-03 9.756619230574202772e-01 -1.556790090717072861e-01 1.542467732445084172e-01
3.171996098944998566e-01 4.973594106789775982e-01 -3.666948279767165420e-01 -7.463978284632244442e-03 9.756655168134809042e-01 -1.556633016700664784e-01 1.542401531457471830e-01
3.171992219503999011e-01 4.973585969601161949e-01 -3.666954431762676214e-01 -7.445139562125349664e-03 9.756675323338271921e-01 -1.556606120316058051e-01 1.542310283583249730e-01
3.171469293794405564e-01 4.971891788633895359e-01 -3.666417171041655432e-01 -7.466206550001311393e-03 9.756727412604091487e-01 -1.556052841614362081e-01 1.542528873706746073e-01
3.171727867156950986e-01 4.973077575604814005e-01 -3.666872733111356530e-01 -7.442774066173357683e-03 9.756596015871721317e-01 -1.556783275413621825e-01 1.542634281963318477e-01
3.171720774704381296e-01 4.973078011251348407e-01 -3.666874306950069773e-01 -7.438617858292861929e-03 9.756627022161019624e-01 -1.556780818634114771e-01 1.542442650345908772e-01
3.171376705607526492e-01 4.971637714070823999e-01 -3.666393203270699730e-01 -7.463564937555455803e-03 9.756658330072067731e-01 -1.556492863966362217e-01 1.542523164979840988e-01
3.171692517035218928e-01 4.973088463827806671e-01 -3.666915729561079917e-01 -7.457378320709695529e-03 9.756635121111971731e-01 -1.556675991118620650e-01 1.542488159765713074e-01
3.171683775883763490e-01 4.973081751510873283e-01 -3.666921958951202543e-01 -7.438436113967342167e-03 9.756675751182180001e-01 -1.556653129161807980e-01 1.542263365506117145e-01
3.171876643558437237e-01 4.972413059604219865e-01 -3.667073447794834684e-01 -7.473127295832465711e-03 9.756483184362700900e-01 -1.557115614017088312e-01 1.542997755887568767e-01
3.171863924575771265e-01 4.972408627885964161e-01 -3.667079649968102428e-01 -7.455218075718014759e-03 9.756540691544288713e-01 -1.557096602993475742e-01 1.542661944669355134e-01
3.171859343362521955e-01 4.972404530739352180e-01 -3.667083562491423865e-01 -7.443694010606752287e-03 9.756562167051647805e-01 -1.557080388685626038e-01 1.542548049681009836e-01
3.171596649878429264e-01 4.972355293349016159e-01 -3.667219412374236875e-01 -7.485959998465796517e-03 9.756443399839682673e-01 -1.557284499700452574e-01 1.543072653185045828e-01
3.171584586620233570e-01 4.972345657842527356e-01 -3.667228639422229208e-01 -7.458604493365897370e-03 9.756498864641107716e-01 -1.557249399313697102e-01 1.542770603328644796e-01
3.171580040705512249e-01 4.972343869634903157e-01 -3.667231111401259569e-01 -7.451673957309307150e-03 9.756519177214882932e-01 -1.557240992590928075e-01 1.542653976482094846e-01
3.171499350432098185e-01 4.973020737607728448e-01 -3.667426592740027358e-01 -7.491023966295598524e-03 9.756410023223351935e-01 -1.557336581962227018e-01 1.543228656169526869e-01
3.171489904487585498e-01 4.973011076830946564e-01 -3.667435279380411028e-01 -7.465382121825042683e-03 9.756453980238306567e-01 -1.557300106412287666e-01 1.542999973116620793e-01
3.171482904254929180e-01 4.973006683868945732e-01 -3.667439858863925650e-01 -7.451943962706819580e-03 9.756485883327978836e-01 -1.557283958439756311e-01 1.542821031204124060e-01
3.171556364956883978e-01 4.972945023476494919e-01 -3.667258464112452265e-01 -7.491784673797560745e-03 9.756237419148989787e-01 -1.558312177424623357e-01 1.543334667247297232e-01
3.171542739036947722e-01 4.972934490368943194e-01 -3.667268530432907236e-01 -7.461968698747475925e-03 9.756299880244079237e-01 -1.558272468123517163e-01 1.542994317601820708e-01
3.171538782264224920e-01 4.972931805811772188e-01 -3.667271466812485614e-01 -7.453635369987762771e-03 9.756317882330661773e-01 -1.558261328961919601e-01 1.542895764967261441e-01
3.171700332611895323e-01 4.972941317359808044e-01 -3.667112281340986213e-01 -7.493558416594950367e-03 9.756099235322981400e-01 -1.559213464887457823e-01 1.543297035463266909e-01
3.171691344455558337e-01 4.972926401984488765e-01 -3.667124058297884792e-01 -7.457973846831111864e-03 9.756143429967747416e-01 -1.559160759157896536e-01 1.543088125678283573e-01
3.171684448043970428e-01 4.972924391824052881e-01 -3.667127209810316923e-01 -7.449104663973443730e-03 9.756174337210722358e-01 -1.559151222545361315e-01 1.542906624250710290e-01
3.171326417409641718e-01 4.972929304729725164e-01 -3.667457411378002297e-01 -7.488270721904111138e-03 9.755994751236132245e-01 -1.559524345163176839e-01 1.543645947377810801e-01
3.171314483853770461e-01 4.972915893618575778e-01 -3.667468752409235866e-01 -7.454163506772068515e-03 9.756050391032919933e-01 -1.559476589409692360e-01 1.543359024773884036e-01
3.171304659524100678e-01 4.972910748044391815e-01 -3.667474300682554977e-01 -7.437702665556031323e-03 9.756094759579396758e-01 -1.559458398884850383e-01 1.543104857798336949e-01
3.171383852033764494e-01 4.972605615625202424e-01 -3.667238974775842708e-01 -7.474816575897991200e-03 9.756055293810144136e-01 -1.559228351691208658e-01 1.543568839772638812e-01
3.171372145066002068e-01 4.972590492295480558e-01 -3.667251437592039531e-01 -7.437070131147374696e-03 9.756110754642002281e-01 -1.559178688155805070e-01 1.543286674712717743e-01
3.171366442926764062e-01 4.972582436513682258e-01 -3.667257866945871081e-01 -7.417511330881171316e-03 9.756137989510508257e-01 -1.559149117615186708e-01 1.543153787292517176e-01
3.171220831169040411e-01 4.972833428190718830e-01 -3.667345768879540779e-01 -7.468977865138809458e-03 9.756077153345394937e-01 -1.559044275783261768e-01 1.543619435315729815e-01
3.171212492490838031e-01 4.972830200351984198e-01 -3.667349860561705532e-01 -7.457026921527901142e-03 9.756114181734421020e-01 -1.559032726565041105e-01 1.543402833160821275e-01
3.171198531911382235e-01 4.972818949722985771e-01 -3.667360355817830264e-01 -7.425555309433673479e-03 9.756178059976939876e-01 -1.558992362705721169e-01 1.543054952969754590e-01
3.171121261764273114e-01 4.972312751788485752e-01 -3.667502699156174328e-01 -7.479045410677218064e-03 9.756198355681567902e-01 -1.558276372735435400e-01 1.543623911043517372e-01
3.171108381101692686e-01 4.972298910912760217e-01 -3.667514547087650234e-01 -7.443343974017482823e-03 9.756257674281877401e-01 -1.558229175797603006e-01 1.543313866897318976e-01
3.171103195849157563e-01 4.972294614980428129e-01 -3.667518619994897811e-01 -7.431362574511143904e-03 9.756281041458625403e-01 -1.558212531461345973e-01 1.543188722062351081e-01
3.171136185832960641e-01 4.972255960730597169e-01 -3.667337442191930252e-01 -7.482998167560872549e-03 9.756401811813528724e-01 -1.557000097106076564e-01 1.543623936681403352e-01
3.171121174848038904e-01 4.972243122007179994e-01 -3.667349003707958133e-01 -7.447971163399152994e-03 9.756470210947029154e-01 -1.556957156735568337e-01 1.543251828946924920e-01
3.171116759243272631e-01 4.972238836952691532e-01 -3.667352918167702813e-01 -7.436407969542507823e-03 9.756490256046437270e-01 -1.556940392268313378e-01 1.543147589262082731e-01
3.171200420719376689e-01 4.972715017064558429e-01 -3.667062753749377735e-01 -7.451603735950593221e-03 9.756395611605829243e-01 -1.557251176041253848e-01 1.543425024007611113e-01
3.171185800013476275e-01 4.972703933896321926e-01 -3.667073164937944552e-01 -7.419982731415461497e-03 9.756462163378269992e-01 -1.557213619946519745e-01 1.543057413723743498e-01
3.171177297539799489e-01 4.972698493925508667e-01 -3.667078627689979164e-01 -7.403535928691265533e-03 9.756500582998943738e-01 -1.557194248068967668e-01 1.542841927514756462e-01
3.171279704731868598e-01 4.972455455051306150e-01 -3.666999077594781387e-01 -7.447418660278107283e-03 9.756418310375227776e-01 -1.557109300198338819e-01 1.543426699179674122e-01
3.171268499194598300e-01 4.972438265716396799e-01 -3.667012591913814124e-01 -7.405946643141050889e-03 9.756471869190885826e-01 -1.557050172661816334e-01 1.543167722878044934e-01
3.170517372291348779e-01 4.971480340887132754e-01 -3.666651650245135174e-01 -7.411966837215996917e-03 9.756541948516259666e-01 -1.556332338317522046e-01 1.543445863744518642e-01
3.171268354575240700e-01 4.971968447011879677e-01 -3.666669558490635583e-01 -7.406079245684635270e-03 9.756325614576892846e-01 -1.557645261438901363e-01 1.543491736579241103e-01
3.171257372166215727e-01 4.971961242046886720e-01 -3.666677034930620471e-01 -7.383929476867626129e-03 9.756374957847249174e-01 -1.557616858084619471e-01 1.543219091331418380e-01
3.170354305885881852e-01 4.970578703164132417e-01 -3.666886169520316985e-01 -7.399996409035547451e-03 9.756363748332097519e-01 -1.557212309647358905e-01 1.543690460626294114e-01
3.171191063919036601e-01 4.971364439439538430e-01 -3.667032569422057908e-01 -7.400835832022389926e-03 9.756230333129867205e-01 -1.558061960269670476e-01 1.543675930296272425e-01
