repeatability libsurvive; 20211016-001759; x y z w i j k;  frequency = 150 duration = 2 sys.args = ['repeatability.py']
3.168894728896107793e-01 4.980540688863255849e-01 -3.668724580524891365e-01 -7.283754243810600104e-03 9.755672090882027137e-01 -1.563611392702619063e-01 1.541647223007787948e-01
3.168894728896107793e-01 4.980540688863255849e-01 -3.668724580524891365e-01 -7.283754243810600104e-03 9.755672090882027137e-01 -1.563611392702619063e-01 1.541647223007787948e-01
3.168894728896107793e-01 4.980540688863255849e-01 -3.668724580524891365e-01 -7.283754243810600104e-03 9.755672090882027137e-01 -1.563611392702619063e-01 1.541647223007787948e-01
3.169250542414122629e-01 4.984333166816423133e-01 -3.669905297581479431e-01 -7.267475731259867566e-03 9.755777134446492749e-01 -1.563074903998507015e-01 1.541534212124600067e-01
3.170555968478551701e-01 4.981874256266712320e-01 -3.668827268898877669e-01 -7.302797305588457077e-03 9.755288969549156253e-01 -1.565459101905175565e-01 1.542187354378880826e-01
3.169198787711898779e-01 4.980442599530437997e-01 -3.668624487949734281e-01 -7.341694333279566442e-03 9.755507686607820528e-01 -1.563488291074615621e-01 1.542784525667790230e-01
3.169190975018613132e-01 4.980439063255006071e-01 -3.668628333286251264e-01 -7.330542380622834253e-03 9.755541763476169859e-01 -1.563474389682019683e-01 1.542588424927819613e-01
3.171104073393106182e-01 4.980822717170897973e-01 -3.668101375066885605e-01 -7.316045468712492617e-03 9.755551478627406681e-01 -1.563788387924443524e-01 1.542215540549787822e-01
3.169629549283093928e-01 4.979144716301198148e-01 -3.669000295667344536e-01 -7.329021111898259555e-03 9.755552522816003380e-01 -1.563196434212875130e-01 1.542802783117980525e-01
3.171215994896171564e-01 4.980023995964540928e-01 -3.668730147294966271e-01 -7.345924695442831998e-03 9.755633433310046954e-01 -1.562735525557288341e-01 1.542750054636632118e-01
3.171206832691055300e-01 4.980013868958370615e-01 -3.668737037313155036e-01 -7.323517198615500656e-03 9.755675313790996839e-01 -1.562707795373776132e-01 1.542523947221279834e-01
3.169518091117098924e-01 4.979198416505350444e-01 -3.669314217404713308e-01 -7.341569347164011994e-03 9.755670323801105548e-01 -1.562281564105892362e-01 1.542978607665500546e-01
3.170336489504717026e-01 4.981629417697333584e-01 -3.669863983150077891e-01 -7.343293764714500793e-03 9.755662685635586584e-01 -1.562401193321650283e-01 1.542904948100515261e-01
3.168988759451126791e-01 4.981088514488328789e-01 -3.670282875860882976e-01 -7.368128056562325834e-03 9.755775832064726982e-01 -1.561316118887263182e-01 1.543276047989733946e-01
3.170413375586313975e-01 4.981544107501392760e-01 -3.670021351988946856e-01 -7.338950103776054057e-03 9.755725916478590332e-01 -1.562003005043545167e-01 1.542910378447281405e-01
3.170403982877469939e-01 4.981536416526036182e-01 -3.670027300995908903e-01 -7.320526132907609340e-03 9.755768072865973473e-01 -1.561980552405273226e-01 1.542675290548982669e-01
3.169084715758424542e-01 4.981099540256399560e-01 -3.670424455298890165e-01 -7.344639423748092200e-03 9.755798431868483167e-01 -1.561400507136542770e-01 1.543058987932644510e-01
3.170583581948486218e-01 4.981697778178407754e-01 -3.670129823377445422e-01 -7.352376936657301076e-03 9.755724835245132009e-01 -1.561754082920706055e-01 1.543162784284277667e-01
3.169037896808413746e-01 4.980449005998044409e-01 -3.670874823397778375e-01 -7.357527151632015094e-03 9.755737892650350185e-01 -1.561494088339632769e-01 1.543340876607555145e-01
3.169026968126084642e-01 4.980450453350468987e-01 -3.670877421114330241e-01 -7.353182982050884831e-03 9.755782853063188487e-01 -1.561494747239647318e-01 1.543058050827803562e-01
3.170641578927345661e-01 4.979991675497698611e-01 -3.670206127184404421e-01 -7.353544433606959418e-03 9.755842641309591112e-01 -1.561419616369004726e-01 1.542755871176602067e-01
3.169221427909041933e-01 4.979667485273808758e-01 -3.670554769313693066e-01 -7.352296296381483076e-03 9.755709997230621600e-01 -1.562061218999195034e-01 1.542945744979477563e-01
3.169212374851058667e-01 4.979660961691547150e-01 -3.670560154129353103e-01 -7.336334667838062540e-03 9.755749518769086803e-01 -1.562042739648893397e-01 1.542722147993949022e-01
3.170820357078730778e-01 4.978274449696010184e-01 -3.669604704880578550e-01 -7.330298076140773222e-03 9.755677463416192463e-01 -1.562599224274860421e-01 1.542617116169949232e-01
3.169199222624636270e-01 4.978771932585098203e-01 -3.669651553829297863e-01 -7.324298280224850188e-03 9.755590608456035095e-01 -1.563007468440309466e-01 1.542755651188628119e-01
3.169192133611929418e-01 4.978764552631030904e-01 -3.669656723748121463e-01 -7.308065236213440174e-03 9.755621902443819549e-01 -1.562985915291630334e-01 1.542587288748603069e-01
3.170836365838800575e-01 4.979601623738257321e-01 -3.669384989660464114e-01 -7.310266536410814364e-03 9.755702978047955387e-01 -1.562792279134876949e-01 1.542269657582401310e-01
3.169298011351477928e-01 4.979896712087681365e-01 -3.669507109556520152e-01 -7.329196447321162378e-03 9.755639844765905400e-01 -1.563042834207877818e-01 1.542406109165456174e-01
3.169292007717920412e-01 4.979895921083287158e-01 -3.669509365453893501e-01 -7.323878186512186583e-03 9.755664463900495242e-01 -1.563037015026420007e-01 1.542258810406773595e-01
3.170926848259334463e-01 4.980718981875797424e-01 -3.669237715028997315e-01 -7.324678187891037195e-03 9.755715227131875888e-01 -1.562839192684071787e-01 1.542137793409600333e-01
3.169321739985232478e-01 4.979989687390018460e-01 -3.669772752000028393e-01 -7.351707635897750115e-03 9.755729321064057213e-01 -1.562369996296863461e-01 1.542511150133452080e-01
3.169312464026904363e-01 4.979989311062388291e-01 -3.669775732902759713e-01 -7.345136947093697244e-03 9.755767194108172502e-01 -1.562365087502003425e-01 1.542279703568858740e-01
3.171014748046243614e-01 4.980555921862632740e-01 -3.669409150294354882e-01 -7.348342647147357298e-03 9.755833291812940899e-01 -1.562158365030830720e-01 1.542069457240020092e-01
3.169839313528196034e-01 4.979218335839729059e-01 -3.670143544678894920e-01 -7.349034005072155318e-03 9.755807235156319646e-01 -1.562037586471404227e-01 1.542356294389011784e-01
3.169830360268323100e-01 4.979201221085111095e-01 -3.670153066069419823e-01 -7.316450316061193226e-03 9.755849482756681068e-01 -1.561994542829013843e-01 1.542148136025156546e-01
3.171348725929660772e-01 4.980131420933962549e-01 -3.669970976308544741e-01 -7.322313636849347995e-03 9.755954231937968846e-01 -1.561494984969955535e-01 1.541988588980372499e-01
3.169984641578673656e-01 4.980655074377501879e-01 -3.669955764703392576e-01 -7.352814113845751454e-03 9.756156363059811376e-01 -1.559747817235567213e-01 1.542463412407946988e-01
3.169973589707640316e-01 4.980650242276163375e-01 -3.669960940693023366e-01 -7.338147743738823725e-03 9.756203462010634153e-01 -1.559733416706258757e-01 1.542187029977441781e-01
3.171368361363653410e-01 4.980978040202349022e-01 -3.669622306952156077e-01 -7.353108221439891290e-03 9.756217747797619744e-01 -1.559711838349274182e-01 1.542111350979631923e-01
3.169819805930782497e-01 4.980698473729479048e-01 -3.669965159998153648e-01 -7.394011852695767106e-03 9.756273444726386579e-01 -1.558951766535320860e-01 1.542507931978100988e-01
3.169811135679296288e-01 4.980688630492023372e-01 -3.669971805714544733e-01 -7.372738825227515003e-03 9.756311975876554854e-01 -1.558925375090647325e-01 1.542301065449840358e-01
3.171133564051607512e-01 4.981456900611332950e-01 -3.669795797341133814e-01 -7.369374852908991413e-03 9.756261695743695395e-01 -1.559296254012394467e-01 1.542245813032089852e-01
3.169670374475180297e-01 4.982075951303304162e-01 -3.669763101527689364e-01 -7.386201214126586478e-03 9.756233882385838552e-01 -1.559292440717428563e-01 1.542417556847194837e-01
3.171150136497216110e-01 4.983093920146129396e-01 -3.669609018261451583e-01 -7.404016787224257379e-03 9.756280792308716920e-01 -1.558897063448099751e-01 1.542511945089024561e-01
3.171134243341908188e-01 4.983083102697546396e-01 -3.669618695883099524e-01 -7.375681720507856753e-03 9.756351300568526508e-01 -1.558864356073853541e-01 1.542112561122903625e-01
3.171126962681500294e-01 4.983071208759508597e-01 -3.669625889169024768e-01 -7.351736285772528245e-03 9.756385927997148766e-01 -1.558833262834283251e-01 1.541936341104619412e-01
3.170673493263737597e-01 4.983562875818958182e-01 -3.670346396305242953e-01 -7.399930107752430986e-03 9.756223716751344366e-01 -1.559166159474230096e-01 1.542602923402196513e-01
3.170662652428896111e-01 4.983551274458130620e-01 -3.670355137692427050e-01 -7.373462060540000862e-03 9.756272643385662802e-01 -1.559130892234159016e-01 1.542341782657080662e-01
3.170653022781844133e-01 4.983550081439727664e-01 -3.670358731554873577e-01 -7.365065445575663672e-03 9.756313140199694978e-01 -1.559124265719332714e-01 1.542096305523802391e-01
3.170381957527589889e-01 4.983643848133928467e-01 -3.670220126991816101e-01 -7.423227223405201580e-03 9.756252056009797613e-01 -1.558929324194394117e-01 1.542651856878402561e-01
3.170368193375324717e-01 4.983628904868038778e-01 -3.670230744365755582e-01 -7.390065681508919959e-03 9.756313686753408376e-01 -1.558887379273289353e-01 1.542320354962898321e-01
3.170360710723450492e-01 4.983624497577082701e-01 -3.670235036288957975e-01 -7.377849686270906981e-03 9.756346031749061343e-01 -1.558874573441758060e-01 1.542134529297556345e-01
3.170603583045108476e-01 4.982767031442065231e-01 -3.670173340994805633e-01 -7.431151126540233576e-03 9.756330249939619836e-01 -1.558423138525051876e-01 1.542664958672589348e-01
3.170591640379276654e-01 4.982754426460755948e-01 -3.670182639404200309e-01 -7.402500895311844853e-03 9.756383990205608203e-01 -1.558385515272388000e-01 1.542376840949849504e-01
3.170586795082281917e-01 4.982744622264777545e-01 -3.670188346130894286e-01 -7.383359984363985218e-03 9.756407406802531934e-01 -1.558358229501151104e-01 1.542265457231297432e-01
3.171047719639389917e-01 4.980269470018495737e-01 -3.670314222078277511e-01 -7.407448184914663947e-03 9.756276405183945677e-01 -1.558732583685660256e-01 1.542704252067276793e-01
3.171034135412233446e-01 4.980261794174492551e-01 -3.670321913223992816e-01 -7.385873494406558493e-03 9.756335702354810291e-01 -1.558707316847879887e-01 1.542365083446272378e-01
3.171029321267747614e-01 4.980253727026386912e-01 -3.670326906279214874e-01 -7.369615927049599780e-03 9.756358534713365227e-01 -1.558683240865142983e-01 1.542252759076995772e-01
3.171201425708556343e-01 4.980896695118349204e-01 -3.670072729566539182e-01 -7.424454549175452112e-03 9.756276586540892914e-01 -1.558747742572498818e-01 1.542679613336429001e-01
3.171188103242842393e-01 4.980884814507541281e-01 -3.670081983284936289e-01 -7.396243011571823622e-03 9.756336401835923322e-01 -1.558711986441373987e-01 1.542350970585692205e-01
3.169807357675743509e-01 4.979822267983863293e-01 -3.670731902236684108e-01 -7.392631102370247898e-03 9.756337049834091779e-01 -1.558433970261052237e-01 1.542629518358003549e-01
3.171124137122728892e-01 4.979701097403519960e-01 -3.670284475251096579e-01 -7.390684303268224564e-03 9.756371375180178385e-01 -1.558356885217593302e-01 1.542491227337349224e-01
3.171111624094820614e-01 4.979694207910576043e-01 -3.670290937862072389e-01 -7.371831225041675095e-03 9.756425635514388572e-01 -1.558337363878695148e-01 1.542176737425454136e-01
3.169609124120685850e-01 4.979165232884515957e-01 -3.670741270920100385e-01 -7.386270334385713898e-03 9.756449929013766287e-01 -1.557800072218201715e-01 1.542558919036466358e-01
3.170946771795128960e-01 4.979247181806034095e-01 -3.670385239902184127e-01 -7.374209941102438659e-03 9.756355761183497233e-01 -1.558688891931248044e-01 1.542262397313172162e-01
3.170939840166088763e-01 4.979243578278000903e-01 -3.670389047626818058e-01 -7.363640695812842529e-03 9.756385469489579076e-01 -1.558676083418010228e-01 1.542092447709796366e-01
3.169540125540468711e-01 4.979447546210277187e-01 -3.670504581733010641e-01 -7.392750742039433387e-03 9.756510468689555404e-01 -1.557530417942170065e-01 1.542445200058212840e-01
3.170820262578297744e-01 4.979693288459948186e-01 -3.670230393868784136e-01 -7.367206749610610839e-03 9.756306366528006979e-01 -1.558712449918940868e-01 1.542554377447885594e-01
3.170810509167425462e-01 4.979682620430320172e-01 -3.670237685461180122e-01 -7.343772835031694979e-03 9.756350091956913495e-01 -1.558684905492130901e-01 1.542316812013034832e-01
3.169604873929459110e-01 4.978918939488820583e-01 -3.670745974465301487e-01 -7.350868551749684121e-03 9.756338730079161525e-01 -1.558430578892610052e-01 1.542642274762119625e-01
3.170872371186574945e-01 4.979045027780932275e-01 -3.670412589485649302e-01 -7.349706895616189839e-03 9.756202868142971329e-01 -1.559258181440537627e-01 1.542665777187157139e-01
3.170867586669438576e-01 4.979037013120877209e-01 -3.670417598513902036e-01 -7.333318322990708960e-03 9.756225112686747192e-01 -1.559234751341753156e-01 1.542556574335628428e-01
3.169469106909824085e-01 4.979260931659249545e-01 -3.670523844411993641e-01 -7.356205944911181627e-03 9.756361047450430313e-01 -1.558096659257527383e-01 1.542835874489599246e-01
3.170883054602519624e-01 4.979340106992123927e-01 -3.670127070155613791e-01 -7.365945183022512555e-03 9.756367003882475686e-01 -1.558138715676932740e-01 1.542751086020680007e-01
3.170876882955922516e-01 4.979339029220697377e-01 -3.670129652013748855e-01 -7.359642284937226164e-03 9.756392859946592111e-01 -1.558132361536439525e-01 1.542596989774008831e-01
3.169363435051730238e-01 4.978314997999243041e-01 -3.670780000965513379e-01 -7.366677733859752775e-03 9.756353473753451855e-01 -1.557952136278699662e-01 1.543024705622090265e-01
3.170607623183169244e-01 4.978708532003055520e-01 -3.670566523189842667e-01 -7.378402122972957389e-03 9.756285120428345170e-01 -1.558607953598924456e-01 1.542788972639420053e-01
3.170601177434090867e-01 4.978703420544001723e-01 -3.670570770242588821e-01 -7.365638204498772823e-03 9.756313100845404040e-01 -1.558592564020414017e-01 1.542633668450361928e-01
3.169103639402403028e-01 4.978620122029654427e-01 -3.670813900425377030e-01 -7.380868124246028894e-03 9.756366845036855695e-01 -1.557959202489849204e-01 1.542926241599391624e-01
3.170491687743606790e-01 4.978977390116480772e-01 -3.670522051737031277e-01 -7.375469371269621766e-03 9.756392365328168115e-01 -1.557950630226733746e-01 1.542776099340952278e-01
3.170489657526974758e-01 4.978969557524857148e-01 -3.670526167376383375e-01 -7.361235207881081100e-03 9.756402890993727262e-01 -1.557927363613687555e-01 1.542739828984247552e-01
3.169482141213230131e-01 4.980793505771111129e-01 -3.669936498301257233e-01 -7.368666432849710346e-03 9.756281568177316288e-01 -1.558557976309740689e-01 1.542866576352271701e-01
3.170942781782261632e-01 4.981375052780758761e-01 -3.669658089013155267e-01 -7.365499429901500861e-03 9.756336145128454707e-01 -1.558401742105111065e-01 1.542680775558762374e-01
3.170935629772569375e-01 4.981375302954135775e-01 -3.669660483041538024e-01 -7.360352280648185808e-03 9.756366038520480899e-01 -1.558399421095250093e-01 1.542496511556721572e-01
3.169470147292827167e-01 4.980753206395422406e-01 -3.670134609288073224e-01 -7.389885946807783768e-03 9.756391438218923184e-01 -1.557982901256034225e-01 1.542742474365579319e-01
3.170924618762614999e-01 4.980703011398296964e-01 -3.669673098467984840e-01 -7.383822571158285553e-03 9.756352312005902583e-01 -1.558364173416114107e-01 1.542607721831427969e-01
3.170918120139716301e-01 4.980697643703141386e-01 -3.669677493131749957e-01 -7.370420815566297579e-03 9.756381092201436012e-01 -1.558346904007008038e-01 1.542449545432931224e-01
3.169469504859275255e-01 4.980058128968629094e-01 -3.670152075384200963e-01 -7.388538784239492840e-03 9.756396267438149916e-01 -1.557896134489675233e-01 1.542800199742156431e-01
3.170814156454846433e-01 4.979181673276479869e-01 -3.669466581253846282e-01 -7.381500019555523040e-03 9.756318293188586122e-01 -1.558402786980416233e-01 1.542784969226612124e-01
3.170807377356908985e-01 4.979180273435694359e-01 -3.669469421906652040e-01 -7.374243910351768738e-03 9.756346701866460691e-01 -1.558395208632000761e-01 1.542616433001839094e-01
3.169584124848088824e-01 4.978979218750607116e-01 -3.669721066289866052e-01 -7.385547393614314005e-03 9.756440849873966314e-01 -1.557520665526631598e-01 1.542898793938769497e-01
3.170877630693141880e-01 4.979273109627619931e-01 -3.669425406430512071e-01 -7.392370384533927807e-03 9.756461247282026683e-01 -1.557538331787109986e-01 1.542748703226699547e-01
3.170872275380766658e-01 4.979269668362275580e-01 -3.669428684687380260e-01 -7.382789994664781807e-03 9.756484668897464907e-01 -1.557525509955364207e-01 1.542618109771981549e-01
3.169558085720138862e-01 4.978302639734539237e-01 -3.670023529686972652e-01 -7.393316585244488759e-03 9.756504680172686239e-01 -1.557274573842588605e-01 1.542739840160648468e-01
3.170892051573016568e-01 4.978929504383908244e-01 -3.669793650278254660e-01 -7.402293632733231155e-03 9.756581759425464462e-01 -1.556930251308784596e-01 1.542595594802265713e-01
3.170885705825306489e-01 4.978923077892942750e-01 -3.669798455503376911e-01 -7.387351231808322871e-03 9.756610262926359578e-01 -1.556911365799947267e-01 1.542441532305441065e-01
3.169709086921140284e-01 4.979085865870885863e-01 -3.669898795227798938e-01 -7.400472281784920003e-03 9.756548577782182541e-01 -1.557111372266498095e-01 1.542623520090187494e-01
3.170744222858881134e-01 4.979561648041049282e-01 -3.669790559918874040e-01 -7.384214911108591406e-03 9.756315226083340786e-01 -1.558628326602845560e-01 1.542575212370619897e-01
3.170733721049018849e-01 4.979559188842664907e-01 -3.669794777629571958e-01 -7.373115957182277413e-03 9.756359843167305979e-01 -1.558618935826575069e-01 1.542307796655214280e-01
3.169203020002210880e-01 4.978763267143779259e-01 -3.670350394230401658e-01 -7.385855191501103367e-03 9.756310326808828037e-01 -1.558560324129036889e-01 1.542674118977573339e-01
3.170279852033989765e-01 4.979346621375524418e-01 -3.670224462619239292e-01 -7.383936029140031332e-03 9.756270510352120784e-01 -1.558861324409703264e-01 1.542622717635439566e-01
3.170273633946113501e-01 4.979339107549166643e-01 -3.670229627587668353e-01 -7.367556072045922111e-03 9.756298478461375989e-01 -1.558839212436234911e-01 1.542476003280423280e-01
3.168893854145546363e-01 4.979835586733681874e-01 -3.670223517672515645e-01 -7.391445720332109892e-03 9.756411126983561832e-01 -1.557928381380534466e-01 1.542672270048542349e-01
3.170245177912114354e-01 4.979649751784010481e-01 -3.669755708844934516e-01 -7.385857262009007385e-03 9.756300694046335931e-01 -1.558696423338106207e-01 1.542597529647478649e-01
3.170239575215908490e-01 4.979649434116467099e-01 -3.669757800904464573e-01 -7.381102540791953381e-03 9.756323777943255449e-01 -1.558691763022681531e-01 1.542458511711905234e-01
3.168914703805884581e-01 4.979812859314305951e-01 -3.669869657530340223e-01 -7.407924751518191187e-03 9.756458181948717279e-01 -1.557592290131813439e-01 1.542706150469181914e-01
3.170452175323100197e-01 4.979887253533326064e-01 -3.669396184558346152e-01 -7.421608383794131569e-03 9.756490717746606478e-01 -1.557601139274202295e-01 1.542484858387843383e-01
3.169049582666915721e-01 4.979259849376864167e-01 -3.669845552305437963e-01 -7.446102577728430649e-03 9.756518490080594574e-01 -1.557154940507438634e-01 1.542747872987975666e-01
3.169042605336110374e-01 4.979254000836152994e-01 -3.669850156757094028e-01 -7.431978866482447099e-03 9.756547520457931055e-01 -1.557136634630675864e-01 1.542589560171487295e-01
3.170131863546078455e-01 4.979295684363819752e-01 -3.669545440050104301e-01 -7.432862036383297566e-03 9.756532141912628298e-01 -1.557417464072811120e-01 1.542402885961260961e-01
3.168734429542273134e-01 4.978696494168974862e-01 -3.669978320109604231e-01 -7.462163094686030673e-03 9.756543802806568744e-01 -1.556983893623309911e-01 1.542752666861796906e-01
3.168728878909570779e-01 4.978693992842316285e-01 -3.669981078886767056e-01 -7.454533777010913242e-03 9.756565393470089109e-01 -1.556972446083377259e-01 1.542631361568844173e-01
3.169930716353778766e-01 4.979515305053740515e-01 -3.669884148974094096e-01 -7.458641571625901356e-03 9.756513255011887154e-01 -1.557280421980924978e-01 1.542648261491549599e-01
3.168768861729215902e-01 4.979268925983335037e-01 -3.670158226207416718e-01 -7.447563213545296823e-03 9.756324951013173319e-01 -1.558159016558500753e-01 1.542957325908032584e-01
3.168760190148166567e-01 4.979263080653638651e-01 -3.670163252452811053e-01 -7.432495963346358314e-03 9.756360893498421394e-01 -1.558141929541415061e-01 1.542754563628034314e-01
3.170090319239238785e-01 4.979629237352271032e-01 -3.669904610701908432e-01 -7.416101816410974878e-03 9.756357852029784450e-01 -1.558327878571479364e-01 1.542593864044760066e-01
3.168795691002457282e-01 4.978352923511056849e-01 -3.670634651178796282e-01 -7.418009162971223036e-03 9.756245772364933178e-01 -1.558777862950139759e-01 1.542847146412682502e-01
3.168787014787374789e-01 4.978349741426472130e-01 -3.670638618872933967e-01 -7.407272463764144610e-03 9.756280696755179616e-01 -1.558766002009754348e-01 1.542643428847234044e-01
3.170203586758960634e-01 4.978901662821136331e-01 -3.670383846269041350e-01 -7.395263631002901850e-03 9.756278865614707030e-01 -1.558929892709213227e-01 1.542495151875762360e-01
3.168824934871404819e-01 4.978321854482979369e-01 -3.670820888629318657e-01 -7.423093456254886702e-03 9.756284464496983722e-01 -1.558368788882980582e-01 1.543013264364298809e-01
3.168816886824197820e-01 4.978321877554672259e-01 -3.670823409204756471e-01 -7.417841584398801591e-03 9.756315680100418053e-01 -1.558365140486920319e-01 1.542822090120813672e-01
3.169603775797292244e-01 4.979735510230509643e-01 -3.671126923121973418e-01 -7.403173033349433330e-03 9.756212622703892556e-01 -1.559087140276127492e-01 1.542751390381058019e-01
3.168162858604004484e-01 4.979341523468003849e-01 -3.671505370612069274e-01 -7.429035211518580928e-03 9.756197611925809809e-01 -1.558685648050415762e-01 1.543239498975260138e-01
3.168155995482448972e-01 4.979337416775624359e-01 -3.671509329425335366e-01 -7.418055538614978794e-03 9.756224659632519725e-01 -1.558671761512599452e-01 1.543087805617073816e-01
3.169457585304593095e-01 4.979349409856361208e-01 -3.671169793435662965e-01 -7.402325925246533433e-03 9.756055711748823356e-01 -1.559934897890183914e-01 1.542887105619575316e-01
3.168015905226403417e-01 4.978963212015387607e-01 -3.671543063626256931e-01 -7.427007669493015940e-03 9.756061871012602360e-01 -1.559547958110811816e-01 1.543227426866896068e-01
3.168010187153232349e-01 4.978958745645618023e-01 -3.671546840629199560e-01 -7.416238166894364991e-03 9.756084187857471113e-01 -1.559532550800822315e-01 1.543107087526747190e-01
3.169305061331960660e-01 4.979037356585766516e-01 -3.671240838101468285e-01 -7.403063357357644869e-03 9.755924624305656323e-01 -1.560557728918847142e-01 1.543085793101239833e-01
3.168114110727509036e-01 4.977882954746519761e-01 -3.671887787830607208e-01 -7.416415951626550984e-03 9.755980545967538609e-01 -1.559915895486861936e-01 1.543374764324459691e-01
3.168106179393907484e-01 4.977879588565903290e-01 -3.671891653809569722e-01 -7.406307696891809011e-03 9.756011932994865798e-01 -1.559903911086976125e-01 1.543193316492530442e-01
3.169084604272176531e-01 4.977532491310095453e-01 -3.671518041410434252e-01 -7.396351331013309438e-03 9.755941556906484458e-01 -1.560440205184865925e-01 1.543100807778453598e-01
3.167712852134677015e-01 4.977664817759740457e-01 -3.671666597110778696e-01 -7.412009123128712740e-03 9.756007322563151618e-01 -1.559769363967987710e-01 1.543355715769028913e-01
3.167709221135520670e-01 4.977661271027467027e-01 -3.671669510019957006e-01 -7.403870933288175804e-03 9.756020536037446345e-01 -1.559756131204952379e-01 1.543289467697004369e-01
3.168871974209797604e-01 4.977428091078199834e-01 -3.671261323766279450e-01 -7.401843711106095847e-03 9.755919657453653304e-01 -1.560541704960881071e-01 1.543133984900478262e-01
3.167706719095367274e-01 4.978319483089236330e-01 -3.671039725577328605e-01 -7.425151794785825321e-03 9.755918954966027457e-01 -1.560296658484711663e-01 1.543375001008643332e-01
3.167700004856013885e-01 4.978313081545004404e-01 -3.671044523409877636e-01 -7.410550261103668324e-03 9.755946357287157422e-01 -1.560277408134592703e-01 1.543228258516224360e-01
3.168977375601474411e-01 4.978422282192740411e-01 -3.670753843084006429e-01 -7.399503553458239291e-03 9.755820738309106677e-01 -1.561245503681816249e-01 1.543048584435206538e-01
3.167787973365473464e-01 4.977967690966162428e-01 -3.671105056855413773e-01 -7.429474322153031829e-03 9.755955520894192823e-01 -1.560150805169825960e-01 1.543289224543384075e-01
3.167780596145505778e-01 4.977958924664890317e-01 -3.671111000837012917e-01 -7.410645193397652486e-03 9.755986765089923463e-01 -1.560126770883408787e-01 1.543125053890612997e-01
3.169277020033822723e-01 4.977909170501086389e-01 -3.670686978721691140e-01 -7.402162403864417928e-03 9.755904239200240413e-01 -1.560730727272787166e-01 1.543040139359962148e-01
3.167953190594432478e-01 4.978163233337973836e-01 -3.670748444496303997e-01 -7.417392648117623888e-03 9.756001871085363542e-01 -1.559755981611642972e-01 1.543401113721237505e-01
3.167944013165533423e-01 4.978155279187239657e-01 -3.670754493621056769e-01 -7.398755766348422136e-03 9.756040643397823064e-01 -1.559733154267042288e-01 1.543188029101109082e-01
3.169028035401146859e-01 4.978406523754991264e-01 -3.670543444309965486e-01 -7.401904120826557909e-03 9.756001466104731179e-01 -1.560148967068552550e-01 1.543013861070561266e-01
3.167727610582554143e-01 4.978149790426953936e-01 -3.670816177351819420e-01 -7.423099144019992823e-03 9.756056772750474337e-01 -1.559361747748025939e-01 1.543449690284597886e-01
3.167721619689902735e-01 4.978145299724542894e-01 -3.670820008877395124e-01 -7.411862531033722168e-03 9.756080864158825916e-01 -1.559347445860659320e-01 1.543317253342261219e-01
3.169226359020226869e-01 4.978190659967786647e-01 -3.670380599840924463e-01 -7.417694105676497784e-03 9.756106442592373806e-01 -1.559392359080012391e-01 1.543107362650419923e-01
3.168075769839637790e-01 4.977191761899815714e-01 -3.670960119758906459e-01 -7.415509340819650963e-03 9.756045946806910507e-01 -1.559408195826006427e-01 1.543474840969163153e-01
3.168069883160242739e-01 4.977190782218696707e-01 -3.670962339005210406e-01 -7.410195272354688778e-03 9.756068920810383460e-01 -1.559401889396269114e-01 1.543338543660350282e-01
3.169632812069981265e-01 4.977640623775749784e-01 -3.670670011440776981e-01 -7.415479814706887884e-03 9.755992803979081085e-01 -1.559835440290001651e-01 1.543379044122165367e-01
3.168282369850266567e-01 4.977103934933398421e-01 -3.671077693273218645e-01 -7.435109536849657252e-03 9.756054266773602768e-01 -1.559300574569120190e-01 1.543521550395230424e-01
3.168276327864941178e-01 4.977098787385925149e-01 -3.671081799806471535e-01 -7.422879884728172950e-03 9.756079480213337707e-01 -1.559284600322723424e-01 1.543384202451982268e-01
3.169469818379212489e-01 4.977316692454001323e-01 -3.670853615062340536e-01 -7.404461637087050851e-03 9.755925464829988680e-01 -1.560312658171141842e-01 1.543327615323196178e-01
3.168328415114803898e-01 4.977055607118709979e-01 -3.671114734421982440e-01 -7.411707071933421043e-03 9.755819173216532247e-01 -1.560649477103672744e-01 1.543655443725929499e-01
3.168319460151040046e-01 4.977045554180771769e-01 -3.671121684473164226e-01 -7.389925904108959887e-03 9.755858275655651113e-01 -1.560623802010156491e-01 1.543444703717517796e-01
3.169713593201604618e-01 4.976929358343654131e-01 -3.670635686381498175e-01 -7.400021219937977235e-03 9.755918255949451723e-01 -1.560366921549760089e-01 1.543320453425011118e-01
3.168367980503798975e-01 4.976523817858165555e-01 -3.670986410539088807e-01 -7.420835525622254680e-03 9.755951751119200654e-01 -1.559833377497484297e-01 1.543638035385617724e-01
3.168364742482563390e-01 4.976514999121094962e-01 -3.670991595984951505e-01 -7.403942700774629460e-03 9.755966525886596852e-01 -1.559808101218235765e-01 1.543578309125435977e-01
3.169565168822782164e-01 4.977162271740603328e-01 -3.670852459857593675e-01 -7.410693852000563298e-03 9.755988183816891590e-01 -1.559793662527759750e-01 1.543452768706137512e-01
3.168425800140999837e-01 4.976197193253201756e-01 -3.671411211520402285e-01 -7.423813119877525901e-03 9.755948586055885885e-01 -1.559769937963810249e-01 1.543720708785970008e-01
3.168419948555853405e-01 4.976193889853687269e-01 -3.671414571541609106e-01 -7.414641313458758543e-03 9.755972513895450060e-01 -1.559757827817506159e-01 1.543586128500053500e-01
3.169488481295480997e-01 4.976255952116242498e-01 -3.671123168418388705e-01 -7.427451470739213080e-03 9.756085176794018210e-01 -1.559322594726554323e-01 1.543307605495502499e-01
3.169484959768180121e-01 4.976245799488666632e-01 -3.671129138447087881e-01 -7.407942674737627575e-03 9.756103171705694521e-01 -1.559292863811126972e-01 1.543233263779184572e-01
3.168265031762864670e-01 4.975993715325713884e-01 -3.671390111169797188e-01 -7.429286978672941522e-03 9.756192373083932834e-01 -1.558349632180795474e-01 1.543611794707385743e-01
3.169458459317590071e-01 4.976296582654639034e-01 -3.671162321330441181e-01 -7.426641336377354241e-03 9.756254349954844862e-01 -1.558161119340024103e-01 1.543411638225627436e-01
3.169453828472736934e-01 4.976289118959553726e-01 -3.671167388016654543e-01 -7.410822211579751184e-03 9.756276037739821660e-01 -1.558137662914090837e-01 1.543305825248910690e-01
3.168565715299387353e-01 4.975504212876224464e-01 -3.671622195488000173e-01 -7.412849248210257036e-03 9.756127186431258203e-01 -1.558877941771440456e-01 1.543498251193586857e-01
3.169950417819633604e-01 4.975604105382491760e-01 -3.671300341564746050e-01 -7.404971389595629838e-03 9.756069441155308386e-01 -1.559437982870779393e-01 1.543301291649624152e-01
3.169943305488041041e-01 4.975600431297456661e-01 -3.671304323908977096e-01 -7.393955129619794731e-03 9.756100941669538784e-01 -1.559424401954143113e-01 1.543121153149944469e-01
3.168639458400926978e-01 4.975407924293949735e-01 -3.671543020831686266e-01 -7.402915512869354120e-03 9.756180839621610978e-01 -1.558587759430423159e-01 1.543456933297711609e-01
3.169980398288038126e-01 4.975100343420783000e-01 -3.671061314528143438e-01 -7.403250259739216355e-03 9.756093893251798210e-01 -1.559228777143454314e-01 1.543358919740278334e-01
3.168848977265383837e-01 4.974477034041058787e-01 -3.671472620037572465e-01 -7.403989286718135054e-03 9.755980790758894683e-01 -1.559686680259102509e-01 1.543610820132457762e-01
3.168841607337891664e-01 4.974469303706147150e-01 -3.671478415622574376e-01 -7.386514099554208901e-03 9.756012898565011859e-01 -1.559663514987070232e-01 1.543439659979282674e-01
3.170120024455897467e-01 4.973944762782464557e-01 -3.670977641372251687e-01 -7.370783533055313974e-03 9.755886371528554868e-01 -1.560528883404607714e-01 1.543372237956311399e-01
3.169002532413522921e-01 4.975036257931448880e-01 -3.670653741568040140e-01 -7.391469447527984626e-03 9.755799801981142050e-01 -1.560932634047196843e-01 1.543501264519016591e-01
3.168995351132891658e-01 4.975031520034446375e-01 -3.670658148123676079e-01 -7.378713918629833945e-03 9.755830546465933395e-01 -1.560917438194350249e-01 1.543328402471012273e-01
3.169955068900078277e-01 4.975174871068996918e-01 -3.670483741063234051e-01 -7.378766577538359295e-03 9.755768859041951124e-01 -1.561494569375557195e-01 1.543134491590842927e-01
3.168676623282333793e-01 4.974942264554155225e-01 -3.670726472172674004e-01 -7.404006022368875284e-03 9.755839130147501148e-01 -1.560664000653042005e-01 1.543518322933214171e-01
3.168672919104614238e-01 4.974938903860335326e-01 -3.670729337854050645e-01 -7.395693552452953234e-03 9.755854440795925786e-01 -1.560652226985345115e-01 1.543437438996444477e-01
3.169952407776261416e-01 4.973910727749732974e-01 -3.670025786175964422e-01 -7.393800730042809910e-03 9.755787168838987444e-01 -1.561242057710962028e-01 1.543267029592565454e-01
3.168688494882699325e-01 4.973307034548383743e-01 -3.670421089210905707e-01 -7.438020263026909329e-03 9.755822257205278847e-01 -1.560612579988418513e-01 1.543660599502592323e-01
3.168681239665941951e-01 4.973304868172178650e-01 -3.670424262553419470e-01 -7.429625659290131634e-03 9.755851867078807471e-01 -1.560604456979803878e-01 1.543485711863245569e-01
3.169899077365453399e-01 4.973284362971990835e-01 -3.670092100329651608e-01 -7.424507383764655799e-03 9.755881091881913880e-01 -1.560622345157794411e-01 1.543285354646373730e-01
3.168707177480444281e-01 4.972492964654580683e-01 -3.670574421797403453e-01 -7.436488198431720487e-03 9.755804369281135813e-01 -1.560631888225098018e-01 1.543754864639306223e-01
3.168698867169209010e-01 4.972488313877420629e-01 -3.670579014002859908e-01 -7.423422117731170999e-03 9.755838961754904615e-01 -1.560617078446403516e-01 1.543557503681863285e-01
3.170072332651949765e-01 4.972974544665312857e-01 -3.670387484371772646e-01 -7.421482845605884004e-03 9.755754715991735715e-01 -1.561423721059991832e-01 1.543275103134053028e-01
3.168934608330196134e-01 4.972564865991220273e-01 -3.670697547971845109e-01 -7.433061192151979579e-03 9.755702363431708601e-01 -1.561237290645418607e-01 1.543789000661194843e-01
3.168927480210720904e-01 4.972564247513469038e-01 -3.670699978170841593e-01 -7.427348347850498689e-03 9.755731150551933961e-01 -1.561232136238728807e-01 1.543615037688507996e-01
3.170013180552856413e-01 4.972750828408253887e-01 -3.670512045916865529e-01 -7.409549956169991791e-03 9.755640598962385113e-01 -1.561950673581533611e-01 1.543468967656854707e-01
3.168625063031923483e-01 4.972403824472498846e-01 -3.670813759946499610e-01 -7.417851775623166000e-03 9.755647470822559342e-01 -1.561461851114705479e-01 1.543916079341855763e-01
3.168615973285441312e-01 4.972401069977235299e-01 -3.670817699333556172e-01 -7.407449935733015356e-03 9.755684723282994630e-01 -1.561451972540645605e-01 1.543695658443298424e-01
3.169970377756222701e-01 4.973138688394939111e-01 -3.670757044223542098e-01 -7.394365336100675035e-03 9.755532491708439613e-01 -1.562468945428218681e-01 1.543634974312574626e-01
3.168714929569165784e-01 4.972827847095875331e-01 -3.671016516417648368e-01 -7.415039251682797872e-03 9.755605589395360822e-01 -1.561580066292352909e-01 1.544062498737008571e-01
3.168708604485446778e-01 4.972821381329770585e-01 -3.671021523153423227e-01 -7.400073404806750688e-03 9.755632705533747728e-01 -1.561559463718499852e-01 1.543919184203579875e-01
3.169904011649560815e-01 4.972599720988040151e-01 -3.670661704244597145e-01 -7.383142734740985591e-03 9.755404560063911656e-01 -1.562908556746903654e-01 1.544003767180440745e-01
3.168873419632068367e-01 4.973059593860999494e-01 -3.670573100838915859e-01 -7.413736420487537782e-03 9.755412587593670359e-01 -1.562713489108008558e-01 1.544135825634386505e-01
3.168867819851768908e-01 4.973053033178380100e-01 -3.670578048610556032e-01 -7.398784444605399635e-03 9.755437055450733030e-01 -1.562691897371136784e-01 1.544010262240352871e-01
3.169826496207093225e-01 4.974005114185315879e-01 -3.670694250630931466e-01 -7.388347213625981458e-03 9.755332825275015995e-01 -1.563550860414489874e-01 1.543804199875733196e-01
3.168740164810608384e-01 4.973524833951359914e-01 -3.671033584185270371e-01 -7.399114064192136020e-03 9.755388490537004742e-01 -1.562827355171629851e-01 1.544179836590254262e-01
3.168732203437723549e-01 4.973519828750480043e-01 -3.671038325977819539e-01 -7.385548689029922120e-03 9.755422421604855732e-01 -1.562810872714286425e-01 1.543988639605705093e-01
3.170061679896990503e-01 4.973005024382636807e-01 -3.670496599146817474e-01 -7.385346448318091950e-03 9.755474129551632290e-01 -1.562833928281467388e-01 1.543638651383455462e-01
3.168935416425472940e-01 4.972812467265542713e-01 -3.670703707955418893e-01 -7.391551230501988701e-03 9.755403131282180951e-01 -1.562999426679815840e-01 1.543916783835537210e-01
3.168929311338875565e-01 4.972808365946981835e-01 -3.670707528405277587e-01 -7.380600894760225295e-03 9.755429115749958413e-01 -1.562984844862251865e-01 1.543772591851579334e-01
3.170227206998591507e-01 4.972541472880275815e-01 -3.670259357506522879e-01 -7.376461257295921503e-03 9.755428574343341097e-01 -1.563220100616354857e-01 1.543539772680455058e-01
3.168861500486899740e-01 4.972279780454662568e-01 -3.670521528980701387e-01 -7.401376354266492319e-03 9.755434033039493968e-01 -1.562757372326022964e-01 1.543961847022685963e-01
3.168854807520226635e-01 4.972277604141474572e-01 -3.670524506899076056e-01 -7.393407076747168793e-03 9.755461656917749913e-01 -1.562748183573549055e-01 1.543800417257651936e-01
3.170210539303936481e-01 4.972407881175240352e-01 -3.670220363499250849e-01 -7.397399937443538409e-03 9.755335526678157176e-01 -1.563546052455876967e-01 1.543787663895907492e-01
3.168842858952822805e-01 4.972185839936419383e-01 -3.670470366503957305e-01 -7.405003110661070864e-03 9.755373070714948858e-01 -1.563118150597288536e-01 1.543980081262710802e-01
3.168836951154246351e-01 4.972178240112443137e-01 -3.670475806122544538e-01 -7.388182682350252772e-03 9.755399121618847369e-01 -1.563094940691733825e-01 1.543847032567455257e-01
3.170009482515836474e-01 4.972053831367445609e-01 -3.670153779249287207e-01 -7.363933550634568781e-03 9.755336440821709143e-01 -1.563713746301198526e-01 1.543628029763280674e-01
3.169129791702883781e-01 4.971103158412475409e-01 -3.670677155653281343e-01 -7.358036481569865672e-03 9.755250397504774407e-01 -1.563808382851870626e-01 1.544078674685573915e-01
3.169123767221763144e-01 4.971103747723427668e-01 -3.670678754525360521e-01 -7.354938819660886140e-03 9.755274457268601207e-01 -1.563806786676940064e-01 1.543929753843039099e-01
3.170466585051481823e-01 4.971266991249031486e-01 -3.670401235943362428e-01 -7.348035692845047984e-03 9.755228642669185879e-01 -1.564344726547048925e-01 1.543677538515352832e-01
3.169196624361071968e-01 4.971083357009004056e-01 -3.670606025838764608e-01 -7.372154410714676365e-03 9.755290852273462709e-01 -1.563509799004112466e-01 1.544118722735488558e-01
3.169192444344587356e-01 4.971078983436598708e-01 -3.670609593835003071e-01 -7.361680713012130894e-03 9.755308761869424528e-01 -1.563494350225231311e-01 1.544026211926262104e-01
3.170096692359768431e-01 4.971415339015285428e-01 -3.670551516275267212e-01 -7.339155089896562401e-03 9.755153562832785674e-01 -1.564609758362760505e-01 1.543887609200704780e-01
3.168943577496368680e-01 4.971426527990797650e-01 -3.670670424184978575e-01 -7.358693168825564124e-03 9.755282213601146335e-01 -1.563375866682196746e-01 1.544315316234838864e-01
3.168935827698827756e-01 4.971415151142013489e-01 -3.670678218335254872e-01 -7.334196742379991973e-03 9.755317197607308310e-01 -1.563342317238234913e-01 1.544139931811133182e-01
3.170316909211642331e-01 4.971892341928126902e-01 -3.670479802462122687e-01 -7.329457877581171954e-03 9.755360510199431179e-01 -1.563333012650660048e-01 1.543877946056676498e-01
3.169049524985624311e-01 4.971711547717364010e-01 -3.670688402731092648e-01 -7.353762871997973627e-03 9.755429207999728458e-01 -1.562508087540140922e-01 1.544267354197342845e-01
3.169042895067285537e-01 4.971711627939942035e-01 -3.670690310642513721e-01 -7.349619089186770760e-03 9.755456029732004763e-01 -1.562504401709330915e-01 1.544103609389221865e-01
3.170003668584674417e-01 4.972735436232013639e-01 -3.670834938319261775e-01 -7.335197830840828326e-03 9.755368053153512520e-01 -1.563259981865917636e-01 1.543901507184525235e-01
3.168687960155043282e-01 4.972664433158829889e-01 -3.671002426711219013e-01 -7.356710694269782969e-03 9.755419434977619098e-01 -1.562561471483987496e-01 1.544273672724771063e-01
3.168682891987594785e-01 4.972658594753784911e-01 -3.671006935973135654e-01 -7.343244940259591180e-03 9.755441231468429120e-01 -1.562542710789363576e-01 1.544161368413116686e-01
3.169426935559979674e-01 4.973566232798050102e-01 -3.671145232662815228e-01 -7.346896406274103231e-03 9.755455026559949339e-01 -1.562658110033092740e-01 1.543955688235119639e-01
3.168209006430905417e-01 4.974095539881480121e-01 -3.671048538122684834e-01 -7.364821019522585499e-03 9.755619637682513279e-01 -1.561397540127129613e-01 1.544182355709105559e-01
3.168204477582766132e-01 4.974093151053084472e-01 -3.671051180492803101e-01 -7.357609644504756186e-03 9.755637833279019455e-01 -1.561388723789375876e-01 1.544079750903541437e-01
3.169393066921991076e-01 4.974065057233331699e-01 -3.670746438310490412e-01 -7.352934082372405977e-03 9.755533869705436123e-01 -1.562186422217845538e-01 1.543931972369999017e-01
3.168775796397108602e-01 4.974814317030771815e-01 -3.670505924419172894e-01 -7.351324707131193237e-03 9.755446739705216919e-01 -1.562575358410994153e-01 1.544089686697842634e-01
3.168766634423532680e-01 4.974811843414952972e-01 -3.670509614234763740e-01 -7.341159851131387470e-03 9.755485911879737682e-01 -1.562565523290029845e-01 1.543856970624322700e-01
3.170168980932712155e-01 4.974649635108126522e-01 -3.670075607694552322e-01 -7.330775564439215297e-03 9.755406491404259306e-01 -1.563197875033802697e-01 1.543723603473050598e-01
3.169239017113268386e-01 4.975138559194907106e-01 -3.669940037804150235e-01 -7.350918216742011180e-03 9.755515289600750206e-01 -1.562493519521832019e-01 1.543739562217452954e-01
3.169234348144258639e-01 4.975133305440406772e-01 -3.669944214723758202e-01 -7.338176574048102530e-03 9.755536982181235439e-01 -1.562476967247450332e-01 1.543625288913167970e-01
3.170427411458662248e-01 4.975670519163394867e-01 -3.669830245827204740e-01 -7.335645631561971136e-03 9.755405321550457698e-01 -1.563442015423455178e-01 1.543481424245350953e-01
3.169286695644366603e-01 4.975559612247529295e-01 -3.669997125471350374e-01 -7.366075092104767963e-03 9.755551437966466510e-01 -1.562188210202485328e-01 1.543812887259500832e-01
3.169281411169377338e-01 4.975553955017857910e-01 -3.670001647765801511e-01 -7.352298819679942143e-03 9.755575915644255636e-01 -1.562169496727395801e-01 1.543683707176712883e-01
3.170714166150185309e-01 4.976105749410804080e-01 -3.669814644260554481e-01 -7.338629167096710759e-03 9.755572818839746141e-01 -1.562385758786972723e-01 1.543490903520192137e-01
3.169548758560446489e-01 4.976488234342913430e-01 -3.669764862861193411e-01 -7.365472595666056055e-03 9.755533919254839592e-01 -1.562406710483694727e-01 1.543702757219816424e-01
3.169544400352773406e-01 4.976482058220244031e-01 -3.669769500309013055e-01 -7.351152028671495420e-03 9.755554986738685930e-01 -1.562387101948797818e-01 1.543596288142437545e-01
3.170935416535287099e-01 4.976449539680569134e-01 -3.669350356909652500e-01 -7.355368557203229019e-03 9.755644900501881933e-01 -1.562271528217930028e-01 1.543142930116983558e-01
3.170090827817512169e-01 4.976437287056498238e-01 -3.669441334409107025e-01 -7.353539269478806539e-03 9.755570721129384060e-01 -1.562553944631446257e-01 1.543326803104590472e-01
3.170086590543986227e-01 4.976429181461418105e-01 -3.669446947585936480e-01 -7.335856633414045147e-03 9.755592558010401927e-01 -1.562528489091910555e-01 1.543222953307000211e-01
3.171130197469705925e-01 4.976685377346276029e-01 -3.669291839377024633e-01 -7.334848399230167737e-03 9.755474842523950141e-01 -1.563367129345521467e-01 1.543118211823156782e-01
3.169749674912826776e-01 4.976294809369101180e-01 -3.669612460181295721e-01 -7.343271208960319707e-03 9.755494953317175311e-01 -1.562895464666944623e-01 1.543464809809994842e-01
3.169744212630660751e-01 4.976289180261572742e-01 -3.669616981631778074e-01 -7.329479111329639807e-03 9.755520628389804383e-01 -1.562877162751582505e-01 1.543327611625681384e-01
3.171158820162615077e-01 4.976398934617129455e-01 -3.669254184488644488e-01 -7.335167605791406698e-03 9.755544493960770502e-01 -1.562913812783574552e-01 1.543136925804538540e-01
3.170050453900629672e-01 4.976620063882679079e-01 -3.669270246274483616e-01 -7.355467832347944990e-03 9.755517106649929104e-01 -1.562725584105227883e-01 1.543490991208013030e-01
3.170043879551530108e-01 4.976613840827064372e-01 -3.669275323565495683e-01 -7.339944274221674170e-03 9.755547967606640336e-01 -1.562705626745293230e-01 1.543323523331933123e-01
3.171483193779492948e-01 4.976748938464242156e-01 -3.668908526163667805e-01 -7.343173732799676556e-03 9.755532249866818439e-01 -1.563004218056075478e-01 1.543118957209820563e-01
3.170212326375191902e-01 4.976901436482527030e-01 -3.668967482300489746e-01 -7.353969643888610963e-03 9.755435645933768773e-01 -1.563226401825142942e-01 1.543499429131504064e-01
3.170208001834105560e-01 4.976892481429328052e-01 -3.668973518859154903e-01 -7.334797985591764991e-03 9.755457887251004490e-01 -1.563198385440749405e-01 1.543396349509303933e-01
3.171604649553052546e-01 4.977001160400104096e-01 -3.668619171900504572e-01 -7.334985068140550957e-03 9.755489932934957586e-01 -1.563195161307000536e-01 1.543196959391797407e-01
3.170570109352482957e-01 4.976942805094267674e-01 -3.668742007995013932e-01 -7.354891002534932887e-03 9.755537260491190521e-01 -1.562902436600641098e-01 1.543184788244719163e-01
3.170565746612488689e-01 4.976937735513620176e-01 -3.668746053340468105e-01 -7.342467409661060374e-03 9.755558833145876463e-01 -1.562886624687915837e-01 1.543070338200707714e-01
3.171864352629079065e-01 4.977422683503069933e-01 -3.668563686451103978e-01 -7.329884318886967232e-03 9.755596673293336352e-01 -1.562845838645854912e-01 1.542878385434994226e-01
3.170728924246117297e-01 4.978387099153841477e-01 -3.668252755940049070e-01 -7.346002840879342632e-03 9.755495833453182719e-01 -1.563326124995592648e-01 1.543021741457343832e-01
3.171726062680186309e-01 4.978883295964004474e-01 -3.668188413267144399e-01 -7.329228758044939451e-03 9.755411044768973472e-01 -1.563933077556156070e-01 1.542950717653182036e-01
3.171722265965290499e-01 4.978875937601714985e-01 -3.668193610630476886e-01 -7.312766510627677352e-03 9.755432793449607676e-01 -1.563911212313301435e-01 1.542843179679918575e-01
3.170433655656727523e-01 4.978963849667107366e-01 -3.668287645475919456e-01 -7.335041436156472527e-03 9.755378443222969542e-01 -1.563972681725836478e-01 1.543113928726220774e-01
3.171431138399104510e-01 4.979023949626755208e-01 -3.668036881046629616e-01 -7.322639773490888238e-03 9.755334358083829205e-01 -1.564340713614248424e-01 1.543025465892510217e-01
3.171422808628880374e-01 4.979015619926322467e-01 -3.668043426763458181e-01 -7.302153011691597806e-03 9.755375313292025119e-01 -1.564315970807455547e-01 1.542801314631482845e-01
3.170336008991440080e-01 4.978231244863929872e-01 -3.668483478202687609e-01 -7.329944837719135076e-03 9.755444603496730149e-01 -1.563532129143552218e-01 1.543144536363966202e-01
3.171612886573144663e-01 4.978222698760848552e-01 -3.668096238014660337e-01 -7.328498838787056435e-03 9.755524674908966354e-01 -1.563246826015652902e-01 1.542928056868264619e-01
3.171609937199063589e-01 4.978218000480530425e-01 -3.668099845730664055e-01 -7.317417698836134465e-03 9.755541117272698015e-01 -1.563230548118969554e-01 1.542845845329820498e-01
3.170576766989933737e-01 4.978110284693866849e-01 -3.668237256311104866e-01 -7.350182954871428698e-03 9.755533853854125859e-01 -1.563032954829458587e-01 1.543076371887071030e-01
3.171757688094697381e-01 4.977695462567844342e-01 -3.667727440100820857e-01 -7.360032559718218681e-03 9.755572853081853069e-01 -1.563019590729930464e-01 1.542838636824611642e-01
3.171754490132678850e-01 4.977687778533920193e-01 -3.667732635443879952e-01 -7.343582764134964913e-03 9.755591377127215136e-01 -1.562995319148517970e-01 1.542753931791969457e-01
3.170572027493399059e-01 4.978291168649576215e-01 -3.667568530972799001e-01 -7.359316688132763740e-03 9.755427305357382561e-01 -1.563710927715185606e-01 1.543058738421861920e-01
3.171768955445027904e-01 4.977966922052801668e-01 -3.667131545376843826e-01 -7.340824789010463869e-03 9.755348089220567953e-01 -1.564469087598012731e-01 1.542799844838127488e-01
3.171765278383228415e-01 4.977955313977862062e-01 -3.667138881523855365e-01 -7.317175132992320696e-03 9.755369856795721439e-01 -1.564434206991405230e-01 1.542708807236121138e-01
3.170701286436325428e-01 4.978030935825106251e-01 -3.667209237905637020e-01 -7.326108418696505864e-03 9.755354945937155797e-01 -1.564354728652524451e-01 1.542879442881296970e-01
3.170696633775841877e-01 4.978025729175938330e-01 -3.667213365159020522e-01 -7.313401111300799062e-03 9.755377087771217592e-01 -1.564336790581615233e-01 1.542763655729446903e-01
3.170696633775841877e-01 4.978025729175938330e-01 -3.667213365159020522e-01 -7.313401111300799062e-03 9.755377087771217592e-01 -1.564336790581615233e-01 1.542763655729446903e-01
3.170696633775841877e-01 4.978025729175938330e-01 -3.667213365159020522e-01 -7.313401111300799062e-03 9.755377087771217592e-01 -1.564336790581615233e-01 1.542763655729446903e-01
3.170831604557916017e-01 4.977919511612163284e-01 -3.667232486915373846e-01 -7.320383184446971336e-03 9.755354410652554709e-01 -1.564278252647542389e-01 1.542963081171742079e-01
3.172074211908290087e-01 4.977290264015274968e-01 -3.666646326819306689e-01 -7.317405363974308075e-03 9.755182169527616409e-01 -1.565312865927198649e-01 1.543004221953768740e-01
3.170999725465295516e-01 4.976285000915790513e-01 -3.667194862762132579e-01 -7.326975297835311429e-03 9.755140810667294327e-01 -1.564987487164299917e-01 1.543591096233431492e-01
3.170993216107261814e-01 4.976280412552613885e-01 -3.667199372585232542e-01 -7.313741970732742792e-03 9.755171599798708737e-01 -1.564973070201091110e-01 1.543417398458561962e-01
3.172248283359176413e-01 4.976604897152397955e-01 -3.666998285084600018e-01 -7.290392706983533921e-03 9.755117016854502054e-01 -1.565473288863156731e-01 1.543266142552700837e-01
3.171072977406530491e-01 4.976114149389691543e-01 -3.667305980531160303e-01 -7.327463931825858867e-03 9.755168533120186503e-01 -1.564672586702549606e-01 1.543734891124793340e-01
3.171062650731933386e-01 4.976109004926013157e-01 -3.667312079324760443e-01 -7.310415280685586548e-03 9.755216090888961800e-01 -1.564649548680178692e-01 1.543465773095865634e-01
3.171062650731933386e-01 4.976109004926013157e-01 -3.667312079324760443e-01 -7.310415280685586548e-03 9.755216090888961800e-01 -1.564649548680178692e-01 1.543465773095865634e-01
3.172369802874493439e-01 4.976803807325034246e-01 -3.667260831204330329e-01 -7.283168991130614667e-03 9.755079027625024324e-01 -1.565648071336959712e-01 1.543332377180597348e-01
3.171282427693769002e-01 4.976634361418701413e-01 -3.667453131517728337e-01 -7.302323867444004968e-03 9.754913602980532783e-01 -1.566200881117686405e-01 1.543807955992274605e-01
3.172383136516553348e-01 4.977307818993139121e-01 -3.667438574411198138e-01 -7.300398229881932544e-03 9.754710910839330396e-01 -1.567609159782680228e-01 1.543660256237129880e-01
3.171054915441458011e-01 4.976801698938904117e-01 -3.667777586072889506e-01 -7.323032223521028228e-03 9.754738660892597890e-01 -1.566890282225760767e-01 1.544203944127561234e-01
3.171050939627746978e-01 4.976793509632304047e-01 -3.667784168505254239e-01 -7.303789585031014719e-03 9.754759431875765774e-01 -1.566863175500771699e-01 1.544109348867553355e-01
3.172013893342123803e-01 4.977506798295910917e-01 -3.667862426781792751e-01 -7.295323759321292734e-03 9.754592905312511331e-01 -1.568153077659092398e-01 1.543855887633233115e-01
3.171009128816683620e-01 4.978219709586891861e-01 -3.667619937804064145e-01 -7.323810780587816649e-03 9.754666924051244026e-01 -1.567349528321287377e-01 1.544190673607598874e-01
3.171003281836111687e-01 4.978212315904129159e-01 -3.667626338289570187e-01 -7.305056709399959658e-03 9.754695987940377178e-01 -1.567324506413242946e-01 1.544041349544643948e-01
3.172292406172829149e-01 4.978289344873294553e-01 -3.667310668725100586e-01 -7.294273938529993728e-03 9.754707870852598051e-01 -1.567635714211348952e-01 1.543655395036868661e-01
3.171125049350247971e-01 4.977338028804345615e-01 -3.667830420193031737e-01 -7.321381188133593843e-03 9.754768223352723311e-01 -1.566867777157797126e-01 1.544040807531437687e-01
3.171117423455874773e-01 4.977330133850221827e-01 -3.667837421058320335e-01 -7.300842151949329950e-03 9.754805532522772271e-01 -1.566841542899559681e-01 1.543841433727725643e-01
3.172005417359769486e-01 4.978102128103708002e-01 -3.667917902265970254e-01 -7.304497497535478168e-03 9.754777544028174763e-01 -1.567212197790286421e-01 1.543640316023073278e-01
3.170730905881509742e-01 4.977838369357356352e-01 -3.668144299316585810e-01 -7.337056262675750729e-03 9.754836361610639273e-01 -1.566237557229295252e-01 1.544242284443453350e-01
3.170724971438222406e-01 4.977828322022498364e-01 -3.668152266574124520e-01 -7.313454410726089039e-03 9.754866202293513977e-01 -1.566204285790185891e-01 1.544098717369589424e-01
3.170724971438222406e-01 4.977828322022498364e-01 -3.668152266574124520e-01 -7.313454410726089039e-03 9.754866202293513977e-01 -1.566204285790185891e-01 1.544098717369589424e-01
3.172081946151558141e-01 4.977741004232686395e-01 -3.667762465406015360e-01 -7.300385587766855533e-03 9.754790146026669495e-01 -1.566850953368580379e-01 1.543929316366507709e-01
3.172165046197669702e-01 4.977767124281270439e-01 -3.667336153843293589e-01 -7.359729044858501212e-03 9.754757384459198377e-01 -1.566508660983567114e-01 1.544455381110383940e-01
3.172150159339314768e-01 4.977754041396249551e-01 -3.667348345867094683e-01 -7.323963156088006410e-03 9.754830630608264386e-01 -1.566466612609265785e-01 1.544052355361063000e-01
3.171070492329584600e-01 4.977427030567692645e-01 -3.667599502473075090e-01 -7.323385127102177705e-03 9.754798770905139804e-01 -1.566432106697641102e-01 1.544288896962733026e-01
