repeatability steamvr; 20211015-225046; x y z w i j k;  frequency = 150 duration = 2 sys.args = ['.\\repeatability.py']
-2.330155968666076660e-01 -3.904268145561218262e-01 -1.937370538711547852e+00 4.053221523926740788e-02 4.028402318110867464e-01 4.352346077622891718e-01 -8.041365700534612859e-01
-2.330154180526733398e-01 -3.904267251491546631e-01 -1.937370538711547852e+00 4.053184760012690929e-02 4.028391063933808858e-01 4.352330408921721294e-01 -8.041339375735450101e-01
-2.330153584480285645e-01 -3.904266655445098877e-01 -1.937370538711547852e+00 4.053157186858316607e-02 4.028396410008615591e-01 4.352341635151099064e-01 -8.041357315696002761e-01
-2.330152988433837891e-01 -3.904266357421875000e-01 -1.937370538711547852e+00 4.053147995765175177e-02 4.028390839208293439e-01 4.352336798942935681e-01 -8.041347977313856310e-01
-2.330152690410614014e-01 -3.904266059398651123e-01 -1.937370538711547852e+00 4.053147995765175177e-02 4.028379809884017893e-01 4.352322093177235507e-01 -8.041325918665305217e-01
-2.330152094364166260e-01 -3.904265761375427246e-01 -1.937370538711547852e+00 4.053138804651191390e-02 4.028374239054134942e-01 4.352313580486409927e-01 -8.041309227332611442e-01
-2.330151647329330444e-01 -3.904265463352203369e-01 -1.937370538711547852e+00 4.053102039986830607e-02 4.028392397003311420e-01 4.352338353290601258e-01 -8.041354594393197441e-01
-2.330151051282882690e-01 -3.904265165328979492e-01 -1.937370538711547852e+00 4.053092848768633655e-02 4.028386826242385532e-01 4.352333517143482378e-01 -8.041345256125931318e-01
-2.330150306224822998e-01 -3.904264569282531738e-01 -1.937370538711547852e+00 4.053074466269711296e-02 4.028383037723127225e-01 4.352327521358709261e-01 -8.041333932604639578e-01
-2.330148667097091675e-01 -3.904263675212860107e-01 -1.937370657920837402e+00 4.053028509657643358e-02 4.028384596286602171e-01 4.352325399974859566e-01 -8.041333198199295262e-01
-2.330148071050643921e-01 -3.904263377189636230e-01 -1.937370657920837402e+00 4.053019318272697846e-02 4.028375349014509110e-01 4.352316887331543760e-01 -8.041320183486779793e-01
-2.330147624015808105e-01 -3.904263079166412354e-01 -1.937370657920837402e+00 4.053000935440275593e-02 4.028378913855580890e-01 4.352325598019986530e-01 -8.041330919756947138e-01
-2.330147176980972290e-01 -3.904262781143188477e-01 -1.937370657920837402e+00 4.052991743992797463e-02 4.028377019736160691e-01 4.352320761969515339e-01 -8.041325258241106555e-01
-2.330146729946136475e-01 -3.904262483119964600e-01 -1.937370657920837402e+00 4.052973361035307892e-02 4.028380584733372016e-01 4.352325796269264080e-01 -8.041335994855476343e-01
-2.330146282911300659e-01 -3.904262185096740723e-01 -1.937370657920837402e+00 4.052964169525295757e-02 4.028375014058835357e-01 4.352317283645318891e-01 -8.041326656828524655e-01
-2.330145835876464844e-01 -3.904261887073516846e-01 -1.937370657920837402e+00 4.052945786442736786e-02 4.028378579195515674e-01 4.352322318097849863e-01 -8.041335555458006823e-01
-2.330145388841629028e-01 -3.904261589050292969e-01 -1.937370657920837402e+00 4.052927403276796597e-02 4.028385821088939500e-01 4.352331029327118350e-01 -8.041351807616700098e-01
-2.330145090818405151e-01 -3.904261291027069092e-01 -1.937370657920837402e+00 4.052909020027473802e-02 4.028396739789140146e-01 4.352339740724954220e-01 -8.041366221759164157e-01
-2.330144643783569336e-01 -3.904261291027069092e-01 -1.937370657920837402e+00 4.052909020027473802e-02 4.028385709814531479e-01 4.352328710750345553e-01 -8.041344161809946822e-01
-2.330142110586166382e-01 -3.904259502887725830e-01 -1.937370657920837402e+00 4.052826294373635535e-02 4.028394401925992074e-01 4.352336661668966267e-01 -8.041366746233978846e-01
-2.330141514539718628e-01 -3.904259204864501953e-01 -1.937370657920837402e+00 4.052807910665690017e-02 4.028390614393662084e-01 4.352338020302343735e-01 -8.041368293089034003e-01
-2.330141216516494751e-01 -3.904258906841278076e-01 -1.937370657920837402e+00 4.052807910665690017e-02 4.028383260893805828e-01 4.352326990052559630e-01 -8.041348070964430272e-01
-2.330341935157775879e-01 -3.904396891593933105e-01 -1.937320590019226074e+00 4.050730014282036273e-02 4.028820058358625888e-01 4.352175840028157938e-01 -8.041237078862568666e-01
-2.330341786146163940e-01 -3.904396891593933105e-01 -1.937320590019226074e+00 4.050739210861557804e-02 4.028810911543164175e-01 4.352169637710827099e-01 -8.041218822472216976e-01
-2.330341637134552002e-01 -3.904396593570709229e-01 -1.937320590019226074e+00 4.050739210861557804e-02 4.028810911543164175e-01 4.352169637710827099e-01 -8.041220661786033785e-01
-2.330341339111328125e-01 -3.904396593570709229e-01 -1.937320470809936523e+00 4.050730014282036273e-02 4.028820058358625888e-01 4.352183197300126816e-01 -8.041242596816545740e-01
-2.330341190099716187e-01 -3.904396593570709229e-01 -1.937320470809936523e+00 4.050739210861557804e-02 4.028814590170796683e-01 4.352173316338459608e-01 -8.041226179727481993e-01
-2.330340892076492310e-01 -3.904396593570709229e-01 -1.937320470809936523e+00 4.050720817681635610e-02 4.028832883880723026e-01 4.352193078329093523e-01 -8.041262692665938072e-01
-2.330340743064880371e-01 -3.904396295547485352e-01 -1.937320470809936523e+00 4.050730014282036273e-02 4.028823736994610050e-01 4.352183197300126816e-01 -8.041246275452530456e-01
-2.330340594053268433e-01 -3.904396295547485352e-01 -1.937320470809936523e+00 4.050730014282036273e-02 4.028823736994610050e-01 4.352183197300126816e-01 -8.041249954088514063e-01
-2.330339998006820679e-01 -3.904395997524261475e-01 -1.937320351600646973e+00 4.050748407420199509e-02 4.028809122028563783e-01 4.352167114063373310e-01 -8.041217119992974949e-01
-2.330428957939147949e-01 -3.904530704021453857e-01 -1.937360882759094238e+00 4.049755058416818626e-02 4.028733951541842440e-01 4.351983603226325936e-01 -8.041329521365911948e-01
-2.330428808927536011e-01 -3.904530704021453857e-01 -1.937360882759094238e+00 4.049718263033705301e-02 4.028770556263351899e-01 4.352023144965672108e-01 -8.041404423954530145e-01
-2.330428659915924072e-01 -3.904531002044677734e-01 -1.937360882759094238e+00 4.049727461910825749e-02 4.028761404989434913e-01 4.352013259429790559e-01 -8.041387997834203993e-01
-2.330428510904312134e-01 -3.904531002044677734e-01 -1.937360882759094238e+00 4.049727461910825749e-02 4.028761404989434913e-01 4.352013259429790559e-01 -8.041387997834203993e-01
-2.330428510904312134e-01 -3.904531002044677734e-01 -1.937360882759094238e+00 4.049736660767051799e-02 4.028755933316188753e-01 4.352007053499583611e-01 -8.041373411599146426e-01
-2.330428361892700195e-01 -3.904531002044677734e-01 -1.937361001968383789e+00 4.049745859602382064e-02 4.028746782158634243e-01 4.351997168090071533e-01 -8.041356985706867855e-01
-2.330105155706405640e-01 -3.904973268508911133e-01 -1.937353849411010742e+00 4.048991485700749460e-02 4.028639894028355761e-01 4.352167637956035895e-01 -8.041362856052535202e-01
-2.330104708671569824e-01 -3.904973864555358887e-01 -1.937353849411010742e+00 4.049000686229026896e-02 4.028630739765826085e-01 4.352157748542690441e-01 -8.041344583695457793e-01
-2.330104261636734009e-01 -3.904974162578582764e-01 -1.937353849411010742e+00 4.049009886736398139e-02 4.028621585565699825e-01 4.352147859196759949e-01 -8.041328151562323612e-01
-2.330103814601898193e-01 -3.904974758625030518e-01 -1.937353849411010742e+00 4.048991485700749460e-02 4.028636213812863964e-01 4.352167637956035895e-01 -8.041368376375773730e-01
-2.330103367567062378e-01 -3.904975056648254395e-01 -1.937353849411010742e+00 4.049000686229026896e-02 4.028630739765826085e-01 4.352157748542690441e-01 -8.041351944109716987e-01
-2.330101728439331055e-01 -3.904976844787597656e-01 -1.937353968620300293e+00 4.049000686229026896e-02 4.028634419972956238e-01 4.352165108956950190e-01 -8.041357464420411105e-01
-2.330101281404495239e-01 -3.904977142810821533e-01 -1.937353968620300293e+00 4.049000686229026896e-02 4.028634419972956238e-01 4.352165108956950190e-01 -8.041359304523976181e-01
-2.330100834369659424e-01 -3.904977738857269287e-01 -1.937353968620300293e+00 4.049009886736398139e-02 4.028625265764467223e-01 4.352155219594294744e-01 -8.041342872357392091e-01
-2.330100238323211670e-01 -3.904978036880493164e-01 -1.937353968620300293e+00 4.049009886736398139e-02 4.028625265764467223e-01 4.352155219594294744e-01 -8.041344712456776067e-01
-2.330099791288375854e-01 -3.904978632926940918e-01 -1.937353968620300293e+00 4.049019087222863189e-02 4.028619791808785711e-01 4.352145330299053150e-01 -8.041330120497409695e-01
-2.330099344253540039e-01 -3.904979228973388672e-01 -1.937353968620300293e+00 4.049028287688422045e-02 4.028610637716739107e-01 4.352135441071225408e-01 -8.041313688554855288e-01
-2.330098897218704224e-01 -3.904979526996612549e-01 -1.937354087829589844e+00 4.049009886736398139e-02 4.028628945963234620e-01 4.352158899793061586e-01 -8.041350232754926886e-01
-2.330098450183868408e-01 -3.904980123043060303e-01 -1.937354087829589844e+00 4.049019087222863189e-02 4.028619791808785711e-01 4.352149010489457792e-01 -8.041333800687814337e-01
-2.330098003149032593e-01 -3.904980421066284180e-01 -1.937354087829589844e+00 4.049019087222863189e-02 4.028623471999190353e-01 4.352152690679862990e-01 -8.041337480878218980e-01
-2.330097407102584839e-01 -3.904981017112731934e-01 -1.937354087829589844e+00 4.049028287688422045e-02 4.028614317898781549e-01 4.352142801435310293e-01 -8.041321048918940173e-01
-2.330096960067749023e-01 -3.904981315135955811e-01 -1.937354087829589844e+00 4.049037488133075402e-02 4.028605163860773941e-01 4.352132912258169783e-01 -8.041302776989014411e-01
-2.330096513032913208e-01 -3.904981911182403564e-01 -1.937354087829589844e+00 4.049000686229026896e-02 4.028641780387215432e-01 4.352172469371209385e-01 -8.041377705559624722e-01
-2.330095767974853516e-01 -3.904982507228851318e-01 -1.937354207038879395e+00 4.049009886736398139e-02 4.028636306360768859e-01 4.352162579991828983e-01 -8.041364953549996475e-01
-2.330095171928405762e-01 -3.904983103275299072e-01 -1.937354207038879395e+00 4.049019087222863189e-02 4.028627152189595551e-01 4.352156370870267632e-01 -8.041346681354231141e-01
-2.330094724893569946e-01 -3.904983699321746826e-01 -1.937354207038879395e+00 4.049019087222863189e-02 4.028627152189595551e-01 4.352156370870267632e-01 -8.041348521449434017e-01
-2.330094277858734131e-01 -3.904983997344970703e-01 -1.937354207038879395e+00 4.049009886736398139e-02 4.028639986559536257e-01 4.352166260190596381e-01 -8.041368633748763317e-01
-2.330093830823898315e-01 -3.904984593391418457e-01 -1.937354207038879395e+00 4.049019087222863189e-02 4.028630832380000193e-01 4.352160051060672274e-01 -8.041354041735041536e-01
-2.330093383789062500e-01 -3.904984891414642334e-01 -1.937354207038879395e+00 4.049019087222863189e-02 4.028630832380000193e-01 4.352160051060672274e-01 -8.041355881830243302e-01
-2.330092787742614746e-01 -3.904985487461090088e-01 -1.937354326248168945e+00 4.049028287688422045e-02 4.028621678262866990e-01 4.352150161799395178e-01 -8.041339449829152386e-01
-2.330092191696166992e-01 -3.904986083507537842e-01 -1.937354326248168945e+00 4.049037488133075402e-02 4.028616204381814669e-01 4.352140272605530269e-01 -8.041323017944255191e-01
-2.330091595649719238e-01 -3.904986679553985596e-01 -1.937354326248168945e+00 4.049019087222863189e-02 4.028634512570405390e-01 4.352163731251077472e-01 -8.041363242211053697e-01
-2.330091148614883423e-01 -3.904986977577209473e-01 -1.937354326248168945e+00 4.049028287688422045e-02 4.028625358444909432e-01 4.352153841981437621e-01 -8.041344970102216605e-01
-2.330090701580047607e-01 -3.904987573623657227e-01 -1.937354326248168945e+00 4.049028287688422045e-02 4.028625358444909432e-01 4.352153841981437621e-01 -8.041346810193237271e-01
-2.330090105533599854e-01 -3.904988169670104980e-01 -1.937354326248168945e+00 4.049037488133075402e-02 4.028619884555494357e-01 4.352143952779210512e-01 -8.041330378291615677e-01
-2.330089658498764038e-01 -3.904988765716552734e-01 -1.937354445457458496e+00 4.049046688556823259e-02 4.028610730546438035e-01 4.352137743809712522e-01 -8.041315786588845160e-01
-2.330087721347808838e-01 -3.904990553855895996e-01 -1.937354445457458496e+00 4.049046688556823259e-02 4.028614410711756078e-01 4.352141423975030565e-01 -8.041323146919481246e-01
-2.330086976289749146e-01 -3.904991149902343750e-01 -1.937354445457458496e+00 4.049019087222863189e-02 4.028641872951214675e-01 4.352171091631886757e-01 -8.041379803067875143e-01
-2.330084294080734253e-01 -3.904988765716552734e-01 -1.937353849411010742e+00 4.049028287688422045e-02 4.028636398991036760e-01 4.352161202345522506e-01 -8.041363371012428818e-01
-2.330083847045898438e-01 -3.904989361763000488e-01 -1.937353849411010742e+00 4.049028287688422045e-02 4.028636398991036760e-01 4.352161202345522506e-01 -8.041365211103450594e-01
-2.330083400011062622e-01 -3.904989659786224365e-01 -1.937353849411010742e+00 4.049037488133075402e-02 4.028627244902854843e-01 4.352154993300250685e-01 -8.041346939073176214e-01
-2.330082952976226807e-01 -3.904989957809448242e-01 -1.937353849411010742e+00 4.049037488133075402e-02 4.028627244902854843e-01 4.352154993300250685e-01 -8.041350619246856457e-01
-2.330082505941390991e-01 -3.904990255832672119e-01 -1.937353849411010742e+00 4.049046688556823259e-02 4.028621771042392163e-01 4.352148784305666651e-01 -8.041334187415435375e-01
-2.330081760883331299e-01 -3.904990851879119873e-01 -1.937353849411010742e+00 4.049028287688422045e-02 4.028640079173079203e-01 4.352168562709607391e-01 -8.041372571467535479e-01
-2.330081164836883545e-01 -3.904991447925567627e-01 -1.937353849411010742e+00 4.049037488133075402e-02 4.028630925076535085e-01 4.352158673473930928e-01 -8.041356139507377376e-01
-2.330080717802047729e-01 -3.904991745948791504e-01 -1.937353849411010742e+00 4.049046688556823259e-02 4.028621771042392163e-01 4.352148784305666651e-01 -8.041341547746070351e-01
-2.330080121755599976e-01 -3.904992341995239258e-01 -1.937353849411010742e+00 4.049046688556823259e-02 4.028625451207709651e-01 4.352148784305666651e-01 -8.041343387828729927e-01
-2.330079674720764160e-01 -3.904992640018463135e-01 -1.937353849411010742e+00 4.049055888959665617e-02 4.028616297227604615e-01 4.352138895204813451e-01 -8.041325116014116370e-01
-2.330078929662704468e-01 -3.904993236064910889e-01 -1.937353968620300293e+00 4.049046688556823259e-02 4.028625451207709651e-01 4.352152464470984139e-01 -8.041345227911388394e-01
-2.330078333616256714e-01 -3.904993534088134766e-01 -1.937353968620300293e+00 4.049046688556823259e-02 4.028625451207709651e-01 4.352156144636302182e-01 -8.041348908076706437e-01
-2.330077886581420898e-01 -3.904994130134582520e-01 -1.937353968620300293e+00 4.049055888959665617e-02 4.028619977384560458e-01 4.352146255518725138e-01 -8.041332476328028056e-01
-2.330077290534973145e-01 -3.904994428157806396e-01 -1.937353968620300293e+00 4.049055888959665617e-02 4.028619977384560458e-01 4.352146255518725138e-01 -8.041334316406505422e-01
-2.330076843500137329e-01 -3.904994726181030273e-01 -1.937353968620300293e+00 4.049065089341601781e-02 4.028610823458493861e-01 4.352136366468559170e-01 -8.041317884769838553e-01
-2.330076247453689575e-01 -3.904995322227478027e-01 -1.937353968620300293e+00 4.049055888959665617e-02 4.028619977384560458e-01 4.352146255518725138e-01 -8.041339836641939742e-01
-2.330075651407241821e-01 -3.904995620250701904e-01 -1.937353968620300293e+00 4.049055888959665617e-02 4.028623657541516301e-01 4.352146255518725138e-01 -8.041339836641939742e-01
-2.330075055360794067e-01 -3.904996216297149658e-01 -1.937353968620300293e+00 4.049065089341601781e-02 4.028614503607086950e-01 4.352136366468559170e-01 -8.041323404992728463e-01
-2.330074608325958252e-01 -3.904996514320373535e-01 -1.937353968620300293e+00 4.049055888959665617e-02 4.028623657541516301e-01 4.352153615832636269e-01 -8.041343516798894475e-01
-2.330074012279510498e-01 -3.904997110366821289e-01 -1.937353968620300293e+00 4.049055888959665617e-02 4.028627337698471589e-01 4.352153615832636269e-01 -8.041347196955850318e-01
-2.330073565244674683e-01 -3.904997408390045166e-01 -1.937353968620300293e+00 4.049046688556823259e-02 4.028636491703663780e-01 4.352163504966938268e-01 -8.041367308903296651e-01
-2.330072820186614990e-01 -3.904998004436492920e-01 -1.937353968620300293e+00 4.049055888959665617e-02 4.028627337698471589e-01 4.352153615832636269e-01 -8.041350877112806161e-01
-2.330072224140167236e-01 -3.904998302459716797e-01 -1.937353968620300293e+00 4.049055888959665617e-02 4.028627337698471589e-01 4.352153615832636269e-01 -8.041352717191284638e-01
-2.330071479082107544e-01 -3.904999196529388428e-01 -1.937353968620300293e+00 4.049065089341601781e-02 4.028621863904274236e-01 4.352143726765746456e-01 -8.041338125587103036e-01
-2.330070883035659790e-01 -3.904999494552612305e-01 -1.937353968620300293e+00 4.049055888959665617e-02 4.028631017855427432e-01 4.352157295989592112e-01 -8.041358237426717848e-01
-2.330070286989212036e-01 -3.905000090599060059e-01 -1.937353968620300293e+00 4.049055888959665617e-02 4.028631017855427432e-01 4.352157295989592112e-01 -8.041360077505195214e-01
-2.330069839954376221e-01 -3.905000388622283936e-01 -1.937353968620300293e+00 4.049065089341601781e-02 4.028625544052867880e-01 4.352151087062933188e-01 -8.041343645809992946e-01
-2.330069392919540405e-01 -3.905000686645507812e-01 -1.937353968620300293e+00 4.049074289702633139e-02 4.028616390155751459e-01 4.352141198046728943e-01 -8.041327214230979958e-01
-2.330068647861480713e-01 -3.905001282691955566e-01 -1.937353968620300293e+00 4.049055888959665617e-02 4.028634698012383275e-01 4.352160976146547955e-01 -8.041365597740629534e-01
-2.330068051815032959e-01 -3.905001878738403320e-01 -1.937353968620300293e+00 4.049065089341601781e-02 4.028625544052867880e-01 4.352151087062933188e-01 -8.041349166032883966e-01
-2.330067455768585205e-01 -3.905002176761627197e-01 -1.937353968620300293e+00 4.049074289702633139e-02 4.028620070295982902e-01 4.352141198046728943e-01 -8.041334574511442845e-01
-2.330067008733749390e-01 -3.905002474784851074e-01 -1.937353968620300293e+00 4.049074289702633139e-02 4.028620070295982902e-01 4.352144878186960386e-01 -8.041336414581559122e-01
-2.330066561698913574e-01 -3.905003070831298828e-01 -1.937353968620300293e+00 4.049083490042759692e-02 4.028610916452902146e-01 4.352134989229803352e-01 -8.041319983097828805e-01
-2.330066114664077759e-01 -3.905003368854522705e-01 -1.937354087829589844e+00 4.049083490042759692e-02 4.028610916452902146e-01 4.352134989229803352e-01 -8.041319983097828805e-01
-2.330065518617630005e-01 -3.905003666877746582e-01 -1.937354087829589844e+00 4.049074289702633139e-02 4.028623750436214346e-01 4.352148558327191830e-01 -8.041340094721790566e-01
-2.330065071582794189e-01 -3.905004262924194336e-01 -1.937354087829589844e+00 4.049074289702633139e-02 4.028623750436214346e-01 4.352148558327191830e-01 -8.041343774862022009e-01
-2.330064624547958374e-01 -3.905004560947418213e-01 -1.937354087829589844e+00 4.049065089341601781e-02 4.028632904350055166e-01 4.352158447360120475e-01 -8.041363886627258539e-01
-2.330064028501510620e-01 -3.905004858970642090e-01 -1.937354087829589844e+00 4.049074289702633139e-02 4.028623750436214346e-01 4.352148558327191830e-01 -8.041345614932137176e-01
-2.330062687397003174e-01 -3.905006051063537598e-01 -1.937354087829589844e+00 4.049065089341601781e-02 4.028636584498648809e-01 4.352162127508714118e-01 -8.041371246924444716e-01
-2.330061942338943481e-01 -3.905006647109985352e-01 -1.937354087829589844e+00 4.049074289702633139e-02 4.028627430576445789e-01 4.352152238467423273e-01 -8.041354815282716340e-01
-2.330060303211212158e-01 -3.905007839202880859e-01 -1.937354087829589844e+00 4.049074289702633139e-02 4.028631110716677233e-01 4.352155918607654717e-01 -8.041360335493064060e-01
-2.330059111118316650e-01 -3.905008733272552490e-01 -1.937354087829589844e+00 4.049083490042759692e-02 4.028625636980380231e-01 4.352149709757280882e-01 -8.041345744020914621e-01
-2.330057471990585327e-01 -3.905010223388671875e-01 -1.937354087829589844e+00 4.049083490042759692e-02 4.028629317112249475e-01 4.352149709757280882e-01 -8.041353104284654219e-01
-2.330055236816406250e-01 -3.905012011528015137e-01 -1.937354087829589844e+00 4.049111090937708435e-02 4.028605535938749593e-01 4.352127403403485140e-01 -8.041305650358205881e-01
-2.330054342746734619e-01 -3.905012607574462891e-01 -1.937354087829589844e+00 4.049083490042759692e-02 4.028632997244119274e-01 4.352157070021019925e-01 -8.041362304614327883e-01
-2.330053746700286865e-01 -3.905012905597686768e-01 -1.937354087829589844e+00 4.049083490042759692e-02 4.028632997244119274e-01 4.352157070021019925e-01 -8.041365984746197126e-01
-2.330050915479660034e-01 -3.905012309551239014e-01 -1.937354087829589844e+00 4.049313491752161431e-02 4.028658084866172384e-01 4.352156421573892264e-01 -8.041317705197009724e-01
-2.330050319433212280e-01 -3.905012607574462891e-01 -1.937354087829589844e+00 4.049322691548804670e-02 4.028652611932642680e-01 4.352153893587750177e-01 -8.041306795677416464e-01
-2.330049723386764526e-01 -3.905013203620910645e-01 -1.937354087829589844e+00 4.049331891324545879e-02 4.028647139044776448e-01 4.352147685729443327e-01 -8.041295886248902569e-01
-2.330049127340316772e-01 -3.905013501644134521e-01 -1.937354087829589844e+00 4.049322691548804670e-02 4.028659971761596181e-01 4.352161253416703679e-01 -8.041321515335323467e-01
-2.330048531293869019e-01 -3.905013799667358398e-01 -1.937354087829589844e+00 4.049331891324545879e-02 4.028654498857008881e-01 4.352155045541675760e-01 -8.041310605873367434e-01
-2.330047935247421265e-01 -3.905014097690582275e-01 -1.937354087829589844e+00 4.049331891324545879e-02 4.028661858669241314e-01 4.352158725447792254e-01 -8.041317965685600422e-01
-2.330047339200973511e-01 -3.905014693737030029e-01 -1.937354087829589844e+00 4.049322691548804670e-02 4.028671011505026711e-01 4.352172293160134209e-01 -8.041343594822184526e-01
-2.330046594142913818e-01 -3.905014991760253906e-01 -1.937354087829589844e+00 4.049350290813324982e-02 4.028650912963611663e-01 4.352149989722425838e-01 -8.041296147001475436e-01
-2.330045998096466064e-01 -3.905015587806701660e-01 -1.937354087829589844e+00 4.049341091079385752e-02 4.028663745589107781e-01 4.352163557308343922e-01 -8.041321775889023193e-01
-2.330045253038406372e-01 -3.905015885829925537e-01 -1.937354087829589844e+00 4.049350290813324982e-02 4.028661952631797938e-01 4.352157349501217243e-01 -8.041310866559058246e-01
-2.330044507980346680e-01 -3.905016481876373291e-01 -1.937354207038879395e+00 4.049359490526363570e-02 4.028656479822393943e-01 4.352151141744761143e-01 -8.041301797260683726e-01
-2.330043911933898926e-01 -3.905016779899597168e-01 -1.937354207038879395e+00 4.049350290813324982e-02 4.028665632521193363e-01 4.352168389169403517e-01 -8.041329266006035370e-01
-2.330043166875839233e-01 -3.905017375946044922e-01 -1.937354207038879395e+00 4.049368690218500821e-02 4.028654686931326667e-01 4.352152293784325443e-01 -8.041300087790375084e-01
-2.330042421817779541e-01 -3.905017673969268799e-01 -1.937354207038879395e+00 4.049359490526363570e-02 4.028667519465499725e-01 4.352165861268901814e-01 -8.041327556427930734e-01
-2.330041676759719849e-01 -3.905018270015716553e-01 -1.937354207038879395e+00 4.049359490526363570e-02 4.028674879227570060e-01 4.352169541149936705e-01 -8.041336756130518237e-01
-2.330040931701660156e-01 -3.905018866062164307e-01 -1.937354207038879395e+00 4.049368690218500821e-02 4.028669406422026311e-01 4.352167013275025087e-01 -8.041327686835437749e-01
-2.330040335655212402e-01 -3.905019164085388184e-01 -1.937354207038879395e+00 4.049377889889738125e-02 4.028667613526457636e-01 4.352160805569747493e-01 -8.041316777690911133e-01
-2.330039739608764648e-01 -3.905019462108612061e-01 -1.937354207038879395e+00 4.049387089540074786e-02 4.028662140803874192e-01 4.352158277771094319e-01 -8.041305868637457221e-01
-2.330039143562316895e-01 -3.905020058155059814e-01 -1.937354207038879395e+00 4.049387089540074786e-02 4.028665820659829144e-01 4.352158277771094319e-01 -8.041313228349367126e-01
-2.330038398504257202e-01 -3.905020356178283691e-01 -1.937354207038879395e+00 4.049377889889738125e-02 4.028678653119401876e-01 4.352175525027006664e-01 -8.041338856876799612e-01
-2.330037802457809448e-01 -3.905020654201507568e-01 -1.937354207038879395e+00 4.049405488778047568e-02 4.028654875334921059e-01 4.352149542436397622e-01 -8.041291410482231949e-01
-2.330037206411361694e-01 -3.905021250247955322e-01 -1.937354207038879395e+00 4.049396289169510804e-02 4.028671387517329117e-01 4.352163109701578381e-01 -8.041317038760643632e-01
-2.330036163330078125e-01 -3.905021846294403076e-01 -1.937354207038879395e+00 4.049405488778047568e-02 4.028665914852624375e-01 4.352156902114866499e-01 -8.041311649598021916e-01
-2.330035567283630371e-01 -3.905022144317626953e-01 -1.937354207038879395e+00 4.049396289169510804e-02 4.028682427060112925e-01 4.352174149244362189e-01 -8.041337277922412374e-01
-2.330034971237182617e-01 -3.905022740364074707e-01 -1.937354207038879395e+00 4.049414688365683690e-02 4.028664122064453124e-01 4.352158054240571894e-01 -8.041306260501391856e-01
-2.330034375190734863e-01 -3.905023038387298584e-01 -1.937354207038879395e+00 4.049423887932419863e-02 4.028662329305220946e-01 4.352151846738475660e-01 -8.041297191648235643e-01
-2.330033928155899048e-01 -3.905023336410522461e-01 -1.937354207038879395e+00 4.049423887932419863e-02 4.028666009127735426e-01 4.352159206383505174e-01 -8.041302711382007917e-01
-2.330033183097839355e-01 -3.905023634433746338e-01 -1.937354207038879395e+00 4.049414688365683690e-02 4.028678841387950960e-01 4.352169093733195271e-01 -8.041328339486638610e-01
-2.330032587051391602e-01 -3.905024230480194092e-01 -1.937354207038879395e+00 4.049442287003193058e-02 4.028655064067775404e-01 4.352146791497872869e-01 -8.041280894092944775e-01
-2.330031841993331909e-01 -3.905024826526641846e-01 -1.937354207038879395e+00 4.049423887932419863e-02 4.028677048595279420e-01 4.352170245851048613e-01 -8.041328470139610385e-01
-2.330031096935272217e-01 -3.905025124549865723e-01 -1.937354207038879395e+00 4.049451486507230774e-02 4.028656951201151082e-01 4.352147943725925283e-01 -8.041281024977317005e-01
-2.330030500888824463e-01 -3.905025422573089600e-01 -1.937354207038879395e+00 4.049442287003193058e-02 4.028669783290955153e-01 4.352161510721052617e-01 -8.041306652733508642e-01
-2.330029904842376709e-01 -3.905026018619537354e-01 -1.937354207038879395e+00 4.049442287003193058e-02 4.028673463096750229e-01 4.352161510721052617e-01 -8.041312172442200978e-01
-2.330027818679809570e-01 -3.905027210712432861e-01 -1.937354207038879395e+00 4.049442287003193058e-02 4.028688182319929423e-01 4.352179909750026887e-01 -8.041337931082765955e-01
-2.330026477575302124e-01 -3.905028104782104492e-01 -1.937354207038879395e+00 4.049460685990369235e-02 4.028680917081197133e-01 4.352167494916581725e-01 -8.041316113898812068e-01
-2.330025881528854370e-01 -3.905028700828552246e-01 -1.937354207038879395e+00 4.049469885452608442e-02 4.028675444627418112e-01 4.352161287575856963e-01 -8.041307045333790926e-01
-2.330025285482406616e-01 -3.905028998851776123e-01 -1.937354326248168945e+00 4.049469885452608442e-02 4.028675444627418112e-01 4.352164967356572656e-01 -8.041312565004864465e-01
-2.330024838447570801e-01 -3.905029296875000000e-01 -1.937354326248168945e+00 4.049460685990369235e-02 4.028691956448423594e-01 4.352178534283808187e-01 -8.041338192633264992e-01
-2.330024391412734985e-01 -3.905029594898223877e-01 -1.937354326248168945e+00 4.049460685990369235e-02 4.028695636237498712e-01 4.352182214072883304e-01 -8.041343712316878500e-01
-2.330023795366287231e-01 -3.905029892921447754e-01 -1.937354326248168945e+00 4.049479084893948394e-02 4.028677331764007885e-01 4.352166119602864924e-01 -8.041314535827076559e-01
-2.330023348331451416e-01 -3.905030190944671631e-01 -1.937354326248168945e+00 4.049479084893948394e-02 4.028684691308720422e-01 4.352169799375221193e-01 -8.041318215599433383e-01
-2.330022752285003662e-01 -3.905030488967895508e-01 -1.937354326248168945e+00 4.049488284314389785e-02 4.028675539148818263e-01 4.352163592102386569e-01 -8.041307307271842175e-01
-2.330022305250167847e-01 -3.905031085014343262e-01 -1.937354326248168945e+00 4.049506683092576192e-02 4.028664594510690811e-01 4.352147497961428302e-01 -8.041278131395288575e-01
-2.330021709203720093e-01 -3.905031383037567139e-01 -1.937354326248168945e+00 4.049497483713931922e-02 4.028677426318202359e-01 4.352161064635852727e-01 -8.041301918668769533e-01
-2.330020964145660400e-01 -3.905031681060791016e-01 -1.937354326248168945e+00 4.049479084893948394e-02 4.028699410398145497e-01 4.352184518464646268e-01 -8.041347653778283533e-01
-2.330020219087600708e-01 -3.905032277107238770e-01 -1.937354326248168945e+00 4.049506683092576192e-02 4.028679313499802239e-01 4.352158537203262290e-01 -8.041302049752595549e-01
-2.330019474029541016e-01 -3.905032575130462646e-01 -1.937354326248168945e+00 4.049497483713931922e-02 4.028688465585114065e-01 4.352175783658401853e-01 -8.041327676958230919e-01
-2.330016642808914185e-01 -3.905034661293029785e-01 -1.937354326248168945e+00 4.049525081787169051e-02 4.028683087899652127e-01 4.352164521631589067e-01 -8.041307831638795367e-01
-2.330016940832138062e-01 -3.905033767223358154e-01 -1.937353730201721191e+00 4.049304291934617550e-02 4.028656197982969367e-01 4.352158949593985526e-01 -8.041345174498071291e-01
-2.330016493797302246e-01 -3.905034065246582031e-01 -1.937353730201721191e+00 4.049313491752161431e-02 4.028650725020497814e-01 4.352152741651055257e-01 -8.041328744965521302e-01
-2.330015897750854492e-01 -3.905034363269805908e-01 -1.937353730201721191e+00 4.049295092096171639e-02 4.028669030870221657e-01 4.352172517466706969e-01 -8.041367124056121307e-01
-2.330015450716018677e-01 -3.905034661293029785e-01 -1.937353730201721191e+00 4.049304291934617550e-02 4.028656197982969367e-01 4.352162629525183624e-01 -8.041350694394868714e-01
-2.330014854669570923e-01 -3.905035257339477539e-01 -1.937353730201721191e+00 4.049313491752161431e-02 4.028647045097660806e-01 4.352152741651055257e-01 -8.041334264849777647e-01
-2.330058068037033081e-01 -3.904959857463836670e-01 -1.937350630760192871e+00 4.049948228693542318e-02 4.028574907236792679e-01 4.352162358115905239e-01 -8.041341503983152617e-01
-2.330057024955749512e-01 -3.904960453510284424e-01 -1.937350630760192871e+00 4.049948228693542318e-02 4.028578586582886034e-01 4.352162358115905239e-01 -8.041345183329245971e-01
-2.330055981874465942e-01 -3.904961347579956055e-01 -1.937350630760192871e+00 4.049939030317863120e-02 4.028587736443912659e-01 4.352175922267160213e-01 -8.041367126492955375e-01
-2.330054491758346558e-01 -3.904961943626403809e-01 -1.937350630760192871e+00 4.049939030317863120e-02 4.028591415798362663e-01 4.352175922267160213e-01 -8.041372645524630380e-01
-2.330054044723510742e-01 -3.904962539672851562e-01 -1.937350630760192871e+00 4.049939030317863120e-02 4.028591415798362663e-01 4.352179601621610217e-01 -8.041376324879080384e-01
-2.330053448677062988e-01 -3.904962837696075439e-01 -1.937350630760192871e+00 4.049948228693542318e-02 4.028585945275073299e-01 4.352169716808091948e-01 -8.041358061040573268e-01
-2.330053001642227173e-01 -3.904963135719299316e-01 -1.937350630760192871e+00 4.049957427048329894e-02 4.028576795459677395e-01 4.352159832061925915e-01 -8.041341636995377185e-01
-2.330052405595779419e-01 -3.904963433742523193e-01 -1.937350630760192871e+00 4.049957427048329894e-02 4.028576795459677395e-01 4.352163511399662621e-01 -8.041343476664245538e-01
-2.330051958560943604e-01 -3.904963731765747070e-01 -1.937350630760192871e+00 4.049948228693542318e-02 4.028585945275073299e-01 4.352173396154185303e-01 -8.041365419732759978e-01
-2.330051511526107788e-01 -3.904964029788970947e-01 -1.937350511550903320e+00 4.049948228693542318e-02 4.028589624621166654e-01 4.352173396154185303e-01 -8.041367259405806101e-01
-2.330051064491271973e-01 -3.904964327812194824e-01 -1.937350511550903320e+00 4.049957427048329894e-02 4.028580474797414657e-01 4.352163511399662621e-01 -8.041350835339718950e-01
-2.330050468444824219e-01 -3.904964625835418701e-01 -1.937350511550903320e+00 4.049966625382226543e-02 4.028571325036005568e-01 4.352153626712489953e-01 -8.041332571725027245e-01
-2.330050021409988403e-01 -3.904964923858642578e-01 -1.937350511550903320e+00 4.049966625382226543e-02 4.028571325036005568e-01 4.352157306041870566e-01 -8.041336251054407303e-01
-2.330049574375152588e-01 -3.904965221881866455e-01 -1.937350511550903320e+00 4.049957427048329894e-02 4.028584154135151363e-01 4.352167190737399327e-01 -8.041356354346325119e-01
-2.330048829317092896e-01 -3.904965519905090332e-01 -1.937350511550903320e+00 4.049966625382226543e-02 4.028575004365385626e-01 4.352160985371250623e-01 -8.041339930383787360e-01
-2.330048382282257080e-01 -3.904965817928314209e-01 -1.937350511550903320e+00 4.049966625382226543e-02 4.028575004365385626e-01 4.352160985371250623e-01 -8.041341770048477944e-01
-2.330047786235809326e-01 -3.904966115951538086e-01 -1.937350511550903320e+00 4.049975823695231569e-02 4.028565854657963352e-01 4.352151100734715783e-01 -8.041327185858359039e-01
-2.330047339200973511e-01 -3.904966413974761963e-01 -1.937350511550903320e+00 4.049957427048329894e-02 4.028587833472888069e-01 4.352170870075136033e-01 -8.041365552690666885e-01
-2.330046892166137695e-01 -3.904966711997985840e-01 -1.937350511550903320e+00 4.049948228693542318e-02 4.028596983313353364e-01 4.352180754846372568e-01 -8.041383816463226752e-01
-2.330046445131301880e-01 -3.904967010021209717e-01 -1.937350511550903320e+00 4.049957427048329894e-02 4.028587833472888069e-01 4.352170870075136033e-01 -8.041367392359535238e-01
-2.330045849084854126e-01 -3.904967308044433594e-01 -1.937350511550903320e+00 4.049957427048329894e-02 4.028591512810624775e-01 4.352174549412872739e-01 -8.041369232028403591e-01
-2.330045402050018311e-01 -3.904967606067657471e-01 -1.937350511550903320e+00 4.049966625382226543e-02 4.028582363024146296e-01 4.352168344030011293e-01 -8.041354647701308700e-01
-2.330044955015182495e-01 -3.904967904090881348e-01 -1.937350511550903320e+00 4.049966625382226543e-02 4.028582363024146296e-01 4.352168344030011293e-01 -8.041356487365998174e-01
-2.330044507980346680e-01 -3.904968202114105225e-01 -1.937350511550903320e+00 4.049957427048329894e-02 4.028591512810624775e-01 4.352178228750610001e-01 -8.041374751035008650e-01
-2.330043911933898926e-01 -3.904968500137329102e-01 -1.937350511550903320e+00 4.049966625382226543e-02 4.028586042353526353e-01 4.352168344030011293e-01 -8.041358327030688757e-01
-2.330043464899063110e-01 -3.904968798160552979e-01 -1.937350511550903320e+00 4.049966625382226543e-02 4.028586042353526353e-01 4.352168344030011293e-01 -8.041362006360068815e-01
-2.330043017864227295e-01 -3.904969096183776855e-01 -1.937350511550903320e+00 4.049975823695231569e-02 4.028576892621034689e-01 4.352158459376763155e-01 -8.041345582463478303e-01
-2.330042570829391479e-01 -3.904969394207000732e-01 -1.937350511550903320e+00 4.049975823695231569e-02 4.028576892621034689e-01 4.352158459376763155e-01 -8.041347422123990007e-01
-2.330041825771331787e-01 -3.904969990253448486e-01 -1.937350511550903320e+00 4.049966625382226543e-02 4.028589721682906966e-01 4.352175702688771408e-01 -8.041367525354139456e-01
-2.330040931701660156e-01 -3.904970288276672363e-01 -1.937350511550903320e+00 4.049975823695231569e-02 4.028580571942058652e-01 4.352165818018811083e-01 -8.041352941105525121e-01
-2.330040335655212402e-01 -3.904970884323120117e-01 -1.937350511550903320e+00 4.049985021987345668e-02 4.028571422263552138e-01 4.352155933416199662e-01 -8.041336517308305121e-01
-2.330039739608764648e-01 -3.904971182346343994e-01 -1.937350511550903320e+00 4.049975823695231569e-02 4.028584251263082061e-01 4.352165818018811083e-01 -8.041356620426549640e-01
-2.330039292573928833e-01 -3.904971480369567871e-01 -1.937350511550903320e+00 4.049975823695231569e-02 4.028584251263082061e-01 4.352165818018811083e-01 -8.041360299747573048e-01
-2.330038547515869141e-01 -3.904971778392791748e-01 -1.937350511550903320e+00 4.049985021987345668e-02 4.028575101576219453e-01 4.352159612728866978e-01 -8.041343875933639751e-01
-2.330038100481033325e-01 -3.904972076416015625e-01 -1.937350511550903320e+00 4.049994220258568145e-02 4.028569631256010419e-01 4.352149728185249478e-01 -8.041327452235789153e-01
-2.330037653446197510e-01 -3.904972374439239502e-01 -1.937350511550903320e+00 4.049975823695231569e-02 4.028587930584106025e-01 4.352173176660858456e-01 -8.041365818729108161e-01
-2.330036610364913940e-01 -3.904972970485687256e-01 -1.937350511550903320e+00 4.049975823695231569e-02 4.028587930584106025e-01 4.352173176660858456e-01 -8.041369498050132680e-01
-2.330036163330078125e-01 -3.904973268508911133e-01 -1.937350511550903320e+00 4.049975823695231569e-02 4.028591609905129434e-01 4.352173176660858456e-01 -8.041371337710644385e-01
-2.330035716295242310e-01 -3.904973566532135010e-01 -1.937350511550903320e+00 4.049985021987345668e-02 4.028582460201554083e-01 4.352163292041534293e-01 -8.041354913871641141e-01
-2.330034971237182617e-01 -3.904974162578582764e-01 -1.937350511550903320e+00 4.049994220258568145e-02 4.028573310560321086e-01 4.352157086793871366e-01 -8.041340329800877873e-01
-2.330031543970108032e-01 -3.904970586299896240e-01 -1.937350630760192871e+00 4.050444909959929202e-02 4.028566521884114904e-01 4.352169476638582668e-01 -8.041348745123655384e-01
-2.330030947923660278e-01 -3.904970884323120117e-01 -1.937350630760192871e+00 4.050454107186781533e-02 4.028564732129777948e-01 4.352170630976708865e-01 -8.041345201455846192e-01
-2.330030351877212524e-01 -3.904971182346343994e-01 -1.937350630760192871e+00 4.050454107186781533e-02 4.028572089902906495e-01 4.352177988749837412e-01 -8.041359917002103286e-01
-2.330029904842376709e-01 -3.904971480369567871e-01 -1.937350630760192871e+00 4.050463304392750569e-02 4.028570300160760898e-01 4.352175464210242817e-01 -8.041352694480221608e-01
-2.330029457807540894e-01 -3.904971480369567871e-01 -1.937350630760192871e+00 4.050481698742036674e-02 4.028555684178654617e-01 4.352159378648253751e-01 -8.041327213074727087e-01
-2.330029010772705078e-01 -3.904971778392791748e-01 -1.937350630760192871e+00 4.050472501577835616e-02 4.028572189317372043e-01 4.352176618574409295e-01 -8.041356508642172329e-01
-2.330028414726257324e-01 -3.904971778392791748e-01 -1.937350630760192871e+00 4.050481698742036674e-02 4.028570399624670229e-01 4.352177772955773682e-01 -8.041352965105253991e-01
-2.330027818679809570e-01 -3.904972076416015625e-01 -1.937350630760192871e+00 4.050500093007790292e-02 4.028555783791566980e-01 4.352161687546102220e-01 -8.041331162824879586e-01
-2.330027371644973755e-01 -3.904972374439239502e-01 -1.937350630760192871e+00 4.050490895885355130e-02 4.028572288814016855e-01 4.352178927354333204e-01 -8.041362297611913679e-01
-2.330026924610137939e-01 -3.904972374439239502e-01 -1.937350630760192871e+00 4.050490895885355130e-02 4.028579646520317747e-01 4.352186285060634652e-01 -8.041375173597941073e-01
-2.330026477575302124e-01 -3.904972672462463379e-01 -1.937350630760192871e+00 4.050518487190010730e-02 4.028555883486655276e-01 4.352163996512734556e-01 -8.041331433876903745e-01
-2.330025732517242432e-01 -3.904972970485687256e-01 -1.937350630760192871e+00 4.050518487190010730e-02 4.028563241142837370e-01 4.352171354168916650e-01 -8.041347988603313457e-01
-2.330025285482406616e-01 -3.904972970485687256e-01 -1.937350630760192871e+00 4.050509290109342159e-02 4.028579746065726330e-01 4.352188593875929712e-01 -8.041380962622466377e-01
-2.330024540424346924e-01 -3.904973268508911133e-01 -1.937350630760192871e+00 4.050536881288700763e-02 4.028563340886684441e-01 4.352169984359531285e-01 -8.041344580932142661e-01
-2.330023795366287231e-01 -3.904973566532135010e-01 -1.937350630760192871e+00 4.050546078306721531e-02 4.028561551387906947e-01 4.352167460091644902e-01 -8.041342877170348791e-01
-2.330023348331451416e-01 -3.904973864555358887e-01 -1.937350630760192871e+00 4.050546078306721531e-02 4.028565230190938595e-01 4.352174817697708753e-01 -8.041355752980960947e-01
-2.330022901296615601e-01 -3.904973864555358887e-01 -1.937350630760192871e+00 4.050555275303860392e-02 4.028563440712703003e-01 4.352175972241695279e-01 -8.041348531047106674e-01
-2.330022305250167847e-01 -3.904974162578582764e-01 -1.937350630760192871e+00 4.050555275303860392e-02 4.028570798302061329e-01 4.352179651036374164e-01 -8.041361406828483327e-01
-2.330021709203720093e-01 -3.904974460601806641e-01 -1.937350630760192871e+00 4.050564472280116651e-02 4.028572687622340998e-01 4.352180805589202506e-01 -8.041361542512298621e-01
-2.330021113157272339e-01 -3.904974758625030518e-01 -1.937350630760192871e+00 4.050573669235491003e-02 4.028567219398863086e-01 4.352178281381251512e-01 -8.041357999458980110e-01
-2.330020517110824585e-01 -3.904974758625030518e-01 -1.937350630760192871e+00 4.050592063083593986e-02 4.028556283088706724e-01 4.352165875544510842e-01 -8.041336198479905883e-01
-2.330019921064376831e-01 -3.904975056648254395e-01 -1.937350630760192871e+00 4.050601259976323310e-02 4.028554493754942234e-01 4.352167030207876874e-01 -8.041334495009087036e-01
-2.330019325017929077e-01 -3.904975354671478271e-01 -1.937350630760192871e+00 4.050592063083593986e-02 4.028574676895046447e-01 4.352180590589582732e-01 -8.041369307331317495e-01
-2.330018728971481323e-01 -3.904975652694702148e-01 -1.937350630760192871e+00 4.050610456848170726e-02 4.028563740683759331e-01 4.352171863632998683e-01 -8.041347506565709180e-01
-2.330018132925033569e-01 -3.904975950717926025e-01 -1.937350630760192871e+00 4.050619653699136929e-02 4.028558272646513005e-01 4.352173018322397224e-01 -8.041345803159859473e-01
-2.330016940832138062e-01 -3.904976248741149902e-01 -1.937350630760192871e+00 4.050628850529221919e-02 4.028567519566295108e-01 4.352177851756846017e-01 -8.041356975350700820e-01
-2.330016195774078369e-01 -3.904976546764373779e-01 -1.937350630760192871e+00 4.050656440894190996e-02 4.028547437061899550e-01 4.352159243737909189e-01 -8.041318757162936315e-01
-2.330015748739242554e-01 -3.904976844787597656e-01 -1.937350630760192871e+00 4.050638047338425696e-02 4.028573087745349612e-01 4.352182685191782197e-01 -8.041368147532262922e-01
-2.330015301704406738e-01 -3.904976844787597656e-01 -1.937350630760192871e+00 4.050647244126748953e-02 4.028567619786427856e-01 4.352180161204898812e-01 -8.041360926148780619e-01
-2.330014854669570923e-01 -3.904977142810821533e-01 -1.937350630760192871e+00 4.050647244126748953e-02 4.028574977208733698e-01 4.352187518627205209e-01 -8.041373801637816676e-01
-2.330014407634735107e-01 -3.904977142810821533e-01 -1.937350630760192871e+00 4.050674834366433524e-02 4.028551216183237638e-01 4.352165232075433932e-01 -8.041330065728555798e-01
-2.330013960599899292e-01 -3.904977440834045410e-01 -1.937350630760192871e+00 4.050656440894190996e-02 4.028576866684305258e-01 4.352188673360314897e-01 -8.041379455759148920e-01
-2.330013513565063477e-01 -3.904977440834045410e-01 -1.937350630760192871e+00 4.050665637640752520e-02 4.028575077477614674e-01 4.352186149416167327e-01 -8.041372234465689051e-01
-2.330013066530227661e-01 -3.904977738857269287e-01 -1.937350630760192871e+00 4.050684031071234009e-02 4.028560463117674684e-01 4.352173744274070999e-01 -8.041346756068262769e-01
-2.330012619495391846e-01 -3.904978036880493164e-01 -1.937350630760192871e+00 4.050693227755153975e-02 4.028554995353321178e-01 4.352171220448313727e-01 -8.041339535022584695e-01
-2.330012172460556030e-01 -3.904978036880493164e-01 -1.937350630760192871e+00 4.050674834366433524e-02 4.028576966985912278e-01 4.352194661564204314e-01 -8.041387085363048692e-01
-2.330011129379272461e-01 -3.904978334903717041e-01 -1.937350630760192871e+00 4.050711621060355122e-02 4.028555095919458262e-01 4.352169851551167534e-01 -8.041337968438353467e-01
-2.330010682344436646e-01 -3.904978632926940918e-01 -1.937350630760192871e+00 4.050711621060355122e-02 4.028558774572146839e-01 4.352177208856544133e-01 -8.041350843722762098e-01
-2.330010235309600830e-01 -3.904978930950164795e-01 -1.937350630760192871e+00 4.050720817681635610e-02 4.028556985555501457e-01 4.352171006463075864e-01 -8.041345462163504987e-01
-2.330009788274765015e-01 -3.904978930950164795e-01 -1.937350630760192871e+00 4.050720817681635610e-02 4.028564342844173640e-01 4.352178363751748602e-01 -8.041356498096513539e-01
-2.330008894205093384e-01 -3.904979228973388672e-01 -1.937350630760192871e+00 4.050730014282036273e-02 4.028566232475698228e-01 4.352183197300126816e-01 -8.041360313168047780e-01
-2.330008149147033691e-01 -3.904979526996612549e-01 -1.937350630760192871e+00 4.050739210861557804e-02 4.028568122119407513e-01 4.352180673593724625e-01 -8.041364128263708277e-01
-2.330006808042526245e-01 -3.904980123043060303e-01 -1.937350630760192871e+00 4.050766800474846219e-02 4.028551719508176587e-01 4.352169424075295057e-01 -8.041338787669662924e-01
-2.330005764961242676e-01 -3.904980421066284180e-01 -1.937350630760192871e+00 4.050775996970851223e-02 4.028557287844959367e-01 4.352174257701263982e-01 -8.041348120836677715e-01
-2.330004721879959106e-01 -3.904981017112731934e-01 -1.937350630760192871e+00 4.050794389900224529e-02 4.028553710194873738e-01 4.352169210644564190e-01 -8.041341037125252500e-01
-2.330003529787063599e-01 -3.904981315135955811e-01 -1.937350630760192871e+00 4.050803586333593526e-02 4.028559278551503420e-01 4.352174044305392453e-01 -8.041350370347933874e-01
-2.330002933740615845e-01 -3.904981613159179688e-01 -1.937350630760192871e+00 4.050812782746083390e-02 4.028557489781973144e-01 4.352175199405885486e-01 -8.041348667887222579e-01
-2.330002337694168091e-01 -3.904981911182403564e-01 -1.937350630760192871e+00 4.050812782746083390e-02 4.028561168342793541e-01 4.352182556527526280e-01 -8.041363382130505277e-01
-2.330001890659332275e-01 -3.904981911182403564e-01 -1.937350630760192871e+00 4.050821979137695511e-02 4.028559379593797396e-01 4.352180033076034071e-01 -8.041358001133094291e-01
-2.330000698566436768e-01 -3.904982507228851318e-01 -1.937350630760192871e+00 4.050831175508429888e-02 4.028568626506039974e-01 4.352184866746666159e-01 -8.041369173650092517e-01
-2.330000102519989014e-01 -3.904982507228851318e-01 -1.937350630760192871e+00 4.050840371858285827e-02 4.028563159253993331e-01 4.352186021882015754e-01 -8.041365632014740861e-01
-2.329999655485153198e-01 -3.904982805252075195e-01 -1.937350630760192871e+00 4.050858764495365166e-02 4.028552224886658428e-01 4.352169939608948046e-01 -8.041341995580818525e-01
-2.329999208450317383e-01 -3.904983103275299072e-01 -1.937350630760192871e+00 4.050867960782588567e-02 4.028550436282083425e-01 4.352167416326895855e-01 -8.041334775644904953e-01
-2.329998761415481567e-01 -3.904983103275299072e-01 -1.937350630760192871e+00 4.050849568187264715e-02 4.028572406157195362e-01 4.352190855561965943e-01 -8.041382322337699007e-01
-2.330016046762466431e-01 -3.904949128627777100e-01 -1.937320828437805176e+00 4.048328992713830232e-02 4.028916359926871249e-01 4.352033264851102312e-01 -8.041257997548153513e-01
-2.330015450716018677e-01 -3.904949426651000977e-01 -1.937320828437805176e+00 4.048338194747734542e-02 4.028910882848949493e-01 4.352027053315590255e-01 -8.041241559853246068e-01
-2.330015003681182861e-01 -3.904949426651000977e-01 -1.937320828437805176e+00 4.048338194747734542e-02 4.028910882848949493e-01 4.352027053315590255e-01 -8.041243400257934715e-01
-2.330014556646347046e-01 -3.904949724674224854e-01 -1.937320828437805176e+00 4.048347396760722250e-02 4.028901725015730517e-01 4.352020841830801512e-01 -8.041226962675117607e-01
-2.330014109611511230e-01 -3.904949724674224854e-01 -1.937320828437805176e+00 4.048328992713830232e-02 4.028920040744616293e-01 4.352040626486592401e-01 -8.041265359183643602e-01
-2.330013364553451538e-01 -3.904950022697448730e-01 -1.937320828437805176e+00 4.048338194747734542e-02 4.028910882848949493e-01 4.352030734124968658e-01 -8.041247081067313118e-01
-2.330012917518615723e-01 -3.904950022697448730e-01 -1.937320828437805176e+00 4.048319790659009321e-02 4.028932879528844269e-01 4.352050518915673849e-01 -8.041285477837671891e-01
-2.330012470483779907e-01 -3.904950022697448730e-01 -1.937320828437805176e+00 4.048328992713830232e-02 4.028923721562361338e-01 4.352040626486592401e-01 -8.041270880410261723e-01
-2.330012023448944092e-01 -3.904950320720672607e-01 -1.937320828437805176e+00 4.048328992713830232e-02 4.028923721562361338e-01 4.352040626486592401e-01 -8.041272720819133690e-01
-2.330011576414108276e-01 -3.904950320720672607e-01 -1.937320828437805176e+00 4.048319790659009321e-02 4.028932879528844269e-01 4.352050518915673849e-01 -8.041290999076838864e-01
-2.329996675252914429e-01 -3.904915153980255127e-01 -1.937307596206665039e+00 4.047104935760063166e-02 4.029107656946770977e-01 4.352208149521010760e-01 -8.041098016593418718e-01
-2.329994589090347290e-01 -3.904915750026702881e-01 -1.937307596206665039e+00 4.047114140577139085e-02 4.029102175006554210e-01 4.352198250793546941e-01 -8.041087091644824048e-01
-2.330008149147033691e-01 -3.904877305030822754e-01 -1.937306880950927734e+00 4.047206187596467247e-02 4.029028948927607101e-01 4.352275995500934913e-01 -8.041084620507950032e-01
-2.330007702112197876e-01 -3.904877305030822754e-01 -1.937306880950927734e+00 4.047196982988739838e-02 4.029038112215471146e-01 4.352285893954958018e-01 -8.041104749404708318e-01
-2.330007106065750122e-01 -3.904877603054046631e-01 -1.937306880950927734e+00 4.047206187596467247e-02 4.029032630766510858e-01 4.352275995500934913e-01 -8.041088302346853789e-01
-2.330006510019302368e-01 -3.904877603054046631e-01 -1.937306761741638184e+00 4.047206187596467247e-02 4.029032630766510858e-01 4.352275995500934913e-01 -8.041090143266306223e-01
-2.330006062984466553e-01 -3.904877901077270508e-01 -1.937306761741638184e+00 4.047215392183260013e-02 4.029023467532794611e-01 4.352266097114448340e-01 -8.041075537235934378e-01
-2.330005019903182983e-01 -3.904877901077270508e-01 -1.937306761741638184e+00 4.047224596749118830e-02 4.029017986183753841e-01 4.352259880617653787e-01 -8.041059090402513654e-01
-2.330004274845123291e-01 -3.904878199100494385e-01 -1.937306761741638184e+00 4.047215392183260013e-02 4.029027149363324511e-01 4.352273460775508696e-01 -8.041079219066464834e-01
-2.330003380775451660e-01 -3.904878497123718262e-01 -1.937306761741638184e+00 4.047224596749118830e-02 4.029017986183753841e-01 4.352263562439810385e-01 -8.041066454046826850e-01
-2.330002635717391968e-01 -3.904878497123718262e-01 -1.937306761741638184e+00 4.047224596749118830e-02 4.029021668005910439e-01 4.352263562439810385e-01 -8.041068294957905982e-01
-2.330002188682556152e-01 -3.904878795146942139e-01 -1.937306761741638184e+00 4.047215392183260013e-02 4.029030831193854967e-01 4.352273460775508696e-01 -8.041086582727525744e-01
-2.330001741647720337e-01 -3.904878795146942139e-01 -1.937306761741638184e+00 4.047215392183260013e-02 4.029030831193854967e-01 4.352273460775508696e-01 -8.041088423642791527e-01
-2.330001294612884521e-01 -3.904878795146942139e-01 -1.937306642532348633e+00 4.047224596749118830e-02 4.029021668005910439e-01 4.352267244261966983e-01 -8.041073817691141157e-01
-2.330000847578048706e-01 -3.904879093170166016e-01 -1.937306642532348633e+00 4.047206187596467247e-02 4.029043676283223241e-01 4.352287041017646740e-01 -8.041110393380278554e-01
-2.330000400543212891e-01 -3.904879093170166016e-01 -1.937306642532348633e+00 4.047215392183260013e-02 4.029034513024385422e-01 4.352280824436569606e-01 -8.041093946388586655e-01
-2.329999804496765137e-01 -3.904879391193389893e-01 -1.937306642532348633e+00 4.047215392183260013e-02 4.029034513024385422e-01 4.352280824436569606e-01 -8.041095787303851328e-01
-2.329999357461929321e-01 -3.904879391193389893e-01 -1.937306642532348633e+00 4.047206187596467247e-02 4.029043676283223241e-01 4.352290722856550498e-01 -8.041114075219182311e-01
-2.329998910427093506e-01 -3.904879391193389893e-01 -1.937306642532348633e+00 4.047206187596467247e-02 4.029043676283223241e-01 4.352290722856550498e-01 -8.041117757058086069e-01
-2.329998463392257690e-01 -3.904879689216613770e-01 -1.937306642532348633e+00 4.047215392183260013e-02 4.029038194854915877e-01 4.352280824436569606e-01 -8.041101310049647566e-01
-2.329998016357421875e-01 -3.904879689216613770e-01 -1.937306642532348633e+00 4.047215392183260013e-02 4.029038194854915877e-01 4.352280824436569606e-01 -8.041101310049647566e-01
-2.329997569322586060e-01 -3.904879689216613770e-01 -1.937306642532348633e+00 4.047224596749118830e-02 4.029029031650224191e-01 4.352270926084124136e-01 -8.041084863157611506e-01
-2.329997271299362183e-01 -3.904879987239837646e-01 -1.937306642532348633e+00 4.047224596749118830e-02 4.029029031650224191e-01 4.352274607906280735e-01 -8.041086704068689528e-01
-2.329996824264526367e-01 -3.904879987239837646e-01 -1.937306642532348633e+00 4.047233801294043698e-02 4.029019868508051938e-01 4.352264709612996829e-01 -8.041070257288868151e-01
-2.329996228218078613e-01 -3.904880285263061523e-01 -1.937306642532348633e+00 4.047215392183260013e-02 4.029041876685446333e-01 4.352284506267100062e-01 -8.041108673710708477e-01
-2.329995632171630859e-01 -3.904880285263061523e-01 -1.937306523323059082e+00 4.047224596749118830e-02 4.029032713472381344e-01 4.352278289728437888e-01 -8.041092226801924703e-01
-2.329995185136795044e-01 -3.904880285263061523e-01 -1.937306523323059082e+00 4.047224596749118830e-02 4.029032713472381344e-01 4.352278289728437888e-01 -8.041094067713002724e-01
-2.329994738101959229e-01 -3.904880583286285400e-01 -1.937306523323059082e+00 4.047233801294043698e-02 4.029023550321835234e-01 4.352268391426780125e-01 -8.041075780009543372e-01
