repeatability steamvr; 20211015-225111; x y z w i j k;  frequency = 150 duration = 2 sys.args = ['.\\repeatability.py']
-2.330605089664459229e-01 -3.904621005058288574e-01 -1.937642455101013184e+00 4.050316146591118743e-02 4.027370149537469746e-01 4.352219539924374048e-01 -8.041883992083761479e-01
-2.330604940652847290e-01 -3.904619216918945312e-01 -1.937642335891723633e+00 4.050334541608714006e-02 4.027370253790884536e-01 4.352229205825828284e-01 -8.041889777471599166e-01
-2.330604940652847290e-01 -3.904618620872497559e-01 -1.937642335891723633e+00 4.050325344110359410e-02 4.027386757169746923e-01 4.352246446895968179e-01 -8.041924594549584304e-01
-2.330604940652847290e-01 -3.904618024826049805e-01 -1.937642335891723633e+00 4.050352936542765681e-02 4.027366679147965089e-01 4.352224155815430651e-01 -8.041880847058936466e-01
-2.330604940652847290e-01 -3.904617726802825928e-01 -1.937642335891723633e+00 4.050343739086182532e-02 4.027379503415414175e-01 4.352241396750916591e-01 -8.041911984888771014e-01
-2.330604940652847290e-01 -3.904617130756378174e-01 -1.937642335891723633e+00 4.050352936542765681e-02 4.027377716083334058e-01 4.352235192750799619e-01 -8.041906599908130726e-01
-2.330604940652847290e-01 -3.904616534709930420e-01 -1.937642335891723633e+00 4.050352936542765681e-02 4.027381395061790381e-01 4.352246229686168588e-01 -8.041919476332727301e-01
-2.330604791641235352e-01 -3.904615938663482666e-01 -1.937642335891723633e+00 4.050362133978464146e-02 4.027383286720341848e-01 4.352243704681708070e-01 -8.041914091388771002e-01
-2.330604791641235352e-01 -3.904615044593811035e-01 -1.937642335891723633e+00 4.050380528787204948e-02 4.027376033213789785e-01 4.352238654774515658e-01 -8.041901482221928132e-01
-2.330604791641235352e-01 -3.904614448547363281e-01 -1.937642335891723633e+00 4.050389726160247283e-02 4.027370567043850325e-01 4.352236129871782655e-01 -8.041899776424956681e-01
-2.330608218908309937e-01 -3.904614150524139404e-01 -1.937642097473144531e+00 4.049985021987345668e-02 4.027416118086014074e-01 4.352292067984890322e-01 -8.041881055583067761e-01
-2.330608218908309937e-01 -3.904613554477691650e-01 -1.937642097473144531e+00 4.049985021987345668e-02 4.027419797398681389e-01 4.352292067984890322e-01 -8.041882895239401696e-01
-2.330608218908309937e-01 -3.904612958431243896e-01 -1.937642097473144531e+00 4.049975823695231569e-02 4.027428944461621252e-01 4.352305632217713938e-01 -8.041901159938066312e-01
-2.330608218908309937e-01 -3.904612362384796143e-01 -1.937642097473144531e+00 4.050003418508900388e-02 4.027401503459774323e-01 4.352275977659300077e-01 -8.041848205863392218e-01
-2.330608367919921875e-01 -3.904612064361572266e-01 -1.937642097473144531e+00 4.049994220258568145e-02 4.027414329702377338e-01 4.352289541749064794e-01 -8.041866470317341475e-01
-2.330608367919921875e-01 -3.904611468315124512e-01 -1.937642097473144531e+00 4.049985021987345668e-02 4.027423476711348704e-01 4.352303105922892268e-01 -8.041886574552068456e-01
-2.330608367919921875e-01 -3.904610872268676758e-01 -1.937642097473144531e+00 4.049994220258568145e-02 4.027414329702377338e-01 4.352293221053376016e-01 -8.041868309969496531e-01
-2.330608516931533813e-01 -3.904610276222229004e-01 -1.937642097473144531e+00 4.050003418508900388e-02 4.027405182755728896e-01 4.352287015547163795e-01 -8.041851885159346791e-01
-2.330608516931533813e-01 -3.904609978199005127e-01 -1.937642097473144531e+00 4.049994220258568145e-02 4.027414329702377338e-01 4.352300579661997904e-01 -8.041868309969496531e-01
-2.330608516931533813e-01 -3.904609382152557373e-01 -1.937642097473144531e+00 4.049985021987345668e-02 4.027423476711348704e-01 4.352306785235559583e-01 -8.041888414208402391e-01
-2.330608516931533813e-01 -3.904608786106109619e-01 -1.937642097473144531e+00 4.049994220258568145e-02 4.027414329702377338e-01 4.352300579661997904e-01 -8.041871989273807753e-01
-2.330608516931533813e-01 -3.904608488082885742e-01 -1.937642097473144531e+00 4.050003418508900388e-02 4.027408862051683469e-01 4.352294374139072941e-01 -8.041853724807324078e-01
-2.330608665943145752e-01 -3.904608190059661865e-01 -1.937642097473144531e+00 4.050003418508900388e-02 4.027408862051683469e-01 4.352294374139072941e-01 -8.041855564455301364e-01
-2.330608665943145752e-01 -3.904607594013214111e-01 -1.937642097473144531e+00 4.049985021987345668e-02 4.027430835336683335e-01 4.352314143860894213e-01 -8.041892093521070262e-01
-2.330608665943145752e-01 -3.904606997966766357e-01 -1.937641978263854980e+00 4.050012616738341009e-02 4.027403394446600338e-01 4.352288168666786361e-01 -8.041837300109084818e-01
-2.330608665943145752e-01 -3.904606699943542480e-01 -1.937641978263854980e+00 4.049994220258568145e-02 4.027418009006688560e-01 4.352307938270619792e-01 -8.041875668578118974e-01
-2.330608814954757690e-01 -3.904606401920318604e-01 -1.937641978263854980e+00 4.050003418508900388e-02 4.027412541347638042e-01 4.352301732730982087e-01 -8.041857404103278650e-01
-2.330608814954757690e-01 -3.904605805873870850e-01 -1.937641978263854980e+00 4.049994220258568145e-02 4.027421688310999226e-01 4.352311617574930458e-01 -8.041875668578118974e-01
-2.330608814954757690e-01 -3.904605507850646973e-01 -1.937641978263854980e+00 4.049994220258568145e-02 4.027421688310999226e-01 4.352311617574930458e-01 -8.041877508230274030e-01
-2.330608814954757690e-01 -3.904605209827423096e-01 -1.937641978263854980e+00 4.050003418508900388e-02 4.027412541347638042e-01 4.352305412026936660e-01 -8.041859243751255937e-01
-2.330608814954757690e-01 -3.904604613780975342e-01 -1.937641978263854980e+00 4.050003418508900388e-02 4.027416220643592615e-01 4.352305412026936660e-01 -8.041861083399233223e-01
-2.330608963966369629e-01 -3.904604315757751465e-01 -1.937641978263854980e+00 4.050012616738341009e-02 4.027407073734198262e-01 4.352299206529581244e-01 -8.041842819040482260e-01
-2.330608963966369629e-01 -3.904603719711303711e-01 -1.937641978263854980e+00 4.049985021987345668e-02 4.027434514649350650e-01 4.352328861111564029e-01 -8.041899452146404892e-01
-2.330608963966369629e-01 -3.904602825641632080e-01 -1.937641978263854980e+00 4.050012616738341009e-02 4.027410753021796741e-01 4.352306565104778202e-01 -8.041846498328081294e-01
-2.330609112977981567e-01 -3.904601931571960449e-01 -1.937641978263854980e+00 4.049994220258568145e-02 4.027429046919621114e-01 4.352326334792174234e-01 -8.041883027186740307e-01
-2.330609112977981567e-01 -3.904601037502288818e-01 -1.937641978263854980e+00 4.050012616738341009e-02 4.027414432309395220e-01 4.352310244392376681e-01 -8.041848337971879701e-01
-2.330609261989593506e-01 -3.904599845409393311e-01 -1.937641859054565430e+00 4.050012616738341009e-02 4.027410753021796741e-01 4.352313923679974605e-01 -8.041850177615679218e-01
-2.330609261989593506e-01 -3.904598951339721680e-01 -1.937641859054565430e+00 4.050003418508900388e-02 4.027427258531456333e-01 4.352331167098618669e-01 -8.041870281639119655e-01
-2.330609411001205444e-01 -3.904597759246826172e-01 -1.937641859054565430e+00 4.050031013134551550e-02 4.027399817915032765e-01 4.352301512770324621e-01 -8.041817328508966689e-01
-2.330609411001205444e-01 -3.904597163200378418e-01 -1.937641859054565430e+00 4.050012616738341009e-02 4.027418111596993699e-01 4.352324961542770043e-01 -8.041855696547076660e-01
-2.330609411001205444e-01 -3.904596865177154541e-01 -1.937641859054565430e+00 4.050012616738341009e-02 4.027418111596993699e-01 4.352324961542770043e-01 -8.041855696547076660e-01
-2.330609560012817383e-01 -3.904595971107482910e-01 -1.937641859054565430e+00 4.050012616738341009e-02 4.027418111596993699e-01 4.352332320117966447e-01 -8.041855696547076660e-01
-2.330609560012817383e-01 -3.904595375061035156e-01 -1.937641859054565430e+00 4.050012616738341009e-02 4.027421790884591624e-01 4.352328640830367967e-01 -8.041857536190876177e-01
-2.330609560012817383e-01 -3.904595077037811279e-01 -1.937641859054565430e+00 4.050021814946892090e-02 4.027412644004093600e-01 4.352322435316799409e-01 -8.041839271923142407e-01
-2.330609709024429321e-01 -3.904594779014587402e-01 -1.937641859054565430e+00 4.050003418508900388e-02 4.027430937827410906e-01 4.352345884282437516e-01 -8.041877640231028801e-01
-2.330609709024429321e-01 -3.904594182968139648e-01 -1.937641859054565430e+00 4.050031013134551550e-02 4.027403497185918502e-01 4.352316229853868124e-01 -8.041824687050739273e-01
-2.330609709024429321e-01 -3.904593884944915771e-01 -1.937641859054565430e+00 4.050021814946892090e-02 4.027412644004093600e-01 4.352326114596041240e-01 -8.041842951202384793e-01
-2.330609709024429321e-01 -3.904593288898468018e-01 -1.937641739845275879e+00 4.050012616738341009e-02 4.027425470172190103e-01 4.352339678693163405e-01 -8.041861215478474101e-01
-2.330609709024429321e-01 -3.904592990875244141e-01 -1.937641739845275879e+00 4.050021814946892090e-02 4.027416323283335986e-01 4.352333473154525456e-01 -8.041842951202384793e-01
-2.330609858036041260e-01 -3.904591798782348633e-01 -1.937641739845275879e+00 4.050012616738341009e-02 4.027429149459788582e-01 4.352347037268359808e-01 -8.041864894766073135e-01
-2.330609858036041260e-01 -3.904591500759124756e-01 -1.937641739845275879e+00 4.050012616738341009e-02 4.027429149459788582e-01 4.352347037268359808e-01 -8.041864894766073135e-01
-2.330610007047653198e-01 -3.904590606689453125e-01 -1.937641739845275879e+00 4.050040211301321469e-02 4.027401708955122839e-01 4.352321062229162485e-01 -8.041810102286062190e-01
-2.330610007047653198e-01 -3.904590308666229248e-01 -1.937641739845275879e+00 4.050021814946892090e-02 4.027420002562577817e-01 4.352340831713009672e-01 -8.041848470121247816e-01
-2.330610007047653198e-01 -3.904590010643005371e-01 -1.937641739845275879e+00 4.050031013134551550e-02 4.027410855727690531e-01 4.352330946937412182e-01 -8.041832045592510747e-01
-2.330610007047653198e-01 -3.904589414596557617e-01 -1.937641739845275879e+00 4.050031013134551550e-02 4.027414534998576268e-01 4.352334626208297919e-01 -8.041832045592510747e-01
-2.330609112977981567e-01 -3.904579877853393555e-01 -1.937640666961669922e+00 4.049663069332178067e-02 4.027379380382019036e-01 4.352299556301078565e-01 -8.041876463040374956e-01
-2.330609112977981567e-01 -3.904578983783721924e-01 -1.937640666961669922e+00 4.049635472199319963e-02 4.027399466585333543e-01 4.352321856744495454e-01 -8.041923906918252429e-01
-2.330609112977981567e-01 -3.904578685760498047e-01 -1.937640547752380371e+00 4.049663069332178067e-02 4.027368341566489041e-01 4.352292197090725234e-01 -8.041863584422256350e-01
-2.330609112977981567e-01 -3.904578089714050293e-01 -1.937640547752380371e+00 4.049663069332178067e-02 4.027368341566489041e-01 4.352288517485548569e-01 -8.041856225211903020e-01
-2.330609112977981567e-01 -3.904577493667602539e-01 -1.937640547752380371e+00 4.049653870308787817e-02 4.027370130739939547e-01 4.352294724347538502e-01 -8.041868973333935466e-01
-2.330609261989593506e-01 -3.904577195644378662e-01 -1.937640547752380371e+00 4.049644671264501783e-02 4.027379279186086292e-01 4.352300931260184025e-01 -8.041879881744432579e-01
-2.330609261989593506e-01 -3.904576599597930908e-01 -1.937640547752380371e+00 4.049635472199319963e-02 4.027381068434072175e-01 4.352310817853738967e-01 -8.041892630061109326e-01
-2.330609261989593506e-01 -3.904576003551483154e-01 -1.937640428543090820e+00 4.049626273113240971e-02 4.027390216988191440e-01 4.352313345237447395e-01 -8.041903538657897421e-01
-2.330609261989593506e-01 -3.904575407505035400e-01 -1.937640428543090820e+00 4.049635472199319963e-02 4.027377388803820013e-01 4.352303458593234642e-01 -8.041876071724974873e-01
-2.330609411001205444e-01 -3.904574811458587646e-01 -1.937640428543090820e+00 4.049626273113240971e-02 4.027379178072358901e-01 4.352309665598836363e-01 -8.041886980284148612e-01
-2.330609411001205444e-01 -3.904573917388916016e-01 -1.937640428543090820e+00 4.049617074006265499e-02 4.027384647016777897e-01 4.352312193008127106e-01 -8.041896049110894840e-01
-2.330609411001205444e-01 -3.904572427272796631e-01 -1.937640309333801270e+00 4.049617074006265499e-02 4.027373608075869860e-01 4.352304833714188415e-01 -8.041879490699531674e-01
-2.330609560012817383e-01 -3.904571533203125000e-01 -1.937640309333801270e+00 4.049598675729624425e-02 4.027388225715128334e-01 4.352320927592219779e-01 -8.041904987853267794e-01
-2.330609560012817383e-01 -3.904570937156677246e-01 -1.937640190124511719e+00 4.049607874878393549e-02 4.027375397385512534e-01 4.352303681485374387e-01 -8.041879360433041857e-01
-2.330609560012817383e-01 -3.904570341110229492e-01 -1.937640190124511719e+00 4.049598675729624425e-02 4.027380866387754721e-01 4.352313568264845611e-01 -8.041888429366675917e-01
-2.330609709024429321e-01 -3.904569745063781738e-01 -1.937640190124511719e+00 4.049589476559958823e-02 4.027382655763579455e-01 4.352319775439648097e-01 -8.041899338219032911e-01
-2.330609709024429321e-01 -3.904569447040557861e-01 -1.937640190124511719e+00 4.049607874878393549e-02 4.027364358419528445e-01 4.352296322174717957e-01 -8.041859122328737230e-01
-2.330609709024429321e-01 -3.904568850994110107e-01 -1.937640190124511719e+00 4.049598675729624425e-02 4.027366147733006940e-01 4.352302529273784915e-01 -8.041868191216398065e-01
-2.330609709024429321e-01 -3.904567956924438477e-01 -1.937640070915222168e+00 4.049589476559958823e-02 4.027371616747442151e-01 4.352308736423510793e-01 -8.041879100022780724e-01
-2.330609858036041260e-01 -3.904567360877990723e-01 -1.937640070915222168e+00 4.049571078157935405e-02 4.027386234601966764e-01 4.352324830563707447e-01 -8.041906437441876943e-01
-2.330609858036041260e-01 -3.904566764831542969e-01 -1.937640070915222168e+00 4.049571078157935405e-02 4.027382554913203072e-01 4.352321150874943756e-01 -8.041900917908730850e-01
-2.330609858036041260e-01 -3.904566168785095215e-01 -1.937640070915222168e+00 4.049580277369396047e-02 4.027369726446697884e-01 4.352307584263087059e-01 -8.041875290198605697e-01
-2.330609858036041260e-01 -3.904565274715423584e-01 -1.937639951705932617e+00 4.049580277369396047e-02 4.027362367085888240e-01 4.352303904582682237e-01 -8.041862411317189929e-01
-2.330610007047653198e-01 -3.904564380645751953e-01 -1.937639951705932617e+00 4.049571078157935405e-02 4.027364156469385170e-01 4.352310111808652682e-01 -8.041871480398622429e-01
-2.330610007047653198e-01 -3.904563784599304199e-01 -1.937639951705932617e+00 4.049561878925577590e-02 4.027373305276039650e-01 4.352312639388161708e-01 -8.041882389411318943e-01
-2.330610007047653198e-01 -3.904563188552856445e-01 -1.937639951705932617e+00 4.049552679672321909e-02 4.027378774439561715e-01 4.352322526412577552e-01 -8.041893298515079280e-01
-2.330610007047653198e-01 -3.904562592506408691e-01 -1.937639832496643066e+00 4.049543480398169054e-02 4.027380563934874202e-01 4.352325054076691679e-01 -8.041904207709902330e-01
-2.330610156059265137e-01 -3.904561996459960938e-01 -1.937639832496643066e+00 4.049552679672321909e-02 4.027367735323116316e-01 4.352315167001614138e-01 -8.041878579693152451e-01
-2.330610156059265137e-01 -3.904561400413513184e-01 -1.937639832496643066e+00 4.049543480398169054e-02 4.027373204507192495e-01 4.352321374362850825e-01 -8.041889488854538914e-01
-2.330610156059265137e-01 -3.904560804367065430e-01 -1.937639832496643066e+00 4.049552679672321909e-02 4.027360375912152901e-01 4.352307807590650723e-01 -8.041863860871225622e-01
-2.330610156059265137e-01 -3.904560208320617676e-01 -1.937639832496643066e+00 4.049543480398169054e-02 4.027365845079510787e-01 4.352314014935169117e-01 -8.041874769999175498e-01
-2.330610156059265137e-01 -3.904559612274169922e-01 -1.937639713287353516e+00 4.049534281103117639e-02 4.027371314292501059e-01 4.352323902052551152e-01 -8.041883839357092389e-01
-2.330610305070877075e-01 -3.904559016227722168e-01 -1.937639713287353516e+00 4.049543480398169054e-02 4.027358485651829079e-01 4.352306655507487410e-01 -8.041860051143812083e-01
-2.330610305070877075e-01 -3.904558420181274414e-01 -1.937639713287353516e+00 4.049534281103117639e-02 4.027363954848101057e-01 4.352316542608151151e-01 -8.041870960329392526e-01
-2.330610305070877075e-01 -3.904557824134826660e-01 -1.937639713287353516e+00 4.049534281103117639e-02 4.027360275125900779e-01 4.352309183163751150e-01 -8.041865440746092109e-01
-2.330610305070877075e-01 -3.904557526111602783e-01 -1.937639594078063965e+00 4.049525081787169051e-02 4.027365744359445165e-01 4.352319070315077143e-01 -8.041876350010197516e-01
-2.330610454082489014e-01 -3.904556334018707275e-01 -1.937639594078063965e+00 4.049525081787169051e-02 4.027358384898326871e-01 4.352311710853958848e-01 -8.041863470953239945e-01
-2.330610454082489014e-01 -3.904555439949035645e-01 -1.937639594078063965e+00 4.049515882450321902e-02 4.027363854160785905e-01 4.352317918317030188e-01 -8.041872540409695791e-01
-2.330610454082489014e-01 -3.904554843902587891e-01 -1.937639594078063965e+00 4.049506683092576192e-02 4.027365643721600441e-01 4.352320446083488559e-01 -8.041881609948861032e-01
-2.330610603094100952e-01 -3.904553949832916260e-01 -1.937639474868774414e+00 4.049488284314389785e-02 4.027376582457968257e-01 4.352336541010233262e-01 -8.041907108803311166e-01
-2.330610603094100952e-01 -3.904553353786468506e-01 -1.937639474868774414e+00 4.049497483713931922e-02 4.027363753555693315e-01 4.352322973883893109e-01 -8.041879640303822852e-01
-2.330610603094100952e-01 -3.904552757740020752e-01 -1.937639474868774414e+00 4.049488284314389785e-02 4.027369222929975123e-01 4.352329181482239573e-01 -8.041892389747323788e-01
-2.330610752105712891e-01 -3.904551863670349121e-01 -1.937639355659484863e+00 4.049497483713931922e-02 4.027356394044418475e-01 4.352315614372618269e-01 -8.041863081403455293e-01
-2.330610752105712891e-01 -3.904551267623901367e-01 -1.937639355659484863e+00 4.049488284314389785e-02 4.027358183637984590e-01 4.352321821954246439e-01 -8.041875830809338543e-01
-2.330610752105712891e-01 -3.904550671577453613e-01 -1.937639355659484863e+00 4.049479084893948394e-02 4.027367332805179556e-01 4.352328029586540747e-01 -8.041886740428475511e-01
-2.330610752105712891e-01 -3.904550373554229736e-01 -1.937639355659484863e+00 4.049469885452608442e-02 4.027372802254012285e-01 4.352337917050216887e-01 -8.041897650138682963e-01
-2.330610752105712891e-01 -3.904549777507781982e-01 -1.937639355659484863e+00 4.049479084893948394e-02 4.027359973260467019e-01 4.352320670041828210e-01 -8.041872021339050436e-01
-2.330610901117324829e-01 -3.904549181461334229e-01 -1.937639236450195312e+00 4.049479084893948394e-02 4.027356293488110750e-01 4.352320670041828210e-01 -8.041866501680515755e-01
-2.330607473850250244e-01 -3.904540538787841797e-01 -1.937639594078063965e+00 4.049341091079385752e-02 4.027412580352108806e-01 4.352204036183658364e-01 -8.041912399478842177e-01
-2.330607473850250244e-01 -3.904538750648498535e-01 -1.937639594078063965e+00 4.049322691548804670e-02 4.027419840582915911e-01 4.352209092304902271e-01 -8.041923181352279570e-01
-2.330607324838638306e-01 -3.904538154602050781e-01 -1.937639594078063965e+00 4.049304291934617550e-02 4.027430780894054596e-01 4.352217828493152862e-01 -8.041950523180132482e-01
-2.330607324838638306e-01 -3.904537260532379150e-01 -1.937639594078063965e+00 4.049304291934617550e-02 4.027427100962857054e-01 4.352214148561954765e-01 -8.041939483386538745e-01
-2.330607324838638306e-01 -3.904536664485931396e-01 -1.937639474868774414e+00 4.049313491752161431e-02 4.027414270947151653e-01 4.352196900725103235e-01 -8.041912012735240589e-01
-2.330330163240432739e-01 -3.904252350330352783e-01 -1.937647581100463867e+00 4.046930040257683270e-02 4.027470193873861626e-01 4.351862335106524982e-01 -8.042089893163137937e-01
-2.330329716205596924e-01 -3.904251158237457275e-01 -1.937647700309753418e+00 4.046930040257683270e-02 4.027466511783722725e-01 4.351854970926247179e-01 -8.042078846892720678e-01
-2.330329120159149170e-01 -3.904249966144561768e-01 -1.937647700309753418e+00 4.046930040257683270e-02 4.027462829693583823e-01 4.351847606745969377e-01 -8.042064118532166184e-01
-2.330328822135925293e-01 -3.904249072074890137e-01 -1.937647700309753418e+00 4.046911629765111845e-02 4.027473787494538771e-01 4.351860040260771001e-01 -8.042091498783791037e-01
-2.330328375101089478e-01 -3.904247879981994629e-01 -1.937647700309753418e+00 4.046911629765111845e-02 4.027470105387648824e-01 4.351852676046991664e-01 -8.042082293516567004e-01
-2.330328077077865601e-01 -3.904246985912322998e-01 -1.937647700309753418e+00 4.046911629765111845e-02 4.027462741173869487e-01 4.351845311833212326e-01 -8.042073088249342971e-01
-2.330327630043029785e-01 -3.904246091842651367e-01 -1.937647700309753418e+00 4.046893219188785890e-02 4.027481063354905744e-01 4.351861427607843780e-01 -8.042098627770953856e-01
-2.330318242311477661e-01 -3.904390037059783936e-01 -1.937686324119567871e+00 4.045429310266966672e-02 4.027059914790169781e-01 4.352356971686567877e-01 -8.042065719554709613e-01
-2.330317944288253784e-01 -3.904389441013336182e-01 -1.937686324119567871e+00 4.045438518896688623e-02 4.027047064547958910e-01 4.352339697523128770e-01 -8.042038204785204591e-01
-2.330317646265029907e-01 -3.904388844966888428e-01 -1.937686324119567871e+00 4.045429310266966672e-02 4.027052547878007815e-01 4.352349604774405356e-01 -8.042052827458425757e-01
-2.330317497253417969e-01 -3.904388546943664551e-01 -1.937686324119567871e+00 4.045429310266966672e-02 4.027045180965845295e-01 4.352345921318324096e-01 -8.042045460546263236e-01
-2.330317199230194092e-01 -3.904387950897216797e-01 -1.937686324119567871e+00 4.045429310266966672e-02 4.027045180965845295e-01 4.352338554406161575e-01 -8.042039935362141900e-01
-2.330316901206970215e-01 -3.904387652873992920e-01 -1.937686324119567871e+00 4.045420101616283015e-02 4.027050664324954843e-01 4.352344778235474609e-01 -8.042052716382025457e-01
-2.330316752195358276e-01 -3.904387056827545166e-01 -1.937686324119567871e+00 4.045420101616283015e-02 4.027050664324954843e-01 4.352344778235474609e-01 -8.042047191185327515e-01
-2.330316454172134399e-01 -3.904386758804321289e-01 -1.937686324119567871e+00 4.045420101616283015e-02 4.027046980860488623e-01 4.352337411306542725e-01 -8.042041665988628463e-01
-2.330316156148910522e-01 -3.904386162757873535e-01 -1.937686324119567871e+00 4.045410892944636960e-02 4.027052464257044329e-01 4.352343635169973468e-01 -8.042054447083217816e-01
-2.330316007137298584e-01 -3.904385864734649658e-01 -1.937686324119567871e+00 4.045410892944636960e-02 4.027048780784193704e-01 4.352339951697122844e-01 -8.042048921873942158e-01
-2.330315709114074707e-01 -3.904385268688201904e-01 -1.937686324119567871e+00 4.045392475538459737e-02 4.027063431187647979e-01 4.352356083049497837e-01 -8.042078167827163560e-01
-2.330315411090850830e-01 -3.904384672641754150e-01 -1.937686443328857422e+00 4.045410892944636960e-02 4.027041413838492456e-01 4.352332584751421596e-01 -8.042034187982538551e-01
-2.330314815044403076e-01 -3.904383778572082520e-01 -1.937686443328857422e+00 4.045401684252029895e-02 4.027046897255723290e-01 4.352335125159349505e-01 -8.042039602168398194e-01
-2.330314368009567261e-01 -3.904382884502410889e-01 -1.937686443328857422e+00 4.045383266803927874e-02 4.027057864227681638e-01 4.352343889575566727e-01 -8.042067006480106972e-01
-2.330313771963119507e-01 -3.904381692409515381e-01 -1.937686443328857422e+00 4.045374058048433613e-02 4.027059664276018691e-01 4.352346430094236052e-01 -8.042072420902663943e-01
-2.330313473939895630e-01 -3.904381096363067627e-01 -1.937686443328857422e+00 4.045374058048433613e-02 4.027059664276018691e-01 4.352339063081455128e-01 -8.042063212136688621e-01
-2.330312877893447876e-01 -3.904379904270172119e-01 -1.937686443328857422e+00 4.045364849271976260e-02 4.027057780838643186e-01 4.352341603617474464e-01 -8.042068626604607084e-01
-2.330312281847000122e-01 -3.904379010200500488e-01 -1.937686443328857422e+00 4.045374058048433613e-02 4.027044930250457400e-01 4.352328012562284298e-01 -8.042039269345151453e-01
-2.330311834812164307e-01 -3.904378116130828857e-01 -1.937686443328857422e+00 4.045346431656174357e-02 4.027068748126954034e-01 4.352346684791872367e-01 -8.042081297505190296e-01
-2.330311238765716553e-01 -3.904377222061157227e-01 -1.937686443328857422e+00 4.045355640474556508e-02 4.027055897413561181e-01 4.352329410094971651e-01 -8.042051939999887988e-01
-2.330310791730880737e-01 -3.904376327991485596e-01 -1.937686443328857422e+00 4.045346431656174357e-02 4.027054014000771565e-01 4.352331950665689897e-01 -8.042059196315916036e-01
-2.330310344696044922e-01 -3.904375433921813965e-01 -1.937686443328857422e+00 4.045346431656174357e-02 4.027054014000771565e-01 4.352324583602598662e-01 -8.042048145721280017e-01
-2.330309897661209106e-01 -3.904374539852142334e-01 -1.937686562538146973e+00 4.045346431656174357e-02 4.027046646937680330e-01 4.352317216539507427e-01 -8.042037095126642887e-01
-2.330309450626373291e-01 -3.904373943805694580e-01 -1.937686562538146973e+00 4.045328013956520086e-02 4.027057614308706124e-01 4.352333348361173138e-01 -8.042064500301318031e-01
-2.330309003591537476e-01 -3.904373049736022949e-01 -1.937686562538146973e+00 4.045328013956520086e-02 4.027057614308706124e-01 4.352325981264540955e-01 -8.042055291430527664e-01
-2.330308705568313599e-01 -3.904372453689575195e-01 -1.937686562538146973e+00 4.045328013956520086e-02 4.027050247212073941e-01 4.352318614167908772e-01 -8.042046082559738407e-01
-2.330308109521865845e-01 -3.904371559619903564e-01 -1.937686562538146973e+00 4.045309596173012751e-02 4.027064898297985640e-01 4.352331062594514410e-01 -8.042071646284260078e-01
-2.330307811498641968e-01 -3.904370665550231934e-01 -1.937686562538146973e+00 4.045309596173012751e-02 4.027057531167811955e-01 4.352327379029427568e-01 -8.042062437371543249e-01
-2.330307364463806152e-01 -3.904370069503784180e-01 -1.937686562538146973e+00 4.045309596173012751e-02 4.027053847602725112e-01 4.352320011899253882e-01 -8.042053228458825309e-01
-2.330306917428970337e-01 -3.904369175434112549e-01 -1.937686562538146973e+00 4.045291178305651658e-02 4.027068498855209677e-01 4.352332460479117482e-01 -8.042078792498973394e-01
-2.330305874347686768e-01 -3.904367387294769287e-01 -1.937686562538146973e+00 4.045281969340525086e-02 4.027066615587177600e-01 4.352327634074660279e-01 -8.042074998512760420e-01
-2.330305427312850952e-01 -3.904366493225097656e-01 -1.937686562538146973e+00 4.045291178305651658e-02 4.027053764527778190e-01 4.352310358987970806e-01 -8.042045640262253103e-01
-2.330305129289627075e-01 -3.904365897178649902e-01 -1.937686681747436523e+00 4.045263551347380582e-02 4.027077583516057158e-01 4.352336399302560443e-01 -8.042091354059138775e-01
-2.330304682254791260e-01 -3.904365003108978271e-01 -1.937686681747436523e+00 4.045281969340525086e-02 4.027051881226204055e-01 4.352309216123443347e-01 -8.042049213381057271e-01
-2.330304235219955444e-01 -3.904364407062530518e-01 -1.937686681747436523e+00 4.045281969340525086e-02 4.027044514045717283e-01 4.352301848942956575e-01 -8.042038162610327667e-01
-2.330303788185119629e-01 -3.904363512992858887e-01 -1.937686681747436523e+00 4.045254342319361263e-02 4.027068333087653884e-01 4.352324205710974558e-01 -8.042082034777543464e-01
-2.330303192138671875e-01 -3.904362618923187256e-01 -1.937686681747436523e+00 4.045254342319361263e-02 4.027064649472253399e-01 4.352316838480173589e-01 -8.042070983931342010e-01
-2.330302894115447998e-01 -3.904361724853515625e-01 -1.937686681747436523e+00 4.045254342319361263e-02 4.027060965856852914e-01 4.352309471249373174e-01 -8.042061774892841353e-01
-2.330302298069000244e-01 -3.904360830783843994e-01 -1.937686681747436523e+00 4.045245133270378157e-02 4.027062766261789162e-01 4.352312012086425597e-01 -8.042067190059514203e-01
-2.330301851034164429e-01 -3.904359936714172363e-01 -1.937686681747436523e+00 4.045226715109517812e-02 4.027077418080538540e-01 4.352324461144022050e-01 -8.042094596974375120e-01
-2.330300956964492798e-01 -3.904358446598052979e-01 -1.937686681747436523e+00 4.045235924200430572e-02 4.027057199431448575e-01 4.352299818428915223e-01 -8.042056028947747182e-01
-2.330300509929656982e-01 -3.904357552528381348e-01 -1.937686681747436523e+00 4.045226715109517812e-02 4.027058999877748957e-01 4.352306042941231912e-01 -8.042065127849911121e-01
-2.330299615859985352e-01 -3.904355764389038086e-01 -1.937686800956726074e+00 4.045217505997640572e-02 4.027057116704172990e-01 4.352301216557614150e-01 -8.042061334063878020e-01
-2.330304384231567383e-01 -3.904357254505157471e-01 -1.937686681747436523e+00 4.045723976021853990e-02 4.027020748369442571e-01 4.352364093188832439e-01 -8.042015888569304938e-01
-2.330303937196731567e-01 -3.904356360435485840e-01 -1.937686681747436523e+00 4.045714768041873410e-02 4.027033596998326748e-01 4.352373999097611246e-01 -8.042036033662712802e-01
-2.330303490161895752e-01 -3.904355466365814209e-01 -1.937686681747436523e+00 4.045723976021853990e-02 4.027024431557243433e-01 4.352367776376633302e-01 -8.042019571757106355e-01
-2.330303043127059937e-01 -3.904354572296142578e-01 -1.937686681747436523e+00 4.045733183980877723e-02 4.027015266178740061e-01 4.352357870527107653e-01 -8.042003109968089980e-01
-2.330302745103836060e-01 -3.904353678226470947e-01 -1.937686681747436523e+00 4.045705560040935983e-02 4.027046445706558009e-01 4.352391271483160295e-01 -8.042059862094045330e-01
-2.330302447080612183e-01 -3.904352784156799316e-01 -1.937686681747436523e+00 4.045705560040935983e-02 4.027046445706558009e-01 4.352391271483160295e-01 -8.042061703696328223e-01
-2.330302000045776367e-01 -3.904352188110351562e-01 -1.937686681747436523e+00 4.045714768041873410e-02 4.027037280194510349e-01 4.352381365489978449e-01 -8.042043400055080005e-01
-2.330301702022552490e-01 -3.904351294040679932e-01 -1.937686681747436523e+00 4.045705560040935983e-02 4.027050128911124349e-01 4.352391271483160295e-01 -8.042065386900895119e-01
-2.330301403999328613e-01 -3.904350399971008301e-01 -1.937686681747436523e+00 4.045714768041873410e-02 4.027040963390693951e-01 4.352381365489978449e-01 -8.042048924849355407e-01
-2.330301105976104736e-01 -3.904349803924560547e-01 -1.937686681747436523e+00 4.045714768041873410e-02 4.027040963390693951e-01 4.352381365489978449e-01 -8.042050766447447208e-01
-2.330300807952880859e-01 -3.904349207878112793e-01 -1.937686800956726074e+00 4.045723976021853990e-02 4.027035481120645466e-01 4.352371459564434164e-01 -8.042034304508308695e-01
-2.330300360918045044e-01 -3.904348015785217285e-01 -1.937686800956726074e+00 4.045714768041873410e-02 4.027044646586877552e-01 4.352385048686162605e-01 -8.042054449643630809e-01
-2.330299913883209229e-01 -3.904347419738769531e-01 -1.937686800956726074e+00 4.045723976021853990e-02 4.027031797932844603e-01 4.352375142752234471e-01 -8.042036146102209404e-01
-2.330299764871597290e-01 -3.904346823692321777e-01 -1.937686800956726074e+00 4.045723976021853990e-02 4.027031797932844603e-01 4.352375142752234471e-01 -8.042037987696110113e-01
-2.330299466848373413e-01 -3.904346227645874023e-01 -1.937686800956726074e+00 4.045733183980877723e-02 4.027026315716993876e-01 4.352365236885943345e-01 -8.042021525865180598e-01
-2.330299168825149536e-01 -3.904345333576202393e-01 -1.937686800956726074e+00 4.045714768041873410e-02 4.027044646586877552e-01 4.352388731882346207e-01 -8.042058132839814411e-01
-2.330298721790313721e-01 -3.904344737529754639e-01 -1.937686800956726074e+00 4.045723976021853990e-02 4.027035481120645466e-01 4.352378825940035334e-01 -8.042043512477811129e-01
-2.330298274755477905e-01 -3.904343545436859131e-01 -1.937686800956726074e+00 4.045733183980877723e-02 4.027029998896412000e-01 4.352368920065361468e-01 -8.042027050634307228e-01
-2.330297976732254028e-01 -3.904342949390411377e-01 -1.937686800956726074e+00 4.045723976021853990e-02 4.027039164308446328e-01 4.352378825940035334e-01 -8.042047195665611437e-01
-2.330297529697418213e-01 -3.904342055320739746e-01 -1.937686800956726074e+00 4.045733183980877723e-02 4.027029998896412000e-01 4.352372603244779592e-01 -8.042030733813725352e-01
-2.330297380685806274e-01 -3.904341459274291992e-01 -1.937686800956726074e+00 4.045733183980877723e-02 4.027033682075830123e-01 4.352372603244779592e-01 -8.042032575403433858e-01
-2.330297082662582397e-01 -3.904340863227844238e-01 -1.937686800956726074e+00 4.045742391918943914e-02 4.027024516717994107e-01 4.352362697429359439e-01 -8.042014272078430448e-01
-2.330296933650970459e-01 -3.904340565204620361e-01 -1.937686800956726074e+00 4.045723976021853990e-02 4.027042847496247191e-01 4.352382509127836197e-01 -8.042052720447313563e-01
-2.330296784639358521e-01 -3.904339969158172607e-01 -1.937686800956726074e+00 4.045723976021853990e-02 4.027042847496247191e-01 4.352382509127836197e-01 -8.042052720447313563e-01
-2.330296486616134644e-01 -3.904339671134948730e-01 -1.937686800956726074e+00 4.045733183980877723e-02 4.027033682075830123e-01 4.352372603244779592e-01 -8.042036258582851982e-01
-2.330296337604522705e-01 -3.904339075088500977e-01 -1.937686800956726074e+00 4.045733183980877723e-02 4.027033682075830123e-01 4.352372603244779592e-01 -8.042036258582851982e-01
-2.330296188592910767e-01 -3.904338777065277100e-01 -1.937686800956726074e+00 4.045742391918943914e-02 4.027028199889028937e-01 4.352362697429359439e-01 -8.042019796834983802e-01
-2.330295890569686890e-01 -3.904338181018829346e-01 -1.937686800956726074e+00 4.045742391918943914e-02 4.027028199889028937e-01 4.352362697429359439e-01 -8.042021638420501217e-01
-2.330295741558074951e-01 -3.904337882995605469e-01 -1.937686920166015625e+00 4.045742391918943914e-02 4.027024516717994107e-01 4.352362697429359439e-01 -8.042021638420501217e-01
-2.330295145511627197e-01 -3.904336392879486084e-01 -1.937686920166015625e+00 4.045742391918943914e-02 4.027028199889028937e-01 4.352366380600394824e-01 -8.042025321591536047e-01
-2.330292463302612305e-01 -3.904330432415008545e-01 -1.937686920166015625e+00 4.045733183980877723e-02 4.027044731614083939e-01 4.352383652783033408e-01 -8.042056516069651106e-01
-2.330291420221328735e-01 -3.904328346252441406e-01 -1.937686920166015625e+00 4.045742391918943914e-02 4.027035566231099706e-01 4.352373746942465038e-01 -8.042043737446712415e-01
-2.330291122198104858e-01 -3.904327452182769775e-01 -1.937686920166015625e+00 4.045742391918943914e-02 4.027035566231099706e-01 4.352373746942465038e-01 -8.042045579032229830e-01
-2.330290824174880981e-01 -3.904326558113098145e-01 -1.937687039375305176e+00 4.045733183980877723e-02 4.027044731614083939e-01 4.352383652783033408e-01 -8.042065724018195860e-01
-2.330288141965866089e-01 -3.904320597648620605e-01 -1.937687039375305176e+00 4.045751599836053952e-02 4.027037450398651686e-01 4.352371207494836192e-01 -8.042042008411554033e-01
-2.330287396907806396e-01 -3.904319107532501221e-01 -1.937687039375305176e+00 4.045760807732206449e-02 4.027028285115678563e-01 4.352364984927042935e-01 -8.042027388385980524e-01
-2.330286204814910889e-01 -3.904316425323486328e-01 -1.937687039375305176e+00 4.045770015607403486e-02 4.027019119895282606e-01 4.352358762410117321e-01 -8.042014610041553491e-01
-2.330285459756851196e-01 -3.904314637184143066e-01 -1.937687158584594727e+00 4.045760807732206449e-02 4.027031968269947915e-01 4.352368668081312841e-01 -8.042036596271655569e-01
-2.330287992954254150e-01 -3.904309272766113281e-01 -1.937687039375305176e+00 4.045760807732206449e-02 4.027035651424217821e-01 4.352372351235582748e-01 -8.042040279425924920e-01
-2.330287694931030273e-01 -3.904308378696441650e-01 -1.937687039375305176e+00 4.045760807732206449e-02 4.027035651424217821e-01 4.352372351235582748e-01 -8.042042121003060151e-01
-2.330287247896194458e-01 -3.904306888580322266e-01 -1.937687039375305176e+00 4.045779223461642982e-02 4.027017321012474893e-01 4.352352539944061571e-01 -8.042009198071958798e-01
-2.330286651849746704e-01 -3.904305398464202881e-01 -1.937687039375305176e+00 4.045770015607403486e-02 4.027030169332944110e-01 4.352362445556004489e-01 -8.042029342625102162e-01
-2.330286055803298950e-01 -3.904303610324859619e-01 -1.937687039375305176e+00 4.045770015607403486e-02 4.027030169332944110e-01 4.352366128701892212e-01 -8.042034867343933469e-01
-2.330285608768463135e-01 -3.904302120208740234e-01 -1.937687039375305176e+00 4.045760807732206449e-02 4.027039334578487728e-01 4.352379717544122562e-01 -8.042055012043004547e-01
-2.330285012722015381e-01 -3.904300332069396973e-01 -1.937687039375305176e+00 4.045751599836053952e-02 4.027052183049261713e-01 4.352389623308098865e-01 -8.042076998456753056e-01
-2.330284267663955688e-01 -3.904298245906829834e-01 -1.937687039375305176e+00 4.045770015607403486e-02 4.027037535624719000e-01 4.352369811847779379e-01 -8.042044075208651943e-01
-2.330283969640731812e-01 -3.904297351837158203e-01 -1.937687039375305176e+00 4.045760807732206449e-02 4.027046700887027542e-01 4.352383400698392468e-01 -8.042064219928679591e-01
-2.330283820629119873e-01 -3.904296755790710449e-01 -1.937687039375305176e+00 4.045770015607403486e-02 4.027037535624719000e-01 4.352373494993666547e-01 -8.042049599927482140e-01
-2.330283522605895996e-01 -3.904295861721038818e-01 -1.937687039375305176e+00 4.045770015607403486e-02 4.027037535624719000e-01 4.352373494993666547e-01 -8.042049599927482140e-01
-2.330283224582672119e-01 -3.904294967651367188e-01 -1.937687039375305176e+00 4.045779223461642982e-02 4.027032053562493719e-01 4.352363589356575413e-01 -8.042033138465739528e-01
-2.330282926559448242e-01 -3.904294371604919434e-01 -1.937687039375305176e+00 4.045770015607403486e-02 4.027037535624719000e-01 4.352373494993666547e-01 -8.042053283073369307e-01
-2.330282628536224365e-01 -3.904293477535247803e-01 -1.937687039375305176e+00 4.045770015607403486e-02 4.027037535624719000e-01 4.352373494993666547e-01 -8.042055124646313446e-01
-2.330282330513000488e-01 -3.904292583465576172e-01 -1.937687158584594727e+00 4.045779223461642982e-02 4.027032053562493719e-01 4.352363589356575413e-01 -8.042038663171996449e-01
-2.330282032489776611e-01 -3.904291689395904541e-01 -1.937687158584594727e+00 4.045788431294927018e-02 4.027022888416958435e-01 4.352361050045361335e-01 -8.042020360249703126e-01
-2.330281734466552734e-01 -3.904290795326232910e-01 -1.937687158584594727e+00 4.045779223461642982e-02 4.027032053562493719e-01 4.352370955631584826e-01 -8.042040504740749496e-01
-2.330281585454940796e-01 -3.904289901256561279e-01 -1.937687158584594727e+00 4.045779223461642982e-02 4.027035736699998703e-01 4.352370955631584826e-01 -8.042044187878254480e-01
-2.330281287431716919e-01 -3.904289305210113525e-01 -1.937687158584594727e+00 4.045788431294927018e-02 4.027026571546080680e-01 4.352361050045361335e-01 -8.042027726507947616e-01
-2.330280989408493042e-01 -3.904288411140441895e-01 -1.937687158584594727e+00 4.045779223461642982e-02 4.027035736699998703e-01 4.352370955631584826e-01 -8.042047871015758354e-01
-2.330280691385269165e-01 -3.904287517070770264e-01 -1.937687158584594727e+00 4.045779223461642982e-02 4.027035736699998703e-01 4.352370955631584826e-01 -8.042047871015758354e-01
-2.330279797315597534e-01 -3.904284834861755371e-01 -1.937687158584594727e+00 4.045788431294927018e-02 4.027030254675202925e-01 4.352364733174483580e-01 -8.042035092766192106e-01
-2.330279499292373657e-01 -3.904283940792083740e-01 -1.937687158584594727e+00 4.045797639107254901e-02 4.027021089575479329e-01 4.352354827647509361e-01 -8.042018631495705394e-01
-2.330279201269149780e-01 -3.904283046722412109e-01 -1.937687158584594727e+00 4.045797639107254901e-02 4.027021089575479329e-01 4.352354827647509361e-01 -8.042022314616446010e-01
-2.330278754234313965e-01 -3.904282152652740479e-01 -1.937687158584594727e+00 4.045788431294927018e-02 4.027030254675202925e-01 4.352364733174483580e-01 -8.042042459024436596e-01
-2.330278456211090088e-01 -3.904280960559844971e-01 -1.937687158584594727e+00 4.045797639107254901e-02 4.027024772696219390e-01 4.352358510768249422e-01 -8.042025997737185516e-01
-2.330278158187866211e-01 -3.904280066490173340e-01 -1.937687158584594727e+00 4.045806846898625936e-02 4.027015607650690221e-01 4.352348605300525586e-01 -8.042009536566518957e-01
-2.330278009176254272e-01 -3.904279470443725586e-01 -1.937687158584594727e+00 4.045788431294927018e-02 4.027033937804325170e-01 4.352372099432728070e-01 -8.042046142153559396e-01
-2.330277562141418457e-01 -3.904278278350830078e-01 -1.937687158584594727e+00 4.045779223461642982e-02 4.027046786112513099e-01 4.352382005044099222e-01 -8.042066286703282163e-01
-2.330277264118194580e-01 -3.904277384281158447e-01 -1.937687158584594727e+00 4.045788431294927018e-02 4.027037620933447415e-01 4.352372099432728070e-01 -8.042049825282681086e-01
-2.330277115106582642e-01 -3.904276788234710693e-01 -1.937687158584594727e+00 4.045779223461642982e-02 4.027046786112513099e-01 4.352382005044099222e-01 -8.042071811409540194e-01
-2.330276817083358765e-01 -3.904275894165039062e-01 -1.937687158584594727e+00 4.045779223461642982e-02 4.027050469250017528e-01 4.352382005044099222e-01 -8.042073652978292131e-01
-2.330276519060134888e-01 -3.904275298118591309e-01 -1.937687158584594727e+00 4.045788431294927018e-02 4.027041304062569660e-01 4.352372099432728070e-01 -8.042055349976364731e-01
-2.330275923013687134e-01 -3.904273509979248047e-01 -1.937687277793884277e+00 4.045779223461642982e-02 4.027046786112513099e-01 4.352385688181604206e-01 -8.042077336115797115e-01
-2.330275624990463257e-01 -3.904272615909576416e-01 -1.937687277793884277e+00 4.045788431294927018e-02 4.027041304062569660e-01 4.352375782561850315e-01 -8.042060874670048376e-01
-2.330275326967239380e-01 -3.904271721839904785e-01 -1.937687277793884277e+00 4.045797639107254901e-02 4.027032138937698957e-01 4.352365877009728989e-01 -8.042044413340885267e-01
-2.330275028944015503e-01 -3.904270827770233154e-01 -1.937687277793884277e+00 4.045806846898625936e-02 4.027022973875405421e-01 4.352359654637598108e-01 -8.042027952128306678e-01
-2.330274879932403564e-01 -3.904270231723785400e-01 -1.937687277793884277e+00 4.045788431294927018e-02 4.027044987191691905e-01 4.352379465690972560e-01 -8.042064557799170066e-01
-2.330274581909179688e-01 -3.904269337654113770e-01 -1.937687277793884277e+00 4.045797639107254901e-02 4.027035822058439019e-01 4.352369560130469051e-01 -8.042049938021994526e-01
-2.330274283885955811e-01 -3.904268443584442139e-01 -1.937687277793884277e+00 4.045806846898625936e-02 4.027026656987762743e-01 4.352359654637598108e-01 -8.042033476796842661e-01
-2.330273985862731934e-01 -3.904267549514770508e-01 -1.937687277793884277e+00 4.045797639107254901e-02 4.027039505179178525e-01 4.352369560130469051e-01 -8.042053621142734032e-01
-2.330273687839508057e-01 -3.904266655445098877e-01 -1.937687277793884277e+00 4.045797639107254901e-02 4.027039505179178525e-01 4.352373243251208557e-01 -8.042053621142734032e-01
-2.330273389816284180e-01 -3.904266059398651123e-01 -1.937687277793884277e+00 4.045806846898625936e-02 4.027030340100120065e-01 4.352363337749955430e-01 -8.042037159909199984e-01
-2.330273091793060303e-01 -3.904264867305755615e-01 -1.937687277793884277e+00 4.045797639107254901e-02 4.027043188299918586e-01 4.352373243251208557e-01 -8.042057304263474649e-01
-2.330272644758224487e-01 -3.904263675212860107e-01 -1.937687277793884277e+00 4.045806846898625936e-02 4.027034023212477942e-01 4.352363337749955430e-01 -8.042042684577735967e-01
-2.330272346735000610e-01 -3.904262781143188477e-01 -1.937687277793884277e+00 4.045816054669042205e-02 4.027021175083636551e-01 4.352353432316332094e-01 -8.042026223448208722e-01
-2.330271303653717041e-01 -3.904259502887725830e-01 -1.937687277793884277e+00 4.045825262418502322e-02 4.027015693225321491e-01 4.352350893141525012e-01 -8.042015287078653207e-01
-2.330271005630493164e-01 -3.904258608818054199e-01 -1.937687277793884277e+00 4.045806846898625936e-02 4.027037706324835264e-01 4.352370703974670074e-01 -8.042051892358630383e-01
-2.330270707607269287e-01 -3.904257714748382568e-01 -1.937687277793884277e+00 4.045816054669042205e-02 4.027028541291586827e-01 4.352360798524282370e-01 -8.042035431208146568e-01
-2.330270409584045410e-01 -3.904257118701934814e-01 -1.937687397003173828e+00 4.045825262418502322e-02 4.027019376320914446e-01 4.352350893141525012e-01 -8.042018970174246162e-01
-2.330149710178375244e-01 -3.904408812522888184e-01 -1.937667965888977051e+00 4.046994476322130635e-02 4.027096778027089985e-01 4.352256980920320428e-01 -8.042101764566224054e-01
-2.330148816108703613e-01 -3.904407024383544922e-01 -1.937667965888977051e+00 4.047012886437820200e-02 4.027074776496264996e-01 4.352229818200555878e-01 -8.042057816510893575e-01
-2.330148369073867798e-01 -3.904406428337097168e-01 -1.937667965888977051e+00 4.046994476322130635e-02 4.027085731932552037e-01 4.352249616857294945e-01 -8.042090718471686106e-01
-2.330148071050643921e-01 -3.904405832290649414e-01 -1.937667965888977051e+00 4.046994476322130635e-02 4.027085731932552037e-01 4.352245934825781926e-01 -8.042087036440173087e-01
-2.330147624015808105e-01 -3.904404938220977783e-01 -1.937667965888977051e+00 4.046985271232880071e-02 4.027094891759212536e-01 4.352255834247100719e-01 -8.042103487586860222e-01
-2.330146878957748413e-01 -3.904403746128082275e-01 -1.937667965888977051e+00 4.046985271232880071e-02 4.027091209719324549e-01 4.352248470167325300e-01 -8.042097964527028520e-01
-2.330145686864852905e-01 -3.904401659965515137e-01 -1.937667846679687500e+00 4.046994476322130635e-02 4.027074685838013535e-01 4.352231206699730959e-01 -8.042070467298365610e-01
-2.330145239830017090e-01 -3.904400765895843506e-01 -1.937667846679687500e+00 4.046985271232880071e-02 4.027080163599661145e-01 4.352241106087549882e-01 -8.042083236367476573e-01
-2.330144792795181274e-01 -3.904400169849395752e-01 -1.937667846679687500e+00 4.046976066122692089e-02 4.027089323455325665e-01 4.352247323494656261e-01 -8.042099687584545187e-01
-2.330144494771957397e-01 -3.904399573802947998e-01 -1.937667846679687500e+00 4.046994476322130635e-02 4.027067321774988051e-01 4.352227524668218495e-01 -8.042059421203827663e-01
-2.330212295055389404e-01 -3.904495537281036377e-01 -1.937689423561096191e+00 4.047509927908282679e-02 4.027103026388912932e-01 4.352247590972391222e-01 -8.042058736962713894e-01
-2.330211997032165527e-01 -3.904494941234588623e-01 -1.937689423561096191e+00 4.047509927908282679e-02 4.027099344826308158e-01 4.352247590972391222e-01 -8.042055055400109120e-01
-2.330211699008941650e-01 -3.904494345188140869e-01 -1.937689423561096191e+00 4.047509927908282679e-02 4.027095663263702829e-01 4.352243909409785894e-01 -8.042051373837504347e-01
-2.330211251974105835e-01 -3.904493451118469238e-01 -1.937689542770385742e+00 4.047491520053399239e-02 4.027113978358917712e-01 4.352260021688906244e-01 -8.042084267236490058e-01
-2.330210804939270020e-01 -3.904492855072021484e-01 -1.937689542770385742e+00 4.047500723991305505e-02 4.027101139209097735e-01 4.352246443163308998e-01 -8.042062298122341080e-01
-2.330210506916046143e-01 -3.904491961002349854e-01 -1.937689542770385742e+00 4.047491520053399239e-02 4.027106615200220507e-01 4.352256340109557642e-01 -8.042076904077792854e-01
-2.330210059881210327e-01 -3.904491066932678223e-01 -1.937689542770385742e+00 4.047500723991305505e-02 4.027093776067144359e-01 4.352242761592332032e-01 -8.042053094194898666e-01
-2.330209612846374512e-01 -3.904490470886230469e-01 -1.937689542770385742e+00 4.047491520053399239e-02 4.027099252041523303e-01 4.352252658530209040e-01 -8.042069540919095649e-01
-2.330209314823150635e-01 -3.904489874839782715e-01 -1.937689542770385742e+00 4.047491520053399239e-02 4.027099252041523303e-01 4.352248976950860437e-01 -8.042065859339747602e-01
-2.330208718776702881e-01 -3.904488682746887207e-01 -1.937689542770385742e+00 4.047491520053399239e-02 4.027095570462174701e-01 4.352245295371511835e-01 -8.042060336970724421e-01
-2.330208271741867065e-01 -3.904487788677215576e-01 -1.937689542770385742e+00 4.047482316094562493e-02 4.027104728061632333e-01 4.352251510772441878e-01 -8.042073102202658141e-01
-2.330207824707031250e-01 -3.904487192630767822e-01 -1.937689542770385742e+00 4.047482316094562493e-02 4.027097364886191300e-01 4.352247829184721639e-01 -8.042069420614937902e-01
-2.330207526683807373e-01 -3.904486596584320068e-01 -1.937689542770385742e+00 4.047482316094562493e-02 4.027097364886191300e-01 4.352244147597000845e-01 -8.042065739027217663e-01
-2.330207079648971558e-01 -3.904485702514648438e-01 -1.937689542770385742e+00 4.047482316094562493e-02 4.027093683298471061e-01 4.352240466009280606e-01 -8.042062057439496314e-01
-2.330206781625747681e-01 -3.904485106468200684e-01 -1.937689661979675293e+00 4.047482316094562493e-02 4.027093683298471061e-01 4.352240466009280606e-01 -8.042060216645636750e-01
-2.330206185579299927e-01 -3.904484212398529053e-01 -1.937689661979675293e+00 4.047482316094562493e-02 4.027090001710750267e-01 4.352236784421559812e-01 -8.042054694264055836e-01
-2.330205738544464111e-01 -3.904483318328857422e-01 -1.937689661979675293e+00 4.047473112114796656e-02 4.027091796147007630e-01 4.352246681435867348e-01 -8.042067459553771114e-01
-2.330205440521240234e-01 -3.904482722282409668e-01 -1.937689661979675293e+00 4.047473112114796656e-02 4.027091796147007630e-01 4.352242999839774917e-01 -8.042065618755724898e-01
-2.330204993486404419e-01 -3.904482126235961914e-01 -1.937689661979675293e+00 4.047473112114796656e-02 4.027088114550915199e-01 4.352239318243682487e-01 -8.042061937159632468e-01
-2.330204546451568604e-01 -3.904481232166290283e-01 -1.937689661979675293e+00 4.047473112114796656e-02 4.027088114550915199e-01 4.352235636647590056e-01 -8.042056414765493821e-01
-2.330204248428344727e-01 -3.904480338096618652e-01 -1.937689661979675293e+00 4.047473112114796656e-02 4.027084432954822768e-01 4.352235636647590056e-01 -8.042052733169401391e-01
-2.330203801393508911e-01 -3.904479742050170898e-01 -1.937689661979675293e+00 4.047454704092474237e-02 4.027099066719317388e-01 4.352251749215692023e-01 -8.042087468012879548e-01
-2.330203205347061157e-01 -3.904478549957275391e-01 -1.937689661979675293e+00 4.047463908114100339e-02 4.027086227403322560e-01 4.352238170495371095e-01 -8.042061816920809125e-01
-2.330202758312225342e-01 -3.904477655887603760e-01 -1.937689661979675293e+00 4.047454704092474237e-02 4.027091703493644315e-01 4.352244385990018949e-01 -8.042074582367951807e-01
-2.330202311277389526e-01 -3.904477059841156006e-01 -1.937689661979675293e+00 4.047463908114100339e-02 4.027082545798857938e-01 4.352230807286442404e-01 -8.042052612909647014e-01
-2.330202013254165649e-01 -3.904476463794708252e-01 -1.937689781188964844e+00 4.047454704092474237e-02 4.027088021880808055e-01 4.352237022764345875e-01 -8.042067219142279288e-01
-2.330201715230941772e-01 -3.904475867748260498e-01 -1.937689781188964844e+00 4.047436295986430593e-02 4.027102655811481413e-01 4.352260498761220675e-01 -8.042101954375968642e-01
-2.330201268196105957e-01 -3.904474973678588867e-01 -1.937689781188964844e+00 4.047445500049917655e-02 4.027089816387279808e-01 4.352243238293024286e-01 -8.042079984672324544e-01
-2.330200970172882080e-01 -3.904474377632141113e-01 -1.937689781188964844e+00 4.047454704092474237e-02 4.027080658655134981e-01 4.352229659538672801e-01 -8.042059855916605660e-01
-2.330200672149658203e-01 -3.904473781585693359e-01 -1.937689781188964844e+00 4.047445500049917655e-02 4.027089816387279808e-01 4.352243238293024286e-01 -8.042074462240511590e-01
-2.330200225114822388e-01 -3.904473185539245605e-01 -1.937689781188964844e+00 4.047436295986430593e-02 4.027095292552319572e-01 4.352245772242897548e-01 -8.042089068672435559e-01
-2.330199927091598511e-01 -3.904472589492797852e-01 -1.937689781188964844e+00 4.047436295986430593e-02 4.027095292552319572e-01 4.352249453872478191e-01 -8.042085387042854361e-01
-2.330199331045150757e-01 -3.904471397399902344e-01 -1.937689781188964844e+00 4.047445500049917655e-02 4.027078771523653900e-01 4.352228511808189371e-01 -8.042061576566280623e-01
-2.330198734998703003e-01 -3.904470503330230713e-01 -1.937689781188964844e+00 4.047445500049917655e-02 4.027075089902445448e-01 4.352228511808189371e-01 -8.042056054134467669e-01
-2.330197989940643311e-01 -3.904469013214111328e-01 -1.937689781188964844e+00 4.047436295986430593e-02 4.027080566033995890e-01 4.352234727354155064e-01 -8.042065138080159992e-01
-2.330197542905807495e-01 -3.904468417167663574e-01 -1.937689781188964844e+00 4.047436295986430593e-02 4.027076884404415247e-01 4.352231045724573866e-01 -8.042063297265369393e-01
-2.330196946859359741e-01 -3.904467225074768066e-01 -1.937689900398254395e+00 4.047408683670386531e-02 4.027100676357736053e-01 4.352257055951404552e-01 -8.042110798688143491e-01
-2.330196350812911987e-01 -3.904462456703186035e-01 -1.937690019607543945e+00 4.047555947179230784e-02 4.027075647264131142e-01 4.352257011797816544e-01 -8.042051976593519447e-01
-2.330196052789688110e-01 -3.904461860656738281e-01 -1.937690019607543945e+00 4.047555947179230784e-02 4.027075647264131142e-01 4.352257011797816544e-01 -8.042050135833146429e-01
-2.330195754766464233e-01 -3.904461264610290527e-01 -1.937690019607543945e+00 4.047555947179230784e-02 4.027071965743384552e-01 4.352253330277069954e-01 -8.042050135833146429e-01
-2.330195307731628418e-01 -3.904460370540618896e-01 -1.937690019607543945e+00 4.047546743366899069e-02 4.027081122997634988e-01 4.352266908498039211e-01 -8.042066582076720094e-01
-2.330194860696792603e-01 -3.904459476470947266e-01 -1.937690019607543945e+00 4.047555947179230784e-02 4.027071965743384552e-01 4.352257011797816544e-01 -8.042050135833146429e-01
-2.330194562673568726e-01 -3.904458880424499512e-01 -1.937690019607543945e+00 4.047537539533638262e-02 4.027090280314354342e-01 4.352273123728285786e-01 -8.042084869205416986e-01
-2.330194264650344849e-01 -3.904458284378051758e-01 -1.937690019607543945e+00 4.047537539533638262e-02 4.027086598776864479e-01 4.352273123728285786e-01 -8.042084869205416986e-01
