repeatability steamvr; 20211015-225137; x y z w i j k;  frequency = 150 duration = 2 sys.args = ['.\\repeatability.py']
-2.329985350370407104e-01 -3.905078768730163574e-01 -1.937986969947814941e+00 4.046902424487418271e-02 4.026625015722141709e-01 4.353810413954377068e-01 -8.041494878460236917e-01
-2.329979091882705688e-01 -3.905074596405029297e-01 -1.937987327575683594e+00 4.046902424487418271e-02 4.026613969376346414e-01 4.353792003378051390e-01 -8.041463580480483486e-01
-2.329976558685302734e-01 -3.905073106288909912e-01 -1.937987565994262695e+00 4.046893219188785890e-02 4.026619446422977089e-01 4.353790860395581608e-01 -8.041470825690211210e-01
-2.329974025487899780e-01 -3.905071616172790527e-01 -1.937987685203552246e+00 4.046902424487418271e-02 4.026602923030550563e-01 4.353777274916990625e-01 -8.041439646731259883e-01
-2.329972088336944580e-01 -3.905070126056671143e-01 -1.937987804412841797e+00 4.046865603167254521e-02 4.026635877837377864e-01 4.353813206593509233e-01 -8.041501767138725665e-01
-2.329970151185989380e-01 -3.905068933963775635e-01 -1.937987923622131348e+00 4.046874808528704015e-02 4.026623036372708464e-01 4.353795938763407314e-01 -8.041476110982391790e-01
-2.329968214035034180e-01 -3.905067741870880127e-01 -1.937988042831420898e+00 4.046865603167254521e-02 4.026628513539842191e-01 4.353802160147206002e-01 -8.041485197469270263e-01
-2.329965978860855103e-01 -3.905066251754760742e-01 -1.937988162040710449e+00 4.046874808528704015e-02 4.026615672091924392e-01 4.353784892342231205e-01 -8.041455859210235868e-01
-2.329964041709899902e-01 -3.905065059661865234e-01 -1.937988400459289551e+00 4.046865603167254521e-02 4.026621149242307074e-01 4.353787431552135212e-01 -8.041463104576663801e-01
-2.329961955547332764e-01 -3.905063867568969727e-01 -1.937988519668579102e+00 4.046856397784865528e-02 4.026626626438442047e-01 4.353789970796118625e-01 -8.041472191096235012e-01
-2.329959720373153687e-01 -3.905062377452850342e-01 -1.937988638877868652e+00 4.046837986957269040e-02 4.026637580967971086e-01 4.353806095908011042e-01 -8.041497728732009964e-01
-2.329957783222198486e-01 -3.905061185359954834e-01 -1.937988758087158203e+00 4.046847192381537034e-02 4.026624739349290993e-01 4.353788827908662840e-01 -8.041468390119436149e-01
-2.329955995082855225e-01 -3.905059993267059326e-01 -1.937988877296447754e+00 4.046837986957269040e-02 4.026630216620180613e-01 4.353795049386325333e-01 -8.041479317862534337e-01
-2.329953461885452271e-01 -3.905058503150939941e-01 -1.937988996505737305e+00 4.046828781512060852e-02 4.026632011754552876e-01 4.353797588732549739e-01 -8.041484722423550835e-01
-2.329951375722885132e-01 -3.905057013034820557e-01 -1.937989234924316406e+00 4.046828781512060852e-02 4.026628329572281562e-01 4.353793906550278425e-01 -8.041475516967873105e-01
-2.329949587583541870e-01 -3.905055820941925049e-01 -1.937989354133605957e+00 4.046819576045912470e-02 4.026637489108574885e-01 4.353796445922208380e-01 -8.041484603764795791e-01
-2.329947948455810547e-01 -3.905054926872253418e-01 -1.937989354133605957e+00 4.046810370558824588e-02 4.026639284309328493e-01 4.353798985328218851e-01 -8.041495531744179415e-01
-2.329946011304855347e-01 -3.905053734779357910e-01 -1.937989592552185059e+00 4.046819576045912470e-02 4.026626442536633266e-01 4.353789081540914152e-01 -8.041468033906883361e-01
-2.329944074153900146e-01 -3.905052542686462402e-01 -1.937989711761474609e+00 4.046810370558824588e-02 4.026631919911282109e-01 4.353787938731148999e-01 -8.041475279649551444e-01
-2.329942584037780762e-01 -3.905051648616790771e-01 -1.937989711761474609e+00 4.046801165050796512e-02 4.026641079539085011e-01 4.353794160353512410e-01 -8.041488048777893916e-01
-2.329939603805541992e-01 -3.905049562454223633e-01 -1.937989950180053711e+00 4.046810370558824588e-02 4.026624555513235171e-01 4.353776892134079146e-01 -8.041453186455411739e-01
-2.329937815666198730e-01 -3.905048370361328125e-01 -1.937990069389343262e+00 4.046801165050796512e-02 4.026630032916886925e-01 4.353783113731314325e-01 -8.041462273326098753e-01
-2.329936027526855469e-01 -3.905047476291656494e-01 -1.937990188598632812e+00 4.046791959521827547e-02 4.026631828150518677e-01 4.353789335379384395e-01 -8.041473201387625558e-01
-2.329933941364288330e-01 -3.905045986175537109e-01 -1.937990307807922363e+00 4.046791959521827547e-02 4.026628145934743053e-01 4.353781970947833146e-01 -8.041463995848187052e-01
-2.329931855201721191e-01 -3.905044794082641602e-01 -1.937990427017211914e+00 4.046782753971918389e-02 4.026633623413154450e-01 4.353784510405833141e-01 -8.041471241755950849e-01
-2.329930067062377930e-01 -3.905043601989746094e-01 -1.937990546226501465e+00 4.046773548401068343e-02 4.026642783169850359e-01 4.353790732130444763e-01 -8.041480328854556658e-01
-2.329928278923034668e-01 -3.905042409896850586e-01 -1.937990665435791016e+00 4.046764342809277409e-02 4.026648260748151853e-01 4.353793271664987419e-01 -8.041491257156569983e-01
-2.329926192760467529e-01 -3.905041217803955078e-01 -1.937990903854370117e+00 4.046773548401068343e-02 4.026631736472265910e-01 4.353779685432860314e-01 -8.041461917691915540e-01
-2.329924106597900391e-01 -3.905039727687835693e-01 -1.937991023063659668e+00 4.046764342809277409e-02 4.026637214025438616e-01 4.353782224942274182e-01 -8.041469163711142398e-01
-2.329922020435333252e-01 -3.905038535594940186e-01 -1.937991142272949219e+00 4.046773548401068343e-02 4.026624372007209796e-01 4.353764956502747530e-01 -8.041441665413010531e-01
-2.329918593168258667e-01 -3.905036151409149170e-01 -1.937991380691528320e+00 4.046755137196546281e-02 4.026631644876525473e-01 4.353777399987208696e-01 -8.041461680807824308e-01
-2.329916656017303467e-01 -3.905034959316253662e-01 -1.937991499900817871e+00 4.046736725908259280e-02 4.026649964693469474e-01 4.353789843675017202e-01 -8.041487219950267384e-01
-2.329914718866348267e-01 -3.905033767223358154e-01 -1.937991619110107422e+00 4.046727520232704101e-02 4.026655442421298581e-01 4.353796065595177955e-01 -8.041496307396643894e-01
-2.329913228750228882e-01 -3.905032873153686523e-01 -1.937991738319396973e+00 4.046736725908259280e-02 4.026642600161401409e-01 4.353782479142949691e-01 -8.041470649753114097e-01
-2.329911589622497559e-01 -3.905031681060791016e-01 -1.937991857528686523e+00 4.046727520232704101e-02 4.026648077872477804e-01 4.353788701046357179e-01 -8.041479737161797425e-01
-2.329909950494766235e-01 -3.905030786991119385e-01 -1.937991976737976074e+00 4.046736725908259280e-02 4.026635235629333898e-01 4.353771432344847869e-01 -8.041455920688979075e-01
-2.329908311367034912e-01 -3.905029594898223877e-01 -1.937991976737976074e+00 4.046736725908259280e-02 4.026631553363300142e-01 4.353767750078814114e-01 -8.041446715023894409e-01
-2.329906672239303589e-01 -3.905028700828552246e-01 -1.937992095947265625e+00 4.046727520232704101e-02 4.026637031049246640e-01 4.353770289674304683e-01 -8.041457643515333986e-01
-2.329905182123184204e-01 -3.905027806758880615e-01 -1.937992215156555176e+00 4.046718314536206645e-02 4.026642508780953200e-01 4.353776511586668341e-01 -8.041466730956717823e-01
-2.329903542995452881e-01 -3.905026614665985107e-01 -1.937992334365844727e+00 4.046709108818768302e-02 4.026651668849582921e-01 4.353782733549869666e-01 -8.041477659626641294e-01
-2.329902052879333496e-01 -3.905025720596313477e-01 -1.937992453575134277e+00 4.046718314536206645e-02 4.026635144215379158e-01 4.353769147021093744e-01 -8.041453842966963528e-01
-2.329900413751602173e-01 -3.905024826526641846e-01 -1.937992572784423828e+00 4.046709108818768302e-02 4.026644304267255059e-01 4.353771686676378150e-01 -8.041462930461986680e-01
-2.329898923635482788e-01 -3.905023932456970215e-01 -1.937992691993713379e+00 4.046718314536206645e-02 4.026631461932591582e-01 4.353758100172732681e-01 -8.041437272694420546e-01
-2.329894751310348511e-01 -3.905021250247955322e-01 -1.937992930412292480e+00 4.046681491540801007e-02 4.026657055532794627e-01 4.353786670479335985e-01 -8.041490193444825740e-01
-2.329893112182617188e-01 -3.905020058155059814e-01 -1.937993049621582031e+00 4.046690697321065483e-02 4.026647895326881388e-01 4.353773083781287134e-01 -8.041464535315289153e-01
-2.329891771078109741e-01 -3.905019164085388184e-01 -1.937993168830871582e+00 4.046681491540801007e-02 4.026649690900205858e-01 4.353779305846747216e-01 -8.041475464179649313e-01
-2.329890429973602295e-01 -3.905018270015716553e-01 -1.937993168830871582e+00 4.046672285739594255e-02 4.026658851151880825e-01 4.353785527963048296e-01 -8.041486393135348631e-01
-2.329888939857482910e-01 -3.905017375946044922e-01 -1.937993288040161133e+00 4.046681491540801007e-02 4.026649690900205858e-01 4.353768258897864896e-01 -8.041462576072618829e-01
-2.329887747764587402e-01 -3.905016779899597168e-01 -1.937993407249450684e+00 4.046681491540801007e-02 4.026642326267617644e-01 4.353768258897864896e-01 -8.041457052598177668e-01
-2.329887002706527710e-01 -3.905018866062164307e-01 -1.937995672225952148e+00 4.049552679672321909e-02 4.026712747747372978e-01 4.353676658029845270e-01 -8.041457253415497108e-01
-2.329885810613632202e-01 -3.905017971992492676e-01 -1.937995791435241699e+00 4.049534281103117639e-02 4.026731042629700386e-01 4.353696438433152238e-01 -8.041491948942791623e-01
-2.329884320497512817e-01 -3.905017077922821045e-01 -1.937995910644531250e+00 4.049561878925577590e-02 4.026703600399718641e-01 4.353663088232171408e-01 -8.041435306210917844e-01
-2.329882830381393433e-01 -3.905016183853149414e-01 -1.937996029853820801e+00 4.049534281103117639e-02 4.026727362907500662e-01 4.353692758710952515e-01 -8.041488269220591345e-01
-2.329881489276885986e-01 -3.905015289783477783e-01 -1.937996149063110352e+00 4.049543480398169054e-02 4.026718215443525484e-01 4.353686548197797102e-01 -8.041466321762843483e-01
-2.329880148172378540e-01 -3.905014395713806152e-01 -1.937996268272399902e+00 4.049525081787169051e-02 4.026732830703256827e-01 4.353706328735909570e-01 -8.041501017493155601e-01
-2.329878509044647217e-01 -3.905013501644134521e-01 -1.937996387481689453e+00 4.049543480398169054e-02 4.026714535729684630e-01 4.353686548197797102e-01 -8.041462642049003184e-01
-2.329875975847244263e-01 -3.905012011528015137e-01 -1.937996506690979004e+00 4.049534281103117639e-02 4.026723683185300384e-01 4.353692758710952515e-01 -8.041479069915091760e-01
-2.329874038696289062e-01 -3.905010819435119629e-01 -1.937996625900268555e+00 4.049543480398169054e-02 4.026714535729684630e-01 4.353682868483956248e-01 -8.041455282621321476e-01
-2.329872548580169678e-01 -3.905009627342224121e-01 -1.937996745109558105e+00 4.049543480398169054e-02 4.026714535729684630e-01 4.353679188770115394e-01 -8.041453442764401327e-01
-2.330044806003570557e-01 -3.905283510684967041e-01 -1.938055872917175293e+00 4.049902236606226641e-02 4.026729451754635369e-01 4.353565797512329860e-01 -8.041499053213924109e-01
-2.330042570829391479e-01 -3.905282318592071533e-01 -1.938056111335754395e+00 4.049893038126086559e-02 4.026738597623561455e-01 4.353572006325031052e-01 -8.041513638391257768e-01
-2.330041229724884033e-01 -3.905281722545623779e-01 -1.938056230545043945e+00 4.049893038126086559e-02 4.026734918227327098e-01 4.353572006325031052e-01 -8.041511798693140589e-01
-2.330039739608764648e-01 -3.905280828475952148e-01 -1.938056468963623047e+00 4.049883839625054854e-02 4.026744064150214464e-01 4.353581894592986057e-01 -8.041528223676328579e-01
-2.330038398504257202e-01 -3.905280232429504395e-01 -1.938056588172912598e+00 4.049883839625054854e-02 4.026744064150214464e-01 4.353581894592986057e-01 -8.041524544271737573e-01
-2.330037057399749756e-01 -3.905279338359832764e-01 -1.938056707382202148e+00 4.049902236606226641e-02 4.026725772366758216e-01 4.353558438736575553e-01 -8.041486175356352684e-01
-2.330035716295242310e-01 -3.905278742313385010e-01 -1.938056945800781250e+00 4.049883839625054854e-02 4.026744064150214464e-01 4.353578215188394496e-01 -8.041520864867145457e-01
-2.330033779144287109e-01 -3.905277848243713379e-01 -1.938057065010070801e+00 4.049883839625054854e-02 4.026744064150214464e-01 4.353578215188394496e-01 -8.041517185462554451e-01
-2.330032587051391602e-01 -3.905276954174041748e-01 -1.938057303428649902e+00 4.049883839625054854e-02 4.026744064150214464e-01 4.353578215188394496e-01 -8.041515345760258393e-01
-2.330031245946884155e-01 -3.905276358127593994e-01 -1.938057422637939453e+00 4.049883839625054854e-02 4.026744064150214464e-01 4.353578215188394496e-01 -8.041513506057963445e-01
-2.330029904842376709e-01 -3.905275762081146240e-01 -1.938057541847229004e+00 4.049883839625054854e-02 4.026744064150214464e-01 4.353578215188394496e-01 -8.041511666355667387e-01
-2.330027520656585693e-01 -3.905274271965026855e-01 -1.938057780265808105e+00 4.049893038126086559e-02 4.026734918227327098e-01 4.353564647532562337e-01 -8.041489722315734445e-01
-2.330025881528854370e-01 -3.905273377895355225e-01 -1.938058018684387207e+00 4.049893038126086559e-02 4.026734918227327098e-01 4.353560968136327980e-01 -8.041486042919500088e-01
-2.330024242401123047e-01 -3.905272483825683594e-01 -1.938058137893676758e+00 4.049865442560313111e-02 4.026762356182949087e-01 4.353590633067113691e-01 -8.041537157752512988e-01
-2.330022901296615601e-01 -3.905271887779235840e-01 -1.938058257102966309e+00 4.049893038126086559e-02 4.026731238831092741e-01 4.353560968136327980e-01 -8.041482363523265731e-01
-2.330021560192108154e-01 -3.905271291732788086e-01 -1.938058495521545410e+00 4.049865442560313111e-02 4.026758676761643674e-01 4.353590633067113691e-01 -8.041533478331207574e-01
-2.330020070075988770e-01 -3.905270397663116455e-01 -1.938058614730834961e+00 4.049883839625054854e-02 4.026740384745622903e-01 4.353570856379211929e-01 -8.041495109035006195e-01
-2.330018877983093262e-01 -3.905269801616668701e-01 -1.938058733940124512e+00 4.049883839625054854e-02 4.026740384745622903e-01 4.353567176974620367e-01 -8.041493269332711247e-01
-2.330017238855361938e-01 -3.905268907546997070e-01 -1.938058972358703613e+00 4.049874641103130141e-02 4.026749530722473214e-01 4.353577065276525437e-01 -8.041507854646130493e-01
-2.330014705657958984e-01 -3.905267715454101562e-01 -1.938059210777282715e+00 4.049865442560313111e-02 4.026758676761643674e-01 4.353586953645808277e-01 -8.041522440067290223e-01
-2.330011427402496338e-01 -3.905265927314758301e-01 -1.938059568405151367e+00 4.049883839625054854e-02 4.026740384745622903e-01 4.353563497570029361e-01 -8.041482231118937118e-01
-2.330009639263153076e-01 -3.905265033245086670e-01 -1.938059806823730469e+00 4.049865442560313111e-02 4.026758676761643674e-01 4.353583274224502864e-01 -8.041515081224679395e-01
-2.329999953508377075e-01 -3.905259668827056885e-01 -1.938060879707336426e+00 4.049865442560313111e-02 4.026751317919032847e-01 4.353575915381892036e-01 -8.041498523828805034e-01
-2.329979091882705688e-01 -3.905243575572967529e-01 -1.938063025474548340e+00 4.050242565685292090e-02 4.026792117987595954e-01 4.353527419146159261e-01 -8.041502141491471134e-01
-2.329977303743362427e-01 -3.905242681503295898e-01 -1.938063263893127441e+00 4.050233367978073318e-02 4.026804941548958183e-01 4.353540984693319849e-01 -8.041527761176872069e-01
-2.329975962638854980e-01 -3.905241787433624268e-01 -1.938063383102416992e+00 4.050242565685292090e-02 4.026799476145015988e-01 4.353538456382289312e-01 -8.041515018266957027e-01
-2.329974621534347534e-01 -3.905240893363952637e-01 -1.938063502311706543e+00 4.050242565685292090e-02 4.026803155223726005e-01 4.353538456382289312e-01 -8.041524215963731237e-01
-2.329973131418228149e-01 -3.905240297317504883e-01 -1.938063621520996094e+00 4.050251763371623404e-02 4.026801368927373503e-01 4.353532249034838264e-01 -8.041511473132275656e-01
-2.329971194267272949e-01 -3.905239105224609375e-01 -1.938063859939575195e+00 4.050251763371623404e-02 4.026808727068084126e-01 4.353535928105193853e-01 -8.041520670808164351e-01
-2.329969853162765503e-01 -3.905238211154937744e-01 -1.938063979148864746e+00 4.050270158681626431e-02 4.026794117367657466e-01 4.353519834491864637e-01 -8.041489666821041160e-01
-2.329968512058258057e-01 -3.905237317085266113e-01 -1.938064217567443848e+00 4.050260961037067953e-02 4.026806940783900779e-01 4.353533399862031250e-01 -8.041517125710166969e-01
-2.329966574907302856e-01 -3.905236423015594482e-01 -1.938064336776733398e+00 4.050288553908082401e-02 4.026786865956873407e-01 4.353511099188395739e-01 -8.041471539910693966e-01
-2.329965233802795410e-01 -3.905235528945922852e-01 -1.938064575195312500e+00 4.050279356305297451e-02 4.026799689256877479e-01 4.353520985386923337e-01 -8.041495319505717054e-01
-2.329963594675064087e-01 -3.905234634876251221e-01 -1.938064694404602051e+00 4.050270158681626431e-02 4.026812512635886687e-01 4.353534550706447681e-01 -8.041522778303853425e-01
-2.329962402582168579e-01 -3.905234038829803467e-01 -1.938064813613891602e+00 4.050270158681626431e-02 4.026816191689532864e-01 4.353541908813739481e-01 -8.041528296884322691e-01
-2.329961061477661133e-01 -3.905233144760131836e-01 -1.938064932823181152e+00 4.050279356305297451e-02 4.026814405438042255e-01 4.353532022522797473e-01 -8.041515554254818898e-01
-2.329959720373153687e-01 -3.905232250690460205e-01 -1.938065171241760254e+00 4.050297751489980586e-02 4.026799795935949167e-01 4.353515929171546395e-01 -8.041486390265252249e-01
-2.329958379268646240e-01 -3.905231654644012451e-01 -1.938065290451049805e+00 4.050306949050992700e-02 4.026794330775927411e-01 4.353509722094527912e-01 -8.041475487452238724e-01
-2.329957187175750732e-01 -3.905230760574340820e-01 -1.938065409660339355e+00 4.050306949050992700e-02 4.026794330775927411e-01 4.353513401114755821e-01 -8.041481005982579200e-01
-2.329955846071243286e-01 -3.905230164527893066e-01 -1.938065528869628906e+00 4.050297751489980586e-02 4.026810833021695624e-01 4.353526966257292852e-01 -8.041504785408163380e-01
-2.329954504966735840e-01 -3.905229270458221436e-01 -1.938065648078918457e+00 4.050316146591118743e-02 4.026796223685238374e-01 4.353510873091895883e-01 -8.041475621765827864e-01
-2.329953163862228394e-01 -3.905228674411773682e-01 -1.938065886497497559e+00 4.050306949050992700e-02 4.026809046856838492e-01 4.353520759155211084e-01 -8.041499401083718190e-01
-2.329950034618377686e-01 -3.905226886272430420e-01 -1.938066124916076660e+00 4.050306949050992700e-02 4.026820083917521109e-01 4.353528117195666347e-01 -8.041515956674742949e-01
-2.329947948455810547e-01 -3.905225396156311035e-01 -1.938066363334655762e+00 4.050325344110359410e-02 4.026809153617272874e-01 4.353515703110003576e-01 -8.041488632632589617e-01
-2.329946607351303101e-01 -3.905224800109863281e-01 -1.938066482543945312e+00 4.050325344110359410e-02 4.026809153617272874e-01 4.353519382113522629e-01 -8.041495990639627722e-01
-2.329944223165512085e-01 -3.905223309993743896e-01 -1.938066840171813965e+00 4.050316146591118743e-02 4.026829334792098036e-01 4.353536626175008584e-01 -8.041525288426116802e-01
-2.329942733049392700e-01 -3.905222415924072266e-01 -1.938066959381103516e+00 4.050325344110359410e-02 4.026823869631348529e-01 4.353530419124079787e-01 -8.041514385657222430e-01
-2.329941391944885254e-01 -3.905221819877624512e-01 -1.938067078590393066e+00 4.050343739086182532e-02 4.026809260459796036e-01 4.353514326187328809e-01 -8.041483382925354029e-01
-2.329939901828765869e-01 -3.905220925807952881e-01 -1.938067317008972168e+00 4.050334541608714006e-02 4.026822083511349404e-01 4.353527891118954551e-01 -8.041510840969638974e-01
-2.329937666654586792e-01 -3.905219733715057373e-01 -1.938067555427551270e+00 4.050334541608714006e-02 4.026829441501679208e-01 4.353531570114119176e-01 -8.041520038457551367e-01
-2.329933494329452515e-01 -3.905217349529266357e-01 -1.938067913055419922e+00 4.050352936542765681e-02 4.026825869314892836e-01 4.353519156232039111e-01 -8.041505591256397079e-01
-2.329927831888198853e-01 -3.905214071273803711e-01 -1.938068509101867676e+00 4.050362133978464146e-02 4.026835120175119576e-01 4.353527665247363676e-01 -8.041514923132685455e-01
-2.329925596714019775e-01 -3.905212581157684326e-01 -1.938068866729736328e+00 4.050371331393276542e-02 4.026833334128853137e-01 4.353521458399501332e-01 -8.041505860199319455e-01
-2.329923808574676514e-01 -3.905211687088012695e-01 -1.938068985939025879e+00 4.050380528787204948e-02 4.026831548111460823e-01 4.353515251602274039e-01 -8.041498636825272772e-01
-2.329921722412109375e-01 -3.905210494995117188e-01 -1.938069224357604980e+00 4.050380528787204948e-02 4.026838906018248565e-01 4.353522609509062335e-01 -8.041507834208757588e-01
-2.329920083284378052e-01 -3.905209302902221680e-01 -1.938069462776184082e+00 4.050389726160247283e-02 4.026833441067984021e-01 4.353516402745764569e-01 -8.041496931943057369e-01
-2.329918295145034790e-01 -3.905208408832550049e-01 -1.938069581985473633e+00 4.050398923512405630e-02 4.026831655099987195e-01 4.353510196033101298e-01 -8.041487869236674246e-01
-2.329916805028915405e-01 -3.905207514762878418e-01 -1.938069701194763184e+00 4.050389726160247283e-02 4.026844477903104846e-01 4.353523760635845119e-01 -8.041513487195738330e-01
-2.329915016889572144e-01 -3.905206620693206787e-01 -1.938069939613342285e+00 4.050398923512405630e-02 4.026839012973359444e-01 4.353517553906474102e-01 -8.041504424451761945e-01
-2.329913377761840820e-01 -3.905205428600311279e-01 -1.938070178031921387e+00 4.050417318154068275e-02 4.026828083250614809e-01 4.353501461679658568e-01 -8.041475262451738271e-01
-2.329909354448318481e-01 -3.905203342437744141e-01 -1.938070535659790039e+00 4.050426515443572573e-02 4.026829976280863477e-01 4.353502612933795035e-01 -8.041477236715560695e-01
-2.329904288053512573e-01 -3.905200362205505371e-01 -1.938071131706237793e+00 4.050426515443572573e-02 4.026848370838988500e-01 4.353517328580294721e-01 -8.041501149641123725e-01
-2.330206185579299927e-01 -3.905472755432128906e-01 -1.937988400459289551e+00 4.051051882142991251e-02 4.026767456995184458e-01 4.353786925844107536e-01 -8.041368792182375103e-01
-2.330204844474792480e-01 -3.905472159385681152e-01 -1.937988519668579102e+00 4.051070273819772777e-02 4.026749175652097890e-01 4.353774516501358605e-01 -8.041337802220357434e-01
-2.330203801393508911e-01 -3.905471861362457275e-01 -1.937988638877868652e+00 4.051042686273288729e-02 4.026783954464211446e-01 4.353804165647555680e-01 -8.041398081151268640e-01
-2.330202311277389526e-01 -3.905471265316009521e-01 -1.937988758087158203e+00 4.051042686273288729e-02 4.026783954464211446e-01 4.353807843999611404e-01 -8.041401759503324920e-01
-2.330200523138046265e-01 -3.905470371246337891e-01 -1.937988877296447754e+00 4.051070273819772777e-02 4.026760210633117398e-01 4.353785551482378668e-01 -8.041354354691887529e-01
-2.330219298601150513e-01 -3.905414938926696777e-01 -1.937987446784973145e+00 4.050711621060355122e-02 4.026682661701175836e-01 4.353865710440417702e-01 -8.041380272944267382e-01
-2.330218106508255005e-01 -3.905414342880249023e-01 -1.937987565994262695e+00 4.050702424418194808e-02 4.026695482470337706e-01 4.353882952701147446e-01 -8.041402208610907154e-01
-2.330217212438583374e-01 -3.905414044857025146e-01 -1.937987685203552246e+00 4.050720817681635610e-02 4.026677198299657978e-01 4.353863182857768410e-01 -8.041369373351691108e-01
-2.330216318368911743e-01 -3.905413448810577393e-01 -1.937987804412841797e+00 4.050720817681635610e-02 4.026680876943994347e-01 4.353866861502104224e-01 -8.041374891318194829e-01
-2.330215275287628174e-01 -3.905413150787353516e-01 -1.937987923622131348e+00 4.050720817681635610e-02 4.026680876943994347e-01 4.353866861502104224e-01 -8.041378569962531753e-01
-2.330214232206344604e-01 -3.905412554740905762e-01 -1.937987923622131348e+00 4.050711621060355122e-02 4.026693697659240456e-01 4.353884103703858921e-01 -8.041398666207708601e-01
-2.330189794301986694e-01 -3.905400335788726807e-01 -1.937990427017211914e+00 4.050775996970851223e-02 4.026692240572305459e-01 4.353881125422193743e-01 -8.041366513807808314e-01
-2.330166697502136230e-01 -3.905387222766876221e-01 -1.937992572784423828e+00 4.050279356305297451e-02 4.026711392169888826e-01 4.353885210870752087e-01 -8.041368392443171143e-01
-2.330165207386016846e-01 -3.905386328697204590e-01 -1.937992691993713379e+00 4.050288553908082401e-02 4.026694890033457597e-01 4.353867965771249238e-01 -8.041337255062507294e-01
-2.330164164304733276e-01 -3.905385732650756836e-01 -1.937992811203002930e+00 4.050288553908082401e-02 4.026691210996520831e-01 4.353864286734312472e-01 -8.041329896988633763e-01
-2.330163121223449707e-01 -3.905385136604309082e-01 -1.937992930412292480e+00 4.050279356305297451e-02 4.026696675988724050e-01 4.353870494689587312e-01 -8.041340799603486911e-01
-2.330162078142166138e-01 -3.905384540557861328e-01 -1.937992930412292480e+00 4.050260961037067953e-02 4.026711285171887811e-01 4.353886589814079389e-01 -8.041368123699147441e-01
-2.330160886049270630e-01 -3.905383944511413574e-01 -1.937993049621582031e+00 4.050270158681626431e-02 4.026698461972866294e-01 4.353873023641863238e-01 -8.041342504675208502e-01
-2.330158799886703491e-01 -3.905383050441741943e-01 -1.937993288040161133e+00 4.050251763371623404e-02 4.026709392168492663e-01 4.353885439788940936e-01 -8.041362470782889016e-01
-2.330137193202972412e-01 -3.905371427536010742e-01 -1.937995433807373047e+00 4.050178181296125446e-02 4.026712644265371122e-01 4.353887277619706841e-01 -8.041343001981823280e-01
-2.330130040645599365e-01 -3.905367851257324219e-01 -1.937996149063110352e+00 4.050150587673165270e-02 4.026714324070101991e-01 4.353891186460933649e-01 -8.041344439693695056e-01
-2.330128401517868042e-01 -3.905366957187652588e-01 -1.937996268272399902e+00 4.050132191820082772e-02 4.026728934379374403e-01 4.353903603640876252e-01 -8.041366247067365247e-01
-2.330127507448196411e-01 -3.905366361141204834e-01 -1.937996387481689453e+00 4.050132191820082772e-02 4.026725255200402365e-01 4.353899924461904214e-01 -8.041358888709421171e-01
-2.330126613378524780e-01 -3.905366063117980957e-01 -1.937996387481689453e+00 4.050141389757068444e-02 4.026712431271222692e-01 4.353886357513727656e-01 -8.041335107896639967e-01
-2.330125719308853149e-01 -3.905365467071533203e-01 -1.937996506690979004e+00 4.050141389757068444e-02 4.026712431271222692e-01 4.353882678343111157e-01 -8.041327749555406967e-01
-2.330124825239181519e-01 -3.905365169048309326e-01 -1.937996625900268555e+00 4.050141389757068444e-02 4.026708752100606192e-01 4.353878999172494657e-01 -8.041320391214173968e-01
-2.330123931169509888e-01 -3.905364573001861572e-01 -1.937996745109558105e+00 4.050113795883444889e-02 4.026732507317392629e-01 4.353908662632073878e-01 -8.041369658826618139e-01
-2.330122888088226318e-01 -3.905363976955413818e-01 -1.937996745109558105e+00 4.050113795883444889e-02 4.026728828121709514e-01 4.353904983436390763e-01 -8.041362300435251909e-01
-2.330121845006942749e-01 -3.905363380908966064e-01 -1.937996864318847656e+00 4.050113795883444889e-02 4.026725148926026399e-01 4.353901304240707648e-01 -8.041353102446044954e-01
-2.330120801925659180e-01 -3.905362784862518311e-01 -1.937996983528137207e+00 4.050104597883792679e-02 4.026730614625686488e-01 4.353903833770513265e-01 -8.041364006372001549e-01
-2.330119907855987549e-01 -3.905362486839294434e-01 -1.937997102737426758e+00 4.050113795883444889e-02 4.026717790534660169e-01 4.353893945849341973e-01 -8.041338385663312494e-01
-2.330118864774703979e-01 -3.905361890792846680e-01 -1.937997221946716309e+00 4.050113795883444889e-02 4.026717790534660169e-01 4.353890266653658858e-01 -8.041331027271946263e-01
-2.330117970705032349e-01 -3.905361592769622803e-01 -1.937997221946716309e+00 4.050113795883444889e-02 4.026714111338977053e-01 4.353886587457975743e-01 -8.041325508478420758e-01
-2.330117076635360718e-01 -3.905360996723175049e-01 -1.937997341156005859e+00 4.050095399863251622e-02 4.026728721946152278e-01 4.353902684121869204e-01 -8.041350995508395050e-01
-2.330115586519241333e-01 -3.905360102653503418e-01 -1.937997460365295410e+00 4.050104597883792679e-02 4.026715897809531874e-01 4.353885437750319443e-01 -8.041323535127574695e-01
-2.330106198787689209e-01 -3.905354440212249756e-01 -1.937997817993164062e+00 4.049755058416818626e-02 4.026655021840396809e-01 4.353896954455975243e-01 -8.041381034668247940e-01
-2.330087423324584961e-01 -3.905344009399414062e-01 -1.937999486923217773e+00 4.049626273113240971e-02 4.026643250350199765e-01 4.353899269478700984e-01 -8.041381029975163131e-01
-2.330084443092346191e-01 -3.905342519283294678e-01 -1.937999725341796875e+00 4.049607874878393549e-02 4.026643145975204452e-01 4.353900651897805729e-01 -8.041377087480744423e-01
-2.330082952976226807e-01 -3.905341625213623047e-01 -1.937999844551086426e+00 4.049598675729624425e-02 4.026641253986675273e-01 4.353899503313926056e-01 -8.041376956114187902e-01
-2.330081760883331299e-01 -3.905341029167175293e-01 -1.937999963760375977e+00 4.049580277369396047e-02 4.026652188767783636e-01 4.353911924919531273e-01 -8.041396931745996568e-01
-2.330080419778823853e-01 -3.905340135097503662e-01 -1.938000082969665527e+00 4.049571078157935405e-02 4.026650296849239585e-01 4.353910776420835127e-01 -8.041398640392495301e-01
-2.330079078674316406e-01 -3.905339539051055908e-01 -1.938000202178955078e+00 4.049580277369396047e-02 4.026630110685355812e-01 4.353893526517507717e-01 -8.041361974782151867e-01
-2.330077886581420898e-01 -3.905338644981384277e-01 -1.938000321388244629e+00 4.049552679672321909e-02 4.026646513048702247e-01 4.353912159180674535e-01 -8.041400217980529952e-01
-2.330076694488525391e-01 -3.905338048934936523e-01 -1.938000440597534180e+00 4.049543480398169054e-02 4.026648300880549813e-01 4.353914690455928382e-01 -8.041401926770629371e-01
-2.330075651407241821e-01 -3.905337452888488770e-01 -1.938000559806823730e+00 4.049543480398169054e-02 4.026640941452868105e-01 4.353903651314405820e-01 -8.041385368058345806e-01
-2.330073118209838867e-01 -3.905336260795593262e-01 -1.938000798225402832e+00 4.049525081787169051e-02 4.026640837439275922e-01 4.353908713916667672e-01 -8.041388785711098830e-01
-2.330071479082107544e-01 -3.905335366725921631e-01 -1.938000917434692383e+00 4.049515882450321902e-02 4.026638945593836172e-01 4.353907565529834267e-01 -8.041384975002990876e-01
-2.330070137977600098e-01 -3.905334472656250000e-01 -1.938001036643981934e+00 4.049506683092576192e-02 4.026637053760581120e-01 4.353906417160252618e-01 -8.041386683939986124e-01
-2.330068796873092651e-01 -3.905333876609802246e-01 -1.938001155853271484e+00 4.049497483713931922e-02 4.026638841695148741e-01 4.353908948563560699e-01 -8.041384713170608434e-01
-2.330067306756973267e-01 -3.905332982540130615e-01 -1.938001275062561035e+00 4.049506683092576192e-02 4.026618655024191695e-01 4.353888018423863193e-01 -8.041348046593568277e-01
-2.330065965652465820e-01 -3.905332386493682861e-01 -1.938001394271850586e+00 4.049479084893948394e-02 4.026635058106283749e-01 4.353906651927376137e-01 -8.041384451501846220e-01
-2.330064922571182251e-01 -3.905331790447235107e-01 -1.938001513481140137e+00 4.049460685990369235e-02 4.026645993722463013e-01 4.353919074516504617e-01 -8.041406268731161600e-01
-2.330064028501510620e-01 -3.905331194400787354e-01 -1.938001632690429688e+00 4.049469885452608442e-02 4.026633166330129132e-01 4.353901823854447461e-01 -8.041375121277033466e-01
-2.330062985420227051e-01 -3.905330598354339600e-01 -1.938001751899719238e+00 4.049460685990369235e-02 4.026631274566160879e-01 4.353904355360203038e-01 -8.041380510207633003e-01
-2.330061793327331543e-01 -3.905330002307891846e-01 -1.938001751899719238e+00 4.049442287003193058e-02 4.026638530492167578e-01 4.353916778085222261e-01 -8.041400487781279471e-01
-2.330058813095092773e-01 -3.905328214168548584e-01 -1.938002109527587891e+00 4.049423887932419863e-02 4.026638426922207747e-01 4.353914481722954699e-01 -8.041394706944872128e-01
-2.330055683851242065e-01 -3.905326426029205322e-01 -1.938002347946166992e+00 4.049405488778047568e-02 4.026634643595201624e-01 4.353912185429704707e-01 -8.041388926221945121e-01
-2.330054193735122681e-01 -3.905325829982757568e-01 -1.938002467155456543e+00 4.049396289169510804e-02 4.026632751949980049e-01 4.353911037308962340e-01 -8.041388795788735333e-01
-2.330052852630615234e-01 -3.905324935913085938e-01 -1.938002586364746094e+00 4.049387089540074786e-02 4.026630860316945393e-01 4.353913569061429456e-01 -8.041388665396435043e-01
-2.330051213502883911e-01 -3.905324041843414307e-01 -1.938002705574035645e+00 4.049359490526363570e-02 4.026647264777181157e-01 4.353928524284756962e-01 -8.041421393394327932e-01
-2.330050170421600342e-01 -3.905323445796966553e-01 -1.938002824783325195e+00 4.049368690218500821e-02 4.026630756960115631e-01 4.353911272922941778e-01 -8.041388404734574058e-01
-2.330049127340316772e-01 -3.905322849750518799e-01 -1.938002943992614746e+00 4.049368690218500821e-02 4.026623397214765809e-01 4.353907593050266867e-01 -8.041373685243874414e-01
-2.330048084259033203e-01 -3.905322253704071045e-01 -1.938003063201904297e+00 4.049341091079385752e-02 4.026643481721130513e-01 4.353929908231164991e-01 -8.041415613281798214e-01
-2.330047041177749634e-01 -3.905321657657623291e-01 -1.938003182411193848e+00 4.049350290813324982e-02 4.026626973796084141e-01 4.353912656742872644e-01 -8.041384464346967853e-01
-2.330045551061630249e-01 -3.905321061611175537e-01 -1.938003301620483398e+00 4.049341091079385752e-02 4.026621402334595312e-01 4.353911508742385750e-01 -8.041380654253117433e-01
-2.330044507980346680e-01 -3.905320465564727783e-01 -1.938003301620483398e+00 4.049322691548804670e-02 4.026632338884881812e-01 4.353923932451088663e-01 -8.041404313411051330e-01
-2.330043315887451172e-01 -3.905319869518280029e-01 -1.938003420829772949e+00 4.049331891324545879e-02 4.026615830868573997e-01 4.353903000946922619e-01 -8.041369484371228005e-01
-2.330057770013809204e-01 -3.905210494995117188e-01 -1.938014268875122070e+00 4.050150587673165270e-02 4.026662815798446871e-01 4.353835999027017567e-01 -8.041414343776654983e-01
-2.330055236816406250e-01 -3.905208706855773926e-01 -1.938014626502990723e+00 4.050141389757068444e-02 4.026671960394441196e-01 4.353845886636946161e-01 -8.041430766332668956e-01
-2.330053597688674927e-01 -3.905207514762878418e-01 -1.938014745712280273e+00 4.050159785568373250e-02 4.026653671264754375e-01 4.353826111484453421e-01 -8.041392402605848089e-01
-2.330050915479660034e-01 -3.905205726623535156e-01 -1.938014984130859375e+00 4.050150587673165270e-02 4.026659136636185354e-01 4.353832319864756606e-01 -8.041408825033263819e-01
-2.330049723386764526e-01 -3.905204832553863525e-01 -1.938015103340148926e+00 4.050159785568373250e-02 4.026649992110848952e-01 4.353818753176642020e-01 -8.041388723451942111e-01
-2.330040782690048218e-01 -3.905227184295654297e-01 -1.938019633293151855e+00 4.050610456848170726e-02 4.026551467407948337e-01 4.353812583707973860e-01 -8.041452350785747161e-01
-2.330039739608764648e-01 -3.905226588249206543e-01 -1.938019752502441406e+00 4.050610456848170726e-02 4.026551467407948337e-01 4.353812583707973860e-01 -8.041452350785747161e-01
-2.330038696527481079e-01 -3.905225992202758789e-01 -1.938019871711730957e+00 4.050610456848170726e-02 4.026551467407948337e-01 4.353812583707973860e-01 -8.041448672041183743e-01
-2.330037653446197510e-01 -3.905225098133087158e-01 -1.938019990921020508e+00 4.050610456848170726e-02 4.026547788663386029e-01 4.353808904963410997e-01 -8.041448672041183743e-01
-2.330036461353302002e-01 -3.905224502086639404e-01 -1.938020110130310059e+00 4.050601259976323310e-02 4.026560609674850744e-01 4.353818790266845706e-01 -8.041466930114037348e-01
-2.330035269260406494e-01 -3.905223906040191650e-01 -1.938020229339599609e+00 4.050601259976323310e-02 4.026560609674850744e-01 4.353815111513930081e-01 -8.041465090737579535e-01
-2.330034226179122925e-01 -3.905223011970520020e-01 -1.938020348548889160e+00 4.050601259976323310e-02 4.026556930921935673e-01 4.353818790266845706e-01 -8.041465090737579535e-01
-2.330033183097839355e-01 -3.905222415924072266e-01 -1.938020467758178711e+00 4.050592063083593986e-02 4.026566073242758281e-01 4.353828675637614332e-01 -8.041481509549989193e-01
-2.330031991004943848e-01 -3.905221819877624512e-01 -1.938020586967468262e+00 4.050592063083593986e-02 4.026562394481489893e-01 4.353824996876346498e-01 -8.041479670169354721e-01
-2.330030947923660278e-01 -3.905220925807952881e-01 -1.938020706176757812e+00 4.050592063083593986e-02 4.026566073242758281e-01 4.353824996876346498e-01 -8.041479670169354721e-01
-2.330029755830764771e-01 -3.905220329761505127e-01 -1.938020825386047363e+00 4.050601259976323310e-02 4.026556930921935673e-01 4.353811432761015010e-01 -8.041461411984663910e-01
-2.330028712749481201e-01 -3.905219733715057373e-01 -1.938020944595336914e+00 4.050601259976323310e-02 4.026553252169020047e-01 4.353811432761015010e-01 -8.041459572608207207e-01
-2.330025583505630493e-01 -3.905217647552490234e-01 -1.938021302223205566e+00 4.050592063083593986e-02 4.026562394481489893e-01 4.353817639353810831e-01 -8.041474152027452416e-01
-2.330023944377899170e-01 -3.905216753482818604e-01 -1.938021421432495117e+00 4.050601259976323310e-02 4.026553252169020047e-01 4.353807754008099939e-01 -8.041454054478833768e-01
-2.330022901296615601e-01 -3.905216157436370850e-01 -1.938021540641784668e+00 4.050601259976323310e-02 4.026553252169020047e-01 4.353807754008099939e-01 -8.041454054478833768e-01
-2.330021560192108154e-01 -3.905215263366699219e-01 -1.938021779060363770e+00 4.050592063083593986e-02 4.026558715720222059e-01 4.353817639353810831e-01 -8.041472312646819054e-01
-2.330020517110824585e-01 -3.905214667320251465e-01 -1.938021898269653320e+00 4.050592063083593986e-02 4.026558715720222059e-01 4.353813960592542998e-01 -8.041470473266184582e-01
-2.330019325017929077e-01 -3.905213773250579834e-01 -1.938022017478942871e+00 4.050601259976323310e-02 4.026549573416104977e-01 4.353804075255184314e-01 -8.041450375725918143e-01
-2.330017834901809692e-01 -3.905212879180908203e-01 -1.938022136688232422e+00 4.050592063083593986e-02 4.026555036958954226e-01 4.353810281831274609e-01 -8.041468633885551220e-01
-2.330016642808914185e-01 -3.905212283134460449e-01 -1.938022255897521973e+00 4.050573669235491003e-02 4.026573321737303424e-01 4.353830052691289310e-01 -8.041503311188927805e-01
-2.330015301704406738e-01 -3.905211389064788818e-01 -1.938022375106811523e+00 4.050582866169983448e-02 4.026567858086612106e-01 4.353816488457993850e-01 -8.041483213399928109e-01
-2.330013811588287354e-01 -3.905210494995117188e-01 -1.938022613525390625e+00 4.050573669235491003e-02 4.026573321737303424e-01 4.353826373913315950e-01 -8.041499632410954446e-01
-2.329996824264526367e-01 -3.905200064182281494e-01 -1.938024520874023438e+00 4.050573669235491003e-02 4.026562285403383346e-01 4.353811658801422513e-01 -8.041484917299061008e-01
-2.329993993043899536e-01 -3.905198276042938232e-01 -1.938024759292602539e+00 4.050573669235491003e-02 4.026562285403383346e-01 4.353807980023449153e-01 -8.041483077910074329e-01
-2.329990714788436890e-01 -3.905196189880371094e-01 -1.938025116920471191e+00 4.050582866169983448e-02 4.026553143008129720e-01 4.353798094609890867e-01 -8.041461140782204531e-01
-2.329989075660705566e-01 -3.905195295810699463e-01 -1.938025355339050293e+00 4.050573669235491003e-02 4.026562285403383346e-01 4.353804301245475794e-01 -8.041479399132100969e-01
-2.329980731010437012e-01 -3.905197083950042725e-01 -1.938025951385498047e+00 4.050555275303860392e-02 4.026565855201997279e-01 4.353890290562116849e-01 -8.041422106940686598e-01
-2.329979091882705688e-01 -3.905196189880371094e-01 -1.938026189804077148e+00 4.050546078306721531e-02 4.026574997750664853e-01 4.353903855122716049e-01 -8.041438526049179414e-01
-2.330141514539718628e-01 -3.905302882194519043e-01 -1.937966346740722656e+00 4.051116252646429911e-02 4.026567376829111589e-01 4.353967869430809268e-01 -8.041367919115279816e-01
-2.330140620470046997e-01 -3.905302286148071289e-01 -1.937966465950012207e+00 4.051116252646429911e-02 4.026567376829111589e-01 4.353971547716068424e-01 -8.041366079972650516e-01
-2.330139428377151489e-01 -3.905301690101623535e-01 -1.937966585159301758e+00 4.051107056922846616e-02 4.026576516849374454e-01 4.353977752626799202e-01 -8.041382494152323757e-01
-2.330138385295867920e-01 -3.905301094055175781e-01 -1.937966704368591309e+00 4.051107056922846616e-02 4.026572838555765865e-01 4.353977752626799202e-01 -8.041378815858715168e-01
-2.330136299133300781e-01 -3.905299901962280273e-01 -1.937966823577880859e+00 4.051107056922846616e-02 4.026576516849374454e-01 4.353977752626799202e-01 -8.041373298418302840e-01
-2.330135554075241089e-01 -3.905299603939056396e-01 -1.937966942787170410e+00 4.051116252646429911e-02 4.026567376829111589e-01 4.353967869430809268e-01 -8.041355045116873601e-01
-2.330134660005569458e-01 -3.905299007892608643e-01 -1.937967061996459961e+00 4.051107056922846616e-02 4.026572838555765865e-01 4.353977752626799202e-01 -8.041373298418302840e-01
-2.330133914947509766e-01 -3.905298709869384766e-01 -1.937967061996459961e+00 4.051107056922846616e-02 4.026572838555765865e-01 4.353977752626799202e-01 -8.041371459271497990e-01
-2.330133169889450073e-01 -3.905298411846160889e-01 -1.937967181205749512e+00 4.051097861178389048e-02 4.026578300327963711e-01 4.353987635890091967e-01 -8.041387873542076292e-01
-2.330132275819778442e-01 -3.905297815799713135e-01 -1.937967300415039062e+00 4.051107056922846616e-02 4.026569160262157832e-01 4.353977752626799202e-01 -8.041365941831085662e-01
-2.330131530761718750e-01 -3.905297517776489258e-01 -1.937967300415039062e+00 4.051107056922846616e-02 4.026569160262157832e-01 4.353977752626799202e-01 -8.041364102684281923e-01
-2.330566644668579102e-01 -3.904847204685211182e-01 -1.938007831573486328e+00 4.052899828371543667e-02 4.026266055947021472e-01 4.354346041418774571e-01 -8.041362398941848122e-01
-2.330566197633743286e-01 -3.904846310615539551e-01 -1.938007831573486328e+00 4.052909020027473802e-02 4.026256924715087004e-01 4.354339842787299242e-01 -8.041342323480845655e-01
-2.330565750598907471e-01 -3.904845416545867920e-01 -1.938007950782775879e+00 4.052927403276796597e-02 4.026238662437597315e-01 4.354316415751304237e-01 -8.041304011276858565e-01
-2.330565303564071655e-01 -3.904844522476196289e-01 -1.938008069992065430e+00 4.052909020027473802e-02 4.026253248056884115e-01 4.354336166129096353e-01 -8.041340485151744488e-01
-2.330564856529235840e-01 -3.904843628406524658e-01 -1.938008069992065430e+00 4.052909020027473802e-02 4.026253248056884115e-01 4.354336166129096353e-01 -8.041338646822642211e-01
-2.330564409494400024e-01 -3.904842436313629150e-01 -1.938008189201354980e+00 4.052909020027473802e-02 4.026253248056884115e-01 4.354336166129096353e-01 -8.041334970164439877e-01
-2.330563664436340332e-01 -3.904840648174285889e-01 -1.938008427619934082e+00 4.052918211662558112e-02 4.026244116895414948e-01 4.354326290906606056e-01 -8.041314894852532591e-01
-2.330562472343444824e-01 -3.904838263988494873e-01 -1.938008546829223633e+00 4.052899828371543667e-02 4.026262379280480252e-01 4.354346041418774571e-01 -8.041345853942412081e-01
-2.330561876296997070e-01 -3.904837071895599365e-01 -1.938008666038513184e+00 4.052909020027473802e-02 4.026249571398681781e-01 4.354336166129096353e-01 -8.041325778518932932e-01
-2.330561429262161255e-01 -3.904835879802703857e-01 -1.938008785247802734e+00 4.052899828371543667e-02 4.026258702613939033e-01 4.354342364752233352e-01 -8.041340338942600807e-01
-2.330560833215713501e-01 -3.904834985733032227e-01 -1.938008904457092285e+00 4.052918211662558112e-02 4.026240440245550389e-01 4.354326290906606056e-01 -8.041302026578006634e-01
-2.330560386180877686e-01 -3.904834091663360596e-01 -1.938009023666381836e+00 4.052899828371543667e-02 4.026255025947397814e-01 4.354346041418774571e-01 -8.041336662276059588e-01
-2.330559939146041870e-01 -3.904832899570465088e-01 -1.938009142875671387e+00 4.052899828371543667e-02 4.026255025947397814e-01 4.354342364752233352e-01 -8.041334823942788423e-01
-2.330559492111206055e-01 -3.904832005500793457e-01 -1.938009142875671387e+00 4.052899828371543667e-02 4.026255025947397814e-01 4.354342364752233352e-01 -8.041332985609518369e-01
-2.330559045076370239e-01 -3.904831111431121826e-01 -1.938009262084960938e+00 4.052899828371543667e-02 4.026258702613939033e-01 4.354346041418774571e-01 -8.041331147276247204e-01
-2.330558449029922485e-01 -3.904829919338226318e-01 -1.938009381294250488e+00 4.052918211662558112e-02 4.026236763595685830e-01 4.354322614256741497e-01 -8.041292834953345237e-01
-2.330558001995086670e-01 -3.904828727245330811e-01 -1.938009500503540039e+00 4.052909020027473802e-02 4.026245894740478892e-01 4.354332489470893464e-01 -8.041309233557020208e-01
-2.330557405948638916e-01 -3.904827833175659180e-01 -1.938009619712829590e+00 4.052899828371543667e-02 4.026255025947397814e-01 4.354342364752233352e-01 -8.041325632276435931e-01
-2.330556958913803101e-01 -3.904826641082763672e-01 -1.938009738922119141e+00 4.052899828371543667e-02 4.026251349280856595e-01 4.354342364752233352e-01 -8.041321955609894712e-01
-2.330556511878967285e-01 -3.904825747013092041e-01 -1.938009738922119141e+00 4.052881444997145227e-02 4.026269611864398690e-01 4.354362115516482445e-01 -8.041358430062497398e-01
-2.330555915832519531e-01 -3.904824554920196533e-01 -1.938009858131408691e+00 4.052899828371543667e-02 4.026251349280856595e-01 4.354338688085692133e-01 -8.041318278943353492e-01
-2.330555468797683716e-01 -3.904823660850524902e-01 -1.938009977340698242e+00 4.052890636694767706e-02 4.026256803866684053e-01 4.354352240100762828e-01 -8.041334677761834415e-01
-2.330555021762847900e-01 -3.904822766780853271e-01 -1.938010096549987793e+00 4.052890636694767706e-02 4.026256803866684053e-01 4.354352240100762828e-01 -8.041332839424394363e-01
-2.330554574728012085e-01 -3.904821574687957764e-01 -1.938010215759277344e+00 4.052890636694767706e-02 4.026256803866684053e-01 4.354348563425883278e-01 -8.041332839424394363e-01
-2.330551147460937500e-01 -3.904814422130584717e-01 -1.938010811805725098e+00 4.052890636694767706e-02 4.026253127191804504e-01 4.354348563425883278e-01 -8.041316294387436114e-01
-2.330550104379653931e-01 -3.904812335968017578e-01 -1.938011050224304199e+00 4.052881444997145227e-02 4.026258581814744497e-01 4.354358438833264566e-01 -8.041330854938361083e-01
-2.330549657344818115e-01 -3.904811143875122070e-01 -1.938011169433593750e+00 4.052881444997145227e-02 4.026258581814744497e-01 4.354358438833264566e-01 -8.041327178255143204e-01
-2.330546826124191284e-01 -3.904801607131958008e-01 -1.938011407852172852e+00 4.052761951030994098e-02 4.026270667383218815e-01 4.354269894538072005e-01 -8.041352857855933456e-01
-2.330546081066131592e-01 -3.904799818992614746e-01 -1.938011527061462402e+00 4.052752759041510638e-02 4.026276122509093169e-01 4.354276093594214303e-01 -8.041365581131242335e-01
-2.330545634031295776e-01 -3.904798924922943115e-01 -1.938011646270751953e+00 4.052761951030994098e-02 4.026263313799971488e-01 4.354262540954824678e-01 -8.041341827481063298e-01
-2.330545186996459961e-01 -3.904797732830047607e-01 -1.938011765480041504e+00 4.052752759041510638e-02 4.026272445709130343e-01 4.354268739994288651e-01 -8.041356389131335547e-01
-2.330544590950012207e-01 -3.904796838760375977e-01 -1.938011884689331055e+00 4.052752759041510638e-02 4.026268768909167517e-01 4.354265063194325824e-01 -8.041350873931391030e-01
-2.330544143915176392e-01 -3.904795646667480469e-01 -1.938011884689331055e+00 4.052761951030994098e-02 4.026259637008348102e-01 4.354255187371577906e-01 -8.041328958710380892e-01
-2.330543696880340576e-01 -3.904794752597808838e-01 -1.938012003898620605e+00 4.052734375000000000e-02 4.026287032897213902e-01 4.354281138224774250e-01 -8.041379997529178869e-01
-2.330543398857116699e-01 -3.904793858528137207e-01 -1.938012123107910156e+00 4.052734375000000000e-02 4.026283356080572196e-01 4.354281138224774250e-01 -8.041376320712537717e-01
-2.330542504787445068e-01 -3.904791772365570068e-01 -1.938012242317199707e+00 4.052734375000000000e-02 4.026279679263930489e-01 4.354273784591490837e-01 -8.041367128670934283e-01
-2.330541759729385376e-01 -3.904790282249450684e-01 -1.938012361526489258e+00 4.052725182947972127e-02 4.026285134509499652e-01 4.354276306940854102e-01 -8.041379852189283195e-01
-2.330541014671325684e-01 -3.904788792133331299e-01 -1.938012480735778809e+00 4.052734375000000000e-02 4.026272325630647630e-01 4.354266430958207978e-01 -8.041354259812688587e-01
-2.330540418624877930e-01 -3.904787600040435791e-01 -1.938012599945068359e+00 4.052725182947972127e-02 4.026281457684518506e-01 4.354272630115872955e-01 -8.041366983301849736e-01
-2.330539822578430176e-01 -3.904786407947540283e-01 -1.938012719154357910e+00 4.052734375000000000e-02 4.026268648814005924e-01 4.354259077324924565e-01 -8.041343229362764022e-01
-2.330539375543594360e-01 -3.904784917831420898e-01 -1.938012838363647461e+00 4.052725182947972127e-02 4.026277780859537914e-01 4.354265276465911216e-01 -8.041355952826906295e-01
-2.330538928508758545e-01 -3.904784023761749268e-01 -1.938012957572937012e+00 4.052706798781369191e-02 4.026292368295356638e-01 4.354281351741107753e-01 -8.041388753735769779e-01
-2.330538332462310791e-01 -3.904782831668853760e-01 -1.938012957572937012e+00 4.052715990875094959e-02 4.026279559300566802e-01 4.354267798824097979e-01 -8.041366837973475956e-01
-2.330536693334579468e-01 -3.904779255390167236e-01 -1.938013315200805664e+00 4.052706798781369191e-02 4.026281337770376001e-01 4.354266644374467643e-01 -8.041370369527469641e-01
-2.330536097288131714e-01 -3.904778063297271729e-01 -1.938013434410095215e+00 4.052697606666794128e-02 4.026290469968966113e-01 4.354276520491999758e-01 -8.041381254838853021e-01
-2.330534905195236206e-01 -3.904775381088256836e-01 -1.938013672828674316e+00 4.052697606666794128e-02 4.026286793118966090e-01 4.354269166792000267e-01 -8.041370224288852953e-01
-2.330534160137176514e-01 -3.904773890972137451e-01 -1.938013792037963867e+00 4.052706798781369191e-02 4.026273984087055946e-01 4.354255613849487005e-01 -8.041346470056679463e-01
-2.330533564090728760e-01 -3.904772400856018066e-01 -1.938013911247253418e+00 4.052697606666794128e-02 4.026279439418966599e-01 4.354261813092000777e-01 -8.041357355313855093e-01
-2.330533117055892944e-01 -3.904771208763122559e-01 -1.938014030456542969e+00 4.052706798781369191e-02 4.026266630403735891e-01 4.354248260166166951e-01 -8.041335439531699381e-01
-2.330532670021057129e-01 -3.904770314693450928e-01 -1.938014030456542969e+00 4.052688414531370464e-02 4.026284894796337555e-01 4.354264335526696339e-01 -8.041366402232607014e-01
-2.330532073974609375e-01 -3.904768824577331543e-01 -1.938014149665832520e+00 4.052679222375097506e-02 4.026294027085848271e-01 4.354270534861914843e-01 -8.041380964533787479e-01
-2.330531477928161621e-01 -3.904767632484436035e-01 -1.938014268875122070e+00 4.052688414531370464e-02 4.026277541079658628e-01 4.354256981810017968e-01 -8.041357210086759189e-01
-2.330530881881713867e-01 -3.904766440391540527e-01 -1.938014388084411621e+00 4.052679222375097506e-02 4.026286673352489909e-01 4.354263181128556481e-01 -8.041369933933749659e-01
-2.330529689788818359e-01 -3.904763758182525635e-01 -1.938014626502990723e+00 4.052679222375097506e-02 4.026282996485811005e-01 4.354255827395198675e-01 -8.041357064900372942e-01
-2.330528795719146729e-01 -3.904761672019958496e-01 -1.938014864921569824e+00 4.052670030197975254e-02 4.026284775062405341e-01 4.354258349872562328e-01 -8.041367950379755269e-01
-2.330527305603027344e-01 -3.904758393764495850e-01 -1.938015103340148926e+00 4.052660838000003013e-02 4.026290230551140548e-01 4.354264549267128914e-01 -8.041371482183171659e-01
-2.330526560544967651e-01 -3.904756903648376465e-01 -1.938015222549438477e+00 4.052670030197975254e-02 4.026277421312367544e-01 4.354247319247505632e-01 -8.041347727567151882e-01
-2.330525964498519897e-01 -3.904755711555480957e-01 -1.938015341758728027e+00 4.052660838000003013e-02 4.026286553667782209e-01 4.354253518617052787e-01 -8.041360451533094977e-01
-2.330525070428848267e-01 -3.904753327369689941e-01 -1.938015460968017578e+00 4.052651645781181478e-02 4.026288332301941053e-01 4.354259718037123972e-01 -8.041371337152279919e-01
-2.330524474382400513e-01 -3.904752135276794434e-01 -1.938015580177307129e+00 4.052642453541509954e-02 4.026297464764960199e-01 4.354265917507719741e-01 -8.041384061312237819e-01
-2.330523878335952759e-01 -3.904750943183898926e-01 -1.938015699386596680e+00 4.052651645781181478e-02 4.026284655410242164e-01 4.354252364253726748e-01 -8.041358468031335471e-01
-2.330523133277893066e-01 -3.904749453067779541e-01 -1.938015818595886230e+00 4.052642453541509954e-02 4.026293787864921869e-01 4.354258563707642526e-01 -8.041371192162102277e-01
-2.330522686243057251e-01 -3.904748260974884033e-01 -1.938015937805175781e+00 4.052651645781181478e-02 4.026280978518543829e-01 4.354241333578630635e-01 -8.041347437356238803e-01
-2.330515682697296143e-01 -3.904739320278167725e-01 -1.938015818595886230e+00 4.053157186858316607e-02 4.026205255887988499e-01 4.354260733223191404e-01 -8.041364668562178686e-01
-2.330514639616012573e-01 -3.904737234115600586e-01 -1.938016057014465332e+00 4.053138804651191390e-02 4.026230868842869404e-01 4.354291510458383474e-01 -8.041417682600591199e-01
-2.330513894557952881e-01 -3.904735743999481201e-01 -1.938016057014465332e+00 4.053157186858316607e-02 4.026216285187253496e-01 4.354275438955544919e-01 -8.041390403593797753e-01
-2.330513149499893188e-01 -3.904733955860137939e-01 -1.938016176223754883e+00 4.053166377930616376e-02 4.026210831652481947e-01 4.354269241504752919e-01 -8.041385036200904279e-01
-2.330511361360549927e-01 -3.904730379581451416e-01 -1.938016533851623535e+00 4.053166377930616376e-02 4.026221860926736396e-01 4.354283947203759220e-01 -8.041410771174164474e-01
