repeatability steamvr; 20211020-213214; x y z w i j k;  frequency = 150 duration = 2 sys.args = ['.\\repeatability.py']
8.324749022722244263e-02 -4.318502545356750488e-01 -1.734703540802001953e+00 5.225834622611708058e-01 4.117085708843811198e-01 -4.319187713043510235e-01 6.089733863283707249e-01
8.324574679136276245e-02 -4.318538606166839600e-01 -1.734701395034790039e+00 5.225800743813753257e-01 4.117056368669915756e-01 -4.319251642675595027e-01 6.089737557127219425e-01
8.326303958892822266e-02 -4.318456351757049561e-01 -1.734711408615112305e+00 5.225961385466016962e-01 4.116809592842228249e-01 -4.319228276105722686e-01 6.089783035697161617e-01
8.324932307004928589e-02 -4.318104982376098633e-01 -1.734732389450073242e+00 5.225683903938750374e-01 4.116771271349011219e-01 -4.319345399958730569e-01 6.089963966904103909e-01
8.324962109327316284e-02 -4.318081438541412354e-01 -1.734735846519470215e+00 5.225646281513277591e-01 4.116772287972520483e-01 -4.319400931573338376e-01 6.089956199098947032e-01
8.326235413551330566e-02 -4.317981898784637451e-01 -1.734743595123291016e+00 5.225841590816984183e-01 4.116684760316187686e-01 -4.319383764278336146e-01 6.089859903292208498e-01
8.326347172260284424e-02 -4.318125247955322266e-01 -1.734801650047302246e+00 5.225836814656824592e-01 4.116601304338180500e-01 -4.319435509251007832e-01 6.089883433200649065e-01
8.326199650764465332e-02 -4.318103790283203125e-01 -1.734805941581726074e+00 5.225769092513166125e-01 4.116577591308738793e-01 -4.319545450179798074e-01 6.089879803370187306e-01
8.325485140085220337e-02 -4.318049848079681396e-01 -1.734775781631469727e+00 5.225927222350765788e-01 4.116761299960379206e-01 -4.319093554928239431e-01 6.089940323345059969e-01
8.324981480836868286e-02 -4.318182468414306641e-01 -1.734850287437438965e+00 5.225896783664532030e-01 4.116926102278454236e-01 -4.319386815449491324e-01 6.089647312585331207e-01
8.324743807315826416e-02 -4.318161010742187500e-01 -1.734861135482788086e+00 5.225903716144376654e-01 4.116951293514795052e-01 -4.319395110861526388e-01 6.089618276479755732e-01
8.324442058801651001e-02 -4.318150579929351807e-01 -1.734870076179504395e+00 5.225874328782361689e-01 4.116882201492323423e-01 -4.319343695503065073e-01 6.089726657962399869e-01
8.322587609291076660e-02 -4.318104088306427002e-01 -1.734836339950561523e+00 5.225668238357265016e-01 4.116950641161633007e-01 -4.319517945245144874e-01 6.089733712453113679e-01
8.322104811668395996e-02 -4.318092167377471924e-01 -1.734844326972961426e+00 5.225631007907490799e-01 4.117004460431573087e-01 -4.319547882372273273e-01 6.089708091705003934e-01
8.321759104728698730e-02 -4.318078458309173584e-01 -1.734853386878967285e+00 5.225667418541696252e-01 4.116995806592279039e-01 -4.319462786328306381e-01 6.089742937270177237e-01
8.323444426059722900e-02 -4.318005144596099854e-01 -1.734876990318298340e+00 5.225866184408396453e-01 4.116878637559512333e-01 -4.319430534283779655e-01 6.089674843020174144e-01
8.323223143815994263e-02 -4.317994713783264160e-01 -1.734888434410095215e+00 5.225874168389998964e-01 4.116834138852539238e-01 -4.319345414174499687e-01 6.089758210486142520e-01
8.322940766811370850e-02 -4.317975640296936035e-01 -1.734901428222656250e+00 5.225909098166089395e-01 4.116807477511192359e-01 -4.319423881252823505e-01 6.089690703608520161e-01
8.328066766262054443e-02 -4.318110048770904541e-01 -1.734903931617736816e+00 5.226050828683385108e-01 4.116537046603857553e-01 -4.319740050519681462e-01 6.089527261968765703e-01
8.328533172607421875e-02 -4.318113327026367188e-01 -1.734914779663085938e+00 5.226056531327141208e-01 4.116504932495955171e-01 -4.319660186732169893e-01 6.089601024343653801e-01
8.328934013843536377e-02 -4.318111836910247803e-01 -1.734927654266357422e+00 5.226072605620738498e-01 4.116522423617423598e-01 -4.319682220993247834e-01 6.089559626092505562e-01
8.324293792247772217e-02 -4.318085610866546631e-01 -1.734915137290954590e+00 5.225947413723390778e-01 4.116590492913808630e-01 -4.319974250050624409e-01 6.089413952944997543e-01
8.324162662029266357e-02 -4.318093359470367432e-01 -1.734926819801330566e+00 5.225873295142605679e-01 4.116582939437983257e-01 -4.319992143030514931e-01 6.089469951500026124e-01
8.323907107114791870e-02 -4.318105876445770264e-01 -1.734938621520996094e+00 5.225913642584081309e-01 4.116617915111085435e-01 -4.319868543134663952e-01 6.089499496887900154e-01
8.322201669216156006e-02 -4.317838251590728760e-01 -1.734819889068603516e+00 5.225901880552922263e-01 4.117195180273531263e-01 -4.319677045874771304e-01 6.089255150508193770e-01
8.321780711412429810e-02 -4.317834377288818359e-01 -1.734826564788818359e+00 5.225893967898883608e-01 4.117173969407773026e-01 -4.319592769026311396e-01 6.089336083335377126e-01
8.321197330951690674e-02 -4.317827522754669189e-01 -1.734834194183349609e+00 5.225880102904134628e-01 4.117145258158725341e-01 -4.319606617574715535e-01 6.089357514320937748e-01
8.325077593326568604e-02 -4.318147003650665283e-01 -1.734783530235290527e+00 5.226009769464644572e-01 4.117170702217298750e-01 -4.319528916269718688e-01 6.089284125747440601e-01
8.324978500604629517e-02 -4.318189024925231934e-01 -1.734788298606872559e+00 5.225998916518288517e-01 4.117163463075472207e-01 -4.319584666719747945e-01 6.089258848518718237e-01
8.324885368347167969e-02 -4.318242073059082031e-01 -1.734794735908508301e+00 5.225979972815717467e-01 4.117107531070928195e-01 -4.319566340149741945e-01 6.089325830481743251e-01
8.327086269855499268e-02 -4.318426251411437988e-01 -1.734717130661010742e+00 5.225796484443813172e-01 4.117114686277395519e-01 -4.319380716596945557e-01 6.089610212819747126e-01
8.327317237854003906e-02 -4.318459630012512207e-01 -1.734719991683959961e+00 5.225779571681210545e-01 4.117045389561503344e-01 -4.319405103752442798e-01 6.089654301372836587e-01
8.327521383762359619e-02 -4.318503737449645996e-01 -1.734723448753356934e+00 5.225803149732478614e-01 4.117063883022791804e-01 -4.319423414882875845e-01 6.089608433845079549e-01
8.325018733739852905e-02 -4.318343400955200195e-01 -1.734684586524963379e+00 5.225635017901663071e-01 4.116827107086927229e-01 -4.319517192798901228e-01 6.089846281318204158e-01
8.324994146823883057e-02 -4.318370819091796875e-01 -1.734686255455017090e+00 5.225736246957444209e-01 4.116800503729515781e-01 -4.319415910359027388e-01 6.089849216760213624e-01
8.325023204088211060e-02 -4.318410158157348633e-01 -1.734686732292175293e+00 5.225654711383933559e-01 4.116768605390292990e-01 -4.319506011327325923e-01 6.089876797397322239e-01
8.325571566820144653e-02 -4.317994415760040283e-01 -1.734658122062683105e+00 5.225894680751089760e-01 4.116708129190341792e-01 -4.319451783568217240e-01 6.089750417799700832e-01
8.325645327568054199e-02 -4.317993819713592529e-01 -1.734660029411315918e+00 5.225988152654319485e-01 4.116774321293741323e-01 -4.319399404048840929e-01 6.089662454143155434e-01
8.325716853141784668e-02 -4.317986667156219482e-01 -1.734660625457763672e+00 5.225916048450829354e-01 4.116851545324264339e-01 -4.319393347238396630e-01 6.089676474030347730e-01
8.326253294944763184e-02 -4.317805171012878418e-01 -1.734649419784545898e+00 5.226013886093574534e-01 4.116714915175411771e-01 -4.319167028523145380e-01 6.089845605941305307e-01
8.326440304517745972e-02 -4.317798316478729248e-01 -1.734650015830993652e+00 5.226058188656815817e-01 4.116698300870024196e-01 -4.319101811598390350e-01 6.089864836130092218e-01
8.326605707406997681e-02 -4.317795336246490479e-01 -1.734650254249572754e+00 5.225997312632678637e-01 4.116683952958521409e-01 -4.319113095588558160e-01 6.089918952098929417e-01
8.324367552995681763e-02 -4.318113029003143311e-01 -1.734677791595458984e+00 5.226089588717577339e-01 4.116548037812912120e-01 -4.318965141385834317e-01 6.090036676421411999e-01
8.324240148067474365e-02 -4.318133890628814697e-01 -1.734682679176330566e+00 5.226069807770528097e-01 4.116546974622041777e-01 -4.319004976585852917e-01 6.090025796902523991e-01
8.323980122804641724e-02 -4.318161308765411377e-01 -1.734687328338623047e+00 5.226156932479558703e-01 4.116514773020502060e-01 -4.318973409420565068e-01 6.089995124675886551e-01
8.323368430137634277e-02 -4.318046271800994873e-01 -1.734750390052795410e+00 5.225864776517519239e-01 4.116815518333485913e-01 -4.318844625220036870e-01 6.090134279903830494e-01
8.322906494140625000e-02 -4.318037331104278564e-01 -1.734758138656616211e+00 5.225892809513841275e-01 4.116892057836512020e-01 -4.318755109118755375e-01 6.090121570767624837e-01
8.322270959615707397e-02 -4.318040311336517334e-01 -1.734765529632568359e+00 5.225890296708481930e-01 4.116873008237357245e-01 -4.318783080115614625e-01 6.090116942888800233e-01
8.324729651212692261e-02 -4.317864179611206055e-01 -1.734742999076843262e+00 5.226120970769144725e-01 4.116901505911981785e-01 -4.318737763368414306e-01 6.089931818409383135e-01
8.324366807937622070e-02 -4.317870438098907471e-01 -1.734748721122741699e+00 5.226193339449674014e-01 4.116858968002962138e-01 -4.318695727324485256e-01 6.089928179533591335e-01
8.323962241411209106e-02 -4.317870140075683594e-01 -1.734754085540771484e+00 5.226202107022792642e-01 4.116853950431464959e-01 -4.318787366799247129e-01 6.089859227395151287e-01
8.326435834169387817e-02 -4.318096637725830078e-01 -1.734744906425476074e+00 5.226108674587406355e-01 4.117291020028776005e-01 -4.318896405678632200e-01 6.089566497513200227e-01
8.326309919357299805e-02 -4.318086206912994385e-01 -1.734747409820556641e+00 5.226082852511584331e-01 4.117205259340957491e-01 -4.318934942285224676e-01 6.089619253944181798e-01
8.326138556003570557e-02 -4.318060576915740967e-01 -1.734750270843505859e+00 5.225969707902100581e-01 4.117311542546555070e-01 -4.318850826795228026e-01 6.089704334527052954e-01
8.324620127677917480e-02 -4.317972958087921143e-01 -1.734685540199279785e+00 5.225888657146887661e-01 4.117339899781626289e-01 -4.319327735981550731e-01 6.089416123124994362e-01
8.324301242828369141e-02 -4.317941367626190186e-01 -1.734682321548461914e+00 5.225912181242255983e-01 4.117330169545159180e-01 -4.319367120742938493e-01 6.089375025308594314e-01
8.324036747217178345e-02 -4.317910671234130859e-01 -1.734679579734802246e+00 5.226044644872029910e-01 4.117322183151295167e-01 -4.319336442052735814e-01 6.089288398007964842e-01
8.323304355144500732e-02 -4.318078458309173584e-01 -1.734634995460510254e+00 5.225672996849440866e-01 4.117172056176321426e-01 -4.319507364268415084e-01 6.089587586739250158e-01
8.322913199663162231e-02 -4.318077564239501953e-01 -1.734629154205322266e+00 5.225770322212545116e-01 4.117050716227676488e-01 -4.319484802226236653e-01 6.089602062261871840e-01
8.322662115097045898e-02 -4.318076074123382568e-01 -1.734621763229370117e+00 5.225670305717694530e-01 4.117049600186985514e-01 -4.319586223638863798e-01 6.089616529129878719e-01
8.323746919631958008e-02 -4.317982792854309082e-01 -1.734610438346862793e+00 5.225808424928176654e-01 4.117114474999332141e-01 -4.319520673390441212e-01 6.089500774863163546e-01
8.323516696691513062e-02 -4.317985475063323975e-01 -1.734607338905334473e+00 5.225958373703226689e-01 4.117157052917028714e-01 -4.319395485617210095e-01 6.089432119516184905e-01
8.323290944099426270e-02 -4.317975640296936035e-01 -1.734603762626647949e+00 5.225876271311694632e-01 4.117237062882834753e-01 -4.319385663185857371e-01 6.089455505547057834e-01
8.323004096746444702e-02 -4.318368136882781982e-01 -1.734627723693847656e+00 5.225732504368811870e-01 4.117219057823691686e-01 -4.319297672655242337e-01 6.089653260543059776e-01
8.322500437498092651e-02 -4.318379461765289307e-01 -1.734625101089477539e+00 5.225696022900173654e-01 4.117326609628841894e-01 -4.319333351217787831e-01 6.089586702917109129e-01
8.322013169527053833e-02 -4.318400919437408447e-01 -1.734620809555053711e+00 5.225731114263780785e-01 4.117222826330932950e-01 -4.319448703495792352e-01 6.089544955218118005e-01
8.322143554687500000e-02 -4.318350553512573242e-01 -1.734576106071472168e+00 5.225700585325426806e-01 4.117087194644151737e-01 -4.319530736647275715e-01 6.089604483522790268e-01
8.321592211723327637e-02 -4.318345189094543457e-01 -1.734571456909179688e+00 5.225659879796850094e-01 4.117149312961073115e-01 -4.319424783293327463e-01 6.089672592430788178e-01
8.320944011211395264e-02 -4.318329393863677979e-01 -1.734566926956176758e+00 5.225670466116313362e-01 4.117068436497753336e-01 -4.319504608554340930e-01 6.089661824132022172e-01
8.324217796325683594e-02 -4.317906796932220459e-01 -1.734634041786193848e+00 5.226038942215303074e-01 4.116351806276341563e-01 -4.319458612287019883e-01 6.089862457296881804e-01
8.323917537927627563e-02 -4.317861795425415039e-01 -1.734635591506958008e+00 5.225999237295351207e-01 4.116324449650059503e-01 -4.319422747765555015e-01 6.089940518052380236e-01
8.323590457439422607e-02 -4.317808449268341064e-01 -1.734636306762695312e+00 5.225966446649282782e-01 4.116377936063446152e-01 -4.319378655116210552e-01 6.089963617498388437e-01
8.326220512390136719e-02 -4.317758083343505859e-01 -1.734649062156677246e+00 5.226118066021576691e-01 4.116367395822103648e-01 -4.319333284887214575e-01 6.089873045225251413e-01
8.326011151075363159e-02 -4.317702054977416992e-01 -1.734649181365966797e+00 5.226171046224947769e-01 4.116361021828087718e-01 -4.319310204993421776e-01 6.089848518175193792e-01
8.325851708650588989e-02 -4.317636787891387939e-01 -1.734648585319519043e+00 5.226125318977212775e-01 4.116427405086381386e-01 -4.319366566822135378e-01 6.089802435572683192e-01
8.325748890638351440e-02 -4.317741692066192627e-01 -1.734616398811340332e+00 5.225816801072568074e-01 4.116594614724158885e-01 -4.319280732871493833e-01 6.090015111088864508e-01
8.325587958097457886e-02 -4.317697882652282715e-01 -1.734615445137023926e+00 5.225762035102436975e-01 4.116585645807703808e-01 -4.319228977279065407e-01 6.090104597757656224e-01
8.325841277837753296e-02 -4.317691922187805176e-01 -1.734637975692749023e+00 5.226013244541226621e-01 4.116606784344715164e-01 -4.319303621318468789e-01 6.089822402249770450e-01
8.326134085655212402e-02 -4.317895770072937012e-01 -1.734674334526062012e+00 5.226193321629388766e-01 4.116680315857461636e-01 -4.319081765076508983e-01 6.089775230967665598e-01
8.326071500778198242e-02 -4.317884743213653564e-01 -1.734677314758300781e+00 5.226178334747730858e-01 4.116776482554300176e-01 -4.319038087938059101e-01 6.089754059858227819e-01
8.324375748634338379e-02 -4.317678511142730713e-01 -1.734687805175781250e+00 5.226157591834673655e-01 4.117018428629192761e-01 -4.319037231831366896e-01 6.089608865282178929e-01
8.324021100997924805e-02 -4.317432045936584473e-01 -1.734670877456665039e+00 5.226156486969297799e-01 4.117169418154657534e-01 -4.318919728289773996e-01 6.089591191773131573e-01
8.323878049850463867e-02 -4.317350089550018311e-01 -1.734674572944641113e+00 5.226040777758615974e-01 4.117217128838620566e-01 -4.318926979654548748e-01 6.089653026741008723e-01
8.325283974409103394e-02 -4.317560791969299316e-01 -1.734706401824951172e+00 5.226229086820158853e-01 4.117075657764536767e-01 -4.319077191729661092e-01 6.089480367298030217e-01
8.326110243797302246e-02 -4.317830204963684082e-01 -1.734686493873596191e+00 5.226124802182181561e-01 4.117478902011317277e-01 -4.318901931860723575e-01 6.089421678662857440e-01
8.326040208339691162e-02 -4.317797422409057617e-01 -1.734690070152282715e+00 5.226067223767412173e-01 4.117493080255548721e-01 -4.318907904173032719e-01 6.089457119530711227e-01
8.325735479593276978e-02 -4.317821562290191650e-01 -1.734708547592163086e+00 5.226133195639991458e-01 4.117767432078612289e-01 -4.318970251398083771e-01 6.089170965683341485e-01
8.323770761489868164e-02 -4.317856132984161377e-01 -1.734727740287780762e+00 5.225932354851819950e-01 4.117919518221623276e-01 -4.319030592280004299e-01 6.089197686174114832e-01
8.323393017053604126e-02 -4.317810535430908203e-01 -1.734732151031494141e+00 5.225823804944699225e-01 4.118057984923315096e-01 -4.318933180206290245e-01 6.089266285553737168e-01
8.323757350444793701e-02 -4.317896664142608643e-01 -1.734745740890502930e+00 5.225918044428328191e-01 4.117614253965418136e-01 -4.318945168902078580e-01 6.089477116695070080e-01
8.323743939399719238e-02 -4.317947030067443848e-01 -1.734693527221679688e+00 5.225945613789545474e-01 4.117699886070552706e-01 -4.319007141697239760e-01 6.089351466500839694e-01
8.323219418525695801e-02 -4.317981600761413574e-01 -1.734695076942443848e+00 5.225950425492498219e-01 4.117641740372791070e-01 -4.319026920591290675e-01 6.089372662791613378e-01
8.324276655912399292e-02 -4.318253993988037109e-01 -1.734710216522216797e+00 5.226021281760776516e-01 4.117271587367159480e-01 -4.318901266093513880e-01 6.089651365617663181e-01
8.326864987611770630e-02 -4.318321049213409424e-01 -1.734661221504211426e+00 5.225925921403516972e-01 4.117493706732513470e-01 -4.318901751308229509e-01 6.089582564041267077e-01
8.326881378889083862e-02 -4.318363964557647705e-01 -1.734659790992736816e+00 5.225931695468286620e-01 4.117487339606505925e-01 -4.318872689143965493e-01 6.089602638791031808e-01
8.325292170047760010e-02 -4.318217337131500244e-01 -1.734666466712951660e+00 5.225930323237422126e-01 4.117426866417138176e-01 -4.318934522145810306e-01 6.089600531000041173e-01
8.326523751020431519e-02 -4.317952990531921387e-01 -1.734632253646850586e+00 5.225935366629606005e-01 4.117239869446443490e-01 -4.318961362900150536e-01 6.089703862211033325e-01
8.326335251331329346e-02 -4.317927360534667969e-01 -1.734632968902587891e+00 5.225950033427978481e-01 4.117140598750220759e-01 -4.318971286314392533e-01 6.089751354980913467e-01
8.325846493244171143e-02 -4.317875206470489502e-01 -1.734634518623352051e+00 5.225899332109348316e-01 4.117199825600997287e-01 -4.318947820194355969e-01 6.089771373069442495e-01
8.325446397066116333e-02 -4.317981302738189697e-01 -1.734648942947387695e+00 5.225826798963508768e-01 4.117271335444184222e-01 -4.318915129749620330e-01 6.089808420975678649e-01
8.325172215700149536e-02 -4.317990243434906006e-01 -1.734649300575256348e+00 5.225776809317523863e-01 4.117239220471314853e-01 -4.318917111875251735e-01 6.089871666003400241e-01
8.324358612298965454e-02 -4.317931532859802246e-01 -1.734653353691101074e+00 5.225805912082241989e-01 4.117070439338944565e-01 -4.318831076069949981e-01 6.090021670195658876e-01
8.323644101619720459e-02 -4.317626953125000000e-01 -1.734657764434814453e+00 5.225649721187300978e-01 4.117149261050198628e-01 -4.318921221436258784e-01 6.090038449667757314e-01
8.323170244693756104e-02 -4.317589402198791504e-01 -1.734659194946289062e+00 5.225705129924747006e-01 4.116995395513857736e-01 -4.318911980250475513e-01 6.090101624047440376e-01
8.323393762111663818e-02 -4.317630827426910400e-01 -1.734683275222778320e+00 5.225795593361796110e-01 4.117036509724683602e-01 -4.318926324031039377e-01 6.089985933394336248e-01
8.321142941713333130e-02 -4.317592978477478027e-01 -1.734596967697143555e+00 5.225479035771314340e-01 4.117072366427438901e-01 -4.319009789246338049e-01 6.090174211388521552e-01
8.320523053407669067e-02 -4.317576587200164795e-01 -1.734594345092773438e+00 5.225598161483836490e-01 4.116958692885942517e-01 -4.318992457817519837e-01 6.090161130563790381e-01
8.321490883827209473e-02 -4.317783117294311523e-01 -1.734618782997131348e+00 5.225622292842877492e-01 4.116716083481848365e-01 -4.319257116413990349e-01 6.090116610403570885e-01
8.322828263044357300e-02 -4.317455887794494629e-01 -1.734498262405395508e+00 5.225349498626005174e-01 4.116594713017753815e-01 -4.319504155442126514e-01 6.090257602224216082e-01
8.322621881961822510e-02 -4.317462444305419922e-01 -1.734490633010864258e+00 5.225436849219277091e-01 4.116550173037175075e-01 -4.319409527634964219e-01 6.090280127233457241e-01
8.324213325977325439e-02 -4.317721426486968994e-01 -1.734512329101562500e+00 5.225601815057171473e-01 4.116765971271739155e-01 -4.319493007279853747e-01 6.089933309552920671e-01
8.325348794460296631e-02 -4.318100214004516602e-01 -1.734526157379150391e+00 5.225807622956201159e-01 4.116550162080856445e-01 -4.319324870952702122e-01 6.090021672406484843e-01
8.325543999671936035e-02 -4.318180978298187256e-01 -1.734519839286804199e+00 5.225676044420803912e-01 4.116544956594115900e-01 -4.319330634632712052e-01 6.090134237655864258e-01
8.325680345296859741e-02 -4.317926168441772461e-01 -1.734590530395507812e+00 5.225689517872904588e-01 4.116511994068967617e-01 -4.319237035644862832e-01 6.090211352391354804e-01
8.325884491205215454e-02 -4.317960143089294434e-01 -1.734589934349060059e+00 5.225737815279501985e-01 4.116447607691012811e-01 -4.319196296511237931e-01 6.090242035905937268e-01
8.326060324907302856e-02 -4.318009018898010254e-01 -1.734588265419006348e+00 5.225685329700376913e-01 4.116440298233241535e-01 -4.319262828324672010e-01 6.090244891250817805e-01
8.326361328363418579e-02 -4.317593276500701904e-01 -1.734586954116821289e+00 5.225839951240107695e-01 4.115866120763490565e-01 -4.319325488752379094e-01 6.090456338876053533e-01
8.326671272516250610e-02 -4.317584335803985596e-01 -1.734585165977478027e+00 5.225836868121327417e-01 4.115874109334415332e-01 -4.319369365112160630e-01 6.090422007945317517e-01
8.326986432075500488e-02 -4.317558407783508301e-01 -1.734582185745239258e+00 5.225815963458733115e-01 4.115901658950529840e-01 -4.319266062986987786e-01 6.090494845940396251e-01
8.325608074665069580e-02 -4.317298233509063721e-01 -1.734577298164367676e+00 5.225882954319941431e-01 4.115941746198258921e-01 -4.319136361268609559e-01 6.090502171455179914e-01
8.325697481632232666e-02 -4.317276775836944580e-01 -1.734574437141418457e+00 5.225947770145861204e-01 4.115919246875182069e-01 -4.319075628254814836e-01 6.090504618060217368e-01
8.325830101966857910e-02 -4.317265152931213379e-01 -1.734571576118469238e+00 5.225953829324132549e-01 4.115957245360420402e-01 -4.319033784328803471e-01 6.090503401808983197e-01
8.324802666902542114e-02 -4.317392408847808838e-01 -1.734610080718994141e+00 5.226004833069834987e-01 4.115899539447846478e-01 -4.319509918320718622e-01 6.090161249691602441e-01
8.324673026800155640e-02 -4.317433536052703857e-01 -1.734608411788940430e+00 5.225973717636381854e-01 4.115987737879620578e-01 -4.319485452638243683e-01 6.090145615643086652e-01
8.324530720710754395e-02 -4.317468106746673584e-01 -1.734605312347412109e+00 5.225876217847594818e-01 4.115922921766766440e-01 -4.319608937817783212e-01 6.090185531034429944e-01
8.325237035751342773e-02 -4.317913651466369629e-01 -1.734547853469848633e+00 5.225790799337939330e-01 4.116531727763643733e-01 -4.319473222934792078e-01 6.089943330447744607e-01
8.325315266847610474e-02 -4.318006336688995361e-01 -1.734542250633239746e+00 5.225718870630415847e-01 4.116611486400233999e-01 -4.319498513156448394e-01 6.089933482732273751e-01
8.325391262769699097e-02 -4.318107664585113525e-01 -1.734537124633789062e+00 5.225755013325737997e-01 4.116506167316679177e-01 -4.319451048272199833e-01 6.090007133435969555e-01
8.324602246284484863e-02 -4.318147003650665283e-01 -1.734580039978027344e+00 5.225839701739233290e-01 4.116985007930203389e-01 -4.319304612148556766e-01 6.089714685325684496e-01
8.324488252401351929e-02 -4.318200051784515381e-01 -1.734549283981323242e+00 5.225810207087682180e-01 4.117033408422330343e-01 -4.319421930053885528e-01 6.089624019594077620e-01
8.324595540761947632e-02 -4.318331778049468994e-01 -1.734542846679687500e+00 5.225794363668363474e-01 4.117009926249022289e-01 -4.319365717176766317e-01 6.089693523142616360e-01
8.323624730110168457e-02 -4.318298101425170898e-01 -1.734526276588439941e+00 5.225678289998566539e-01 4.117221850988685428e-01 -4.319245923857727987e-01 6.089734830663258158e-01
8.323562890291213989e-02 -4.318398535251617432e-01 -1.734521269798278809e+00 5.225593937593430161e-01 4.117224080191692615e-01 -4.319155262698728404e-01 6.089869774883832632e-01
8.323436975479125977e-02 -4.318512678146362305e-01 -1.734516143798828125e+00 5.225612508427864844e-01 4.117227413203615738e-01 -4.319087319733482255e-01 6.089899888504407555e-01
8.322753757238388062e-02 -4.318121373653411865e-01 -1.734555363655090332e+00 5.225804504175125542e-01 4.117012523359940834e-01 -4.319134975339284921e-01 6.089846520549621056e-01
8.322612196207046509e-02 -4.318183362483978271e-01 -1.734531521797180176e+00 5.225723985514217906e-01 4.116992588061909042e-01 -4.319035175669785342e-01 6.090000235264417805e-01
8.322256058454513550e-02 -4.318214952945709229e-01 -1.734530329704284668e+00 5.225780819199815630e-01 4.116978644680150401e-01 -4.319046836786448185e-01 6.089952252056606286e-01
8.323400467634201050e-02 -4.317790567874908447e-01 -1.734589338302612305e+00 5.225704933883289494e-01 4.117207559891787327e-01 -4.318751352631495788e-01 6.090072196790072834e-01
8.323235064744949341e-02 -4.317785501480102539e-01 -1.734591007232666016e+00 5.225727318205849459e-01 4.117217262652339560e-01 -4.318737932560817727e-01 6.090056090309354797e-01
8.323020488023757935e-02 -4.317780733108520508e-01 -1.734591603279113770e+00 5.225784739970636972e-01 4.117127325235026003e-01 -4.318717049695698362e-01 6.090082272242103301e-01
8.327825367450714111e-02 -4.318008124828338623e-01 -1.734564781188964844e+00 5.225917830573633127e-01 4.116717266357506344e-01 -4.318932995532771546e-01 6.090092126865698230e-01
8.328110724687576294e-02 -4.318016469478607178e-01 -1.734566807746887207e+00 5.225878552446137082e-01 4.116710070230589769e-01 -4.318983581305868014e-01 6.090094701518514730e-01
8.328358083963394165e-02 -4.318032860755920410e-01 -1.734569072723388672e+00 5.225837580981322894e-01 4.116721779935634262e-01 -4.318958293325399489e-01 6.090140310327856188e-01
8.328633755445480347e-02 -4.317848086357116699e-01 -1.734533548355102539e+00 5.225452194683827267e-01 4.116803323163041317e-01 -4.319002673591985086e-01 6.090384435254859730e-01
8.328941464424133301e-02 -4.317851066589355469e-01 -1.734534144401550293e+00 5.225409615810024944e-01 4.116861393028897753e-01 -4.318961833934191197e-01 6.090410250841431505e-01
8.329229801893234253e-02 -4.317846298217773438e-01 -1.734534263610839844e+00 5.225452444203203539e-01 4.116807118892442108e-01 -4.318987995232793642e-01 6.090391986471673791e-01
8.325164020061492920e-02 -4.317280054092407227e-01 -1.734551906585693359e+00 5.225331443730381054e-01 4.116285481050759310e-01 -4.319414885893300693e-01 6.090545423697593108e-01
8.324909210205078125e-02 -4.317215979099273682e-01 -1.734552145004272461e+00 5.225360566798697981e-01 4.116287848149098316e-01 -4.319334633538469137e-01 6.090575927022766622e-01
8.324662595987319946e-02 -4.317151904106140137e-01 -1.734553217887878418e+00 5.225342636703625976e-01 4.116344498787983808e-01 -4.319377383716515029e-01 6.090522539013006886e-01
8.324098587036132812e-02 -4.317440092563629150e-01 -1.734541773796081543e+00 5.225498605082857795e-01 4.116477818790832965e-01 -4.319286922133047102e-01 6.090362851872526129e-01
8.323761075735092163e-02 -4.317417442798614502e-01 -1.734544515609741211e+00 5.225466898483889233e-01 4.116437921512781650e-01 -4.319321328768893076e-01 6.090392677301058599e-01
8.323410898447036743e-02 -4.317404031753540039e-01 -1.734547615051269531e+00 5.225520936821522744e-01 4.116516831158268386e-01 -4.319347381645714523e-01 6.090274658999282886e-01
8.321646600961685181e-02 -4.317685365676879883e-01 -1.734552145004272461e+00 5.225776078627529797e-01 4.116782740627275006e-01 -4.319256417332641429e-01 6.089940240006811445e-01
8.321154862642288208e-02 -4.317691624164581299e-01 -1.734554290771484375e+00 5.225719654794110935e-01 4.116822200767717432e-01 -4.319196336238775857e-01 6.090004569365300435e-01
8.320594578981399536e-02 -4.317699968814849854e-01 -1.734557509422302246e+00 5.225739704394084528e-01 4.116720682738368997e-01 -4.319126958684952888e-01 6.090105243793465517e-01
8.321171253919601440e-02 -4.317898154258728027e-01 -1.734556913375854492e+00 5.225693777330031597e-01 4.116769303117024936e-01 -4.319560085167602481e-01 6.089804609344988684e-01
8.320737630128860474e-02 -4.317930638790130615e-01 -1.734560132026672363e+00 5.225603525997952747e-01 4.116664675940013840e-01 -4.319666964414595745e-01 6.089876850678344056e-01
8.320199698209762573e-02 -4.317971169948577881e-01 -1.734563946723937988e+00 5.225653517301601658e-01 4.116643365433222401e-01 -4.319658379492963274e-01 6.089854663751228525e-01
8.323965221643447876e-02 -4.317581057548522949e-01 -1.734575629234313965e+00 5.225851392624535352e-01 4.116630025914946311e-01 -4.319606379188193901e-01 6.089730574193584767e-01
8.323813229799270630e-02 -4.317559599876403809e-01 -1.734581232070922852e+00 5.225809155613647672e-01 4.116675238580140839e-01 -4.319568971882781772e-01 6.089762542446991445e-01
8.323636651039123535e-02 -4.317549467086791992e-01 -1.734585762023925781e+00 5.225880298939021840e-01 4.116568761159545287e-01 -4.319596849826997098e-01 6.089753775356214760e-01
8.324944227933883667e-02 -4.317831993103027344e-01 -1.734620094299316406e+00 5.226016167167948367e-01 4.116758917980115062e-01 -4.319533287212783956e-01 6.089553821705085968e-01
8.324950188398361206e-02 -4.317850172519683838e-01 -1.734623551368713379e+00 5.225952492741294808e-01 4.116846894079160268e-01 -4.319471880318927481e-01 6.089592376271651952e-01
8.325009793043136597e-02 -4.317860305309295654e-01 -1.734625577926635742e+00 5.225826602926615383e-01 4.116860774774763199e-01 -4.319608353482894958e-01 6.089594363273119759e-01
8.326367288827896118e-02 -4.317378401756286621e-01 -1.734612345695495605e+00 5.225718139932320483e-01 4.116796376166763638e-01 -4.319748944618572728e-01 6.089631504444557031e-01
8.326362073421478271e-02 -4.317343831062316895e-01 -1.734614849090576172e+00 5.225799531943161602e-01 4.116644075501509348e-01 -4.319743612357772600e-01 6.089668253124733699e-01
8.326347172260284424e-02 -4.317306578159332275e-01 -1.734617590904235840e+00 5.225734233088655811e-01 4.116631820277119047e-01 -4.319784259541802340e-01 6.089703856135525450e-01
8.326020836830139160e-02 -4.317536056041717529e-01 -1.734597802162170410e+00 5.225407886982788019e-01 4.117134840464087286e-01 -4.319650284662829298e-01 6.089738842977264754e-01
8.326136320829391479e-02 -4.317534565925598145e-01 -1.734598875045776367e+00 5.225329340589419669e-01 4.117133206639249088e-01 -4.319653334758149499e-01 6.089805145352391591e-01
8.326172828674316406e-02 -4.317547380924224854e-01 -1.734598040580749512e+00 5.225351280942032162e-01 4.117013186825729254e-01 -4.319589855163672998e-01 6.089912464766772393e-01
8.323445916175842285e-02 -4.318066239356994629e-01 -1.734506964683532715e+00 5.225278544131128911e-01 4.116946873245473371e-01 -4.319657292222397471e-01 6.089971856907138159e-01
8.323045819997787476e-02 -4.318152070045471191e-01 -1.734501719474792480e+00 5.225271343470413443e-01 4.116896153252659341e-01 -4.319650518976965725e-01 6.090017036723647248e-01
8.322598785161972046e-02 -4.318238198757171631e-01 -1.734497427940368652e+00 5.225268491720852504e-01 4.116887385209756500e-01 -4.319651076307841620e-01 6.090024780632563584e-01
8.323518186807632446e-02 -4.318258166313171387e-01 -1.734486460685729980e+00 5.225336968927176695e-01 4.116825912665220688e-01 -4.319971446601570952e-01 6.089780570578008367e-01
8.323156088590621948e-02 -4.318330585956573486e-01 -1.734481930732727051e+00 5.225348785699424070e-01 4.116817493900631897e-01 -4.319973208867068371e-01 6.089774783730098617e-01
8.322858065366744995e-02 -4.318404495716094971e-01 -1.734477043151855469e+00 5.225240758375205852e-01 4.116744475138878756e-01 -4.320033432561405928e-01 6.089874163127123596e-01
8.323410153388977051e-02 -4.317998886108398438e-01 -1.734583258628845215e+00 5.225286208189801052e-01 4.117182591131297587e-01 -4.319731910260706798e-01 6.089753036478947612e-01
8.322843164205551147e-02 -4.318019151687622070e-01 -1.734583258628845215e+00 5.225275941913303246e-01 4.117084096282323524e-01 -4.319849850970845506e-01 6.089744753824313239e-01
8.322273939847946167e-02 -4.318046867847442627e-01 -1.734582662582397461e+00 5.225302498732986578e-01 4.117066380015438343e-01 -4.319848838384294787e-01 6.089734478661352757e-01
8.322076499462127686e-02 -4.317958950996398926e-01 -1.734534859657287598e+00 5.225420772969983085e-01 4.116948846600401168e-01 -4.319628582112391979e-01 6.089868975427369380e-01
8.321625739336013794e-02 -4.318008422851562500e-01 -1.734531283378601074e+00 5.225464634992513790e-01 4.116965618926795578e-01 -4.319588687741025002e-01 6.089848227683184456e-01
8.321253210306167603e-02 -4.318057298660278320e-01 -1.734527230262756348e+00 5.225402718320627526e-01 4.116931096925008360e-01 -4.319568115946108566e-01 6.089939208383439162e-01
8.321458846330642700e-02 -4.317803084850311279e-01 -1.734508275985717773e+00 5.225251327720308314e-01 4.116873994954042826e-01 -4.319852144954499096e-01 6.089906189734918263e-01
8.321074396371841431e-02 -4.317833483219146729e-01 -1.734502196311950684e+00 5.225265319147637255e-01 4.116851778282942242e-01 -4.319711928240712040e-01 6.090008943751634707e-01
8.320719748735427856e-02 -4.317873418331146240e-01 -1.734496712684631348e+00 5.225337218452055232e-01 4.116878650994376110e-01 -4.319711199746705255e-01 6.089929281768911018e-01
8.323816955089569092e-02 -4.318009912967681885e-01 -1.734499096870422363e+00 5.225211777228194743e-01 4.116752265129654531e-01 -4.319733288277778360e-01 6.090106709199017976e-01
8.323734998703002930e-02 -4.318062961101531982e-01 -1.734491229057312012e+00 5.225202687167419535e-01 4.116810224309457311e-01 -4.319743334092615572e-01 6.090068395761942810e-01
8.323665708303451538e-02 -4.318127334117889404e-01 -1.734482884407043457e+00 5.225245321197974357e-01 4.116797060019244392e-01 -4.319665115766601615e-01 6.090096130797417739e-01
8.326967805624008179e-02 -4.318161010742187500e-01 -1.734515070915222168e+00 5.224954593697289651e-01 4.117039816520008388e-01 -4.319901389237271183e-01 6.090013910365539296e-01
8.327196538448333740e-02 -4.318203926086425781e-01 -1.734508156776428223e+00 5.224953470753014306e-01 4.116960419739991717e-01 -4.319937806276046288e-01 6.090042455085888928e-01
8.327425271272659302e-02 -4.318233728408813477e-01 -1.734501361846923828e+00 5.224943845506466733e-01 4.117002654809707174e-01 -4.319839619167840095e-01 6.090092032418360501e-01
8.323545753955841064e-02 -4.317688643932342529e-01 -1.734427332878112793e+00 5.225052627584767517e-01 4.116400575208208901e-01 -4.320051802797613139e-01 6.090255133199876658e-01
8.323320001363754272e-02 -4.317710399627685547e-01 -1.734415531158447266e+00 5.225081841327505749e-01 4.116323054142888016e-01 -4.320099997057282315e-01 6.090248317410507095e-01
8.322954177856445312e-02 -4.317743480205535889e-01 -1.734404444694519043e+00 5.225102053790946499e-01 4.116372972695125920e-01 -4.320069418370414138e-01 6.090218769401993804e-01
8.322861045598983765e-02 -4.317751824855804443e-01 -1.734418272972106934e+00 5.225154794762545407e-01 4.116379119960075217e-01 -4.320038842246917143e-01 6.090191090739699442e-01
8.322328329086303711e-02 -4.317754209041595459e-01 -1.734408497810363770e+00 5.225168857743479611e-01 4.116344585073870577e-01 -4.319978467289357082e-01 6.090245281811043077e-01
8.321762830018997192e-02 -4.317755699157714844e-01 -1.734398603439331055e+00 5.225103141055281730e-01 4.116395073457344567e-01 -4.320100780876411917e-01 6.090180713376744936e-01
8.323092013597488403e-02 -4.317657053470611572e-01 -1.734427571296691895e+00 5.225246818373326940e-01 4.116602459675871573e-01 -4.319786040426902285e-01 6.090140869542545188e-01
8.322660624980926514e-02 -4.317652285099029541e-01 -1.734421014785766602e+00 5.225254286420166761e-01 4.116540325209921969e-01 -4.319725344444912407e-01 6.090219286590737857e-01
8.322251588106155396e-02 -4.317648112773895264e-01 -1.734414100646972656e+00 5.225330784271018381e-01 4.116404952761751890e-01 -4.319740954442682357e-01 6.090234214582889161e-01
8.324331045150756836e-02 -4.317816197872161865e-01 -1.734473466873168945e+00 5.225643946810966112e-01 4.116714779465888707e-01 -4.319469765771288272e-01 6.089948369238739057e-01
8.324235677719116211e-02 -4.317833185195922852e-01 -1.734469294548034668e+00 5.225594097994393783e-01 4.116740434025487061e-01 -4.319480316336865022e-01 6.089965971109170262e-01
8.323959261178970337e-02 -4.317855536937713623e-01 -1.734465599060058594e+00 5.225626908799155812e-01 4.116799455124539042e-01 -4.319506964698460738e-01 6.089879114261033122e-01
8.325128257274627686e-02 -4.317730069160461426e-01 -1.734496355056762695e+00 5.225826175209732360e-01 4.116698151586988264e-01 -4.319539702035364859e-01 6.089753259512450390e-01
8.324959129095077515e-02 -4.317724406719207764e-01 -1.734495282173156738e+00 5.225824553449562870e-01 4.116766224289089005e-01 -4.319535606972304542e-01 6.089711664815441461e-01
8.324864506721496582e-02 -4.317704737186431885e-01 -1.734493136405944824e+00 5.225716553782445706e-01 4.116747795664320586e-01 -4.319623417238671048e-01 6.089754541814144106e-01
8.325461298227310181e-02 -4.317261874675750732e-01 -1.734423160552978516e+00 5.225667062100104454e-01 4.117015370902422644e-01 -4.319621679649575108e-01 6.089617457475683393e-01
8.325549215078353882e-02 -4.317231476306915283e-01 -1.734418630599975586e+00 5.225793882483897868e-01 4.116872579644739738e-01 -4.319562972818834501e-01 6.089646749577605211e-01
8.325659483671188354e-02 -4.317180812358856201e-01 -1.734414339065551758e+00 5.225733894473474361e-01 4.116867870130624385e-01 -4.319605982315715131e-01 6.089671030801285800e-01
8.323998004198074341e-02 -4.317172169685363770e-01 -1.734420299530029297e+00 5.225756136097773341e-01 4.116383132415335488e-01 -4.319773745860927550e-01 6.089860541855233178e-01
8.323963731527328491e-02 -4.317117929458618164e-01 -1.734416961669921875e+00 5.225819153519215554e-01 4.116327042122261415e-01 -4.319745339169431264e-01 6.089864521942854880e-01
8.324410766363143921e-02 -4.317177236080169678e-01 -1.734422445297241211e+00 5.225852087661099210e-01 4.115930057809580322e-01 -4.319666451073601587e-01 6.090160473045529432e-01
8.324217051267623901e-02 -4.317266941070556641e-01 -1.734409213066101074e+00 5.225739811325077477e-01 4.115942069587525953e-01 -4.319644594527606296e-01 6.090264375067064861e-01
8.324198424816131592e-02 -4.317259490489959717e-01 -1.734406352043151855e+00 5.225696931821147695e-01 4.116035261463533712e-01 -4.319565818351705500e-01 6.090293960443845522e-01
8.324504643678665161e-02 -4.317277371883392334e-01 -1.734418869018554688e+00 5.225682852439302861e-01 4.116173279630755411e-01 -4.319747193391750839e-01 6.090084100871904216e-01
8.323727548122406006e-02 -4.317271709442138672e-01 -1.734428286552429199e+00 5.225518049562997147e-01 4.115963326062518912e-01 -4.319888527242483622e-01 6.090267045347815822e-01
8.323448896408081055e-02 -4.317245781421661377e-01 -1.734426856040954590e+00 5.225486735181321674e-01 4.115977262224115307e-01 -4.319809920251752033e-01 6.090340328076405685e-01
8.324025571346282959e-02 -4.317308962345123291e-01 -1.734444260597229004e+00 5.225609175663012973e-01 4.116102993877748806e-01 -4.319908241639712210e-01 6.090080426908360822e-01
8.323115110397338867e-02 -4.317454993724822998e-01 -1.734474420547485352e+00 5.225358018091121881e-01 4.116150265111931383e-01 -4.319891824019428950e-01 6.090275904464615975e-01
8.322549611330032349e-02 -4.317459166049957275e-01 -1.734472155570983887e+00 5.225230295950145099e-01 4.116188566419437533e-01 -4.319917549237123344e-01 6.090341499500888656e-01
8.320551365613937378e-02 -4.317292571067810059e-01 -1.734478950500488281e+00 5.225234003251369996e-01 4.115878082681357908e-01 -4.319850283804267943e-01 6.090595691280796808e-01
8.319542557001113892e-02 -4.317483305931091309e-01 -1.734408378601074219e+00 5.225000669853495650e-01 4.116016184234971287e-01 -4.319928941703217729e-01 6.090646657665689245e-01
8.318713307380676270e-02 -4.317505955696105957e-01 -1.734403491020202637e+00 5.225165061277070588e-01 4.115939446701669668e-01 -4.319833579475058083e-01 6.090625147185538824e-01
8.321080356836318970e-02 -4.317883551120758057e-01 -1.734424233436584473e+00 5.225181423492902821e-01 4.116145504764311402e-01 -4.319817503485461896e-01 6.090483305007720061e-01
8.322104811668395996e-02 -4.317507147789001465e-01 -1.734461903572082520e+00 5.225044250215348240e-01 4.116177563674426332e-01 -4.319767713395374353e-01 6.090614537367486925e-01
8.321779221296310425e-02 -4.317480027675628662e-01 -1.734460115432739258e+00 5.225084265401321870e-01 4.116168499138065928e-01 -4.319692709173804657e-01 6.090639760346100440e-01
8.323180675506591797e-02 -4.317669272422790527e-01 -1.734471201896667480e+00 5.225073749190595196e-01 4.116080818542376951e-01 -4.319694719136297212e-01 6.090706489094194209e-01
8.326115459203720093e-02 -4.317425191402435303e-01 -1.734448790550231934e+00 5.225231401011362076e-01 4.116260665584582368e-01 -4.319466055884787492e-01 6.090611700040752252e-01
8.326271176338195801e-02 -4.317400455474853516e-01 -1.734446525573730469e+00 5.225148948543871796e-01 4.116303767839327721e-01 -4.319572341952175876e-01 6.090578051838020368e-01
8.325768262147903442e-02 -4.317346811294555664e-01 -1.734449148178100586e+00 5.225171513485946662e-01 4.116597978828298587e-01 -4.319594326043421639e-01 6.090344280943679189e-01
8.322286605834960938e-02 -4.317753911018371582e-01 -1.734473824501037598e+00 5.225046050459696279e-01 4.116524465966274748e-01 -4.319343399422349017e-01 6.090679600478593470e-01
8.321861177682876587e-02 -4.317775368690490723e-01 -1.734471559524536133e+00 5.224962971210458385e-01 4.116452743335246578e-01 -4.319459438563341691e-01 6.090716839942428296e-01
8.320944011211395264e-02 -4.317761361598968506e-01 -1.734470963478088379e+00 5.224877003027434963e-01 4.116556444313870244e-01 -4.319315524730110711e-01 6.090822473063741693e-01
8.324745297431945801e-02 -4.317739605903625488e-01 -1.734475493431091309e+00 5.225190834417361430e-01 4.116700571773053152e-01 -4.319132297662555131e-01 6.090585979572588071e-01
8.324573934078216553e-02 -4.317747950553894043e-01 -1.734476089477539062e+00 5.225179231172839556e-01 4.116666758261725012e-01 -4.319082678424698285e-01 6.090653831346366509e-01
8.323018252849578857e-02 -4.317671954631805420e-01 -1.734483718872070312e+00 5.225304744471279683e-01 4.116873794156580280e-01 -4.319282481730855605e-01 6.090264422088282892e-01
8.323521912097930908e-02 -4.317715764045715332e-01 -1.734475135803222656e+00 5.225335650009762523e-01 4.117093979126113523e-01 -4.319190365402868492e-01 6.090154541495944596e-01
8.323134481906890869e-02 -4.317709505558013916e-01 -1.734475612640380859e+00 5.225240597963395350e-01 4.117074764678527177e-01 -4.319176467044033574e-01 6.090258910668798764e-01
8.323817700147628784e-02 -4.317817389965057373e-01 -1.734493970870971680e+00 5.225462104158475896e-01 4.117030420359715226e-01 -4.319238940351026179e-01 6.090054642010732655e-01
8.322592079639434814e-02 -4.317592978477478027e-01 -1.734433412551879883e+00 5.225455652308411691e-01 4.117313218530262442e-01 -4.319107928869329593e-01 6.089962068526111327e-01
8.321988582611083984e-02 -4.317567944526672363e-01 -1.734432935714721680e+00 5.225453673977099589e-01 4.117260382115027206e-01 -4.319080691113622583e-01 6.090018698074827208e-01
8.323727548122406006e-02 -4.317852854728698730e-01 -1.734452962875366211e+00 5.225376874933134186e-01 4.117293447286927144e-01 -4.319220417124354783e-01 6.089963053956137795e-01
8.325538784265518188e-02 -4.317679703235626221e-01 -1.734471082687377930e+00 5.225572960669399025e-01 4.117212662365666853e-01 -4.319023320574513214e-01 6.089989321671552824e-01
8.325429260730743408e-02 -4.317704141139984131e-01 -1.734474420547485352e+00 5.225598179306151225e-01 4.117277983442486633e-01 -4.318968775052771103e-01 6.089962212756034887e-01
8.323389291763305664e-02 -4.317463338375091553e-01 -1.734471440315246582e+00 5.225420648209541108e-01 4.117227909249002726e-01 -4.318756609740104224e-01 6.090298724505918138e-01
8.323890715837478638e-02 -4.317353963851928711e-01 -1.734464406967163086e+00 5.225584723440908075e-01 4.117388497577001427e-01 -4.318651145113318601e-01 6.090124037751094566e-01
8.323550224304199219e-02 -4.317366778850555420e-01 -1.734465599060058594e+00 5.225540452508613543e-01 4.117373370244671316e-01 -4.318720169824600830e-01 6.090123449145774526e-01
8.324416726827621460e-02 -4.317452907562255859e-01 -1.734477162361145020e+00 5.225655156936972467e-01 4.117259039946390975e-01 -4.318667522160114514e-01 6.090139617815412132e-01
8.325258642435073853e-02 -4.317668676376342773e-01 -1.734487414360046387e+00 5.226040528267329455e-01 4.116850644478353694e-01 -4.318888033528147097e-01 6.089928470714851549e-01
8.325086534023284912e-02 -4.317689538002014160e-01 -1.734494447708129883e+00 5.226010464480146389e-01 4.116867519989776958e-01 -4.318890032486379926e-01 6.089941549022439560e-01
8.324749022722244263e-02 -4.317695498466491699e-01 -1.734516859054565430e+00 5.226008023015028536e-01 4.117110774154981168e-01 -4.318933501621753934e-01 6.089748221437440989e-01
8.325788378715515137e-02 -4.317909777164459229e-01 -1.734431028366088867e+00 5.225956876731726597e-01 4.117000800748304989e-01 -4.319037734830805664e-01 6.089792851903593762e-01
8.325803279876708984e-02 -4.317983388900756836e-01 -1.734432101249694824e+00 5.226066600042330590e-01 4.116998939833692028e-01 -4.319030598470180449e-01 6.089704770164653391e-01
8.324815332889556885e-02 -4.317898154258728027e-01 -1.734446883201599121e+00 5.226050543551034044e-01 4.116658737586262884e-01 -4.319165530651380980e-01 6.089852787667610068e-01
8.318653702735900879e-02 -4.317522048950195312e-01 -1.734349727630615234e+00 5.225814145658033150e-01 4.116741061292919501e-01 -4.319041356147755306e-01 6.090088208794084412e-01
8.317767828702926636e-02 -4.317504465579986572e-01 -1.734344482421875000e+00 5.225824945523495080e-01 4.116794251675036098e-01 -4.319038649989806467e-01 6.090044969761301275e-01
8.317708224058151245e-02 -4.317547082901000977e-01 -1.734341502189636230e+00 5.225754603424777045e-01 4.116464644666429917e-01 -4.318993509869994973e-01 6.090360197255725305e-01
8.318574726581573486e-02 -4.317212402820587158e-01 -1.734386086463928223e+00 5.225549559804313349e-01 4.116356194327324136e-01 -4.319098125427624502e-01 6.090535013964946121e-01
8.317981660366058350e-02 -4.317170083522796631e-01 -1.734384298324584961e+00 5.225513183994093813e-01 4.116412153311610478e-01 -4.318952799250996288e-01 6.090631449498200567e-01
8.318148553371429443e-02 -4.317175149917602539e-01 -1.734409451484680176e+00 5.225657455990049272e-01 4.116190610722194054e-01 -4.319170879043977007e-01 6.090502933340968816e-01
8.323863148689270020e-02 -4.317124187946319580e-01 -1.734441161155700684e+00 5.225919381019977772e-01 4.115877520963948100e-01 -4.319118195417736561e-01 6.090527011200885799e-01
8.323938399553298950e-02 -4.317081570625305176e-01 -1.734443426132202148e+00 5.225923372971666980e-01 4.115876907559687381e-01 -4.319154298838435158e-01 6.090498549668837969e-01
8.327734470367431641e-02 -4.317494928836822510e-01 -1.734471917152404785e+00 5.225879550442142918e-01 4.115799289998330890e-01 -4.319244160144499745e-01 6.090524815285716098e-01
8.326928317546844482e-02 -4.318015277385711670e-01 -1.734427809715270996e+00 5.225708533916159082e-01 4.115994613872496766e-01 -4.319163468184388788e-01 6.090596671281419683e-01
8.327223360538482666e-02 -4.318064451217651367e-01 -1.734427452087402344e+00 5.225783848886618177e-01 4.115896085691068129e-01 -4.319161474702293835e-01 6.090600282052249792e-01
8.325953036546707153e-02 -4.317912757396697998e-01 -1.734436988830566406e+00 5.225786753819960939e-01 4.116312785237324356e-01 -4.319281383882728198e-01 6.090231053099768310e-01
8.323162794113159180e-02 -4.317723512649536133e-01 -1.734424829483032227e+00 5.225810117979721170e-01 4.116113171596595399e-01 -4.319214150475336189e-01 6.090393588501356037e-01
8.322777599096298218e-02 -4.317742288112640381e-01 -1.734425783157348633e+00 5.225804521996736396e-01 4.116172576774208003e-01 -4.319292414546447856e-01 6.090302733033288174e-01
8.321852236986160278e-02 -4.317686855792999268e-01 -1.734441399574279785e+00 5.225765456878526116e-01 4.116479691122474915e-01 -4.319391623992375751e-01 6.090058265556178574e-01
8.322077244520187378e-02 -4.317467510700225830e-01 -1.734501481056213379e+00 5.225891312523560650e-01 4.116343948562746768e-01 -4.319380145757868439e-01 6.090050034073206664e-01
8.321704715490341187e-02 -4.317447543144226074e-01 -1.734507441520690918e+00 5.225954720379168972e-01 4.116370099994197673e-01 -4.319285180820364722e-01 6.090045287791315820e-01
8.322143554687500000e-02 -4.317594468593597412e-01 -1.734534502029418945e+00 5.226107480608798150e-01 4.116355631858463204e-01 -4.319587815056292746e-01 6.089709597999793944e-01
8.321757614612579346e-02 -4.317843914031982422e-01 -1.734491705894470215e+00 5.225985818104739167e-01 4.116449216396644295e-01 -4.319542101633509490e-01 6.089782935636628425e-01
8.321441709995269775e-02 -4.317883253097534180e-01 -1.734494686126708984e+00 5.226016612690170815e-01 4.116489970597010384e-01 -4.319536803922626178e-01 6.089733079685140105e-01
8.321312069892883301e-02 -4.317930340766906738e-01 -1.734514236450195312e+00 5.226174948882665872e-01 4.116566089593617916e-01 -4.319663760730725333e-01 6.089455344413284843e-01
8.322763442993164062e-02 -4.317882955074310303e-01 -1.734510898590087891e+00 5.225987582382762842e-01 4.116473381991055391e-01 -4.319671805834108813e-01 6.089673240981554603e-01
8.322793990373611450e-02 -4.317913353443145752e-01 -1.734514832496643066e+00 5.225959460789404432e-01 4.116447345081531428e-01 -4.319699773158250378e-01 6.089694889979554437e-01
8.323565870523452759e-02 -4.318006932735443115e-01 -1.734530687332153320e+00 5.225937326957409423e-01 4.116054857513493093e-01 -4.319704186047086392e-01 6.089976166281698688e-01
8.324451744556427002e-02 -4.317736029624938965e-01 -1.734412908554077148e+00 5.225822236648447472e-01 4.116248052189654949e-01 -4.319730850168045366e-01 6.089925799491789915e-01
8.324550092220306396e-02 -4.317737519741058350e-01 -1.734412312507629395e+00 5.225850804516600778e-01 4.116225763982641617e-01 -4.319760842667816347e-01 6.089894789178941226e-01
8.323781192302703857e-02 -4.317574799060821533e-01 -1.734410166740417480e+00 5.225891383808821677e-01 4.116254785836669927e-01 -4.319776682386208821e-01 6.089829109262399065e-01
8.325713127851486206e-02 -4.317809045314788818e-01 -1.734396457672119141e+00 5.225447525104727209e-01 4.116432651332990744e-01 -4.319932714280847463e-01 6.089979097199520464e-01
8.325852453708648682e-02 -4.317805469036102295e-01 -1.734393715858459473e+00 5.225411291167832983e-01 4.116459092305162493e-01 -4.319973487999462791e-01 6.089963294670801552e-01
8.324019610881805420e-02 -4.317708313465118408e-01 -1.734403491020202637e+00 5.225541147586535429e-01 4.116382924739970250e-01 -4.319966725479768010e-01 6.089908341209138154e-01
8.324261754751205444e-02 -4.317464828491210938e-01 -1.734313845634460449e+00 5.225531666002807274e-01 4.116643545189981879e-01 -4.320009923864055468e-01 6.089709655506642116e-01
8.324263244867324829e-02 -4.317441880702972412e-01 -1.734306693077087402e+00 5.225525071658114751e-01 4.116723773179452039e-01 -4.320001028330667792e-01 6.089667294646945450e-01
8.326021581888198853e-02 -4.317781329154968262e-01 -1.734310865402221680e+00 5.225504219216083879e-01 4.116532852476373905e-01 -4.320018089124172400e-01 6.089802238464611106e-01
8.323926478624343872e-02 -4.317314326763153076e-01 -1.734294772148132324e+00 5.225570358598186083e-01 4.116400085813803900e-01 -4.319967510356739759e-01 6.089871019212591552e-01
8.323665708303451538e-02 -4.317221343517303467e-01 -1.734287261962890625e+00 5.225459680259938455e-01 4.116516895084242900e-01 -4.320043735704375831e-01 6.089832757258293316e-01
8.322705328464508057e-02 -4.316985607147216797e-01 -1.734289646148681641e+00 5.225541379279156073e-01 4.116576686767033366e-01 -4.320138503326824142e-01 6.089655276726307909e-01
8.318344503641128540e-02 -4.317484796047210693e-01 -1.734356880187988281e+00 5.225188642101246117e-01 4.116533971868229225e-01 -4.320068660518318615e-01 6.090036427678098274e-01
8.317279815673828125e-02 -4.317434132099151611e-01 -1.734354496002197266e+00 5.225147914760620571e-01 4.116553759676212509e-01 -4.320083707307442733e-01 6.090047393133175557e-01
8.316591382026672363e-02 -4.317120313644409180e-01 -1.734373450279235840e+00 5.225140197027473565e-01 4.116384809509980869e-01 -4.319913097136279245e-01 6.090288954317831793e-01
8.320414274930953979e-02 -4.317458868026733398e-01 -1.734301328659057617e+00 5.225165756404929196e-01 4.116498993918083493e-01 -4.320053395951777286e-01 6.090090478761809312e-01
8.320026844739913940e-02 -4.317430257797241211e-01 -1.734295129776000977e+00 5.225171905608881895e-01 4.116484132489219294e-01 -4.320099394851872332e-01 6.090062493522701015e-01
8.324477076530456543e-02 -4.317288994789123535e-01 -1.734338760375976562e+00 5.225350746247288125e-01 4.116397604084344186e-01 -4.319646654003501673e-01 6.090288800122420909e-01
8.325111865997314453e-02 -4.317310452461242676e-01 -1.734325885772705078e+00 5.225339268120250402e-01 4.116477832132596770e-01 -4.319884903409653698e-01 6.090075324555153102e-01
8.325207233428955078e-02 -4.317274987697601318e-01 -1.734321355819702148e+00 5.225331461553605061e-01 4.116445804741000192e-01 -4.319876100572297428e-01 6.090109945894088828e-01
8.320643752813339233e-02 -4.317304491996765137e-01 -1.734267354011535645e+00 5.225243574492853815e-01 4.116573039898332453e-01 -4.319896946632255097e-01 6.090084478140318502e-01
8.318483084440231323e-02 -4.317350685596466064e-01 -1.734323143959045410e+00 5.225380653422593280e-01 4.116339716903925083e-01 -4.319779308340022661e-01 6.090208030498537317e-01
