repeatability steamvr; 20211020-213528; x y z w i j k;  frequency = 150 duration = 2 sys.args = ['.\\repeatability.py']
8.323458582162857056e-02 -4.318605661392211914e-01 -1.734824419021606445e+00 5.225940160520844424e-01 4.117118366085626979e-01 -4.320508482515194038e-01 6.088684181312878918e-01
8.325249701738357544e-02 -4.318338036537170410e-01 -1.734825491905212402e+00 5.225717676562744440e-01 4.117331541009793816e-01 -4.320370260736934309e-01 6.088828917975125377e-01
8.325523883104324341e-02 -4.318317770957946777e-01 -1.734824538230895996e+00 5.225671980991923871e-01 4.117371928992645813e-01 -4.320506328631686932e-01 6.088744432463168987e-01
8.326637744903564453e-02 -4.318408071994781494e-01 -1.734847664833068848e+00 5.225795076534156536e-01 4.117398981408534331e-01 -4.320609167792198169e-01 6.088547687470934333e-01
8.326985687017440796e-02 -4.318241178989410400e-01 -1.734800577163696289e+00 5.225699765514932871e-01 4.117366683056625787e-01 -4.320464857728177899e-01 6.088753548761028922e-01
8.327285945415496826e-02 -4.318207800388336182e-01 -1.734797000885009766e+00 5.225648580570259050e-01 4.117315691778270503e-01 -4.320521345051203665e-01 6.088792086354514188e-01
8.327065408229827881e-02 -4.318126738071441650e-01 -1.734808087348937988e+00 5.225663551149126729e-01 4.116978964030664767e-01 -4.320528589664169861e-01 6.089001625234730097e-01
8.327411860227584839e-02 -4.318097531795501709e-01 -1.734805703163146973e+00 5.225631845550972043e-01 4.116953292380034490e-01 -4.320591303574419784e-01 6.089001784155089192e-01
8.325730264186859131e-02 -4.318055212497711182e-01 -1.734802603721618652e+00 5.225323066807966432e-01 4.116964480091343526e-01 -4.320818511953033458e-01 6.089098101074890135e-01
8.325884491205215454e-02 -4.318028986454010010e-01 -1.734799861907958984e+00 5.225314333406470002e-01 4.116871978409528121e-01 -4.320864588370404991e-01 6.089135369563900557e-01
8.327473700046539307e-02 -4.318155944347381592e-01 -1.734822750091552734e+00 5.225431270659438576e-01 4.116946885110368548e-01 -4.321026557473678364e-01 6.088869353320380817e-01
8.328311145305633545e-02 -4.318015575408935547e-01 -1.734842896461486816e+00 5.225688751526692544e-01 4.117080656381057469e-01 -4.320642060972677001e-01 6.088830683597042936e-01
8.328649401664733887e-02 -4.317978918552398682e-01 -1.734843015670776367e+00 5.225692048596803918e-01 4.116998537030666649e-01 -4.320651008336662824e-01 6.088877028680736991e-01
8.329991251230239868e-02 -4.318065047264099121e-01 -1.734851241111755371e+00 5.225478019876090841e-01 4.117265901782959370e-01 -4.320588332171033108e-01 6.088924382681557557e-01
8.327818661928176880e-02 -4.318527281284332275e-01 -1.734854221343994141e+00 5.225730704360944667e-01 4.117393847088381409e-01 -4.320209928935713761e-01 6.088889588314121415e-01
8.328132331371307373e-02 -4.318579137325286865e-01 -1.734855175018310547e+00 5.225796252762503480e-01 4.117260649818196838e-01 -4.320176519549929206e-01 6.088946947511784114e-01
8.328177779912948608e-02 -4.318591058254241943e-01 -1.734875440597534180e+00 5.225813272400610110e-01 4.117542080804060811e-01 -4.320317817973952645e-01 6.088641828907688236e-01
8.330330252647399902e-02 -4.318657815456390381e-01 -1.734937429428100586e+00 5.225980400520013891e-01 4.117596380887985630e-01 -4.320127562346394723e-01 6.088596666596335361e-01
8.330814540386199951e-02 -4.318691492080688477e-01 -1.734942674636840820e+00 5.225992287121248303e-01 4.117515232479036502e-01 -4.320016120971501006e-01 6.088720538452520037e-01
8.331112563610076904e-02 -4.318678379058837891e-01 -1.734950661659240723e+00 5.225908795204750046e-01 4.117164105648279948e-01 -4.319974131259264327e-01 6.089059328770008994e-01
8.331292867660522461e-02 -4.318560957908630371e-01 -1.734932780265808105e+00 5.225989631795880941e-01 4.117444436779764683e-01 -4.319647318807081082e-01 6.089032291507562311e-01
8.331748843193054199e-02 -4.318562448024749756e-01 -1.734938025474548340e+00 5.225910969397505879e-01 4.117409502169785407e-01 -4.319629952149182661e-01 6.089135779245098412e-01
8.330413699150085449e-02 -4.318386614322662354e-01 -1.734937071800231934e+00 5.225860338985560682e-01 4.117647567629157401e-01 -4.319524651132654047e-01 6.089092692345863256e-01
8.328112959861755371e-02 -4.318361282348632812e-01 -1.734851360321044922e+00 5.225744819257495122e-01 4.117886049581228058e-01 -4.319404636672353193e-01 6.089115661295820825e-01
8.327904343605041504e-02 -4.318354725837707520e-01 -1.734855413436889648e+00 5.225768165783007957e-01 4.117872892195396650e-01 -4.319384145340093295e-01 6.089119396230895376e-01
8.326195925474166870e-02 -4.318153560161590576e-01 -1.734869360923767090e+00 5.225739223204585171e-01 4.117998210083654298e-01 -4.319540787300343299e-01 6.088948240806194567e-01
8.328598737716674805e-02 -4.318229854106903076e-01 -1.734883666038513184e+00 5.225887427475353064e-01 4.117953138175582950e-01 -4.319337377859160387e-01 6.088995974637045894e-01
8.328453451395034790e-02 -4.318224787712097168e-01 -1.734889030456542969e+00 5.225887195798075702e-01 4.117974064762736086e-01 -4.319345856264908967e-01 6.088975999547926454e-01
8.327326923608779907e-02 -4.318142235279083252e-01 -1.734913110733032227e+00 5.226104023415467648e-01 4.117727546502794600e-01 -4.319452295685489718e-01 6.088881048520908834e-01
8.323449641466140747e-02 -4.318259656429290771e-01 -1.734840273857116699e+00 5.226059061873314926e-01 4.117948593559610515e-01 -4.319357174006843714e-01 6.088837486328145809e-01
8.322791010141372681e-02 -4.318284392356872559e-01 -1.734843373298645020e+00 5.226119919357634647e-01 4.117884637744528287e-01 -4.319306964759017098e-01 6.088864096582622398e-01
8.322858810424804688e-02 -4.318415522575378418e-01 -1.734855890274047852e+00 5.225920254259670550e-01 4.117814320250319238e-01 -4.319338848856870694e-01 6.089060661762965010e-01
8.324137330055236816e-02 -4.318466782569885254e-01 -1.734799265861511230e+00 5.226186514275865669e-01 4.117510473198909837e-01 -4.319518660176417391e-01 6.088909825493052930e-01
8.324008435010910034e-02 -4.318515062332153320e-01 -1.734799504280090332e+00 5.226175946822071428e-01 4.117581241392629376e-01 -4.319316045057750575e-01 6.089014945771376031e-01
8.323434740304946899e-02 -4.318514764308929443e-01 -1.734813332557678223e+00 5.226308974003113228e-01 4.117629971252708687e-01 -4.319593989476629980e-01 6.088670641290760965e-01
8.325926214456558228e-02 -4.318321347236633301e-01 -1.734736680984497070e+00 5.226396896606887443e-01 4.117786867462367995e-01 -4.319572535338133679e-01 6.088504204860020197e-01
8.325903117656707764e-02 -4.318327903747558594e-01 -1.734735131263732910e+00 5.226367672395201280e-01 4.117845781695143037e-01 -4.319545546521886825e-01 6.088508455345759129e-01
8.328257501125335693e-02 -4.318700134754180908e-01 -1.734770178794860840e+00 5.226479685773057771e-01 4.117646692342563641e-01 -4.319730844771111911e-01 6.088415886545457401e-01
8.325839042663574219e-02 -4.318453073501586914e-01 -1.734717369079589844e+00 5.226153439678098422e-01 4.118106464284282398e-01 -4.319515916110724385e-01 6.088537349987838132e-01
8.325747400522232056e-02 -4.318502843379974365e-01 -1.734715700149536133e+00 5.226094168619868086e-01 4.118188204592135859e-01 -4.319505134959387149e-01 6.088540679871634609e-01
8.324384689331054688e-02 -4.318484067916870117e-01 -1.734726905822753906e+00 5.225838971058034410e-01 4.118553946321645287e-01 -4.319410986643788530e-01 6.088578810626372739e-01
8.323965221643447876e-02 -4.318509995937347412e-01 -1.734724402427673340e+00 5.225879532620787415e-01 4.118607771462718392e-01 -4.319361974034537366e-01 6.088542388459007304e-01
8.323630690574645996e-02 -4.318525493144989014e-01 -1.734722018241882324e+00 5.225810189266090200e-01 4.118716457975165057e-01 -4.319436130771712734e-01 6.088475902113609228e-01
8.326281607151031494e-02 -4.318562150001525879e-01 -1.734730601310729980e+00 5.225867966548204402e-01 4.118266981638334379e-01 -4.319099917914743791e-01 6.088968607341738171e-01
8.326224237680435181e-02 -4.318605065345764160e-01 -1.734727621078491211e+00 5.225847917440324952e-01 4.118134613834970592e-01 -4.319124311881663014e-01 6.089058263679549832e-01
8.326165378093719482e-02 -4.318645894527435303e-01 -1.734726428985595703e+00 5.225851392624535352e-01 4.118118544835173700e-01 -4.319048264789640545e-01 6.089119939977279961e-01
8.325379341840744019e-02 -4.318412542343139648e-01 -1.734754920005798340e+00 5.226292668777200445e-01 4.117914251052314789e-01 -4.319043838844504601e-01 6.088882662666784684e-01
8.325364440679550171e-02 -4.318429231643676758e-01 -1.734756588935852051e+00 5.226291510480528535e-01 4.117931950094305682e-01 -4.318948621794629350e-01 6.088939182706096798e-01
8.325362950563430786e-02 -4.318451881408691406e-01 -1.734757184982299805e+00 5.226323746672065784e-01 4.117934064345732947e-01 -4.318902095389812734e-01 6.088943110454665408e-01
8.324295282363891602e-02 -4.318228363990783691e-01 -1.734767198562622070e+00 5.226418066238658344e-01 4.117583119033323413e-01 -4.319073715853500861e-01 6.088977634546882678e-01
8.324246853590011597e-02 -4.318253397941589355e-01 -1.734768986701965332e+00 5.226348961686060335e-01 4.117574374258324843e-01 -4.319072072374249838e-01 6.089044174379548702e-01
8.323884755373001099e-02 -4.318246245384216309e-01 -1.734785079956054688e+00 5.226468299222085667e-01 4.117534242142017464e-01 -4.319113210837917660e-01 6.088939782199441764e-01
8.325349539518356323e-02 -4.318178594112396240e-01 -1.734730243682861328e+00 5.226329769774806788e-01 4.117297605987096376e-01 -4.319590736741761305e-01 6.088879925156377437e-01
8.325493335723876953e-02 -4.318187534809112549e-01 -1.734728693962097168e+00 5.226350405086006568e-01 4.117322014242233985e-01 -4.319532428887998265e-01 6.088886819387350213e-01
8.325522392988204956e-02 -4.318243265151977539e-01 -1.734741568565368652e+00 5.226224168452684449e-01 4.116956323591913769e-01 -4.319550622118084604e-01 6.089229344911495367e-01
8.325791358947753906e-02 -4.317957460880279541e-01 -1.734703421592712402e+00 5.226298335517219895e-01 4.116587119805295569e-01 -4.319891678968849624e-01 6.089173724717957814e-01
8.325755596160888672e-02 -4.317974746227264404e-01 -1.734702348709106445e+00 5.226327310639024004e-01 4.116638962242526456e-01 -4.319860316140435308e-01 6.089136116832670753e-01
8.327149599790573120e-02 -4.318047761917114258e-01 -1.734721302986145020e+00 5.226428062979409095e-01 4.116444204848562216e-01 -4.320002563542386653e-01 6.089080175243608561e-01
8.324265480041503906e-02 -4.317997395992279053e-01 -1.734676003456115723e+00 5.226302897416670312e-01 4.116396488751108418e-01 -4.319966636622410427e-01 6.089245391661363138e-01
8.324041217565536499e-02 -4.317980706691741943e-01 -1.734674930572509766e+00 5.226242772687902383e-01 4.116474460337662955e-01 -4.319963480731259797e-01 6.089246587775859476e-01
8.325278759002685547e-02 -4.318169355392456055e-01 -1.734686493873596191e+00 5.226265297267198573e-01 4.116238744093155266e-01 -4.319941191276288062e-01 6.089402535940813266e-01
8.325874060392379761e-02 -4.318111240863800049e-01 -1.734655737876892090e+00 5.226082460456998868e-01 4.116527634524291268e-01 -4.319892556693806229e-01 6.089398591986365794e-01
8.325885981321334839e-02 -4.318111538887023926e-01 -1.734651446342468262e+00 5.226050846504156633e-01 4.116489308540705605e-01 -4.319878022022370923e-01 6.089461803330968870e-01
8.325034379959106445e-02 -4.318061769008636475e-01 -1.734664440155029297e+00 5.226131092821678648e-01 4.116290736075266521e-01 -4.319964626572100896e-01 6.089465671923049994e-01
8.324361592531204224e-02 -4.318293929100036621e-01 -1.734688997268676758e+00 5.226045892327358944e-01 4.116766189717301905e-01 -4.319720571726032854e-01 6.089390732767975267e-01
8.324390649795532227e-02 -4.318306148052215576e-01 -1.734686136245727539e+00 5.226131894744016071e-01 4.116649472554988476e-01 -4.319667252454079120e-01 6.089433658583369713e-01
8.325567096471786499e-02 -4.318462014198303223e-01 -1.734704136848449707e+00 5.226148984570808675e-01 4.116701091094489007e-01 -4.319688375701892791e-01 6.089369265952753185e-01
8.323952555656433105e-02 -4.317913949489593506e-01 -1.734665870666503906e+00 5.226114662296910129e-01 4.116890864641690739e-01 -4.319380203903406823e-01 6.089488808564710309e-01
8.323977887630462646e-02 -4.317886531352996826e-01 -1.734662413597106934e+00 5.226200200255093353e-01 4.116925521727270998e-01 -4.319241684078788945e-01 6.089490075004369007e-01
8.325163275003433228e-02 -4.318155348300933838e-01 -1.734674215316772461e+00 5.226113325755205041e-01 4.116599517786162510e-01 -4.319238922293286431e-01 6.089787042564018815e-01
8.324524760246276855e-02 -4.318121373653411865e-01 -1.734653472900390625e+00 5.226274688419922931e-01 4.116816128963654009e-01 -4.318818038775419921e-01 6.089800741210564805e-01
8.324506133794784546e-02 -4.318152070045471191e-01 -1.734651446342468262e+00 5.226244679440068541e-01 4.116857373898759609e-01 -4.318791818355597334e-01 6.089817318355986719e-01
8.324368298053741455e-02 -4.318214058876037598e-01 -1.734657645225524902e+00 5.226344791861752270e-01 4.116935328056102739e-01 -4.318796122173782503e-01 6.089675290471577851e-01
8.325895667076110840e-02 -4.318074285984039307e-01 -1.734650492668151855e+00 5.226575178578598546e-01 4.117044054078766169e-01 -4.318314196023322893e-01 6.089745989316338592e-01
8.325976133346557617e-02 -4.318106472492218018e-01 -1.734650135040283203e+00 5.226549340988494441e-01 4.117027378768038370e-01 -4.318342600080456450e-01 6.089759272939075929e-01
8.326832950115203857e-02 -4.318193197250366211e-01 -1.734659790992736816e+00 5.226413272785774833e-01 4.117076330177970589e-01 -4.318264696458148921e-01 6.089898287901568397e-01
8.325508236885070801e-02 -4.318287670612335205e-01 -1.734659433364868164e+00 5.226216274106807447e-01 4.117030259157391514e-01 -4.318295226759545358e-01 6.090076947976368338e-01
8.325443416833877563e-02 -4.318310022354125977e-01 -1.734663248062133789e+00 5.226136955762153979e-01 4.117077026660048156e-01 -4.318346884418506892e-01 6.090076569499005554e-01
8.325972408056259155e-02 -4.318493306636810303e-01 -1.734685301780700684e+00 5.226336915517872939e-01 4.117263785668012765e-01 -4.318431177162733170e-01 6.089719109591720247e-01
8.322629332542419434e-02 -4.318630695343017578e-01 -1.734675407409667969e+00 5.225894128290639040e-01 4.117475023112979748e-01 -4.318631996781406301e-01 6.089813792580053287e-01
8.322147279977798462e-02 -4.318697750568389893e-01 -1.734675407409667969e+00 5.225848630298812747e-01 4.117375178628326915e-01 -4.318678097077672806e-01 6.089887342865556441e-01
8.320787549018859863e-02 -4.318665862083435059e-01 -1.734694719314575195e+00 5.225977798651668671e-01 4.117556515883981638e-01 -4.318774531534614880e-01 6.089585699360520188e-01
8.322241157293319702e-02 -4.318575263023376465e-01 -1.734646916389465332e+00 5.225796306227421528e-01 4.117698449731979071e-01 -4.318894547005119877e-01 6.089560377331463270e-01
8.321825414896011353e-02 -4.318629205226898193e-01 -1.734646320343017578e+00 5.225858057843169036e-01 4.117616217168306170e-01 -4.318870476391339364e-01 6.089580235734963765e-01
8.320570737123489380e-02 -4.318634569644927979e-01 -1.734654307365417480e+00 5.225910915933760226e-01 4.117608785852057696e-01 -4.318897115314828672e-01 6.089520923079276837e-01
8.320094645023345947e-02 -4.318492710590362549e-01 -1.734627485275268555e+00 5.225509280842138837e-01 4.117785894317257944e-01 -4.319063816453533322e-01 6.089627381229973935e-01
8.319633454084396362e-02 -4.318529367446899414e-01 -1.734626173973083496e+00 5.225546280466790705e-01 4.117757843215103519e-01 -4.319075260639428371e-01 6.089606648505357933e-01
8.319100737571716309e-02 -4.318596422672271729e-01 -1.734643697738647461e+00 5.225668808663672671e-01 4.117600554988993244e-01 -4.319238647480554971e-01 6.089491808249567484e-01
8.321885764598846436e-02 -4.318167269229888916e-01 -1.734616041183471680e+00 5.225929752959553864e-01 4.117566784318617001e-01 -4.319052292483430699e-01 6.089422841112850371e-01
8.321727812290191650e-02 -4.318176805973052979e-01 -1.734616756439208984e+00 5.225975000750702204e-01 4.117566561609158349e-01 -4.318913192436201753e-01 6.089482888853653408e-01
8.323898911476135254e-02 -4.318378567695617676e-01 -1.734641551971435547e+00 5.226031261439689768e-01 4.117523659732018060e-01 -4.319247635537701857e-01 6.089226293315700422e-01
8.323705196380615234e-02 -4.318214058876037598e-01 -1.734671354293823242e+00 5.225840147276500369e-01 4.117421283432955992e-01 -4.319355979684622593e-01 6.089382828996999786e-01
8.323942124843597412e-02 -4.318189322948455811e-01 -1.734675407409667969e+00 5.225860820163907849e-01 4.117384821554501140e-01 -4.319340389822393655e-01 6.089400798668455073e-01
8.321726322174072266e-02 -4.317971765995025635e-01 -1.734679698944091797e+00 5.225963541815824565e-01 4.117311374998809947e-01 -4.319434750908885401e-01 6.089295504699067108e-01
8.320648968219757080e-02 -4.318008422851562500e-01 -1.734639167785644531e+00 5.225693189204358990e-01 4.117203874497842864e-01 -4.319666130965750250e-01 6.089436165642613252e-01
8.320274204015731812e-02 -4.317986965179443359e-01 -1.734640479087829590e+00 5.225661822405900381e-01 4.117301088122597430e-01 -4.319617153287922950e-01 6.089432082823861281e-01
8.319859206676483154e-02 -4.317971467971801758e-01 -1.734662532806396484e+00 5.225721935996919809e-01 4.117268018302704946e-01 -4.319747677968893695e-01 6.089309993698307499e-01
8.324490487575531006e-02 -4.317911863327026367e-01 -1.734710812568664551e+00 5.225911628783654894e-01 4.117109086720218691e-01 -4.319859960575655466e-01 6.089175215671828179e-01
8.324906975030899048e-02 -4.317896962165832520e-01 -1.734717607498168945e+00 5.225901934016760064e-01 4.117154149210199843e-01 -4.319816916545144991e-01 6.089183660524728481e-01
8.325613290071487427e-02 -4.318000078201293945e-01 -1.734745264053344727e+00 5.225939732813253968e-01 4.117313951566475283e-01 -4.319892580741865329e-01 6.088989350015837632e-01
8.328847587108612061e-02 -4.318154752254486084e-01 -1.734785318374633789e+00 5.225977798651668671e-01 4.117204051740611104e-01 -4.320125703487602831e-01 6.088865444996152121e-01
8.329631388187408447e-02 -4.318187534809112549e-01 -1.734796762466430664e+00 5.225968674281209481e-01 4.117163479825969863e-01 -4.320144616116776692e-01 6.088887338860782261e-01
8.330647647380828857e-02 -4.318253099918365479e-01 -1.734826087951660156e+00 5.226111151646634090e-01 4.117269252056240947e-01 -4.320246975201331163e-01 6.088620831984430382e-01
8.327278494834899902e-02 -4.318110942840576172e-01 -1.734798789024353027e+00 5.226008949702652950e-01 4.117281303085792432e-01 -4.320278874179916961e-01 6.088677886733493416e-01
8.327516168355941772e-02 -4.318127334117889404e-01 -1.734809517860412598e+00 5.225943493074615143e-01 4.117342211638307936e-01 -4.320344731196054111e-01 6.088646224579523647e-01
8.328977227210998535e-02 -4.318261146545410156e-01 -1.734845280647277832e+00 5.225695612994585293e-01 4.117316025540047608e-01 -4.320550272041526751e-01 6.088730869955891745e-01
8.331116288900375366e-02 -4.318250417709350586e-01 -1.734823465347290039e+00 5.226012549526095619e-01 4.116849197100188595e-01 -4.320847699712494494e-01 6.088563345656923254e-01
8.331537991762161255e-02 -4.318298101425170898e-01 -1.734833836555480957e+00 5.226005599369696331e-01 4.116858343280750399e-01 -4.320801961429216465e-01 6.088595964537734107e-01
8.333488553762435913e-02 -4.318418204784393311e-01 -1.734867453575134277e+00 5.225969868291531206e-01 4.116489331259799433e-01 -4.320746479462225786e-01 6.088914889075462966e-01
8.329617977142333984e-02 -4.318419992923736572e-01 -1.734791517257690430e+00 5.226170743278792941e-01 4.116364004777585128e-01 -4.320677793970566505e-01 6.088876164516136003e-01
8.329780399799346924e-02 -4.318469464778900146e-01 -1.734801650047302246e+00 5.226152423913971168e-01 4.116425266049852372e-01 -4.320703542505063832e-01 6.088832071407689339e-01
8.328991383314132690e-02 -4.318355917930603027e-01 -1.734827876091003418e+00 5.226189044759100844e-01 4.116472015232077175e-01 -4.320782362437020074e-01 6.088713420108087249e-01
8.327975124120712280e-02 -4.318829178810119629e-01 -1.734754204750061035e+00 5.226158678879413433e-01 4.116694203240864880e-01 -4.320599699664794957e-01 6.088719002029051586e-01
8.328054845333099365e-02 -4.318915307521820068e-01 -1.734758615493774414e+00 5.226077274641319770e-01 4.116749701911708303e-01 -4.320637773771618395e-01 6.088724027012866191e-01
8.326532691717147827e-02 -4.318592846393585205e-01 -1.734765410423278809e+00 5.225841073993893193e-01 4.117021850974086350e-01 -4.320985309467641478e-01 6.088496092539045224e-01
8.327955007553100586e-02 -4.318499863147735596e-01 -1.734753012657165527e+00 5.226025843902073476e-01 4.117063124562141407e-01 -4.320582974642829255e-01 6.088595474419135067e-01
8.328100293874740601e-02 -4.318522810935974121e-01 -1.734757423400878906e+00 5.226083191104156089e-01 4.117011353287869935e-01 -4.320573860336390792e-01 6.088587542104455519e-01
8.326885849237442017e-02 -4.318231046199798584e-01 -1.734766602516174316e+00 5.225682246490371829e-01 4.116976603661363088e-01 -4.320834570694743748e-01 6.088770111661579998e-01
8.323580026626586914e-02 -4.318338632583618164e-01 -1.734674096107482910e+00 5.225848113476418977e-01 4.117172955794310973e-01 -4.320725319179559154e-01 6.088572578616888720e-01
8.323433995246887207e-02 -4.318363666534423828e-01 -1.734672784805297852e+00 5.225797446812220359e-01 4.117184216611478043e-01 -4.320704425104481272e-01 6.088623055923251259e-01
8.323119580745697021e-02 -4.318246841430664062e-01 -1.734740972518920898e+00 5.225416958863667860e-01 4.117265000556573629e-01 -4.321029284732796905e-01 6.088664597887376573e-01
8.322734385728836060e-02 -4.318229556083679199e-01 -1.734747171401977539e+00 5.225368034682970064e-01 4.117255035289515419e-01 -4.321124743839359628e-01 6.088645607259699499e-01
8.322323113679885864e-02 -4.318218827247619629e-01 -1.734753251075744629e+00 5.225395393069980354e-01 4.117218044023381873e-01 -4.321084635535228369e-01 6.088675610668670135e-01
8.324309438467025757e-02 -4.318140149116516113e-01 -1.734732389450073242e+00 5.225166772360864131e-01 4.117285078056594494e-01 -4.321180855144345911e-01 6.088758214251589473e-01
8.324583619832992554e-02 -4.318196475505828857e-01 -1.734679460525512695e+00 5.225232042659703202e-01 4.117343440685473643e-01 -4.321133668459879451e-01 6.088696273591797103e-01
8.324694633483886719e-02 -4.318205416202545166e-01 -1.734682202339172363e+00 5.225187358793824677e-01 4.117384568154557334e-01 -4.321125063774592934e-01 6.088712837022896007e-01
8.322617411613464355e-02 -4.318203032016754150e-01 -1.734717369079589844e+00 5.225247852137010485e-01 4.116971340491612508e-01 -4.321223739117305840e-01 6.088870345578571985e-01
8.326052874326705933e-02 -4.318078160285949707e-01 -1.734693527221679688e+00 5.225594454440962711e-01 4.117145718107758645e-01 -4.320820082527225825e-01 6.088741518227164251e-01
8.326231688261032104e-02 -4.318064153194427490e-01 -1.734697818756103516e+00 5.225594365329323532e-01 4.117145253647268577e-01 -4.320773140908210630e-01 6.088774842877620053e-01
8.326630294322967529e-02 -4.318204820156097412e-01 -1.734730362892150879e+00 5.225241382198866358e-01 4.117127581712538564e-01 -4.320938245296476743e-01 6.088972706060141737e-01
8.327214419841766357e-02 -4.317942559719085693e-01 -1.734734654426574707e+00 5.225365931556736898e-01 4.116968350189608161e-01 -4.320722023249963240e-01 6.089126857795582604e-01
8.327182382345199585e-02 -4.317973256111145020e-01 -1.734741330146789551e+00 5.225487733252158762e-01 4.116833640610578215e-01 -4.320750222407221397e-01 6.089093572532596754e-01
8.327269554138183594e-02 -4.317974448204040527e-01 -1.734768748283386230e+00 5.225312854073750346e-01 4.116662579604751238e-01 -4.320664230255060745e-01 6.089420412443320441e-01
8.322706818580627441e-02 -4.317816197872161865e-01 -1.734736084938049316e+00 5.225335436131232081e-01 4.116651133903689308e-01 -4.320401754160542174e-01 6.089594714181330026e-01
8.322249352931976318e-02 -4.317824840545654297e-01 -1.734741926193237305e+00 5.225351227472559978e-01 4.116641936938694180e-01 -4.320335691563515490e-01 6.089634200656893759e-01
8.325141668319702148e-02 -4.317812025547027588e-01 -1.734720587730407715e+00 5.225161710403020132e-01 4.116563067562657996e-01 -4.320501462830846351e-01 6.089732872219555393e-01
8.324719220399856567e-02 -4.318009614944458008e-01 -1.734637141227722168e+00 5.225398030874316424e-01 4.116656573025199162e-01 -4.320271222665759692e-01 6.089629845934269037e-01
8.324696868658065796e-02 -4.318066537380218506e-01 -1.734638214111328125e+00 5.225408849422764623e-01 4.116673322966691306e-01 -4.320321200798985517e-01 6.089574035268345842e-01
8.326420933008193970e-02 -4.318536818027496338e-01 -1.734712481498718262e+00 5.225347110321575395e-01 4.116831147490622178e-01 -4.320362693517691421e-01 6.089490995180451005e-01
8.327270299196243286e-02 -4.318573176860809326e-01 -1.734692454338073730e+00 5.225508443179011087e-01 4.117191564023955919e-01 -4.319909443636091861e-01 6.089430312447139393e-01
8.327271044254302979e-02 -4.318704903125762939e-01 -1.734695672988891602e+00 5.225539757430599508e-01 4.117135131871688669e-01 -4.319883788102303335e-01 6.089459693310718125e-01
8.328375965356826782e-02 -4.318747818470001221e-01 -1.734729051589965820e+00 5.225509779875427974e-01 4.117213430722651002e-01 -4.320035841593464210e-01 6.089324528096022870e-01
8.325593918561935425e-02 -4.318570494651794434e-01 -1.734710097312927246e+00 5.225490567059389857e-01 4.117103132645105190e-01 -4.319789179349178831e-01 6.089590873885806221e-01
8.325498551130294800e-02 -4.318614602088928223e-01 -1.734716057777404785e+00 5.225499246698388500e-01 4.117110801709202295e-01 -4.319864148714883112e-01 6.089525009719432003e-01
8.326255530118942261e-02 -4.318351149559020996e-01 -1.734691262245178223e+00 5.225664424431569755e-01 4.116750652302079705e-01 -4.320049291081645704e-01 6.089495063718981527e-01
8.326273411512374878e-02 -4.318481087684631348e-01 -1.734652161598205566e+00 5.225776791495817530e-01 4.116607668896233307e-01 -4.320159887626908168e-01 6.089417019409171239e-01
8.326370269060134888e-02 -4.318560361862182617e-01 -1.734651684761047363e+00 5.225808923932899752e-01 4.116568384580684969e-01 -4.320216443767273540e-01 6.089376012502134561e-01
8.328331261873245239e-02 -4.318521320819854736e-01 -1.734646439552307129e+00 5.225767969743915220e-01 4.116233340025161058e-01 -4.320160230121696809e-01 6.089677516283279468e-01
8.328921347856521606e-02 -4.318515360355377197e-01 -1.734620571136474609e+00 5.225955718360628666e-01 4.116216872252800307e-01 -4.319848892654926664e-01 6.089748579745247747e-01
8.328533172607421875e-02 -4.318500459194183350e-01 -1.734635233879089355e+00 5.226116658198554088e-01 4.116314544082108617e-01 -4.320076816785240470e-01 6.089382553503341899e-01
8.329007029533386230e-02 -4.318718612194061279e-01 -1.734673023223876953e+00 5.225842446248193385e-01 4.116394487362118881e-01 -4.320156616478386669e-01 6.089507324229527230e-01
8.323680609464645386e-02 -4.317971169948577881e-01 -1.734678745269775391e+00 5.225990006036450586e-01 4.116339490727611294e-01 -4.319837034568668188e-01 6.089644326865041313e-01
8.323344588279724121e-02 -4.317975044250488281e-01 -1.734679698944091797e+00 5.225974911645551169e-01 4.116330315656590022e-01 -4.319798115874043942e-01 6.089691284884617417e-01
8.324294537305831909e-02 -4.317961037158966064e-01 -1.734706640243530273e+00 5.225802294294836781e-01 4.116629459959231796e-01 -4.320002059233409852e-01 6.089492520862812563e-01
8.324854820966720581e-02 -4.318425953388214111e-01 -1.734639167785644531e+00 5.225800280451501356e-01 4.116720867360734726e-01 -4.319931974147580012e-01 6.089481893399740775e-01
8.324754983186721802e-02 -4.318511188030242920e-01 -1.734636425971984863e+00 5.225978689702617253e-01 4.116708495727558481e-01 -4.319871926261451001e-01 6.089379933212458740e-01
8.325967937707901001e-02 -4.318702816963195801e-01 -1.734662890434265137e+00 5.225405160068561372e-01 4.116785092231793897e-01 -4.320388467299486335e-01 6.089453716531453287e-01
8.325772732496261597e-02 -4.318535625934600830e-01 -1.734668016433715820e+00 5.225425709916546868e-01 4.116697575036529222e-01 -4.320243151755429611e-01 6.089598302125108775e-01
8.325677365064620972e-02 -4.318612813949584961e-01 -1.734664440155029297e+00 5.225397442715356000e-01 4.116611908551348065e-01 -4.320195444329702483e-01 6.089714513344235414e-01
8.324915915727615356e-02 -4.318459630012512207e-01 -1.734675288200378418e+00 5.225119842120011793e-01 4.116949929745393200e-01 -4.320560073543285307e-01 6.089465543028799166e-01
8.327356725931167603e-02 -4.318239986896514893e-01 -1.734685897827148438e+00 5.225408582078344688e-01 4.116549093666387327e-01 -4.320550839001044419e-01 6.089495355458915959e-01
8.327139914035797119e-02 -4.318265616893768311e-01 -1.734683990478515625e+00 5.225396212928227202e-01 4.116612271406049905e-01 -4.320552689459941087e-01 6.089461576634346285e-01
8.324459940195083618e-02 -4.317952692508697510e-01 -1.734691500663757324e+00 5.225176575434293813e-01 4.116462594119642548e-01 -4.320732091428786115e-01 6.089624290008101015e-01
8.325184881687164307e-02 -4.318354427814483643e-01 -1.734632492065429688e+00 5.225068526725539231e-01 4.116789127973555229e-01 -4.320454440781649197e-01 6.089693322188957092e-01
8.323264867067337036e-02 -4.318191409111022949e-01 -1.734634280204772949e+00 5.225136026238532683e-01 4.116763537725566802e-01 -4.320476375968754223e-01 6.089637183524121422e-01
8.322798460721969604e-02 -4.318161010742187500e-01 -1.734652280807495117e+00 5.224985590428921078e-01 4.116807845203874772e-01 -4.320479670485846135e-01 6.089733944079782635e-01
8.324655145406723022e-02 -4.318021237850189209e-01 -1.734622478485107422e+00 5.225374843102766897e-01 4.116803380853538696e-01 -4.320253250718248950e-01 6.089563333358252173e-01
8.323924988508224487e-02 -4.317964911460876465e-01 -1.734639048576354980e+00 5.225400882553181692e-01 4.116735991357011737e-01 -4.320312263922804208e-01 6.089544964622989331e-01
8.324044197797775269e-02 -4.317833185195922852e-01 -1.734625101089477539e+00 5.225236872843301850e-01 4.116868486979279873e-01 -4.320424271486549284e-01 6.089516659714615532e-01
8.324427902698516846e-02 -4.317950904369354248e-01 -1.734578251838684082e+00 5.225321712240527106e-01 4.117122641534564087e-01 -4.320192930644012885e-01 6.089436040086894097e-01
8.324588090181350708e-02 -4.317987561225891113e-01 -1.734580397605895996e+00 5.225316454376747188e-01 4.117080728956603042e-01 -4.320152416560713582e-01 6.089497348315227043e-01
8.324687927961349487e-02 -4.317961335182189941e-01 -1.734584450721740723e+00 5.225417956947833176e-01 4.116993376894488854e-01 -4.320119008752657530e-01 6.089493270530093039e-01
8.325088769197463989e-02 -4.317668676376342773e-01 -1.734557867050170898e+00 5.225682781151196332e-01 4.117153048228620049e-01 -4.319967621679948189e-01 6.089265368762545316e-01
8.324592560529708862e-02 -4.317868649959564209e-01 -1.734628438949584961e+00 5.225769823204136078e-01 4.117139897222126810e-01 -4.319906876819148422e-01 6.089242787390695133e-01
8.324426412582397461e-02 -4.317847490310668945e-01 -1.734627962112426758e+00 5.225737031118532494e-01 4.117191360544635859e-01 -4.319818588294828676e-01 6.089298819913278038e-01
8.320901542901992798e-02 -4.317893683910369873e-01 -1.734568834304809570e+00 5.225703989319798737e-01 4.117512025835295963e-01 -4.319587091817231328e-01 6.089274588889000972e-01
8.322001993656158447e-02 -4.318109452724456787e-01 -1.734588027000427246e+00 5.225877661378114380e-01 4.117113285455336058e-01 -4.319602309108099281e-01 6.089384026032789166e-01
8.321853727102279663e-02 -4.318135380744934082e-01 -1.734589815139770508e+00 5.225746084606207598e-01 4.117076441292027433e-01 -4.319679472412390475e-01 6.089467201319272993e-01
8.320684731006622314e-02 -4.318122267723083496e-01 -1.734560370445251465e+00 5.225729510295976654e-01 4.117300296361665612e-01 -4.319537623770207668e-01 6.089430625748247783e-01
8.319326490163803101e-02 -4.318397641181945801e-01 -1.734631776809692383e+00 5.225509441245701492e-01 4.117425751037562254e-01 -4.319971336329985756e-01 6.089227254758311503e-01
8.318612724542617798e-02 -4.318450689315795898e-01 -1.734631538391113281e+00 5.225604114133717282e-01 4.117365127827254945e-01 -4.319989560802651729e-01 6.089173966851300079e-01
8.320745825767517090e-02 -4.318196773529052734e-01 -1.734625458717346191e+00 5.225751270750547128e-01 4.117416066519629658e-01 -4.319752104331189280e-01 6.089181712290890891e-01
8.320634812116622925e-02 -4.318285286426544189e-01 -1.734646439552307129e+00 5.225923836323005389e-01 4.117534271073445273e-01 -4.319823191220437675e-01 6.088903225711296274e-01
8.321747183799743652e-02 -4.318147003650665283e-01 -1.734639883041381836e+00 5.225634126792112477e-01 4.117698565797681676e-01 -4.319992445267344383e-01 6.088920565787716566e-01
8.320514857769012451e-02 -4.318091273307800293e-01 -1.734570622444152832e+00 5.226018840300713508e-01 4.117288836806612951e-01 -4.319952826710463656e-01 6.088895611301479160e-01
8.320824056863784790e-02 -4.318151772022247314e-01 -1.734591841697692871e+00 5.226038104637071857e-01 4.117005456302647581e-01 -4.320094937391632528e-01 6.088970254080144917e-01
8.321648836135864258e-02 -4.318079948425292969e-01 -1.734583139419555664e+00 5.226118867945913626e-01 4.116919129624939666e-01 -4.320231044601449133e-01 6.088862470278604277e-01
8.320622891187667847e-02 -4.318112134933471680e-01 -1.734537363052368164e+00 5.225892363981065047e-01 4.117182005139012890e-01 -4.320178384314915521e-01 6.088916656447281861e-01
8.321851491928100586e-02 -4.318266510963439941e-01 -1.734566092491149902e+00 5.225909989228751940e-01 4.117258936359076138e-01 -4.320368829477157502e-01 6.088714343798863338e-01
8.321999758481979370e-02 -4.318291842937469482e-01 -1.734560608863830566e+00 5.225810420946781498e-01 4.117171214698142623e-01 -4.320386097413578264e-01 6.088846749004515058e-01
8.327064663171768188e-02 -4.317748248577117920e-01 -1.734616518020629883e+00 5.226175875540691740e-01 4.117051890742425835e-01 -4.320031893770339138e-01 6.088865195359988158e-01
8.328154683113098145e-02 -4.318011701107025146e-01 -1.734681487083435059e+00 5.226110207156563492e-01 4.117188413585947671e-01 -4.320300772171768999e-01 6.088638184710861712e-01
8.328686654567718506e-02 -4.318000078201293945e-01 -1.734683871269226074e+00 5.226111668443016445e-01 4.117242577399020664e-01 -4.320249613120524801e-01 6.088636482251162940e-01
8.329839259386062622e-02 -4.317644834518432617e-01 -1.734688997268676758e+00 5.226433836489422502e-01 4.116794942019409986e-01 -4.320432675399843991e-01 6.088533162595779480e-01
8.329647779464721680e-02 -4.317546188831329346e-01 -1.734707832336425781e+00 5.226517801136417729e-01 4.116828058034046611e-01 -4.320560614531092081e-01 6.088347964311733307e-01
8.329539746046066284e-02 -4.317710697650909424e-01 -1.734764218330383301e+00 5.226368492100926799e-01 4.116804537332692804e-01 -4.320810940076544315e-01 6.088314192442996209e-01
8.329681307077407837e-02 -4.317753314971923828e-01 -1.734734773635864258e+00 5.226658962768001571e-01 4.116471899261403555e-01 -4.320891566138718720e-01 6.088232424686492728e-01
8.327173441648483276e-02 -4.317792952060699463e-01 -1.734818935394287109e+00 5.226614059456223815e-01 4.116575511229119688e-01 -4.320922219890817595e-01 6.088179100254973442e-01
8.322251588106155396e-02 -4.317638874053955078e-01 -1.734798312187194824e+00 5.226535958848514962e-01 4.116658729280640028e-01 -4.320516345312567230e-01 6.088478061212855286e-01
8.321737498044967651e-02 -4.317595362663269043e-01 -1.734809756278991699e+00 5.226469867324474716e-01 4.116719696316936128e-01 -4.320494945431667677e-01 6.088508865558216465e-01
8.323243260383605957e-02 -4.317565262317657471e-01 -1.734838247299194336e+00 5.226408835719522639e-01 4.116831028886293598e-01 -4.320845158672395603e-01 6.088237258771933558e-01
8.323383331298828125e-02 -4.317967593669891357e-01 -1.734761834144592285e+00 5.226453295309528846e-01 4.116750996658244399e-01 -4.320697797759979197e-01 6.088357817519172155e-01
8.323047310113906860e-02 -4.317973852157592773e-01 -1.734767198562622070e+00 5.226381963767917638e-01 4.116809143717806707e-01 -4.320816535278702020e-01 6.088295505335687974e-01
8.326422423124313354e-02 -4.318004846572875977e-01 -1.734761238098144531e+00 5.226121826154624950e-01 4.117095610464081012e-01 -4.321081899573230856e-01 6.088136793307695749e-01
8.322107046842575073e-02 -4.317959547042846680e-01 -1.734714269638061523e+00 5.226099087109686847e-01 4.117105647465567064e-01 -4.320758580827243622e-01 6.088378983752107398e-01
8.321748673915863037e-02 -4.318000078201293945e-01 -1.734711647033691406e+00 5.226104932265482894e-01 4.117046939371954983e-01 -4.320793007012415088e-01 6.088389139381603643e-01
8.325458317995071411e-02 -4.318316280841827393e-01 -1.734725952148437500e+00 5.225975909623155058e-01 4.116923076705458207e-01 -4.320851957139733579e-01 6.088541877560098570e-01
8.327014744281768799e-02 -4.318221211433410645e-01 -1.734712123870849609e+00 5.226208611412045402e-01 4.116764358806680457e-01 -4.320776307545405870e-01 6.088503012864387998e-01
8.327446132898330688e-02 -4.318288564682006836e-01 -1.734708905220031738e+00 5.226153261473880374e-01 4.116767720746997705e-01 -4.320805067996986160e-01 6.088528148415189856e-01
8.328667283058166504e-02 -4.318294525146484375e-01 -1.734712839126586914e+00 5.225880744472827244e-01 4.116516621353060179e-01 -4.320971345360130056e-01 6.088813429381833009e-01
8.328378945589065552e-02 -4.318433105945587158e-01 -1.734651207923889160e+00 5.226188189384622929e-01 4.116260983777874638e-01 -4.320829883559166862e-01 6.088822764095468409e-01
8.328833431005477905e-02 -4.318533241748809814e-01 -1.734646916389465332e+00 5.226244447778627400e-01 4.116231500236570140e-01 -4.320820294854876842e-01 6.088801271712024343e-01
8.328768610954284668e-02 -4.318301379680633545e-01 -1.734631419181823730e+00 5.225903609216736578e-01 4.116275060423058574e-01 -4.320915140014589539e-01 6.088997080200914125e-01
8.327094465494155884e-02 -4.318692386150360107e-01 -1.734549045562744141e+00 5.225764351930242135e-01 4.116409274527333406e-01 -4.320740645630747334e-01 6.089149931214685729e-01
8.327313512563705444e-02 -4.318792521953582764e-01 -1.734540343284606934e+00 5.225715965659336604e-01 4.116481963949469303e-01 -4.320709293557163377e-01 6.089164537681467371e-01
8.325479924678802490e-02 -4.318824112415313721e-01 -1.734580755233764648e+00 5.225748258866660390e-01 4.116625939662927336e-01 -4.321005149976226423e-01 6.088829498625120129e-01
8.326714485883712769e-02 -4.318248927593231201e-01 -1.734620928764343262e+00 5.225886090875532242e-01 4.116460335967809248e-01 -4.321057314542990913e-01 6.088786099692868881e-01
8.326619118452072144e-02 -4.318293035030364990e-01 -1.734617829322814941e+00 5.225964789290513668e-01 4.116515394464151378e-01 -4.320958828738897251e-01 6.088751435358409347e-01
8.324104547500610352e-02 -4.318091571331024170e-01 -1.734638452529907227e+00 5.225923408614079335e-01 4.116388704523666342e-01 -4.321088137546576502e-01 6.088780543874005025e-01
8.322042226791381836e-02 -4.318276047706604004e-01 -1.734560251235961914e+00 5.225948750307528590e-01 4.116711550369363537e-01 -4.320915953686619293e-01 6.088662767948832544e-01
8.321247249841690063e-02 -4.318323135375976562e-01 -1.734552025794982910e+00 5.225949855216823758e-01 4.116722976553395807e-01 -4.320879896886011817e-01 6.088679872029829632e-01
8.320049941539764404e-02 -4.318236410617828369e-01 -1.734570980072021484e+00 5.225998791771647722e-01 4.116727019389327946e-01 -4.320843017927578633e-01 6.088661207961544308e-01
8.320362120866775513e-02 -4.317904114723205566e-01 -1.734605908393859863e+00 5.226211106244131877e-01 4.116680064151082008e-01 -4.320706225141412449e-01 6.088607597997521825e-01
8.319864422082901001e-02 -4.317904114723205566e-01 -1.734603166580200195e+00 5.226285736813287564e-01 4.116664474191359946e-01 -4.320540243643445355e-01 6.088671909512018976e-01
8.320692181587219238e-02 -4.317908287048339844e-01 -1.734602689743041992e+00 5.226139949601562584e-01 4.116664120225153600e-01 -4.320588755942256221e-01 6.088762919970669429e-01
8.323661983013153076e-02 -4.317954480648040771e-01 -1.734586119651794434e+00 5.226490288251267602e-01 4.116421746221520794e-01 -4.320493282066266150e-01 6.088693775880874570e-01
8.323450386524200439e-02 -4.317979812622070312e-01 -1.734585881233215332e+00 5.226470793930211300e-01 4.116375516510461519e-01 -4.320517112937145021e-01 6.088724754398716632e-01
8.324060589075088501e-02 -4.317865967750549316e-01 -1.734593749046325684e+00 5.226216683971559585e-01 4.116482000588855272e-01 -4.320608111207848712e-01 6.088806246086011509e-01
8.324816077947616577e-02 -4.317964911460876465e-01 -1.734564423561096191e+00 5.226380520376686656e-01 4.116151595231776761e-01 -4.320619859213086777e-01 6.088881100967867832e-01
8.324948698282241821e-02 -4.317972064018249512e-01 -1.734563708305358887e+00 5.226366104262148982e-01 4.116230164887978438e-01 -4.320614759157985763e-01 6.088843724318121486e-01
8.325284719467163086e-02 -4.318132698535919189e-01 -1.734611392021179199e+00 5.226335204817180724e-01 4.116161339181158008e-01 -4.320935506586038310e-01 6.088689122536459220e-01
8.323784917593002319e-02 -4.318138659000396729e-01 -1.734578609466552734e+00 5.226228498754725837e-01 4.116523517689779088e-01 -4.320617607333467336e-01 6.088761545490821714e-01
8.323684334754943848e-02 -4.318136572837829590e-01 -1.734577417373657227e+00 5.226275133920107452e-01 4.116557851260652101e-01 -4.320564173837431743e-01 6.088736296426414674e-01
8.323860913515090942e-02 -4.318085014820098877e-01 -1.734596848487854004e+00 5.226272353998335785e-01 4.116438152000860828e-01 -4.320669578614445561e-01 6.088744667268531918e-01
8.325468003749847412e-02 -4.317800700664520264e-01 -1.734600543975830078e+00 5.226506557222226901e-01 4.116205544152291562e-01 -4.320706173017871965e-01 6.088674965663555261e-01
8.325619995594024658e-02 -4.317790865898132324e-01 -1.734601616859436035e+00 5.226475908078145327e-01 4.116205127413741782e-01 -4.320667699547128815e-01 6.088729203017564373e-01
8.325621485710144043e-02 -4.317778348922729492e-01 -1.734603643417358398e+00 5.226461884252866508e-01 4.116314891468385584e-01 -4.320673020495582328e-01 6.088663001187395452e-01
8.325989544391632080e-02 -4.318245053291320801e-01 -1.734693169593811035e+00 5.226388806506107043e-01 4.115749117382633826e-01 -4.320714634413959088e-01 6.089078725216695576e-01
8.326707035303115845e-02 -4.318321347236633301e-01 -1.734663605690002441e+00 5.226500445227028058e-01 4.115908784951176069e-01 -4.320567406682311873e-01 6.088979310802962175e-01
8.326844125986099243e-02 -4.318347573280334473e-01 -1.734666943550109863e+00 5.226485423587464707e-01 4.115839180486823290e-01 -4.320508173225051651e-01 6.089081203524494557e-01
8.324225991964340210e-02 -4.317840039730072021e-01 -1.734663724899291992e+00 5.226235395154273933e-01 4.116437574234083629e-01 -4.320857610082239342e-01 6.088643453727288213e-01
8.326664566993713379e-02 -4.318184852600097656e-01 -1.734624266624450684e+00 5.226161155914940126e-01 4.116659141763292507e-01 -4.320717387072546822e-01 6.088656809892908361e-01
8.326768875122070312e-02 -4.318205714225769043e-01 -1.734623312950134277e+00 5.226093206306100525e-01 4.116618609253038796e-01 -4.320729565866566202e-01 6.088733978634420785e-01
8.328173309564590454e-02 -4.318474233150482178e-01 -1.734682083129882812e+00 5.225918169176896333e-01 4.116797016917811969e-01 -4.320975936830319664e-01 6.088588618966407351e-01
8.326955139636993408e-02 -4.318110346794128418e-01 -1.734659910202026367e+00 5.226259398830578329e-01 4.116394860255692678e-01 -4.320808575565274756e-01 6.088686769450059044e-01
8.326938003301620483e-02 -4.318100512027740479e-01 -1.734659910202026367e+00 5.226280176979546388e-01 4.116435803769459834e-01 -4.320805225616197731e-01 6.088643317038193725e-01
8.327454328536987305e-02 -4.317992031574249268e-01 -1.734672307968139648e+00 5.226018376957798361e-01 4.116751118133909482e-01 -4.321142272438697196e-01 6.088415700165770161e-01
8.325082808732986450e-02 -4.318332076072692871e-01 -1.734583377838134766e+00 5.225969547512665514e-01 4.116938246657277367e-01 -4.321015521732450848e-01 6.088421120786875473e-01
8.325028419494628906e-02 -4.318359792232513428e-01 -1.734578371047973633e+00 5.226007256715523575e-01 4.116952379606244050e-01 -4.320892743132518365e-01 6.088466435847993408e-01
8.326095342636108398e-02 -4.318571388721466064e-01 -1.734600186347961426e+00 5.226012496063389134e-01 4.117022886086827982e-01 -4.320612579290150634e-01 6.088613021335280706e-01
8.327675610780715942e-02 -4.318473935127258301e-01 -1.734588980674743652e+00 5.226157395810189232e-01 4.117007605680342297e-01 -4.320421326722445055e-01 6.088634673779710349e-01
8.329533040523529053e-02 -4.318702518939971924e-01 -1.734593868255615234e+00 5.226208433209708071e-01 4.117038324895764823e-01 -4.320457472685024780e-01 6.088544278288340328e-01
8.329512178897857666e-02 -4.318908751010894775e-01 -1.734634280204772949e+00 5.225970242533515275e-01 4.117085685098807457e-01 -4.320582537198304207e-01 6.088628033180779608e-01
8.327055722475051880e-02 -4.318671226501464844e-01 -1.734581351280212402e+00 5.226230815375744188e-01 4.117098353270655653e-01 -4.320345057406388412e-01 6.088564392976363315e-01
8.325789868831634521e-02 -4.318157732486724854e-01 -1.734543561935424805e+00 5.226171616476485982e-01 4.117022135702325114e-01 -4.320573927823048721e-01 6.088504198571157433e-01
8.325774967670440674e-02 -4.318142831325531006e-01 -1.734537959098815918e+00 5.226227875048892191e-01 4.116990790436024783e-01 -4.320507424080323733e-01 6.088524479814182433e-01
8.324155956506729126e-02 -4.317888021469116211e-01 -1.734497189521789551e+00 5.226316476171937175e-01 4.117307365906765493e-01 -4.320243417368844208e-01 6.088421546899014380e-01
8.325283229351043701e-02 -4.317995011806488037e-01 -1.734521508216857910e+00 5.225869944722679739e-01 4.117434981678555483e-01 -4.320594067746760802e-01 6.088469584719699013e-01
8.325181901454925537e-02 -4.317943155765533447e-01 -1.734515428543090820e+00 5.225872938715055982e-01 4.117433834583035246e-01 -4.320608718748539245e-01 6.088457684840431483e-01
8.323558419942855835e-02 -4.317568540573120117e-01 -1.734492897987365723e+00 5.226053038458579048e-01 4.117311186394276845e-01 -4.320384048452965420e-01 6.088545257898274610e-01
8.324665576219558716e-02 -4.318029284477233887e-01 -1.734585165977478027e+00 5.225667721517031072e-01 4.117294337210572475e-01 -4.320591368488321815e-01 6.088740127956828729e-01
8.324476331472396851e-02 -4.317973852157592773e-01 -1.734585046768188477e+00 5.225601137809624541e-01 4.117336462127175190e-01 -4.320489014119457405e-01 6.088841520231735860e-01
8.323302865028381348e-02 -4.318016767501831055e-01 -1.734531760215759277e+00 5.225661109521928527e-01 4.117422448001421542e-01 -4.320321501673961562e-01 6.088850629875885989e-01
8.323390781879425049e-02 -4.317752122879028320e-01 -1.734532475471496582e+00 5.225505342042005008e-01 4.117650266792250990e-01 -4.320697735880355550e-01 6.088563326374357709e-01
8.322993665933609009e-02 -4.317674040794372559e-01 -1.734528183937072754e+00 5.225560984002112219e-01 4.117559548882642195e-01 -4.320742142184627599e-01 6.088545403801763900e-01
8.323346078395843506e-02 -4.317136704921722412e-01 -1.734521150588989258e+00 5.225891187774350799e-01 4.117510345020106710e-01 -4.320510066828434081e-01 6.088459947795039628e-01
8.322536945343017578e-02 -4.317594766616821289e-01 -1.734632372856140137e+00 5.225811294204681934e-01 4.117552229477652315e-01 -4.320528197665232661e-01 6.088487446317941698e-01
8.322117477655410767e-02 -4.317497909069061279e-01 -1.734634041786193848e+00 5.225773138044815802e-01 4.117557129658527271e-01 -4.320453740567213319e-01 6.088569541084930536e-01
8.324023336172103882e-02 -4.317501783370971680e-01 -1.734608888626098633e+00 5.226028517029888132e-01 4.117611005670041013e-01 -4.320280376446676285e-01 6.088437104862172156e-01
8.324256539344787598e-02 -4.317500293254852295e-01 -1.734642624855041504e+00 5.225884166171188561e-01 4.117787581536426211e-01 -4.320482884652768196e-01 6.088297898934650343e-01
8.324138820171356201e-02 -4.317421317100524902e-01 -1.734643578529357910e+00 5.225843675930311738e-01 4.117696553918607227e-01 -4.320536195393107071e-01 6.088356334711553242e-01
8.325327187776565552e-02 -4.317256808280944824e-01 -1.734621882438659668e+00 5.226165646652615182e-01 4.117509378804961040e-01 -4.320339802796939188e-01 6.088345922877387295e-01
8.326645940542221069e-02 -4.317349791526794434e-01 -1.734662294387817383e+00 5.226149216236480877e-01 4.117216311257666517e-01 -4.320493186771912075e-01 6.088449318962727563e-01
8.326822519302368164e-02 -4.317273199558258057e-01 -1.734666943550109863e+00 5.226170547254801457e-01 4.117233329571036160e-01 -4.320561731622203916e-01 6.088370722271563285e-01
8.327441662549972534e-02 -4.317499995231628418e-01 -1.734613656997680664e+00 5.226268593973587562e-01 4.117206412522889658e-01 -4.320417450834293516e-01 6.088407330924877625e-01
8.326594531536102295e-02 -4.317645728588104248e-01 -1.734673142433166504e+00 5.226356428158025480e-01 4.117207464095162250e-01 -4.320227231652701283e-01 6.088466384576379786e-01
8.326689898967742920e-02 -4.317623376846313477e-01 -1.734674692153930664e+00 5.226417763306820952e-01 4.117102408842204242e-01 -4.320133283217811870e-01 6.088551459436072344e-01
8.326052874326705933e-02 -4.317427277565002441e-01 -1.734678626060485840e+00 5.226464646254468382e-01 4.117161559196499954e-01 -4.319739853782383343e-01 6.088750305895610504e-01
8.326648920774459839e-02 -4.317456781864166260e-01 -1.734695076942443848e+00 5.226225380224810424e-01 4.117252930322278237e-01 -4.320020821671677891e-01 6.088694610804873397e-01
8.326596021652221680e-02 -4.317428469657897949e-01 -1.734696030616760254e+00 5.226255567516215894e-01 4.117411947035545805e-01 -4.320018714202340515e-01 6.088562643354733517e-01
8.326999098062515259e-02 -4.317507445812225342e-01 -1.734641909599304199e+00 5.226441819603870886e-01 4.117109296804613017e-01 -4.319864621305091190e-01 6.088716597726741009e-01
8.326229453086853027e-02 -4.317348599433898926e-01 -1.734669923782348633e+00 5.226228979899175675e-01 4.117096270822783732e-01 -4.320024475268112174e-01 6.088794629408293968e-01
8.326040208339691162e-02 -4.317310154438018799e-01 -1.734669804573059082e+00 5.226193891878495590e-01 4.117081036896525492e-01 -4.320053907065991572e-01 6.088814267045761230e-01
8.326438814401626587e-02 -4.317645728588104248e-01 -1.734579801559448242e+00 5.226361756254409574e-01 4.117306157756343565e-01 -4.319650493842955852e-01 6.088804169300178204e-01
8.325614780187606812e-02 -4.317539334297180176e-01 -1.734600901603698730e+00 5.226275811080314249e-01 4.117196877839396363e-01 -4.319902973009172031e-01 6.088772715687572612e-01
8.324183523654937744e-02 -4.317901730537414551e-01 -1.734508991241455078e+00 5.226403026542751906e-01 4.117315414524128081e-01 -4.319696874725620916e-01 6.088729573540753170e-01
8.324076980352401733e-02 -4.317959547042846680e-01 -1.734500169754028320e+00 5.226468566512298963e-01 4.117218237095335853e-01 -4.319717279649997188e-01 6.088724498197689572e-01
8.324761688709259033e-02 -4.317990839481353760e-01 -1.734505653381347656e+00 5.226555310374105812e-01 4.117279413495174012e-01 -4.319671352705727330e-01 6.088641121623412644e-01
8.326640725135803223e-02 -4.318021833896636963e-01 -1.734482765197753906e+00 5.226659443872824218e-01 4.117486580202647795e-01 -4.319435933297494090e-01 6.088578829930368919e-01
8.326923102140426636e-02 -4.318094253540039062e-01 -1.734474182128906250e+00 5.226727689034232904e-01 4.117409191072445296e-01 -4.319431707067636905e-01 6.088575594639749067e-01
8.326746523380279541e-02 -4.318121969699859619e-01 -1.734501361846923828e+00 5.226384226862008653e-01 4.117523496561830143e-01 -4.319631529664936243e-01 6.088651400071667386e-01
8.325275033712387085e-02 -4.317737817764282227e-01 -1.734526634216308594e+00 5.226495295464591573e-01 4.117462901869939351e-01 -4.319302505130512282e-01 6.088830496691033378e-01
8.325485885143280029e-02 -4.317778646945953369e-01 -1.734520435333251953e+00 5.226440768256906955e-01 4.117367010073288425e-01 -4.319377504870233198e-01 6.088888889170435137e-01
8.325912803411483765e-02 -4.318284988403320312e-01 -1.734613418579101562e+00 5.226166644593795985e-01 4.117618045315575293e-01 -4.319402035886917290e-01 6.088936824492432454e-01
8.326301723718643188e-02 -4.318590462207794189e-01 -1.734546780586242676e+00 5.226292704417094814e-01 4.117629816621411476e-01 -4.319250716792654154e-01 6.088928240208159037e-01
8.326537162065505981e-02 -4.318661689758300781e-01 -1.734543442726135254e+00 5.226239868008031308e-01 4.117629140187504810e-01 -4.319186571925907048e-01 6.089019450943163880e-01
8.327481895685195923e-02 -4.318488240242004395e-01 -1.734539031982421875e+00 5.226054838355425058e-01 4.117755893208452922e-01 -4.319500985409669425e-01 6.088869637235215793e-01
8.327603340148925781e-02 -4.318206012248992920e-01 -1.734531998634338379e+00 5.226156754275458338e-01 4.117763696457087952e-01 -4.319057936333671743e-01 6.089091196000459005e-01
8.328184485435485840e-02 -4.318226277828216553e-01 -1.734526753425598145e+00 5.226184464939953589e-01 4.117760182228358268e-01 -4.319047652286583938e-01 6.089077015408456139e-01
8.329748362302780151e-02 -4.318368434906005859e-01 -1.734545826911926270e+00 5.225996528510645778e-01 4.117842932817108448e-01 -4.319496840744042054e-01 6.088863724672640698e-01
