repeatability steamvr; 20211020-214420; x y z w i j k;  frequency = 150 duration = 2 sys.args = ['.\\repeatability.py']
8.323039114475250244e-02 -4.318665266036987305e-01 -1.734879493713378906e+00 5.222218367452444721e-01 4.120563547189044495e-01 -4.321949245328960965e-01 6.088524510036424919e-01
8.323027938604354858e-02 -4.318667054176330566e-01 -1.734879016876220703e+00 5.222207435291136290e-01 4.120467844931529622e-01 -4.321936517715041504e-01 6.088607449923973958e-01
8.323051035404205322e-02 -4.318655133247375488e-01 -1.734879255294799805e+00 5.222207577962230118e-01 4.120510783362166252e-01 -4.321973476289546756e-01 6.088552355212212275e-01
8.322270959615707397e-02 -4.318655133247375488e-01 -1.734938979148864746e+00 5.222333144847781661e-01 4.120336166400118127e-01 -4.322106172160132820e-01 6.088468163868890892e-01
8.322088420391082764e-02 -4.318646192550659180e-01 -1.734943389892578125e+00 5.222241801078372214e-01 4.120396965471102013e-01 -4.322179791843712704e-01 6.088453389424952622e-01
8.321636170148849487e-02 -4.318630695343017578e-01 -1.734947085380554199e+00 5.222264200245045895e-01 4.120405935935341213e-01 -4.322208459075819187e-01 6.088407871969447882e-01
8.320190012454986572e-02 -4.318412840366363525e-01 -1.734958529472351074e+00 5.222158284867177702e-01 4.120124906246118157e-01 -4.322291538394433252e-01 6.088630085876874931e-01
8.319654315710067749e-02 -4.318396747112274170e-01 -1.734962344169616699e+00 5.222197590976215276e-01 4.120093039120397149e-01 -4.322326614034974201e-01 6.088592675968665935e-01
8.319148421287536621e-02 -4.318367838859558105e-01 -1.734967350959777832e+00 5.222163403238420099e-01 4.120071396390249108e-01 -4.322391702464776775e-01 6.088590447597632682e-01
8.320178091526031494e-02 -4.318586587905883789e-01 -1.734970211982727051e+00 5.222407563336711744e-01 4.120261652037388589e-01 -4.322348175283284299e-01 6.088283107533846161e-01
8.319821208715438843e-02 -4.318635165691375732e-01 -1.734972357749938965e+00 5.222490861566508880e-01 4.120189585738844307e-01 -4.322332269344895672e-01 6.088271740675950117e-01
8.319476246833801270e-02 -4.318682551383972168e-01 -1.734974622726440430e+00 5.222472547126396636e-01 4.120263097470819869e-01 -4.322267945526439559e-01 6.088283675531649397e-01
8.320999145507812500e-02 -4.318626224994659424e-01 -1.735015153884887695e+00 5.222622752171370841e-01 4.120181866659042291e-01 -4.322187966619495669e-01 6.088266498022287809e-01
8.320777118206024170e-02 -4.318662285804748535e-01 -1.735020041465759277e+00 5.222608753664575998e-01 4.120177039317674539e-01 -4.322162531363833993e-01 6.088299793365141710e-01
8.320526778697967529e-02 -4.318704605102539062e-01 -1.735025167465209961e+00 5.222673235646646539e-01 4.120100954489828715e-01 -4.322097237773423473e-01 6.088342317040490448e-01
8.323153108358383179e-02 -4.318324327468872070e-01 -1.735093832015991211e+00 5.222750288431259325e-01 4.120065562233528045e-01 -4.322055905288482158e-01 6.088329385647776038e-01
8.323256671428680420e-02 -4.318310916423797607e-01 -1.735104680061340332e+00 5.222656473261072518e-01 4.120112573254712807e-01 -4.322118189212056372e-01 6.088333754100048179e-01
8.323463052511215210e-02 -4.318301677703857422e-01 -1.735114812850952148e+00 5.222708614802995530e-01 4.120107032636097233e-01 -4.322075395466876691e-01 6.088323185891721945e-01
8.324378728866577148e-02 -4.318968653678894043e-01 -1.735014796257019043e+00 5.222491557050310540e-01 4.120697917163568813e-01 -4.322456862979167092e-01 6.087838802655374248e-01
8.324684202671051025e-02 -4.319024085998535156e-01 -1.735017180442810059e+00 5.222447901887509181e-01 4.120726477734448223e-01 -4.322436589005297924e-01 6.087871288016171167e-01
8.324816077947616577e-02 -4.319098293781280518e-01 -1.735018849372863770e+00 5.222419333237837691e-01 4.120763571560290828e-01 -4.322434447647636735e-01 6.087872063332017136e-01
8.326650410890579224e-02 -4.319267868995666504e-01 -1.734981179237365723e+00 5.222231082971799943e-01 4.120653383415897042e-01 -4.322257608180164468e-01 6.088233760543616535e-01
8.326827734708786011e-02 -4.319365024566650391e-01 -1.734983205795288086e+00 5.222325512122288904e-01 4.120597314324922489e-01 -4.322308175981732781e-01 6.088154775791706497e-01
8.327122777700424194e-02 -4.319446384906768799e-01 -1.734985113143920898e+00 5.222278966522123644e-01 4.120661647236231184e-01 -4.322385149574643481e-01 6.088096615564141389e-01
8.323701471090316772e-02 -4.319361448287963867e-01 -1.734979748725891113e+00 5.221946269318892275e-01 4.121049487275552092e-01 -4.322604693839044998e-01 6.087963578144163224e-01
8.323466777801513672e-02 -4.319411218166351318e-01 -1.734980702400207520e+00 5.221970702908905748e-01 4.121119842073253103e-01 -4.322581293804908520e-01 6.087911693454782780e-01
8.323259651660919189e-02 -4.319444596767425537e-01 -1.734981894493103027e+00 5.221935104735326849e-01 4.121157531069773450e-01 -4.322578087656971380e-01 6.087918952182076460e-01
8.320660889148712158e-02 -4.318978786468505859e-01 -1.734997272491455078e+00 5.222161994349275860e-01 4.121185566188667604e-01 -4.322639174561572761e-01 6.087662009271246344e-01
8.320244401693344116e-02 -4.318972826004028320e-01 -1.734998941421508789e+00 5.222138774374688319e-01 4.121094175315233032e-01 -4.322715553316366366e-01 6.087689363096843165e-01
8.319836854934692383e-02 -4.318974912166595459e-01 -1.735000848770141602e+00 5.222107493231865627e-01 4.121148608729577334e-01 -4.322659266853447479e-01 6.087719408872028781e-01
8.321312814950942993e-02 -4.318391978740692139e-01 -1.735074281692504883e+00 5.222211126904446887e-01 4.121335974242050226e-01 -4.322603820017200671e-01 6.087543243024883255e-01
8.321006596088409424e-02 -4.318338334560394287e-01 -1.735080480575561523e+00 5.222223539266296344e-01 4.121363023204898668e-01 -4.322633832529242937e-01 6.087492963606448981e-01
8.320578187704086304e-02 -4.318282306194305420e-01 -1.735086679458618164e+00 5.222293019413707382e-01 4.121376814084893314e-01 -4.322666952251917882e-01 6.087400273543372986e-01
8.322583138942718506e-02 -4.318448603153228760e-01 -1.735130906105041504e+00 5.222199534873204207e-01 4.121447524954318098e-01 -4.322828973680253317e-01 6.087317496121348315e-01
8.322346210479736328e-02 -4.318407773971557617e-01 -1.735136628150939941e+00 5.222114020555359559e-01 4.121425166664360873e-01 -4.322860740583631123e-01 6.087383364856057133e-01
8.322052657604217529e-02 -4.318367242813110352e-01 -1.735142588615417480e+00 5.222113788710674998e-01 4.121345381058608148e-01 -4.322944806779215332e-01 6.087378070843331157e-01
8.323691040277481079e-02 -4.318898618221282959e-01 -1.735028505325317383e+00 5.221945894788520004e-01 4.121733853677923554e-01 -4.323101149618039929e-01 6.087148037921816801e-01
8.323809504508972168e-02 -4.318901896476745605e-01 -1.735025525093078613e+00 5.221936353172373924e-01 4.121671080152078392e-01 -4.323096350479581074e-01 6.087202106697625625e-01
8.323939144611358643e-02 -4.318891167640686035e-01 -1.735022187232971191e+00 5.221983080172923897e-01 4.121622142664356225e-01 -4.323046876872075339e-01 6.087230533070177030e-01
8.325432986021041870e-02 -4.319003820419311523e-01 -1.735004901885986328e+00 5.222219152141772680e-01 4.121435003153461896e-01 -4.323159567628125366e-01 6.087074630773633421e-01
8.325790613889694214e-02 -4.319013655185699463e-01 -1.735000371932983398e+00 5.222159907765919762e-01 4.121430968649493765e-01 -4.323173087595855169e-01 6.087118291750446275e-01
8.326142281293869019e-02 -4.319008588790893555e-01 -1.734995961189270020e+00 5.222192240797279839e-01 4.121511741221292047e-01 -4.323130448606348764e-01 6.087066336406774525e-01
8.322487771511077881e-02 -4.319223761558532715e-01 -1.734970211982727051e+00 5.222049353323822141e-01 4.121289477870141438e-01 -4.322966474083382860e-01 6.087455609089436059e-01
8.322666585445404053e-02 -4.319227933883666992e-01 -1.734965085983276367e+00 5.222098237259152897e-01 4.121154094215967456e-01 -4.322963548015947288e-01 6.087507627561501433e-01
8.322913199663162231e-02 -4.319224655628204346e-01 -1.734960794448852539e+00 5.222035977486516600e-01 4.121255198367188011e-01 -4.322980899905219943e-01 6.087480190205718511e-01
8.325115591287612915e-02 -4.318816065788269043e-01 -1.735027313232421875e+00 5.221905534524864390e-01 4.121454848059596943e-01 -4.322819509167801222e-01 6.087571473781882014e-01
8.325309306383132935e-02 -4.318787455558776855e-01 -1.735027313232421875e+00 5.221917323392412102e-01 4.121429634857087243e-01 -4.322863290383801571e-01 6.087547457745946522e-01
8.325524628162384033e-02 -4.318761229515075684e-01 -1.735026836395263672e+00 5.222006728869571512e-01 4.121379332329295764e-01 -4.322807398980985649e-01 6.087544676477077976e-01
8.322156220674514771e-02 -4.318440258502960205e-01 -1.735074877738952637e+00 5.221746087922889412e-01 4.121439689977330345e-01 -4.322661127778105183e-01 6.087830983248975203e-01
8.321934938430786133e-02 -4.318398535251617432e-01 -1.735076904296875000e+00 5.221717212228974558e-01 4.121473539269319697e-01 -4.322681785688976541e-01 6.087818133341434956e-01
8.321696519851684570e-02 -4.318343698978424072e-01 -1.735078573226928711e+00 5.221703425321884140e-01 4.121441330400380521e-01 -4.322648877414868585e-01 6.087875157615290078e-01
8.322823047637939453e-02 -4.318524301052093506e-01 -1.735058546066284180e+00 5.221472466921046607e-01 4.121546721208840802e-01 -4.322737751255340544e-01 6.087938678430716566e-01
8.322704583406448364e-02 -4.318482577800750732e-01 -1.735058188438415527e+00 5.221479191238502793e-01 4.121609691045731161e-01 -4.322706178919942799e-01 6.087912859205376614e-01
8.322608470916748047e-02 -4.318443536758422852e-01 -1.735057234764099121e+00 5.221465796104191037e-01 4.121608563920565182e-01 -4.322691922825791511e-01 6.087935468997331956e-01
8.319588005542755127e-02 -4.318567812442779541e-01 -1.735028743743896484e+00 5.221556368659899805e-01 4.122147244288620893e-01 -4.322594236507244503e-01 6.087562041284444447e-01
8.319183439016342163e-02 -4.318565428256988525e-01 -1.735026478767395020e+00 5.221561969195658293e-01 4.121945484444380359e-01 -4.322723317363619255e-01 6.087602456488552249e-01
8.318879455327987671e-02 -4.318564534187316895e-01 -1.735025405883789062e+00 5.221565679101388691e-01 4.121939702042659581e-01 -4.322727915596444315e-01 6.087599843530033805e-01
8.321379125118255615e-02 -4.318678975105285645e-01 -1.735004067420959473e+00 5.221861161060132872e-01 4.122149661240562257e-01 -4.322841225777023233e-01 6.087123821786025735e-01
8.321591466665267944e-02 -4.318689107894897461e-01 -1.735000491142272949e+00 5.221796472861868210e-01 4.122021054173895527e-01 -4.322836081675914266e-01 6.087269857506903969e-01
8.321868628263473511e-02 -4.318702220916748047e-01 -1.734996318817138672e+00 5.221814611320889643e-01 4.121924872250731231e-01 -4.322809562180012222e-01 6.087338602360841122e-01
8.322518318891525269e-02 -4.318827688694000244e-01 -1.734964251518249512e+00 5.222169092293252879e-01 4.122059574130116366e-01 -4.322874932363339195e-01 6.086896859231111234e-01
8.322897553443908691e-02 -4.318852126598358154e-01 -1.734959125518798828e+00 5.222161602000331415e-01 4.122025538258266564e-01 -4.322917674739400473e-01 6.086895888118383224e-01
8.323381841182708740e-02 -4.318876564502716064e-01 -1.734953284263610840e+00 5.222119977176782335e-01 4.121997330123544079e-01 -4.322898790091581067e-01 6.086964094896684108e-01
8.321203291416168213e-02 -4.319011867046356201e-01 -1.734973192214965820e+00 5.222495266295689165e-01 4.121699660616535699e-01 -4.323002868099076190e-01 6.086769640432955208e-01
8.321324735879898071e-02 -4.319046437740325928e-01 -1.734970092773437500e+00 5.222379493798779970e-01 4.121717095795632280e-01 -4.322965808987104808e-01 6.086883317899174362e-01
8.321411907672882080e-02 -4.319076240062713623e-01 -1.734967589378356934e+00 5.222404246359785285e-01 4.121651514786106585e-01 -4.323093388666379155e-01 6.086815948233752493e-01
8.323772251605987549e-02 -4.318419694900512695e-01 -1.734934449195861816e+00 5.222586641297141119e-01 4.121250137885629772e-01 -4.323112548620536844e-01 6.086917937658653521e-01
8.324272930622100830e-02 -4.318344891071319580e-01 -1.734931111335754395e+00 5.222443568450704232e-01 4.121399564842792573e-01 -4.322999884711595797e-01 6.087019638365074314e-01
8.324698358774185181e-02 -4.318282008171081543e-01 -1.734926462173461914e+00 5.222487223649728838e-01 4.121347352125935837e-01 -4.322987501865905302e-01 6.087025964513275156e-01
8.324180543422698975e-02 -4.318422675132751465e-01 -1.734925031661987305e+00 5.222475025910267021e-01 4.121505348382350498e-01 -4.322848871743522059e-01 6.087028055097085666e-01
8.324352651834487915e-02 -4.318360388278961182e-01 -1.734919667243957520e+00 5.222420831223351101e-01 4.121416581150822989e-01 -4.322894034455832535e-01 6.087102635303671683e-01
8.324592560529708862e-02 -4.318296611309051514e-01 -1.734914302825927734e+00 5.222458655215160839e-01 4.121411626435563247e-01 -4.322799810691631550e-01 6.087140295678020729e-01
8.324326574802398682e-02 -4.318707585334777832e-01 -1.734893321990966797e+00 5.222516202083188341e-01 4.121662415981215410e-01 -4.322561758804900345e-01 6.087090341042744601e-01
8.324441313743591309e-02 -4.318698942661285400e-01 -1.734888195991516113e+00 5.222518377688318836e-01 4.121671113342368908e-01 -4.322661926199784510e-01 6.087011338118267778e-01
8.324623107910156250e-02 -4.318679869174957275e-01 -1.734883308410644531e+00 5.222464950270658823e-01 4.121748160664553962e-01 -4.322614468864247050e-01 6.087038514751472729e-01
8.321862667798995972e-02 -4.318804442882537842e-01 -1.734788179397583008e+00 5.222147102902793270e-01 4.121599369933360291e-01 -4.322642940611429729e-01 6.087391883235064860e-01
8.321833610534667969e-02 -4.318788945674896240e-01 -1.734778046607971191e+00 5.222249808434816787e-01 4.121546880452833794e-01 -4.322600924722057592e-01 6.087369178587497265e-01
8.321860432624816895e-02 -4.318761229515075684e-01 -1.734767556190490723e+00 5.222275310624079347e-01 4.121548688899825952e-01 -4.322569811275588370e-01 6.087368128361191344e-01
8.321821689605712891e-02 -4.318654537200927734e-01 -1.734840631484985352e+00 5.222189565705755987e-01 4.121702000637355590e-01 -4.322554914569277096e-01 6.087348520154756137e-01
8.321819454431533813e-02 -4.318632483482360840e-01 -1.734836101531982422e+00 5.222132924779555596e-01 4.121704153675720406e-01 -4.322653018038629669e-01 6.087326088144615621e-01
8.321750164031982422e-02 -4.318631589412689209e-01 -1.734821677207946777e+00 5.222097648728540875e-01 4.121842176474426189e-01 -4.322524884347543894e-01 6.087353654904112954e-01
8.322738856077194214e-02 -4.318873882293701172e-01 -1.734838962554931641e+00 5.222143696589905959e-01 4.121964090705935724e-01 -4.322390589825627627e-01 6.087327085626456080e-01
8.322881907224655151e-02 -4.318890869617462158e-01 -1.734832882881164551e+00 5.222165596824560607e-01 4.122036616569148548e-01 -4.322499387774990653e-01 6.087181997821106139e-01
8.323654532432556152e-02 -4.318857192993164062e-01 -1.734844803810119629e+00 5.222114573415717054e-01 4.121983190602095393e-01 -4.322439288702973892e-01 6.087304677913091266e-01
8.320255577564239502e-02 -4.318511486053466797e-01 -1.734905242919921875e+00 5.221921264898923276e-01 4.121864191573140768e-01 -4.322422056722203254e-01 6.087563123270641752e-01
8.319880068302154541e-02 -4.318472743034362793e-01 -1.734900116920471191e+00 5.221910367785428386e-01 4.121927688930816513e-01 -4.322350373848518612e-01 6.087580249889027462e-01
8.320557326078414917e-02 -4.318433105945587158e-01 -1.734850883483886719e+00 5.222035763472840930e-01 4.121884210796793457e-01 -4.322302689377237050e-01 6.087536083244470264e-01
8.320172876119613647e-02 -4.318383038043975830e-01 -1.734843969345092773e+00 5.222088446241259785e-01 4.121867524055309318e-01 -4.322305488882156599e-01 6.087500208160591120e-01
8.319798111915588379e-02 -4.318339526653289795e-01 -1.734835743904113770e+00 5.222042362223797696e-01 4.121875007326251117e-01 -4.322326101543846333e-01 6.087519972965341752e-01
8.320166170597076416e-02 -4.318370819091796875e-01 -1.734882593154907227e+00 5.222331272334382879e-01 4.122032036878027772e-01 -4.322303230157146237e-01 6.087182057494063825e-01
8.320096135139465332e-02 -4.318346381187438965e-01 -1.734877824783325195e+00 5.222268426828619026e-01 4.122150016310122123e-01 -4.322263259241375666e-01 6.087184547453677874e-01
8.320014178752899170e-02 -4.318310618400573730e-01 -1.734873294830322266e+00 5.222307589440307041e-01 4.122168538477883892e-01 -4.322261662518739334e-01 6.087139755052551893e-01
8.320054411888122559e-02 -4.318450391292572021e-01 -1.734816670417785645e+00 5.222134672525129417e-01 4.121851189898367851e-01 -4.322362729672935000e-01 6.087431055649652478e-01
8.319857716560363770e-02 -4.318461120128631592e-01 -1.734810113906860352e+00 5.222127414026928038e-01 4.121818468617539089e-01 -4.322484499077406950e-01 6.087372888454096742e-01
8.319540321826934814e-02 -4.318469762802124023e-01 -1.734802603721618652e+00 5.222109240985950418e-01 4.121783732845414883e-01 -4.322446448926908769e-01 6.087438872195873873e-01
8.319170773029327393e-02 -4.318569898605346680e-01 -1.734811544418334961e+00 5.221990035683055087e-01 4.121351344857982490e-01 -4.322553716133943347e-01 6.087757892005288829e-01
8.318807929754257202e-02 -4.318580329418182373e-01 -1.734806418418884277e+00 5.222103302186522633e-01 4.121290095906054440e-01 -4.322382256907760789e-01 6.087824023710187715e-01
8.318448811769485474e-02 -4.318589568138122559e-01 -1.734798908233642578e+00 5.222122937650771624e-01 4.121145694211518773e-01 -4.322458581722585236e-01 6.087850783507968710e-01
8.318056911230087280e-02 -4.318574666976928711e-01 -1.734793305397033691e+00 5.222085574919235196e-01 4.121217839643576131e-01 -4.322367717388818642e-01 6.087898192785070606e-01
8.318466693162918091e-02 -4.318317174911499023e-01 -1.734818458557128906e+00 5.222669562192283621e-01 4.120853879350349636e-01 -4.322643913567082441e-01 6.087447708348358022e-01
8.318284898996353149e-02 -4.318266510963439941e-01 -1.734814167022705078e+00 5.222549085723074969e-01 4.120942557229625991e-01 -4.322684301096680337e-01 6.087462166410588793e-01
8.316593617200851440e-02 -4.318408668041229248e-01 -1.734873533248901367e+00 5.222710148369877903e-01 4.120803845310550551e-01 -4.322705866659008467e-01 6.087402684730705005e-01
8.315854519605636597e-02 -4.318386912345886230e-01 -1.734873056411743164e+00 5.222738804589138750e-01 4.120818325919255454e-01 -4.322727335228946366e-01 6.087353306720738599e-01
8.315071463584899902e-02 -4.318382143974304199e-01 -1.734870433807373047e+00 5.222793941066536938e-01 4.120795400875164050e-01 -4.322709536229948912e-01 6.087333979531048822e-01
8.317301422357559204e-02 -4.318477809429168701e-01 -1.734885454177856445e+00 5.222868156841836695e-01 4.120527751599987742e-01 -4.322382259719267372e-01 6.087683855564470781e-01
8.316671848297119141e-02 -4.318489432334899902e-01 -1.734887242317199707e+00 5.222850699645963379e-01 4.120509355950193187e-01 -4.322522688024591497e-01 6.087611621297600584e-01
8.316045999526977539e-02 -4.318485260009765625e-01 -1.734888792037963867e+00 5.222732527695816973e-01 4.120605049320487101e-01 -4.322563357383315541e-01 6.087619402099015975e-01
8.321499079465866089e-02 -4.318580329418182373e-01 -1.734900474548339844e+00 5.223026303182408681e-01 4.120169257518729311e-01 -4.322658414006154137e-01 6.087594817885269016e-01
8.321274816989898682e-02 -4.318581521511077881e-01 -1.734905004501342773e+00 5.223114156229051730e-01 4.120144568700921939e-01 -4.322540291646089217e-01 6.087619807401469796e-01
8.320948481559753418e-02 -4.318592250347137451e-01 -1.734909892082214355e+00 5.223139119276951625e-01 4.120072312294841277e-01 -4.322566919879276548e-01 6.087628513821102816e-01
8.320257812738418579e-02 -4.318297803401947021e-01 -1.734930872917175293e+00 5.223633006479740937e-01 4.120035565862095739e-01 -4.322175450049431378e-01 6.087507505744675917e-01
8.319775015115737915e-02 -4.318273365497589111e-01 -1.734938621520996094e+00 5.223601769943267970e-01 4.120016022624065077e-01 -4.322065045974650688e-01 6.087625779687388938e-01
8.319292217493057251e-02 -4.318268001079559326e-01 -1.734945535659790039e+00 5.223591571672875356e-01 4.119939591763621123e-01 -4.322144479872097045e-01 6.087630105289090210e-01
8.318601548671722412e-02 -4.318362772464752197e-01 -1.734895348548889160e+00 5.223301429670755835e-01 4.120052512986279170e-01 -4.322374419387270406e-01 6.087639470699066635e-01
8.318284898996353149e-02 -4.318384230136871338e-01 -1.734899044036865234e+00 5.223354812872492703e-01 4.120042356948445672e-01 -4.322369291927480872e-01 6.087603928057324643e-01
8.317893743515014648e-02 -4.318406283855438232e-01 -1.734902977943420410e+00 5.223395144107996213e-01 4.120047203130298707e-01 -4.322338199972839967e-01 6.087588304538082973e-01
8.317993581295013428e-02 -4.318616986274719238e-01 -1.734838485717773438e+00 5.223293548737708569e-01 4.120088541402205928e-01 -4.322394955529221816e-01 6.087607147105780214e-01
8.317548781633377075e-02 -4.318651854991912842e-01 -1.734841108322143555e+00 5.223232159071630187e-01 4.120078517593461775e-01 -4.322654426514002113e-01 6.087482133739268164e-01
8.317223191261291504e-02 -4.318661391735076904e-01 -1.734842896461486816e+00 5.223277323249875259e-01 4.120071135549134844e-01 -4.322589537711953311e-01 6.087494684366215880e-01
8.321911841630935669e-02 -4.318457245826721191e-01 -1.734810829162597656e+00 5.223562296107743252e-01 4.119930018845184283e-01 -4.322563478927315406e-01 6.087364264047200324e-01
8.322214335203170776e-02 -4.318463206291198730e-01 -1.734813451766967773e+00 5.223536140515829818e-01 4.119951825133915113e-01 -4.322507137537144883e-01 6.087412003860620535e-01
8.322533965110778809e-02 -4.318476915359497070e-01 -1.734814643859863281e+00 5.223520397175483998e-01 4.119934645581281862e-01 -4.322496113417408914e-01 6.087444757071103218e-01
8.323491364717483521e-02 -4.317911267280578613e-01 -1.734842181205749512e+00 5.223602786203387360e-01 4.119837643001718619e-01 -4.322409394763789825e-01 6.087501217797910424e-01
8.323878049850463867e-02 -4.317879974842071533e-01 -1.734845995903015137e+00 5.223457191554548018e-01 4.119819431578367608e-01 -4.322437784307868180e-01 6.087618405747136086e-01
8.324277400970458984e-02 -4.317851960659027100e-01 -1.734848260879516602e+00 5.223404683059362785e-01 4.119788813847010123e-01 -4.322462478846500478e-01 6.087666621693170743e-01
8.325700461864471436e-02 -4.317866265773773193e-01 -1.734910726547241211e+00 5.223585081854077439e-01 4.119567623172422643e-01 -4.322506665186096053e-01 6.087630251663117553e-01
8.326233178377151489e-02 -4.317827522754669189e-01 -1.734919786453247070e+00 5.223534803314359154e-01 4.119596506671152070e-01 -4.322512077390946450e-01 6.087650050778287136e-01
8.326667547225952148e-02 -4.317819178104400635e-01 -1.734930276870727539e+00 5.223635769977114096e-01 4.119556353202880050e-01 -4.322633668972586385e-01 6.087504285227063328e-01
8.322294056415557861e-02 -4.318164587020874023e-01 -1.734868764877319336e+00 5.223469797080765309e-01 4.119717738430060394e-01 -4.322402053025138358e-01 6.087701848808662053e-01
8.322098851203918457e-02 -4.318197667598724365e-01 -1.734874010086059570e+00 5.223457851250451478e-01 4.119578496698934611e-01 -4.322450557130723681e-01 6.087771684810612260e-01
8.321909606456756592e-02 -4.318219423294067383e-01 -1.734878182411193848e+00 5.223530809537265673e-01 4.119568027108190256e-01 -4.322395194496963522e-01 6.087755405513912699e-01
8.321501314640045166e-02 -4.318341016769409180e-01 -1.734790205955505371e+00 5.223572351801477609e-01 4.120046072174798901e-01 -4.322160329497356512e-01 6.087563215648419401e-01
8.321228623390197754e-02 -4.318394064903259277e-01 -1.734788060188293457e+00 5.223545732697669752e-01 4.120113602382078355e-01 -4.322100786026443209e-01 6.087582827007761432e-01
8.321066200733184814e-02 -4.318458735942840576e-01 -1.734785437583923340e+00 5.223546160601282295e-01 4.120118471030100871e-01 -4.322066110533476224e-01 6.087603723503535180e-01
8.321025967597961426e-02 -4.318365454673767090e-01 -1.734664082527160645e+00 5.223553167517944740e-01 4.119977798232340449e-01 -4.322000228163055957e-01 6.087739475591725791e-01
8.320835232734680176e-02 -4.318448007106781006e-01 -1.734655618667602539e+00 5.223553042712896222e-01 4.120035057383153454e-01 -4.322050360423558280e-01 6.087665165917186538e-01
8.320701867341995239e-02 -4.318505227565765381e-01 -1.734643816947937012e+00 5.223579483487428288e-01 4.120051822160161747e-01 -4.322012026665382201e-01 6.087658456385897088e-01
8.322948217391967773e-02 -4.318799674510955811e-01 -1.734658598899841309e+00 5.223377278585861205e-01 4.120330027077369062e-01 -4.321886553671877018e-01 6.087732794059154129e-01
8.322904258966445923e-02 -4.318857192993164062e-01 -1.734647512435913086e+00 5.223459366767749801e-01 4.120226727270966949e-01 -4.321879629073789308e-01 6.087737539947921661e-01
8.322869986295700073e-02 -4.318931400775909424e-01 -1.734636306762695312e+00 5.223401420205060486e-01 4.120412256978794874e-01 -4.321824250721665872e-01 6.087700663778696786e-01
8.316659182310104370e-02 -4.318124353885650635e-01 -1.734600067138671875e+00 5.223244301551933644e-01 4.120083845813506951e-01 -4.322022597781149389e-01 6.087917021619072555e-01
8.315769582986831665e-02 -4.318124651908874512e-01 -1.734586954116821289e+00 5.223281584674087652e-01 4.120176431539243622e-01 -4.322002535014284330e-01 6.087836337340286619e-01
8.314850181341171265e-02 -4.318129718303680420e-01 -1.734573006629943848e+00 5.223353422134680013e-01 4.120084926445774509e-01 -4.322029997244864474e-01 6.087817369000243506e-01
8.316407352685928345e-02 -4.317865669727325439e-01 -1.734642148017883301e+00 5.223166649814291462e-01 4.119678078860302683e-01 -4.321941532909615580e-01 6.088315785040190331e-01
8.315584063529968262e-02 -4.317833781242370605e-01 -1.734634876251220703e+00 5.223262916400851497e-01 4.119650899727880788e-01 -4.321881972724821996e-01 6.088293725134984458e-01
8.314902335405349731e-02 -4.317813515663146973e-01 -1.734627127647399902e+00 5.223209336124772229e-01 4.119552584180442012e-01 -4.322009735833478028e-01 6.088315526082315188e-01
8.314136415719985962e-02 -4.317794740200042725e-01 -1.734618663787841797e+00 5.223330956318704699e-01 4.119570562761015742e-01 -4.321933957120878689e-01 6.088252788347969791e-01
8.320159465074539185e-02 -4.317956864833831787e-01 -1.734744191169738770e+00 5.223498466962058773e-01 4.119329765110791297e-01 -4.322218558970543079e-01 6.088069812866232500e-01
8.319929987192153931e-02 -4.317962229251861572e-01 -1.734742403030395508e+00 5.223578627685627751e-01 4.119408506259079616e-01 -4.322111811655240943e-01 6.088023740083056135e-01
8.320726454257965088e-02 -4.317914545536041260e-01 -1.734754085540771484e+00 5.223661425860348650e-01 4.119481955836117315e-01 -4.321981722483907440e-01 6.087995276416148238e-01
8.321499079465866089e-02 -4.318158924579620361e-01 -1.734803318977355957e+00 5.223607956646547645e-01 4.119091945621658479e-01 -4.322099703769398116e-01 6.088221050798002798e-01
8.321474492549896240e-02 -4.318199455738067627e-01 -1.734802722930908203e+00 5.223596724297991933e-01 4.119142594456535744e-01 -4.322040676341267207e-01 6.088238706617107310e-01
8.319939672946929932e-02 -4.318406581878662109e-01 -1.734782695770263672e+00 5.223585527583648469e-01 4.119113768573625656e-01 -4.322121542596556454e-01 6.088210250372840804e-01
8.317931741476058960e-02 -4.318252801895141602e-01 -1.734823822975158691e+00 5.223315765093141660e-01 4.119495497347987478e-01 -4.322278897761265282e-01 6.088071796445838624e-01
8.317365497350692749e-02 -4.318277239799499512e-01 -1.734826803207397461e+00 5.223407963741414362e-01 4.119497455069440206e-01 -4.322343175039304319e-01 6.087945649952856142e-01
8.316799253225326538e-02 -4.318284690380096436e-01 -1.734830737113952637e+00 5.223454481451585973e-01 4.119549096682429412e-01 -4.322223753528900980e-01 6.087955477506192814e-01
8.319216221570968628e-02 -4.318468570709228516e-01 -1.734789848327636719e+00 5.223151743401466263e-01 4.119990995951547941e-01 -4.322353630808112301e-01 6.087824059470512417e-01
8.319120854139328003e-02 -4.318462014198303223e-01 -1.734791278839111328e+00 5.223113621305290888e-01 4.120086184709305099e-01 -4.322274360122209669e-01 6.087848950305662088e-01
8.320838212966918945e-02 -4.318279623985290527e-01 -1.734794378280639648e+00 5.223313768121238265e-01 4.120043172908999241e-01 -4.321995001043671958e-01 6.087904524027707431e-01
8.320378512144088745e-02 -4.317992925643920898e-01 -1.734797716140747070e+00 5.223101906461194988e-01 4.120098599498506209e-01 -4.322222538135424563e-01 6.087886997261876543e-01
8.320172876119613647e-02 -4.317924678325653076e-01 -1.734800338745117188e+00 5.223195321359546117e-01 4.119999914692536458e-01 -4.322171162366342800e-01 6.087910491411878677e-01
8.320116251707077026e-02 -4.317872226238250732e-01 -1.734800457954406738e+00 5.223146073247619814e-01 4.119966440189454238e-01 -4.322235202217559191e-01 6.087929664250599782e-01
8.320043981075286865e-02 -4.317785799503326416e-01 -1.734810590744018555e+00 5.223128474334687299e-01 4.120075359942382276e-01 -4.322328185247116816e-01 6.087805106123070908e-01
8.320040255784988403e-02 -4.317728579044342041e-01 -1.734811186790466309e+00 5.223135499642401758e-01 4.120118282182976266e-01 -4.322339934815562779e-01 6.087761541658202047e-01
8.319247514009475708e-02 -4.317591488361358643e-01 -1.734777927398681641e+00 5.223162103006276924e-01 4.120347888639150358e-01 -4.321947310058189551e-01 6.087862338589504763e-01
8.323018252849578857e-02 -4.317913055419921875e-01 -1.734753012657165527e+00 5.223202917153000335e-01 4.120345112515247377e-01 -4.322196953937891273e-01 6.087651583360487173e-01
8.323477953672409058e-02 -4.317860603332519531e-01 -1.734753012657165527e+00 5.223193449155236756e-01 4.120316884695894855e-01 -4.322224134828627773e-01 6.087659908108339346e-01
8.321230858564376831e-02 -4.318283200263977051e-01 -1.734719514846801758e+00 5.223097377427667887e-01 4.120349093692176612e-01 -4.322138504738959330e-01 6.087781296968309830e-01
8.321473747491836548e-02 -4.318263530731201172e-01 -1.734700322151184082e+00 5.223224010577830478e-01 4.120086585522743650e-01 -4.322170958443997124e-01 6.087827127628706592e-01
8.321645855903625488e-02 -4.318262338638305664e-01 -1.734696984291076660e+00 5.223142364464415932e-01 4.120002816026847592e-01 -4.322129111782301858e-01 6.087983627745444659e-01
8.322709053754806519e-02 -4.318207502365112305e-01 -1.734676957130432129e+00 5.223219677784922688e-01 4.120006378517984125e-01 -4.321928234221945053e-01 6.088057268994866433e-01
8.321931213140487671e-02 -4.318242073059082031e-01 -1.734689116477966309e+00 5.223129686825018769e-01 4.120119336973594448e-01 -4.321939398975634949e-01 6.088050327677421159e-01
8.322037756443023682e-02 -4.318224191665649414e-01 -1.734689474105834961e+00 5.223115867984717831e-01 4.120066795672990279e-01 -4.321909287836323554e-01 6.088118928713708300e-01
8.323995023965835571e-02 -4.317955672740936279e-01 -1.734703063964843750e+00 5.223296312414678066e-01 4.119580804819164555e-01 -4.321758235441088281e-01 6.088400292797657709e-01
8.324484527111053467e-02 -4.318107366561889648e-01 -1.734740614891052246e+00 5.223342777629156330e-01 4.119544122664014485e-01 -4.321949547956628335e-01 6.088249422325728855e-01
8.324678242206573486e-02 -4.318094551563262939e-01 -1.734745621681213379e+00 5.223343116399347119e-01 4.119500314599644497e-01 -4.321937250221677407e-01 6.088287397640813614e-01
8.325888961553573608e-02 -4.317972064018249512e-01 -1.734754800796508789e+00 5.223543165275260636e-01 4.119347860993090027e-01 -4.322026903961542765e-01 6.088155359125194677e-01
8.325372636318206787e-02 -4.318157434463500977e-01 -1.734810709953308105e+00 5.223674637075602645e-01 4.119307868139326922e-01 -4.322109714360456434e-01 6.088011115438438647e-01
8.325508236885070801e-02 -4.318173825740814209e-01 -1.734821438789367676e+00 5.223760286303020806e-01 4.119402032881163134e-01 -4.322056784231260163e-01 6.087911295879352425e-01
8.324959874153137207e-02 -4.318269789218902588e-01 -1.734814405441284180e+00 5.223751282859530054e-01 4.119392552300381038e-01 -4.321945209708425439e-01 6.088004656162336881e-01
8.323567360639572144e-02 -4.318063557147979736e-01 -1.734824657440185547e+00 5.223593140638846943e-01 4.119027534024544690e-01 -4.321970024902587748e-01 6.088369684426626627e-01
8.323451876640319824e-02 -4.318068027496337891e-01 -1.734832763671875000e+00 5.223564417789415826e-01 4.119048578716578701e-01 -4.322003097019412321e-01 6.088356806525965226e-01
8.319653570652008057e-02 -4.317602515220642090e-01 -1.734839677810668945e+00 5.223844650488874697e-01 4.119690965851330322e-01 -4.321825477214492617e-01 6.087807699990798183e-01
8.320225775241851807e-02 -4.317879080772399902e-01 -1.734855413436889648e+00 5.223714520123281524e-01 4.119369162348643365e-01 -4.321924386293267140e-01 6.088066899151367561e-01
8.319770544767379761e-02 -4.317920207977294922e-01 -1.734862923622131348e+00 5.223689934230469900e-01 4.119399604501662870e-01 -4.321996181914649071e-01 6.088016393346804556e-01
8.319761604070663452e-02 -4.317871034145355225e-01 -1.734855413436889648e+00 5.223758681730069631e-01 4.119575736363756402e-01 -4.321660373791485488e-01 6.088076618415636521e-01
8.323235809803009033e-02 -4.318232238292694092e-01 -1.734819412231445312e+00 5.223809100742338174e-01 4.119334549681759605e-01 -4.321832549655498790e-01 6.088074195494758145e-01
8.323328942060470581e-02 -4.318296909332275391e-01 -1.734826087951660156e+00 5.223815839880375789e-01 4.119329663293962440e-01 -4.321879835341827514e-01 6.088038243842573971e-01
8.321490883827209473e-02 -4.318810105323791504e-01 -1.734776854515075684e+00 5.223942099055062238e-01 4.119623921609738004e-01 -4.321967759978137535e-01 6.087668464415720848e-01
8.321304619312286377e-02 -4.318589866161346436e-01 -1.734748005867004395e+00 5.223818300198446174e-01 4.119632909507935370e-01 -4.322057474309784486e-01 6.087704909500768480e-01
8.321261405944824219e-02 -4.318644106388092041e-01 -1.734748959541320801e+00 5.223753101378079133e-01 4.119622177024531706e-01 -4.322038963395588573e-01 6.087781176752919965e-01
8.323930203914642334e-02 -4.318929612636566162e-01 -1.734809994697570801e+00 5.223318635738917193e-01 4.120061121808955007e-01 -4.322106476713675760e-01 6.087808844391405794e-01
8.321720361709594727e-02 -4.318691194057464600e-01 -1.734812498092651367e+00 5.223336697591978162e-01 4.119939966120367281e-01 -4.322108451937719531e-01 6.087873947979194345e-01
8.321615308523178101e-02 -4.318775832653045654e-01 -1.734816670417785645e+00 5.223332186592080095e-01 4.119897023441119743e-01 -4.322192027568007577e-01 6.087847682096128032e-01
8.319210261106491089e-02 -4.318431317806243896e-01 -1.734815001487731934e+00 5.223563686789944871e-01 4.120039784303772823e-01 -4.322093472159183047e-01 6.087622380003739897e-01
8.321987837553024292e-02 -4.318495690822601318e-01 -1.734724402427673340e+00 5.223395768152075958e-01 4.120044606984410440e-01 -4.322225498289942180e-01 6.087669451826482891e-01
8.322039991617202759e-02 -4.318556785583496094e-01 -1.734722852706909180e+00 5.223444906931836718e-01 4.120035766451515258e-01 -4.322207891350541287e-01 6.087645845385032395e-01
8.318944275379180908e-02 -4.318610429763793945e-01 -1.734652161598205566e+00 5.223162031683766804e-01 4.120439166393858321e-01 -4.322274026173537620e-01 6.087568572975488035e-01
8.318880200386047363e-02 -4.318663775920867920e-01 -1.734648108482360840e+00 5.223080883866865198e-01 4.120509816236548328e-01 -4.322260048088227835e-01 6.087600244377729952e-01
8.318904787302017212e-02 -4.318717420101165771e-01 -1.734642982482910156e+00 5.223078137906820295e-01 4.120503459359842746e-01 -4.322211324041559388e-01 6.087641531680596518e-01
8.321722596883773804e-02 -4.318611919879913330e-01 -1.734632730484008789e+00 5.223176046538314798e-01 4.120334178914398793e-01 -4.321937912071322496e-01 6.087866199627822716e-01
8.322001993656158447e-02 -4.318676590919494629e-01 -1.734630703926086426e+00 5.223194108884451348e-01 4.120275995975340999e-01 -4.322028291233275255e-01 6.087825890196428835e-01
8.322317898273468018e-02 -4.318762719631195068e-01 -1.734627962112426758e+00 5.223196676478436551e-01 4.120310095161870967e-01 -4.321956556322609777e-01 6.087851711675357214e-01
8.321049064397811890e-02 -4.318418800830841064e-01 -1.734632134437561035e+00 5.223333737805923027e-01 4.120511649557806466e-01 -4.321989888555375359e-01 6.087573859027332057e-01
8.321388810873031616e-02 -4.318476617336273193e-01 -1.734631061553955078e+00 5.223306368620472817e-01 4.120549893643421502e-01 -4.321856093400568422e-01 6.087666379277754114e-01
8.321659266948699951e-02 -4.318546652793884277e-01 -1.734629511833190918e+00 5.223359609132109949e-01 4.120516487856815679e-01 -4.321936138182774223e-01 6.087586641771000062e-01
8.319543302059173584e-02 -4.318250417709350586e-01 -1.734601378440856934e+00 5.223243641829059536e-01 4.120344332691134315e-01 -4.321782291319744562e-01 6.087911799557407244e-01
8.319537341594696045e-02 -4.318298399448394775e-01 -1.734597802162170410e+00 5.223209532259895926e-01 4.120261083509971223e-01 -4.321792826400184251e-01 6.087989927127079870e-01
8.319534361362457275e-02 -4.318332076072692871e-01 -1.734594702720642090e+00 5.223204093965081452e-01 4.120367363811712758e-01 -4.321783043946006431e-01 6.087929651130936648e-01
8.319479227066040039e-02 -4.318377971649169922e-01 -1.734596848487854004e+00 5.223462504778643156e-01 4.120276956335780505e-01 -4.321651399078371147e-01 6.087862398492319693e-01
8.319525420665740967e-02 -4.318423867225646973e-01 -1.734594941139221191e+00 5.223544217205428053e-01 4.120229475945127451e-01 -4.321810049161378120e-01 6.087711965865172381e-01
8.319662511348724365e-02 -4.318464100360870361e-01 -1.734592437744140625e+00 5.223559372108059762e-01 4.120287591125538218e-01 -4.321630557170846876e-01 6.087787016042414123e-01
8.320156484842300415e-02 -4.318235814571380615e-01 -1.734618663787841797e+00 5.223699401328348868e-01 4.120444786386439073e-01 -4.321556838718973448e-01 6.087612841100512595e-01
8.320438116788864136e-02 -4.318260848522186279e-01 -1.734619379043579102e+00 5.223751318516762776e-01 4.120383189070095931e-01 -4.321566749999120605e-01 6.087603114168560481e-01
8.320779353380203247e-02 -4.318283200263977051e-01 -1.734619379043579102e+00 5.223748287651126532e-01 4.120420202946178945e-01 -4.321530337519152720e-01 6.087606218363481592e-01
8.320166915655136108e-02 -4.318244159221649170e-01 -1.734626293182373047e+00 5.223498449132578658e-01 4.120108249896494712e-01 -4.321859416692687694e-01 6.087798112382272198e-01
8.320258557796478271e-02 -4.318255484104156494e-01 -1.734626293182373047e+00 5.223486360731627309e-01 4.120148415932034514e-01 -4.321869293705877801e-01 6.087774402424445119e-01
8.320292830467224121e-02 -4.318275749683380127e-01 -1.734626770019531250e+00 5.223553952006757539e-01 4.120060549241207348e-01 -4.321746420985662085e-01 6.087863081077288241e-01
8.321341872215270996e-02 -4.318017661571502686e-01 -1.734650731086730957e+00 5.223719672627124000e-01 4.119631460279410406e-01 -4.322171383500862385e-01 6.087709596901995646e-01
8.321575075387954712e-02 -4.318032860755920410e-01 -1.734651803970336914e+00 5.223677953245845496e-01 4.119649314529070794e-01 -4.322161045489147924e-01 6.087740530715265441e-01
8.321876078844070435e-02 -4.318043589591979980e-01 -1.734651684761047363e+00 5.223693321706258663e-01 4.119671996086325394e-01 -4.322186358258503502e-01 6.087693951436129458e-01
8.323068916797637939e-02 -4.317975640296936035e-01 -1.734592437744140625e+00 5.223753154863909343e-01 4.119401701910466729e-01 -4.322134141748110170e-01 6.087862698139457907e-01
8.323542028665542603e-02 -4.317978620529174805e-01 -1.734591364860534668e+00 5.223799259445776055e-01 4.119363169528493240e-01 -4.322117549746044007e-01 6.087861026526146802e-01
8.323828130960464478e-02 -4.317980706691741943e-01 -1.734590888023376465e+00 5.223746469130901016e-01 4.119364399447179581e-01 -4.322166915682548183e-01 6.087870489831652687e-01
8.321781456470489502e-02 -4.317778646945953369e-01 -1.734574079513549805e+00 5.223722525222220803e-01 4.119734827916204378e-01 -4.321865578508506944e-01 6.087854179512137698e-01
8.321805298328399658e-02 -4.317783117294311523e-01 -1.734573960304260254e+00 5.223678185021105591e-01 4.119812051915598405e-01 -4.321901550689791760e-01 6.087814428683272494e-01
8.321823179721832275e-02 -4.317788779735565186e-01 -1.734572052955627441e+00 5.223688971473792186e-01 4.119759008455616822e-01 -4.321889310185652033e-01 6.087849924411450342e-01
8.319535106420516968e-02 -4.318040013313293457e-01 -1.734519958496093750e+00 5.223504832082267457e-01 4.120064525338040795e-01 -4.322011676610363340e-01 6.087714077945389768e-01
8.319213986396789551e-02 -4.318058490753173828e-01 -1.734516143798828125e+00 5.223518774699433820e-01 4.120131692194228812e-01 -4.321989567456007708e-01 6.087672439538251989e-01
8.318856358528137207e-02 -4.318089485168457031e-01 -1.734510540962219238e+00 5.223471847481729879e-01 4.120123099059430638e-01 -4.321991595602469594e-01 6.087717003463249954e-01
8.320851624011993408e-02 -4.317916333675384521e-01 -1.734521985054016113e+00 5.223830387831260857e-01 4.119771245227090706e-01 -4.322171808213345900e-01 6.087519670788670290e-01
8.320675790309906006e-02 -4.317923188209533691e-01 -1.734518527984619141e+00 5.223889488465109920e-01 4.119813420229210821e-01 -4.322119753608507642e-01 6.087477185102371235e-01
8.320535719394683838e-02 -4.317913949489593506e-01 -1.734515190124511719e+00 5.223851763974806106e-01 4.119899509156562112e-01 -4.322123546279826867e-01 6.087448549607893389e-01
8.317882567644119263e-02 -4.317776262760162354e-01 -1.734541177749633789e+00 5.223597241343138631e-01 4.119833636521880726e-01 -4.321923235874950420e-01 6.087853992950226223e-01
8.317410200834274292e-02 -4.317763745784759521e-01 -1.734539985656738281e+00 5.223597669242531216e-01 4.119776210130780547e-01 -4.321895692398199929e-01 6.087911973835169466e-01
8.316905051469802856e-02 -4.317741394042968750e-01 -1.734539389610290527e+00 5.223571228560052182e-01 4.119827872532563218e-01 -4.321895335926877468e-01 6.087900284752804092e-01
8.317119628190994263e-02 -4.317736923694610596e-01 -1.734523296356201172e+00 5.223883854768360813e-01 4.119989976335481363e-01 -4.321851733031328857e-01 6.087552923417076656e-01
8.316858857870101929e-02 -4.317704737186431885e-01 -1.734521746635437012e+00 5.223881733216427792e-01 4.119980988322416993e-01 -4.321823608231015745e-01 6.087580640418270850e-01
8.316596597433090210e-02 -4.317684471607208252e-01 -1.734519600868225098e+00 5.223839462451673743e-01 4.119992397951464658e-01 -4.321865907415065600e-01 6.087579553324009574e-01
8.318411558866500854e-02 -4.317892789840698242e-01 -1.734502792358398438e+00 5.224059780127215946e-01 4.120256666063922824e-01 -4.322144980237587197e-01 6.087013331364289348e-01
8.318441361188888550e-02 -4.317906200885772705e-01 -1.734501242637634277e+00 5.224080638334870352e-01 4.120115636582320495e-01 -4.322135888183524233e-01 6.087097276255191147e-01
8.318517357110977173e-02 -4.317927360534667969e-01 -1.734499812126159668e+00 5.224053023476279423e-01 4.120125863643112063e-01 -4.322157237902073401e-01 6.087098789801789200e-01
8.321577310562133789e-02 -4.318140149116516113e-01 -1.734552145004272461e+00 5.223841066999812544e-01 4.119900350705968384e-01 -4.322248262973995003e-01 6.087369020931912011e-01
8.321769535541534424e-02 -4.318196475505828857e-01 -1.734553933143615723e+00 5.223846843369028825e-01 4.119860994224377460e-01 -4.322351130780968109e-01 6.087317647667773723e-01
8.321926742792129517e-02 -4.318251907825469971e-01 -1.734556674957275391e+00 5.223881929326307239e-01 4.119898324881254292e-01 -4.322354636323972321e-01 6.087259504816106004e-01
8.319094777107238770e-02 -4.318015277385711670e-01 -1.734614729881286621e+00 5.223694730182387724e-01 4.119663611136022419e-01 -4.322241852814153185e-01 6.087659219727860060e-01
8.318855613470077515e-02 -4.318051040172576904e-01 -1.734620928764343262e+00 5.223675136284160470e-01 4.119632352253959628e-01 -4.322244551166454229e-01 6.087695033834545910e-01
8.318629115819931030e-02 -4.318085610866546631e-01 -1.734626650810241699e+00 5.223644702303782417e-01 4.119635030581266788e-01 -4.322235644402487864e-01 6.087725509827495163e-01
8.317296952009201050e-02 -4.318117201328277588e-01 -1.734589695930480957e+00 5.223668664398081196e-01 4.119730915374624769e-01 -4.321933496770928862e-01 6.087855048948109804e-01
8.317051082849502563e-02 -4.318180680274963379e-01 -1.734594821929931641e+00 5.223614410778758543e-01 4.119797701761196418e-01 -4.321992416820742977e-01 6.087814584813038277e-01
8.316776901483535767e-02 -4.318265616893768311e-01 -1.734598159790039062e+00 5.223629957716428018e-01 4.119657998217813311e-01 -4.321937191624323216e-01 6.087934819103961726e-01
8.315413445234298706e-02 -4.318412840366363525e-01 -1.734568119049072266e+00 5.223332400552637145e-01 4.120045236323579552e-01 -4.322139822445879576e-01 6.087784100399172837e-01
8.315112441778182983e-02 -4.318527579307556152e-01 -1.734567046165466309e+00 5.223358485844936672e-01 4.119932694025390529e-01 -4.322149707686177011e-01 6.087831151525257001e-01
8.314966410398483276e-02 -4.318647384643554688e-01 -1.734566211700439453e+00 5.223288895058990633e-01 4.119934949870401319e-01 -4.322212891119183720e-01 6.087844363376929691e-01
8.320748060941696167e-02 -4.318185746669769287e-01 -1.734620928764343262e+00 5.223598578528624303e-01 4.120236411853508973e-01 -4.322143139497559017e-01 6.087423964691441869e-01
8.321088552474975586e-02 -4.318285584449768066e-01 -1.734620928764343262e+00 5.223609044221870779e-01 4.120176416754547932e-01 -4.322050290905734560e-01 6.087521452947495249e-01
8.321395516395568848e-02 -4.318390190601348877e-01 -1.734621047973632812e+00 5.223503477043320853e-01 4.120260042245851850e-01 -4.322087449749575372e-01 6.087529374950449990e-01
8.322849124670028687e-02 -4.318310916423797607e-01 -1.734661817550659180e+00 5.223746255187303733e-01 4.120357302130088772e-01 -4.322049102804609855e-01 6.087282394260917773e-01
8.323150128126144409e-02 -4.318406879901885986e-01 -1.734662771224975586e+00 5.223706069292829435e-01 4.120275145449234788e-01 -4.322005225003374695e-01 6.087403676581684131e-01
8.323352783918380737e-02 -4.318497776985168457e-01 -1.734664320945739746e+00 5.223717818439475025e-01 4.120248655603798715e-01 -4.322108841221996012e-01 6.087337924946123469e-01
8.322049677371978760e-02 -4.318529963493347168e-01 -1.734651207923889160e+00 5.223802807306637819e-01 4.120554342431523298e-01 -4.322058508182397008e-01 6.087093691940761442e-01
8.322156965732574463e-02 -4.318625330924987793e-01 -1.734651923179626465e+00 5.223797209173325351e-01 4.120550022318639205e-01 -4.322020939994766775e-01 6.087128027631146798e-01
8.322063088417053223e-02 -4.318729341030120850e-01 -1.734652161598205566e+00 5.223851015187268576e-01 4.120494708363283132e-01 -4.321974087386609154e-01 6.087152617045475944e-01
8.320676535367965698e-02 -4.318256080150604248e-01 -1.734617829322814941e+00 5.223651905206777579e-01 4.120326212564515145e-01 -4.321886102662198526e-01 6.087500172721106440e-01
8.320576697587966919e-02 -4.318324923515319824e-01 -1.734617829322814941e+00 5.223637855970936217e-01 4.120427509145949130e-01 -4.321901755946284673e-01 6.087432392461569197e-01
8.320534229278564453e-02 -4.318414032459259033e-01 -1.734617114067077637e+00 5.223635092474667729e-01 4.120423805430323272e-01 -4.321835953391974239e-01 6.087484107853670112e-01
8.319729566574096680e-02 -4.318145215511322021e-01 -1.734625577926635742e+00 5.223482990951154870e-01 4.120780599045839598e-01 -4.321857479449333073e-01 6.087357695457369378e-01
8.319501578807830811e-02 -4.318200349807739258e-01 -1.734625577926635742e+00 5.223684425120417307e-01 4.120651219293288703e-01 -4.321854739659794498e-01 6.087274430438736061e-01
8.319271355867385864e-02 -4.318268597126007080e-01 -1.734625577926635742e+00 5.223613715444456185e-01 4.120717054273516644e-01 -4.321853408223699233e-01 6.087291362692512919e-01
8.321025222539901733e-02 -4.318529069423675537e-01 -1.734577059745788574e+00 5.223332685833367295e-01 4.120229801888287691e-01 -4.322024992685267741e-01 6.087740547875667430e-01
8.320846408605575562e-02 -4.318625330924987793e-01 -1.734575510025024414e+00 5.223397604624221424e-01 4.120115761476823013e-01 -4.321985451278023138e-01 6.087790123313076007e-01
8.320674300193786621e-02 -4.318714141845703125e-01 -1.734574317932128906e+00 5.223436330857347265e-01 4.120127970793807104e-01 -4.321958971209527434e-01 6.087767525544359737e-01
8.324024081230163574e-02 -4.318262338638305664e-01 -1.734625458717346191e+00 5.223301287029539219e-01 4.120493386864160223e-01 -4.321916516473099379e-01 6.087666310852020146e-01
8.324135839939117432e-02 -4.318322241306304932e-01 -1.734629034996032715e+00 5.223421674830512895e-01 4.120465779774773463e-01 -4.321847947862815231e-01 6.087630272536465048e-01
8.324272930622100830e-02 -4.318372011184692383e-01 -1.734632492065429688e+00 5.223438185144916313e-01 4.120482852258819384e-01 -4.321841365692031811e-01 6.087609176384727316e-01
8.324790745973587036e-02 -4.318062663078308105e-01 -1.734650731086730957e+00 5.223560513181302323e-01 4.120878052202380237e-01 -4.321659013583897813e-01 6.087366056542292680e-01
8.325012028217315674e-02 -4.318071603775024414e-01 -1.734654426574707031e+00 5.223609632582196793e-01 4.120870146509080234e-01 -4.321583412670683688e-01 6.087382983997354780e-01
8.325233310461044312e-02 -4.318073987960815430e-01 -1.734657406806945801e+00 5.223545215647424911e-01 4.120825756650882132e-01 -4.321692120107788471e-01 6.087391300835609531e-01
8.321227878332138062e-02 -4.317765533924102783e-01 -1.734593629837036133e+00 5.223718281986449163e-01 4.120772846841231907e-01 -4.321575610460138828e-01 6.087361061314570110e-01
8.321170508861541748e-02 -4.317747950553894043e-01 -1.734596133232116699e+00 5.223745470727370055e-01 4.120752254666982251e-01 -4.321550282612654503e-01 6.087369741628027020e-01
8.321075886487960815e-02 -4.317722022533416748e-01 -1.734598040580749512e+00 5.223830156062753138e-01 4.120646514602602228e-01 -4.321556262352057032e-01 6.087364335063056853e-01
8.319238573312759399e-02 -4.317648410797119141e-01 -1.734477162361145020e+00 5.223565451886051925e-01 4.120660133727143126e-01 -4.321715226126756626e-01 6.087469416156904289e-01
8.319086581468582153e-02 -4.317597448825836182e-01 -1.734472513198852539e+00 5.223596118107065589e-01 4.120651881780545422e-01 -4.321768391975255308e-01 6.087411142345323656e-01
8.318998664617538452e-02 -4.317547082901000977e-01 -1.734467506408691406e+00 5.223602162184038944e-01 4.120651036302583337e-01 -4.321753977605549690e-01 6.087416793117508274e-01
8.321645855903625488e-02 -4.317465424537658691e-01 -1.734551191329956055e+00 5.223828818936545604e-01 4.120536320436203326e-01 -4.321751305336449800e-01 6.087301568532624829e-01
8.321747928857803345e-02 -4.317380785942077637e-01 -1.734552025794982910e+00 5.223817729690011236e-01 4.120563787419331270e-01 -4.321747785841211220e-01 6.087295236142800103e-01
8.321885019540786743e-02 -4.317291676998138428e-01 -1.734551906585693359e+00 5.223732901523746586e-01 4.120577322164035161e-01 -4.321721709638451370e-01 6.087377257419428478e-01
8.320491760969161987e-02 -4.317457675933837891e-01 -1.734510540962219238e+00 5.223892911467762357e-01 4.120389421880839564e-01 -4.321831724857632673e-01 6.087288924645974930e-01
8.320531249046325684e-02 -4.317359924316406250e-01 -1.734509468078613281e+00 5.223889185386642042e-01 4.120392860048803230e-01 -4.321781340912799751e-01 6.087325499857861866e-01
8.320617675781250000e-02 -4.317263662815093994e-01 -1.734510064125061035e+00 5.223879094646435295e-01 4.120473379925727597e-01 -4.321762269368946696e-01 6.087293187218687507e-01
8.322212845087051392e-02 -4.317722320556640625e-01 -1.734517216682434082e+00 5.223596617323127411e-01 4.120815979656881067e-01 -4.321779728352431738e-01 6.087291319258441025e-01
8.322521299123764038e-02 -4.317660927772521973e-01 -1.734515309333801270e+00 5.223626516712421841e-01 4.120718794332018375e-01 -4.321952429835146936e-01 6.087208979790753594e-01
8.322887867689132690e-02 -4.317662119865417480e-01 -1.734523415565490723e+00 5.223594388679624334e-01 4.120847191559444123e-01 -4.322122198182974939e-01 6.087029046518128705e-01
8.322026580572128296e-02 -4.317801892757415771e-01 -1.734531283378601074e+00 5.223112194841661449e-01 4.121044360171250420e-01 -4.322010414428991698e-01 6.087388723947791958e-01
8.322326838970184326e-02 -4.317742586135864258e-01 -1.734528064727783203e+00 5.223146964781651969e-01 4.121068956734019739e-01 -4.322005714677033539e-01 6.087345775868950870e-01
8.321872353553771973e-02 -4.317655563354492188e-01 -1.734539747238159180e+00 5.223421657000771878e-01 4.121047685280578854e-01 -4.322120062298885346e-01 6.087043052952771927e-01
8.318912237882614136e-02 -4.317503869533538818e-01 -1.734581232070922852e+00 5.223205894843664376e-01 4.120870830987597433e-01 -4.322146294120383647e-01 6.087329446557436796e-01
8.318707346916198730e-02 -4.317426085472106934e-01 -1.734580397605895996e+00 5.223154988581086844e-01 4.120921621162998982e-01 -4.322124977452939665e-01 6.087353827217566460e-01
8.320394903421401978e-02 -4.317468404769897461e-01 -1.734597086906433105e+00 5.223158501218293503e-01 4.120769856967871347e-01 -4.322212151163555838e-01 6.087391671063193677e-01
8.318424224853515625e-02 -4.317196309566497803e-01 -1.734506845474243164e+00 5.222918103001303880e-01 4.121116799462720692e-01 -4.322267138696279654e-01 6.087324074091782222e-01
