repeatability steamvr; 20211020-215441; x y z w i j k;  frequency = 150 duration = 2 sys.args = ['.\\repeatability.py']
8.317456394433975220e-02 -4.319490194320678711e-01 -1.735171675682067871e+00 5.223555449666890116e-01 4.118896898602195100e-01 -4.320006095622990760e-01 6.089884174938443584e-01
8.319518715143203735e-02 -4.319659769535064697e-01 -1.735143661499023438e+00 5.223305209661571746e-01 4.118547377852161406e-01 -4.320247293912598541e-01 6.090164092111705063e-01
8.319403976202011108e-02 -4.319675564765930176e-01 -1.735138535499572754e+00 5.223368666740491051e-01 4.118563527574513050e-01 -4.320325662373671882e-01 6.090043033610291756e-01
8.321249485015869141e-02 -4.319528639316558838e-01 -1.735156655311584473e+00 5.223334861098418713e-01 4.118582444853867153e-01 -4.320044789619477688e-01 6.090258609396387302e-01
8.322974294424057007e-02 -4.319710135459899902e-01 -1.735156059265136719e+00 5.223088675966405248e-01 4.118687879386659367e-01 -4.320292274628901308e-01 6.090222572216639207e-01
8.323009312152862549e-02 -4.319708347320556641e-01 -1.735152006149291992e+00 5.223063659184526974e-01 4.118648479091570613e-01 -4.320198243009325534e-01 6.090337473681127767e-01
8.323987573385238647e-02 -4.319645762443542480e-01 -1.735160470008850098e+00 5.223097555736148090e-01 4.118756800969765597e-01 -4.319990007492937045e-01 6.090382823802281687e-01
8.322420716285705566e-02 -4.319368898868560791e-01 -1.735172748565673828e+00 5.223051070509125982e-01 4.118718282439159384e-01 -4.320108784148137815e-01 6.090364277787524427e-01
8.322314918041229248e-02 -4.319330453872680664e-01 -1.735167741775512695e+00 5.222985648136635461e-01 4.118658855679407926e-01 -4.320082906316950466e-01 6.090479365576983994e-01
8.322394639253616333e-02 -4.319176077842712402e-01 -1.735142111778259277e+00 5.223181199573343481e-01 4.118698474826085199e-01 -4.319789826186470894e-01 6.090492555084705550e-01
8.320207893848419189e-02 -4.319067597389221191e-01 -1.735180854797363281e+00 5.223083451516510323e-01 4.118515294973380536e-01 -4.319809509467295028e-01 6.090686418792846668e-01
8.319745212793350220e-02 -4.319022297859191895e-01 -1.735182046890258789e+00 5.223126370306681032e-01 4.118433131517807433e-01 -4.319875809042564851e-01 6.090658196039112626e-01
8.319406956434249878e-02 -4.318929910659790039e-01 -1.735163807868957520e+00 5.223292710719241727e-01 4.118436130629633540e-01 -4.319756978267406122e-01 6.090597888640578716e-01
8.317376673221588135e-02 -4.318849444389343262e-01 -1.735200405120849609e+00 5.223360910718533034e-01 4.118429036137832289e-01 -4.320079195340495448e-01 6.090315389227681786e-01
8.316729217767715454e-02 -4.318799674510955811e-01 -1.735203862190246582e+00 5.223320935820418009e-01 4.118487407232505060e-01 -4.320106070547680144e-01 6.090291249592766354e-01
8.315178751945495605e-02 -4.318746626377105713e-01 -1.735162258148193359e+00 5.223431374200805388e-01 4.118514191066200980e-01 -4.319801487754723612e-01 6.090394126868019509e-01
8.316362649202346802e-02 -4.319157004356384277e-01 -1.735198020935058594e+00 5.223591072456330586e-01 4.118199003381322054e-01 -4.320170741018759530e-01 6.090208641439741610e-01
8.315864950418472290e-02 -4.319155216217041016e-01 -1.735198020935058594e+00 5.223529329699442281e-01 4.118230671775586771e-01 -4.320248835297233470e-01 6.090184635103276234e-01
8.316832035779953003e-02 -4.319052994251251221e-01 -1.735196232795715332e+00 5.223700150137619014e-01 4.118289194118983088e-01 -4.319971418011515629e-01 6.090195574190960803e-01
8.319877833127975464e-02 -4.319525063037872314e-01 -1.735189795494079590e+00 5.223497308045779164e-01 4.118552921334034389e-01 -4.320399109860271758e-01 6.089887631349411024e-01
8.319841325283050537e-02 -4.319596290588378906e-01 -1.735189199447631836e+00 5.223505509601609198e-01 4.118569704301305312e-01 -4.320363460406280165e-01 6.089894615199902272e-01
8.320893347263336182e-02 -4.319576919078826904e-01 -1.735180377960205078e+00 5.223755294296664742e-01 4.118604894754176460e-01 -4.320082848907486062e-01 6.089855582012405621e-01
8.321843296289443970e-02 -4.319639205932617188e-01 -1.735182642936706543e+00 5.223561440303127190e-01 4.118176650814844852e-01 -4.320340467786294991e-01 6.090128797338520972e-01
8.322034031152725220e-02 -4.319690763950347900e-01 -1.735182285308837891e+00 5.223525763823446688e-01 4.118147688108498850e-01 -4.320431308633269629e-01 6.090114907634093244e-01
8.319661766290664673e-02 -4.319912791252136230e-01 -1.735139846801757812e+00 5.223423689590898089e-01 4.118381570477723241e-01 -4.320228963470075234e-01 6.090187561119332349e-01
8.318320661783218384e-02 -4.319909512996673584e-01 -1.735155463218688965e+00 5.223191487797622656e-01 4.118427040919219739e-01 -4.320684433608919517e-01 6.090032798323276042e-01
8.317802846431732178e-02 -4.320000708103179932e-01 -1.735152244567871094e+00 5.223267587932982625e-01 4.118387506849742752e-01 -4.320715841388337308e-01 6.089971742470526861e-01
8.320807665586471558e-02 -4.319733679294586182e-01 -1.735164642333984375e+00 5.223564506935685081e-01 4.118406370014437434e-01 -4.320418590959747562e-01 6.089915264673300133e-01
8.322687447071075439e-02 -4.320046901702880859e-01 -1.735171198844909668e+00 5.223498413473620650e-01 4.118145359315776299e-01 -4.320702633912773538e-01 6.089947248072822283e-01
8.322736620903015137e-02 -4.320106506347656250e-01 -1.735169649124145508e+00 5.223576149425457338e-01 4.118202709698592923e-01 -4.320634269237628167e-01 6.089890280559500102e-01
8.325994759798049927e-02 -4.319958984851837158e-01 -1.735174655914306641e+00 5.223925875581623135e-01 4.118091418394023706e-01 -4.320260029569405469e-01 6.089930991056825560e-01
8.325636386871337891e-02 -4.319927990436553955e-01 -1.735199689865112305e+00 5.223707513423052617e-01 4.118058924859614445e-01 -4.320316769253297884e-01 6.090099985135967176e-01
8.326005935668945312e-02 -4.319972097873687744e-01 -1.735201954841613770e+00 5.223708387032499623e-01 4.118061837568307015e-01 -4.320335319618975323e-01 6.090083990471074626e-01
8.325417339801788330e-02 -4.320095777511596680e-01 -1.735162854194641113e+00 5.223725270843530000e-01 4.118258157330964009e-01 -4.320028519209145879e-01 6.090154448400499909e-01
8.321791142225265503e-02 -4.319683611392974854e-01 -1.735182762145996094e+00 5.223662245990743358e-01 4.118229255313628490e-01 -4.320167593128340089e-01 6.090129369437595752e-01
8.321469277143478394e-02 -4.319714903831481934e-01 -1.735183835029602051e+00 5.223648589019999067e-01 4.118220766936042665e-01 -4.320183042142002328e-01 6.090135878084973475e-01
8.322908729314804077e-02 -4.319540262222290039e-01 -1.735188961029052734e+00 5.223877900158230281e-01 4.118258671033774854e-01 -4.319720629031265635e-01 6.090241791921896519e-01
8.322337269783020020e-02 -4.319549798965454102e-01 -1.735207676887512207e+00 5.223645219344179580e-01 4.118299054049335828e-01 -4.320072614998824445e-01 6.090164196760075033e-01
8.322132378816604614e-02 -4.319559633731842041e-01 -1.735212922096252441e+00 5.223581908258433382e-01 4.118330925692761935e-01 -4.320140985948343615e-01 6.090148294527978345e-01
8.321347087621688843e-02 -4.319611787796020508e-01 -1.735214352607727051e+00 5.223527225832899079e-01 4.118359667904329946e-01 -4.320094603927038257e-01 6.090208911193616403e-01
8.319956064224243164e-02 -4.319136738777160645e-01 -1.735177636146545410e+00 5.223345469960073428e-01 4.118041248053921910e-01 -4.320403919654765557e-01 6.090360637082649076e-01
8.319447934627532959e-02 -4.319098293781280518e-01 -1.735181450843811035e+00 5.223328656241615908e-01 4.118080357474925846e-01 -4.320382933463786657e-01 6.090363410172179304e-01
8.318741619586944580e-02 -4.319065511226654053e-01 -1.735184550285339355e+00 5.223368809379866917e-01 4.118006871925669610e-01 -4.320479238320543702e-01 6.090310316131004598e-01
8.320917189121246338e-02 -4.319131970405578613e-01 -1.735089659690856934e+00 5.223285364679265408e-01 4.118227889006560449e-01 -4.320591284512335095e-01 6.090153139296834439e-01
8.320549130439758301e-02 -4.319103360176086426e-01 -1.735088348388671875e+00 5.223317351972057709e-01 4.118346023201199801e-01 -4.320653173594595775e-01 6.090001588287372591e-01
8.320277929306030273e-02 -4.319052696228027344e-01 -1.735085129737854004e+00 5.223332097441845123e-01 4.118258441107028878e-01 -4.320594618265444220e-01 6.090089950088065640e-01
8.320678770542144775e-02 -4.319181144237518311e-01 -1.735077977180480957e+00 5.223506240609221418e-01 4.118153487723473227e-01 -4.320451111580562165e-01 6.090113279166581295e-01
8.320276439189910889e-02 -4.319190084934234619e-01 -1.735077738761901855e+00 5.223570747170795947e-01 4.118146278066117105e-01 -4.320428192261964173e-01 6.090079150109146688e-01
8.320044726133346558e-02 -4.319207668304443359e-01 -1.735078811645507812e+00 5.223533751382296586e-01 4.118215953227605253e-01 -4.320393304551325975e-01 6.090088478759511093e-01
8.319578319787979126e-02 -4.319205880165100098e-01 -1.735097408294677734e+00 5.223401527183922921e-01 4.118564041450715751e-01 -4.320805759112731903e-01 6.089674085122043223e-01
8.319186419248580933e-02 -4.319214224815368652e-01 -1.735099554061889648e+00 5.223438220804286214e-01 4.118530295338013181e-01 -4.320718868376130506e-01 6.089726730839536417e-01
8.318888396024703979e-02 -4.319213628768920898e-01 -1.735100269317626953e+00 5.223442660393934345e-01 4.118446882272964737e-01 -4.320684101099531160e-01 6.089804284631777920e-01
8.318016678094863892e-02 -4.319299459457397461e-01 -1.735110044479370117e+00 5.223380327496658371e-01 4.118035483648118111e-01 -4.320811902302830187e-01 6.090044985760241225e-01
8.317650109529495239e-02 -4.319312572479248047e-01 -1.735111474990844727e+00 5.223368773720024061e-01 4.118062957313783357e-01 -4.320826808654690265e-01 6.090025934794770501e-01
8.317315578460693359e-02 -4.319315552711486816e-01 -1.735112905502319336e+00 5.223282351373472743e-01 4.118025039010685950e-01 -4.320896801593540615e-01 6.090076202760591473e-01
8.319240063428878784e-02 -4.318988621234893799e-01 -1.735169172286987305e+00 5.223472845937560116e-01 4.117877533401139711e-01 -4.320985003605881669e-01 6.089949813196996464e-01
8.319115638732910156e-02 -4.318950772285461426e-01 -1.735172510147094727e+00 5.223420925981322460e-01 4.117893788069910133e-01 -4.320947238244822186e-01 6.090010203671782918e-01
8.319032937288284302e-02 -4.318929612636566162e-01 -1.735175967216491699e+00 5.223475930451686455e-01 4.117888759193806258e-01 -4.321020411146629381e-01 6.089914551729740388e-01
8.320873975753784180e-02 -4.319076836109161377e-01 -1.735219955444335938e+00 5.223862621382024951e-01 4.118089474284008511e-01 -4.320763147098117263e-01 6.089629626128103546e-01
8.320953696966171265e-02 -4.319082796573638916e-01 -1.735226035118103027e+00 5.223828284085966223e-01 4.118064092315695812e-01 -4.320884612367039690e-01 6.089589926117167096e-01
8.321031183004379272e-02 -4.319086074829101562e-01 -1.735230922698974609e+00 5.223914786541118405e-01 4.117955467531875802e-01 -4.320789191357986003e-01 6.089656815377998411e-01
8.320531249046325684e-02 -4.318864941596984863e-01 -1.735229134559631348e+00 5.223677971074711657e-01 4.117971461494790986e-01 -4.320872199802995306e-01 6.089790259067130451e-01
8.320360630750656128e-02 -4.318844974040985107e-01 -1.735232234001159668e+00 5.223647323163199685e-01 4.117973656950008055e-01 -4.320920906951539187e-01 6.089780631864740723e-01
8.320195972919464111e-02 -4.318811595439910889e-01 -1.735234737396240234e+00 5.223559247303158903e-01 4.118041736204604009e-01 -4.320919539921430630e-01 6.089810855159779601e-01
8.321383595466613770e-02 -4.318790137767791748e-01 -1.735218524932861328e+00 5.223490461519746386e-01 4.117729889404987964e-01 -4.321019159654313491e-01 6.090010292864526109e-01
8.321186900138854980e-02 -4.318764507770538330e-01 -1.735221028327941895e+00 5.223475217269391013e-01 4.117673583766877643e-01 -4.321055019910904904e-01 6.090035911026628890e-01
8.320932090282440186e-02 -4.318740963935852051e-01 -1.735224008560180664e+00 5.223478194804828112e-01 4.117575099647280967e-01 -4.321087431379821431e-01 6.090077084717209210e-01
8.321064710617065430e-02 -4.319107532501220703e-01 -1.735135436058044434e+00 5.223535070754681264e-01 4.117960666446959239e-01 -4.320779484701239848e-01 6.089985955048352606e-01
8.320804685354232788e-02 -4.319120347499847412e-01 -1.735135912895202637e+00 5.223547747410204334e-01 4.117991573301379993e-01 -4.320767215978532083e-01 6.089963045529902530e-01
8.320484310388565063e-02 -4.319140613079071045e-01 -1.735136628150939941e+00 5.223575899816454982e-01 4.118109124816674016e-01 -4.320740702162089719e-01 6.089878019798090625e-01
8.319521695375442505e-02 -4.318544864654541016e-01 -1.735120654106140137e+00 5.223881358824821186e-01 4.118381811283297056e-01 -4.320827804496331637e-01 6.089369884216461193e-01
8.319135010242462158e-02 -4.318506419658660889e-01 -1.735119819641113281e+00 5.223877704048200954e-01 4.118306426891278904e-01 -4.320755432079176339e-01 6.089475408606634943e-01
8.318811655044555664e-02 -4.318477213382720947e-01 -1.735118627548217773e+00 5.223764190761810422e-01 4.118310198616472184e-01 -4.320812667286687003e-01 6.089529573484485647e-01
8.316294103860855103e-02 -4.318724274635314941e-01 -1.735058426856994629e+00 5.223823630883621671e-01 4.118156224914539809e-01 -4.321008481845291516e-01 6.089443738060813516e-01
8.315823972225189209e-02 -4.318721592426300049e-01 -1.735050559043884277e+00 5.223846593772960567e-01 4.118130919769123488e-01 -4.321042027608933966e-01 6.089417683327017494e-01
8.315416425466537476e-02 -4.318715929985046387e-01 -1.735042572021484375e+00 5.223777152117778932e-01 4.118172220938548511e-01 -4.321096224070881675e-01 6.089410345399918212e-01
8.320450037717819214e-02 -4.318821132183074951e-01 -1.735131263732910156e+00 5.223915321382840427e-01 4.117829037218691535e-01 -4.321360227332169957e-01 6.089336855750907551e-01
8.320609480142593384e-02 -4.318822026252746582e-01 -1.735128283500671387e+00 5.223871553320799110e-01 4.117830591809937824e-01 -4.321439167937706771e-01 6.089317132768964358e-01
8.320763707160949707e-02 -4.318833351135253906e-01 -1.735125064849853516e+00 5.223885049255204693e-01 4.117876397326963311e-01 -4.321485017932022443e-01 6.089242211495682344e-01
8.321920037269592285e-02 -4.319035708904266357e-01 -1.735131144523620605e+00 5.223990537411686841e-01 4.117374755185259083e-01 -4.321561734192026494e-01 6.089436586129457485e-01
8.322054892778396606e-02 -4.319078326225280762e-01 -1.735124826431274414e+00 5.224024944951990435e-01 4.117346566829569454e-01 -4.321511503039099367e-01 6.089461799266446818e-01
8.322252333164215088e-02 -4.319121539592742920e-01 -1.735119938850402832e+00 5.223959392152591752e-01 4.117381154175553393e-01 -4.321544141886393686e-01 6.089471179886785102e-01
8.321694284677505493e-02 -4.319467544555664062e-01 -1.735084056854248047e+00 5.223653866391516631e-01 4.117376862875749000e-01 -4.321643343507080570e-01 6.089665887388319154e-01
8.321809768676757812e-02 -4.319514334201812744e-01 -1.735076904296875000e+00 5.223611700757364584e-01 4.117368129162331525e-01 -4.321739007719214154e-01 6.089639876463058821e-01
8.321872353553771973e-02 -4.319567680358886719e-01 -1.735068440437316895e+00 5.223528491718801847e-01 4.117379694429645354e-01 -4.321756182023090975e-01 6.089691524427984781e-01
8.323709666728973389e-02 -4.319594502449035645e-01 -1.735062956809997559e+00 5.223838481894235164e-01 4.117028821095650160e-01 -4.321476438939464981e-01 6.089861437171543157e-01
8.323885500431060791e-02 -4.319672584533691406e-01 -1.735054969787597656e+00 5.223895817452628432e-01 4.117029951565842061e-01 -4.321387860696119243e-01 6.089874324459436661e-01
8.324069529771804810e-02 -4.319755136966705322e-01 -1.735046982765197754e+00 5.223859465783238232e-01 4.117053502177576707e-01 -4.321380225524849017e-01 6.089894880758021101e-01
8.320731669664382935e-02 -4.319298565387725830e-01 -1.735009074211120605e+00 5.223712683762552489e-01 4.117744343400381313e-01 -4.321318070128278843e-01 6.089597890174986983e-01
8.320561796426773071e-02 -4.319334328174591064e-01 -1.734998583793640137e+00 5.223668700055876801e-01 4.117718610828767223e-01 -4.321272960077098824e-01 6.089684965502017988e-01
8.320473134517669678e-02 -4.319373667240142822e-01 -1.734987258911132812e+00 5.223681162440849679e-01 4.117671417709870552e-01 -4.321217169199569330e-01 6.089745888767675863e-01
8.319152891635894775e-02 -4.319490194320678711e-01 -1.734945178031921387e+00 5.223477267668227286e-01 4.118218550168710190e-01 -4.320612933820136004e-01 6.089979318636142835e-01
8.318915963172912598e-02 -4.319594800472259521e-01 -1.734931826591491699e+00 5.223503441384397261e-01 4.118226655861765839e-01 -4.320637783508148311e-01 6.089933683834295453e-01
8.318696916103363037e-02 -4.319717586040496826e-01 -1.734918594360351562e+00 5.223542541248790139e-01 4.118162988011949133e-01 -4.320633059801119447e-01 6.089946864226500889e-01
8.314199000597000122e-02 -4.319793283939361572e-01 -1.734927773475646973e+00 5.223218714941566532e-01 4.118746526300243738e-01 -4.320562666921221595e-01 6.089879520486338738e-01
8.313342183828353882e-02 -4.319905340671539307e-01 -1.734915614128112793e+00 5.223135018212986536e-01 4.118740561265660793e-01 -4.320506586321434250e-01 6.089995364787288423e-01
8.317198604345321655e-02 -4.319764077663421631e-01 -1.734974384307861328e+00 5.223206661554158359e-01 4.118733528908832819e-01 -4.320515276673688732e-01 6.089932515618516895e-01
8.310975134372711182e-02 -4.318942427635192871e-01 -1.734989762306213379e+00 5.222723807794562578e-01 4.118918233997913014e-01 -4.320345713780608388e-01 6.090341903393794443e-01
8.309623599052429199e-02 -4.318968057632446289e-01 -1.734981060028076172e+00 5.222683738858702185e-01 4.118855359421178530e-01 -4.320539582056465711e-01 6.090281350207423783e-01
8.312673121690750122e-02 -4.318673610687255859e-01 -1.734993100166320801e+00 5.222840696057985399e-01 4.118897842272947751e-01 -4.320140036041617559e-01 6.090401321282874481e-01
8.315634727478027344e-02 -4.319046139717102051e-01 -1.734952688217163086e+00 5.222718208504691928e-01 4.119085707015689435e-01 -4.320402932623999548e-01 6.090192793922001302e-01
8.315002918243408203e-02 -4.319082200527191162e-01 -1.734946370124816895e+00 5.222657899849173502e-01 4.119129777028106010e-01 -4.320468907266605263e-01 6.090167967025610363e-01
8.314371109008789062e-02 -4.318797290325164795e-01 -1.734983444213867188e+00 5.222610394255848831e-01 4.119191140772449078e-01 -4.320284105688891874e-01 6.090298117929983102e-01
8.315620571374893188e-02 -4.319119453430175781e-01 -1.734960913658142090e+00 5.222562157090747670e-01 4.118968544480255956e-01 -4.320526285181645054e-01 6.090318276431415656e-01
8.315150439739227295e-02 -4.319176077842712402e-01 -1.734953045845031738e+00 5.222640959090315560e-01 4.118975656347759196e-01 -4.320431796126523172e-01 6.090313119278529808e-01
8.318545669317245483e-02 -4.318720102310180664e-01 -1.735021710395812988e+00 5.222951643870668015e-01 4.119228492228942384e-01 -4.320312080839833757e-01 6.089960682818624793e-01
8.318489044904708862e-02 -4.318914711475372314e-01 -1.735024929046630859e+00 5.223327283326901771e-01 4.119064161666513013e-01 -4.320176972857689979e-01 6.089845228968291391e-01
8.318411558866500854e-02 -4.318947494029998779e-01 -1.735023975372314453e+00 5.223373124219163888e-01 4.119070911066595730e-01 -4.320112581101348548e-01 6.089847270493170539e-01
8.321185410022735596e-02 -4.318765103816986084e-01 -1.735056519508361816e+00 5.223445317014048239e-01 4.118920304699656976e-01 -4.320161224039433812e-01 6.089852679445479922e-01
8.320275694131851196e-02 -4.318712055683135986e-01 -1.735055804252624512e+00 5.223412474675870332e-01 4.118852346591538316e-01 -4.320401363798138106e-01 6.089756461742670268e-01
8.320336043834686279e-02 -4.318737983703613281e-01 -1.735055446624755859e+00 5.223287076378824167e-01 4.119015383185150592e-01 -4.320426330029260575e-01 6.089735913804086298e-01
8.317265659570693970e-02 -4.319107532501220703e-01 -1.734981179237365723e+00 5.223326017392235787e-01 4.118946126437111888e-01 -4.320293130821781236e-01 6.089843994743789901e-01
8.317210525274276733e-02 -4.319198727607727051e-01 -1.734980583190917969e+00 5.223122697171009854e-01 4.118967455815136236e-01 -4.320414465232537138e-01 6.089917581353585518e-01
8.317008614540100098e-02 -4.319274127483367920e-01 -1.734974741935729980e+00 5.223105740088868076e-01 4.119071908083144495e-01 -4.320364068928818080e-01 6.089897554195187190e-01
8.316423743963241577e-02 -4.319235980510711670e-01 -1.734946608543395996e+00 5.223137318375346005e-01 4.118945583716588921e-01 -4.320433449964509176e-01 6.089906524877886085e-01
8.316669613122940063e-02 -4.319337606430053711e-01 -1.734950542449951172e+00 5.222914429719164309e-01 4.118868224746550233e-01 -4.320629647376179050e-01 6.090010636803848687e-01
8.316690474748611450e-02 -4.319434463977813721e-01 -1.734946250915527344e+00 5.223019170741126649e-01 4.118920429303015718e-01 -4.320532018663988949e-01 6.089954983766296959e-01
8.321554213762283325e-02 -4.319430887699127197e-01 -1.734971523284912109e+00 5.223478176975279164e-01 4.118816228572635962e-01 -4.320253540316603691e-01 6.089829203462506779e-01
8.322382718324661255e-02 -4.319501519203186035e-01 -1.734979748725891113e+00 5.223193752274075674e-01 4.118897050949061334e-01 -4.320270497105577201e-01 6.090006621749669558e-01
8.322869241237640381e-02 -4.319601058959960938e-01 -1.734976410865783691e+00 5.223254429179112757e-01 4.118882866646126351e-01 -4.320286139393918479e-01 6.089952993156596550e-01
8.319618552923202515e-02 -4.319438636302947998e-01 -1.734917759895324707e+00 5.223111552932900858e-01 4.118913622437988531e-01 -4.320027518725982896e-01 6.090238263328184853e-01
8.319301903247833252e-02 -4.319643080234527588e-01 -1.734950065612792969e+00 5.223124087970257845e-01 4.119033509659339454e-01 -4.319886219790625703e-01 6.090246613308528678e-01
8.319096267223358154e-02 -4.319729804992675781e-01 -1.734947681427001953e+00 5.223008846515118098e-01 4.118945902976062778e-01 -4.319885888285344144e-01 6.090405097377442623e-01
8.319999277591705322e-02 -4.319254457950592041e-01 -1.734998106956481934e+00 5.223199083596651304e-01 4.118831046271146934e-01 -4.319611012619655188e-01 6.090514352042319945e-01
8.319798111915588379e-02 -4.319291114807128906e-01 -1.735000252723693848e+00 5.223177419492781581e-01 4.118798560893280336e-01 -4.319750854485920333e-01 6.090455595918036202e-01
8.319643139839172363e-02 -4.319308102130889893e-01 -1.735000371932983398e+00 5.223177633459678004e-01 4.118701536486943926e-01 -4.319720044600962039e-01 6.090543072849301520e-01
8.318408578634262085e-02 -4.318987429141998291e-01 -1.735024213790893555e+00 5.223283635148934234e-01 4.118346290146767119e-01 -4.319759081385851629e-01 6.090664672018476500e-01
8.318012207746505737e-02 -4.318973422050476074e-01 -1.735026359558105469e+00 5.223325304189472273e-01 4.118355051452589621e-01 -4.319760601620341589e-01 6.090622074687914722e-01
8.317584544420242310e-02 -4.318921566009521484e-01 -1.735028862953186035e+00 5.223295581377686014e-01 4.118364507820019838e-01 -4.319741623817513476e-01 6.090654593342095247e-01
8.315074443817138672e-02 -4.318475425243377686e-01 -1.735026836395263672e+00 5.223313625480358047e-01 4.118673398055870405e-01 -4.319798663457692367e-01 6.090389494434343964e-01
8.314396440982818604e-02 -4.318363964557647705e-01 -1.735029578208923340e+00 5.223393646401900403e-01 4.118627631739415484e-01 -4.319763277485696995e-01 6.090377352798421740e-01
8.313829451799392700e-02 -4.318252205848693848e-01 -1.735032320022583008e+00 5.223362693713106131e-01 4.118666230605338985e-01 -4.319800999971195599e-01 6.090350824498265148e-01
8.315927535295486450e-02 -4.318726658821105957e-01 -1.735037088394165039e+00 5.222976144082491778e-01 4.118666314586202359e-01 -4.320233364014456345e-01 6.090375614865234377e-01
8.315458893775939941e-02 -4.318649172782897949e-01 -1.735038280487060547e+00 5.223014088870771010e-01 4.118605901561042670e-01 -4.320255399931089979e-01 6.090368314870415745e-01
8.314929157495498657e-02 -4.318559765815734863e-01 -1.735038638114929199e+00 5.222962556642967158e-01 4.118698141489133824e-01 -4.320144890342828559e-01 6.090428405335167605e-01
8.318579941987991333e-02 -4.318560361862182617e-01 -1.735115766525268555e+00 5.223142007850507529e-01 4.118442875759122379e-01 -4.320319234617956416e-01 6.090323573371714261e-01
8.318223804235458374e-02 -4.318455159664154053e-01 -1.735119342803955078e+00 5.223137568005309372e-01 4.118405686893201745e-01 -4.320280434282712245e-01 6.090379960157140671e-01
8.317896723747253418e-02 -4.318336844444274902e-01 -1.735122919082641602e+00 5.223168504197600592e-01 4.118405757667669698e-01 -4.320379784840012727e-01 6.090283120872979072e-01
8.320921659469604492e-02 -4.318225383758544922e-01 -1.735097408294677734e+00 5.223564025545809342e-01 4.118327052783961051e-01 -4.320260594012551580e-01 6.090081424028600532e-01
8.320856839418411255e-02 -4.318211972713470459e-01 -1.735140919685363770e+00 5.223359716111828366e-01 4.118374277269035710e-01 -4.320275350026642203e-01 6.090214224222390005e-01
8.320719748735427856e-02 -4.318109452724456787e-01 -1.735144972801208496e+00 5.223352566295841326e-01 4.118252430234105033e-01 -4.320400956332128839e-01 6.090214144864449786e-01
8.315537124872207642e-02 -4.318409860134124756e-01 -1.735142588615417480e+00 5.223491370824502322e-01 4.118569976315155090e-01 -4.320434259430002144e-01 6.089856184258571892e-01
8.314818143844604492e-02 -4.318344593048095703e-01 -1.735144853591918945e+00 5.223411654506259216e-01 4.118554380244371926e-01 -4.320463840180980286e-01 6.089914177330734146e-01
8.314101397991180420e-02 -4.318284988403320312e-01 -1.735147476196289062e+00 5.223470278479325213e-01 4.118549985130811608e-01 -4.320418470991895243e-01 6.089899032550688540e-01
8.314753323793411255e-02 -4.318724572658538818e-01 -1.735124826431274414e+00 5.223513176261718183e-01 4.118892968944137811e-01 -4.320292683761484120e-01 6.089719649290415981e-01
8.314337581396102905e-02 -4.318714141845703125e-01 -1.735125780105590820e+00 5.223521466939637925e-01 4.118833299898227440e-01 -4.320276020501399028e-01 6.089764613082393474e-01
8.313889056444168091e-02 -4.318696260452270508e-01 -1.735126972198486328e+00 5.223512784014264776e-01 4.118862433328216999e-01 -4.320251679564146574e-01 6.089769886353233463e-01
8.317295461893081665e-02 -4.319086372852325439e-01 -1.735019564628601074e+00 5.223243410034515977e-01 4.118997040341321192e-01 -4.320332108960142636e-01 6.089852725003725986e-01
8.317269384860992432e-02 -4.319095611572265625e-01 -1.735015630722045898e+00 5.223266001038948669e-01 4.119008146082670518e-01 -4.320345143265534316e-01 6.089816686280458136e-01
8.317308872938156128e-02 -4.319093823432922363e-01 -1.735009908676147461e+00 5.223218964567638567e-01 4.118855950962742596e-01 -4.320441926705311797e-01 6.089891068848882760e-01
8.320545405149459839e-02 -4.318995773792266846e-01 -1.735066056251525879e+00 5.223411404889395371e-01 4.118655529256276537e-01 -4.320449747167020016e-01 6.089856271965901069e-01
8.320944756269454956e-02 -4.318970441818237305e-01 -1.735064387321472168e+00 5.223344792419972737e-01 4.118698496920565333e-01 -4.320447111610009605e-01 6.089886150505593454e-01
8.321328461170196533e-02 -4.318934679031372070e-01 -1.735062956809997559e+00 5.223294493737095090e-01 4.118672935909523658e-01 -4.320450399109477813e-01 6.089944223627905551e-01
8.320493996143341064e-02 -4.318749010562896729e-01 -1.735085129737854004e+00 5.223189508608737652e-01 4.118882210269465549e-01 -4.320339177780974649e-01 6.089971629278804199e-01
8.320695906877517700e-02 -4.318672716617584229e-01 -1.735084772109985352e+00 5.223161568087426598e-01 4.118837664043936142e-01 -4.320395132808079186e-01 6.089985805461453072e-01
8.320894837379455566e-02 -4.318616986274719238e-01 -1.735084772109985352e+00 5.223188510098745185e-01 4.118814528407529485e-01 -4.320417334734655834e-01 6.089962808389692839e-01
8.321654051542282104e-02 -4.319476485252380371e-01 -1.735127449035644531e+00 5.223029227480519010e-01 4.118945058036110884e-01 -4.320047788094707464e-01 6.090273346767445251e-01
8.321833610534667969e-02 -4.319496154785156250e-01 -1.735131263732910156e+00 5.222949165312997799e-01 4.118978418651688678e-01 -4.320132447380090057e-01 6.090259287998790461e-01
8.321955800056457520e-02 -4.319508373737335205e-01 -1.735135555267333984e+00 5.223007633996734622e-01 4.118962942888713674e-01 -4.320090808230400148e-01 6.090249169152027742e-01
8.320682495832443237e-02 -4.319555461406707764e-01 -1.735132217407226562e+00 5.222778641287367796e-01 4.118945105012870589e-01 -4.320171376454374768e-01 6.090400502498860558e-01
8.320526778697967529e-02 -4.319564700126647949e-01 -1.735135674476623535e+00 5.222754407629344175e-01 4.119016785772268707e-01 -4.320162373754267704e-01 6.090379117705885248e-01
8.320292085409164429e-02 -4.319580197334289551e-01 -1.735137820243835449e+00 5.222700911297427639e-01 4.119032300049910722e-01 -4.320178379140346969e-01 6.090403126801341438e-01
8.319817483425140381e-02 -4.318929016590118408e-01 -1.735149383544921875e+00 5.222972310359697001e-01 4.119432231020458413e-01 -4.320130082402403593e-01 6.089933875437606448e-01
8.319533616304397583e-02 -4.318903982639312744e-01 -1.735152602195739746e+00 5.222923077976393547e-01 4.119374022949235381e-01 -4.320209445604937804e-01 6.089959326502363268e-01
8.319249749183654785e-02 -4.318886697292327881e-01 -1.735155701637268066e+00 5.223025055005886541e-01 4.119361174021698990e-01 -4.320124578510323166e-01 6.089940705081852146e-01
8.317965269088745117e-02 -4.318751990795135498e-01 -1.735148787498474121e+00 5.222877108312901084e-01 4.119425793514772116e-01 -4.320409773577461032e-01 6.089821773118631043e-01
8.317594230175018311e-02 -4.318738579750061035e-01 -1.735149741172790527e+00 5.222897026172553803e-01 4.119473920700823522e-01 -4.320379959425791339e-01 6.089793128398870437e-01
8.317216485738754272e-02 -4.318718612194061279e-01 -1.735150098800659180e+00 5.222885899284492872e-01 4.119440150742122997e-01 -4.320393906803941531e-01 6.089815659876433029e-01
8.317933231592178345e-02 -4.318656325340270996e-01 -1.735209226608276367e+00 5.223152206998677993e-01 4.119200339702622782e-01 -4.320526959520120669e-01 6.089655084646339311e-01
8.317764103412628174e-02 -4.318630695343017578e-01 -1.735213041305541992e+00 5.223156040589431726e-01 4.119162439624127758e-01 -4.320511199985974660e-01 6.089688558698634901e-01
8.317565172910690308e-02 -4.318604171276092529e-01 -1.735218167304992676e+00 5.223163903899336047e-01 4.119210835716264341e-01 -4.320515304811148316e-01 6.089646582519805396e-01
8.315137773752212524e-02 -4.318676590919494629e-01 -1.735186457633972168e+00 5.223099427974829956e-01 4.119390459156942463e-01 -4.320230797942383183e-01 6.089781809705538951e-01
8.314663171768188477e-02 -4.318640530109405518e-01 -1.735154271125793457e+00 5.223151814724117381e-01 4.119942547274502154e-01 -4.320554885870443451e-01 6.089133602843730397e-01
8.314029127359390259e-02 -4.318633377552032471e-01 -1.735151767730712891e+00 5.223175351145654677e-01 4.119950549755044267e-01 -4.320534543095303492e-01 6.089122283129082547e-01
8.315733075141906738e-02 -4.318412542343139648e-01 -1.735180616378784180e+00 5.223291694398792817e-01 4.119757150194697792e-01 -4.320578934464601728e-01 6.089121878546166489e-01
8.317555487155914307e-02 -4.318781793117523193e-01 -1.735164165496826172e+00 5.223291979681745634e-01 4.120001448328385885e-01 -4.320571816034493029e-01 6.088961502241547752e-01
8.317445963621139526e-02 -4.318798184394836426e-01 -1.735164642333984375e+00 5.223334807608305264e-01 4.120047046341827057e-01 -4.320522072653157908e-01 6.088929406780553277e-01
8.315733075141906738e-02 -4.318838715553283691e-01 -1.735140323638916016e+00 5.223279355896167653e-01 4.120279821917010588e-01 -4.320351071402719345e-01 6.088940557780593288e-01
8.317188918590545654e-02 -4.319268763065338135e-01 -1.735177874565124512e+00 5.223210691240026682e-01 4.120194553165183460e-01 -4.320461768494835986e-01 6.088978380843010907e-01
8.317040652036666870e-02 -4.319315254688262939e-01 -1.735178709030151367e+00 5.223127279674821821e-01 4.120194341847243646e-01 -4.320484672319800379e-01 6.089034252424212479e-01
8.317880332469940186e-02 -4.319163262844085693e-01 -1.735169768333435059e+00 5.223396213897801843e-01 4.120175304632475721e-01 -4.320339446809400852e-01 6.088919445162104260e-01
8.318463712930679321e-02 -4.319405257701873779e-01 -1.735192418098449707e+00 5.223365813952144387e-01 4.120414348658748005e-01 -4.320568369442339685e-01 6.088621106294994645e-01
8.318497240543365479e-02 -4.319448769092559814e-01 -1.735193014144897461e+00 5.223355847010626718e-01 4.120426882474596542e-01 -4.320467351698782377e-01 6.088692918257010422e-01
8.318370580673217773e-02 -4.319490194320678711e-01 -1.735189437866210938e+00 5.223265858396763939e-01 4.120423982263951568e-01 -4.320577910655092335e-01 6.088693688015334171e-01
8.317691087722778320e-02 -4.319487810134887695e-01 -1.735209226608276367e+00 5.223462807881867898e-01 4.119665090616286829e-01 -4.320418035273224100e-01 6.089151624608143409e-01
8.317621797323226929e-02 -4.319561421871185303e-01 -1.735210657119750977e+00 5.223454285325659363e-01 4.119607732546385903e-01 -4.320430932559639614e-01 6.089188660668527486e-01
8.322688192129135132e-02 -4.319266676902770996e-01 -1.735284328460693359e+00 5.223772552355517851e-01 4.119443991487480305e-01 -4.320259092235454457e-01 6.089148279238287831e-01
8.324322849512100220e-02 -4.319260418415069580e-01 -1.735263824462890625e+00 5.223700542371002564e-01 4.119159678625426424e-01 -4.320416866860933847e-01 6.089290412799664987e-01
8.324143290519714355e-02 -4.319350123405456543e-01 -1.735241293907165527e+00 5.223877704048200954e-01 4.119282413043964253e-01 -4.320118217095446633e-01 6.089267175407319099e-01
8.322381228208541870e-02 -4.319055974483489990e-01 -1.735250830650329590e+00 5.223866525764325752e-01 4.119222874277918556e-01 -4.320078273427379600e-01 6.089345385501000463e-01
8.323607593774795532e-02 -4.319162368774414062e-01 -1.735221266746520996e+00 5.223649551784119716e-01 4.119318806935720612e-01 -4.320198238474935448e-01 6.089381802831190793e-01
8.321230858564376831e-02 -4.319363832473754883e-01 -1.735175013542175293e+00 5.223467051325171306e-01 4.119571490513575518e-01 -4.320209253420401185e-01 6.089359349206893146e-01
8.321726322174072266e-02 -4.319513142108917236e-01 -1.735179185867309570e+00 5.223481528929321271e-01 4.119482549722232601e-01 -4.320250197426720451e-01 6.089378130776272879e-01
8.321060240268707275e-02 -4.319371581077575684e-01 -1.735164999961853027e+00 5.223161478934279511e-01 4.119334067752015716e-01 -4.320488086301456088e-01 6.089584363632573050e-01
8.323095738887786865e-02 -4.319303333759307861e-01 -1.735206365585327148e+00 5.223211315306143243e-01 4.119323649179214564e-01 -4.320471308667806487e-01 6.089560495393478989e-01
8.322529494762420654e-02 -4.319310784339904785e-01 -1.735210537910461426e+00 5.223245585336747654e-01 4.119557479957258739e-01 -4.320501677111575067e-01 6.089351509771906423e-01
8.322510123252868652e-02 -4.319365620613098145e-01 -1.735209703445434570e+00 5.222789304774552166e-01 4.119484954871832638e-01 -4.320603841896016872e-01 6.089719300006488645e-01
8.321858197450637817e-02 -4.319444894790649414e-01 -1.735186576843261719e+00 5.222741479399342079e-01 4.119559054981973834e-01 -4.320548628853274620e-01 6.089749386247655938e-01
8.322641998529434204e-02 -4.319531321525573730e-01 -1.735190749168395996e+00 5.222657364878682262e-01 4.119606893358979671e-01 -4.320375177179777704e-01 6.089912232984525664e-01
8.323126286268234253e-02 -4.319413304328918457e-01 -1.735141038894653320e+00 5.222516255581685085e-01 4.119412262624169152e-01 -4.320664140654992269e-01 6.089959938088903568e-01
8.323746174573898315e-02 -4.319422543048858643e-01 -1.735152244567871094e+00 5.222549638537377081e-01 4.119456726903334420e-01 -4.320601320837373915e-01 6.089945833721210899e-01
8.320897072553634644e-02 -4.319050908088684082e-01 -1.735162377357482910e+00 5.222606114451447956e-01 4.119526415321184687e-01 -4.320475155068506656e-01 6.089939467924905259e-01
8.321217447519302368e-02 -4.319183528423309326e-01 -1.735149025917053223e+00 5.222578759285469996e-01 4.119300690086206140e-01 -4.320839404620086532e-01 6.089857380108806284e-01
8.323267847299575806e-02 -4.318976402282714844e-01 -1.735163092613220215e+00 5.222786255518734322e-01 4.119284468501013818e-01 -4.320848396946604941e-01 6.089684338483045689e-01
8.322051912546157837e-02 -4.318829774856567383e-01 -1.735170125961303711e+00 5.222917371911375284e-01 4.119203133117972926e-01 -4.321024944244341026e-01 6.089501220565732842e-01
8.321841061115264893e-02 -4.319098591804504395e-01 -1.735204458236694336e+00 5.222940338785122538e-01 4.118928426092791639e-01 -4.321094868484312568e-01 6.089617807488955092e-01
8.322074264287948608e-02 -4.319077134132385254e-01 -1.735205411911010742e+00 5.222917906855235604e-01 4.119150072746090019e-01 -4.320901785559275177e-01 6.089624418530165118e-01
8.321502804756164551e-02 -4.318958222866058350e-01 -1.735217690467834473e+00 5.222986165242274881e-01 4.119238176795171902e-01 -4.321095488501182080e-01 6.089368661650491621e-01
8.322244137525558472e-02 -4.318897426128387451e-01 -1.735188126564025879e+00 5.222818923476740816e-01 4.119019792543880953e-01 -4.321431539180034531e-01 6.089421282433714611e-01
8.319959044456481934e-02 -4.319072961807250977e-01 -1.735144019126892090e+00 5.222719367593852136e-01 4.119100592133392857e-01 -4.321349787637323026e-01 6.089510111947613602e-01
8.321020007133483887e-02 -4.319204688072204590e-01 -1.735162496566772461e+00 5.222700108848277178e-01 4.118671438470649093e-01 -4.321450461283636302e-01 6.089745269599273758e-01
8.321898430585861206e-02 -4.318999052047729492e-01 -1.735111355781555176e+00 5.222664390820112024e-01 4.118391855949628533e-01 -4.321574830351531116e-01 6.089876792557531449e-01
8.321990817785263062e-02 -4.318916499614715576e-01 -1.735069632530212402e+00 5.222770402926174560e-01 4.118591289529095478e-01 -4.321355118564400022e-01 6.089806818423919577e-01
8.323179185390472412e-02 -4.318983256816864014e-01 -1.735077977180480957e+00 5.222975591313332444e-01 4.118889391646014531e-01 -4.321404782528680544e-01 6.089394113405089959e-01
8.323027193546295166e-02 -4.318859577178955078e-01 -1.735059499740600586e+00 5.222603011591063771e-01 4.118867917696991121e-01 -4.321750875880117082e-01 6.089482578672653634e-01
8.322718739509582520e-02 -4.318874180316925049e-01 -1.735040068626403809e+00 5.222472529293414878e-01 4.119056317997110694e-01 -4.321665508662052013e-01 6.089527582466204292e-01
8.322814106941223145e-02 -4.318816065788269043e-01 -1.735024809837341309e+00 5.222651105719852138e-01 4.118373550645886838e-01 -4.321725183329562237e-01 6.089794134284448601e-01
8.322963118553161621e-02 -4.318871200084686279e-01 -1.735051512718200684e+00 5.222637000294534371e-01 4.118283171513870689e-01 -4.321712139815908071e-01 6.089876347714533456e-01
8.322446048259735107e-02 -4.318879842758178711e-01 -1.735025167465209961e+00 5.222764999838075406e-01 4.118443621823959511e-01 -4.321459537385752281e-01 6.089837369986721427e-01
8.320708572864532471e-02 -4.318634867668151855e-01 -1.735019564628601074e+00 5.222828463480513328e-01 4.118685341147501622e-01 -4.321584951824813947e-01 6.089530416946996594e-01
8.319196105003356934e-02 -4.318551123142242432e-01 -1.735044836997985840e+00 5.222668420924383437e-01 4.118527983995557973e-01 -4.321600187773139701e-01 6.089763530145632098e-01
8.317595720291137695e-02 -4.318561255931854248e-01 -1.734991312026977539e+00 5.222707830187207634e-01 4.118543412922143765e-01 -4.321429378663774745e-01 6.089840548996587888e-01
8.316618204116821289e-02 -4.318448603153228760e-01 -1.734982490539550781e+00 5.222478182345579034e-01 4.118590556266507052e-01 -4.321386292233899695e-01 6.090036006835957139e-01
8.316003531217575073e-02 -4.318407177925109863e-01 -1.734974026679992676e+00 5.222473117781780694e-01 4.118686639832826457e-01 -4.321382725610385944e-01 6.089977856667242451e-01
8.316775411367416382e-02 -4.318200945854187012e-01 -1.734979987144470215e+00 5.222514775456380542e-01 4.118683781736408589e-01 -4.321370903568499400e-01 6.089952105657986392e-01
8.315022289752960205e-02 -4.318023324012756348e-01 -1.734987020492553711e+00 5.222503629921034785e-01 4.118874823558037468e-01 -4.321334259807651512e-01 6.089858961171273899e-01
8.314291387796401978e-02 -4.317910075187683105e-01 -1.734990477561950684e+00 5.222323550438702222e-01 4.118819971484322107e-01 -4.321392694505903909e-01 6.090008749697484181e-01
8.313547074794769287e-02 -4.317825138568878174e-01 -1.734973311424255371e+00 5.222369203974848162e-01 4.118808753422885105e-01 -4.321402104238104558e-01 6.089970491326520685e-01
8.315912634134292603e-02 -4.318398535251617432e-01 -1.735029816627502441e+00 5.222291432223532537e-01 4.118553117407285358e-01 -4.321471863287082438e-01 6.090160624939525702e-01
8.315417915582656860e-02 -4.318344891071319580e-01 -1.735024094581604004e+00 5.222280072207857726e-01 4.118418480026795336e-01 -4.321527809574152168e-01 6.090221809675656628e-01
8.313204348087310791e-02 -4.318386614322662354e-01 -1.734991669654846191e+00 5.222228978582235115e-01 4.118545125435358889e-01 -4.321222474161829363e-01 6.090396388062194744e-01
8.316688239574432373e-02 -4.318778812885284424e-01 -1.734939336776733398e+00 5.222419672067931673e-01 4.118617511122066865e-01 -4.321378996830059771e-01 6.090072993902241327e-01
8.315695822238922119e-02 -4.319058954715728760e-01 -1.734990835189819336e+00 5.222213142131868491e-01 4.118716407750261377e-01 -4.321533279093544011e-01 6.090073588403737137e-01
8.318468183279037476e-02 -4.318880438804626465e-01 -1.735030055046081543e+00 5.222242871104443296e-01 4.118680013574284038e-01 -4.321523372667231966e-01 6.090079865406407000e-01
8.320807665586471558e-02 -4.319123327732086182e-01 -1.735023140907287598e+00 5.222164063097762821e-01 4.118728721971190998e-01 -4.321659604176514291e-01 6.090017970465971819e-01
8.321020007133483887e-02 -4.319135248661041260e-01 -1.735018730163574219e+00 5.222163171395929337e-01 4.118777006471806001e-01 -4.321602310154062931e-01 6.090026571989110016e-01
8.323354274034500122e-02 -4.318963885307312012e-01 -1.735020160675048828e+00 5.222360804467492956e-01 4.118765087921752444e-01 -4.321295295642821332e-01 6.090083149113869609e-01
8.322702348232269287e-02 -4.318759143352508545e-01 -1.734990000724792480e+00 5.222241961582296810e-01 4.119002844434546673e-01 -4.321402766518485095e-01 6.089947957491341768e-01
8.322852104902267456e-02 -4.318847060203552246e-01 -1.735009551048278809e+00 5.222312778999327332e-01 4.118956404605967347e-01 -4.321263594057577206e-01 6.090017316119348267e-01
8.323405683040618896e-02 -4.318825602531433105e-01 -1.735016942024230957e+00 5.222292912412138666e-01 4.118932376310221466e-01 -4.321243830761181681e-01 6.090064737383205085e-01
8.320289105176925659e-02 -4.318450093269348145e-01 -1.735029935836791992e+00 5.222287758500602228e-01 4.119346578738395381e-01 -4.321422418990755743e-01 6.089662143974859942e-01
8.320146054029464722e-02 -4.318391680717468262e-01 -1.735029101371765137e+00 5.222236878955622830e-01 4.119299933767874844e-01 -4.321443799162846822e-01 6.089722188077900666e-01
8.317423611879348755e-02 -4.318461120128631592e-01 -1.734959959983825684e+00 5.222108224435175750e-01 4.119634583609759204e-01 -4.320982904228548027e-01 6.089933281967558898e-01
8.317857980728149414e-02 -4.318719208240509033e-01 -1.734979867935180664e+00 5.222139576910094227e-01 4.119937035053687913e-01 -4.321163088827169596e-01 6.089573850580879411e-01
8.317732810974121094e-02 -4.318709373474121094e-01 -1.734978079795837402e+00 5.222009457558446366e-01 4.120022108651042458e-01 -4.321169033003099402e-01 6.089623716432089884e-01
8.318404108285903931e-02 -4.318538308143615723e-01 -1.734958529472351074e+00 5.222316185201928418e-01 4.119932599733043821e-01 -4.320868634381550555e-01 6.089634417426803559e-01
8.318750560283660889e-02 -4.318618774414062500e-01 -1.734986901283264160e+00 5.222414536114672323e-01 4.119967681297279638e-01 -4.321019503296577025e-01 6.089419298161665717e-01
8.318933844566345215e-02 -4.318604469299316406e-01 -1.734984755516052246e+00 5.222377228969256047e-01 4.120022115445923783e-01 -4.321051922902042763e-01 6.089391323308406268e-01
8.319787681102752686e-02 -4.318491220474243164e-01 -1.734973669052124023e+00 5.222514311802584075e-01 4.120056241698993871e-01 -4.320995674128829678e-01 6.089290548672338099e-01
8.320389688014984131e-02 -4.318824410438537598e-01 -1.735030293464660645e+00 5.222629617667360336e-01 4.120202592769312555e-01 -4.320879785170386733e-01 6.089175082281880202e-01
8.320469409227371216e-02 -4.318820536136627197e-01 -1.735030889511108398e+00 5.222666477201914903e-01 4.120145303263568759e-01 -4.320955909531639660e-01 6.089128112829380601e-01
8.322109282016754150e-02 -4.318650960922241211e-01 -1.735039830207824707e+00 5.222874629719859163e-01 4.120029779227654121e-01 -4.320816744066077741e-01 6.089126519984734420e-01
8.320321142673492432e-02 -4.318573474884033203e-01 -1.735113739967346191e+00 5.222831138244798943e-01 4.119885948217275606e-01 -4.321144701496061336e-01 6.089028437077491640e-01
8.320231735706329346e-02 -4.318504035472869873e-01 -1.735122323036193848e+00 5.222892461298268563e-01 4.119828303384953094e-01 -4.321014633491395696e-01 6.089107300156052505e-01
8.317863196134567261e-02 -4.318535327911376953e-01 -1.735093235969543457e+00 5.222798506026932186e-01 4.120072532857105840e-01 -4.320817434414690461e-01 6.089162345655021458e-01
8.318429440259933472e-02 -4.318764209747314453e-01 -1.735115170478820801e+00 5.222761932736073032e-01 4.120000811931319173e-01 -4.321112728604870612e-01 6.089032800333752382e-01
8.317935466766357422e-02 -4.318722486495971680e-01 -1.735121607780456543e+00 5.222845653275099975e-01 4.119924177606609783e-01 -4.321027396186415959e-01 6.089073283837883599e-01
8.316481113433837891e-02 -4.318749308586120605e-01 -1.735104918479919434e+00 5.222652585806520920e-01 4.119953900470876285e-01 -4.321066086881245050e-01 6.089191386355713442e-01
8.317892253398895264e-02 -4.318883121013641357e-01 -1.735116720199584961e+00 5.222635930349214251e-01 4.119672947041740363e-01 -4.321278591682207737e-01 6.089244900930951276e-01
8.317615836858749390e-02 -4.318852424621582031e-01 -1.735121846199035645e+00 5.222689730494826099e-01 4.119669561935311308e-01 -4.321234647814762853e-01 6.089232389786560784e-01
8.321159332990646362e-02 -4.318945109844207764e-01 -1.735111355781555176e+00 5.222722167238916802e-01 4.119911279536134230e-01 -4.321094147943624897e-01 6.089140647050884647e-01
8.321189880371093750e-02 -4.318951964378356934e-01 -1.735115051269531250e+00 5.222735380830080265e-01 4.119931027991460271e-01 -4.321094235745059908e-01 6.089115683445506244e-01
8.321276307106018066e-02 -4.319001436233520508e-01 -1.735117077827453613e+00 5.222761790080122646e-01 4.119813403216127101e-01 -4.321051558069186060e-01 6.089202727235162316e-01
8.319313824176788330e-02 -4.318788349628448486e-01 -1.735093593597412109e+00 5.222661501982394094e-01 4.119704953370284528e-01 -4.321101257872327350e-01 6.089327073332847506e-01
8.319295942783355713e-02 -4.318795502185821533e-01 -1.735095500946044922e+00 5.222537886762674830e-01 4.119763839254886317e-01 -4.321188913613698279e-01 6.089330968265135313e-01
8.319240063428878784e-02 -4.318787753582000732e-01 -1.735098838806152344e+00 5.222573355999102773e-01 4.119826913223694764e-01 -4.321071990069308422e-01 6.089340970418887222e-01
8.320499956607818604e-02 -4.318649470806121826e-01 -1.735049128532409668e+00 5.222630134808250446e-01 4.119432037214619258e-01 -4.320936706458838317e-01 6.089655527335635643e-01
8.320504426956176758e-02 -4.318628013134002686e-01 -1.735047340393066406e+00 5.222666530698872878e-01 4.119342985012191538e-01 -4.320941563750985148e-01 6.089680852357073348e-01
8.320488780736923218e-02 -4.318595826625823975e-01 -1.735044002532958984e+00 5.222590225646930318e-01 4.119330021743632941e-01 -4.321026629269807406e-01 6.089694643945764430e-01
8.320841193199157715e-02 -4.318688511848449707e-01 -1.735071778297424316e+00 5.222763145311498656e-01 4.119425451340482103e-01 -4.321259552559530981e-01 6.089316555811179477e-01
8.321645110845565796e-02 -4.318702220916748047e-01 -1.735043168067932129e+00 5.222686271039093109e-01 4.119326844378833341e-01 -4.321221157982814143e-01 6.089476516674180440e-01
8.321679383516311646e-02 -4.318734705448150635e-01 -1.735036849975585938e+00 5.222660289383369570e-01 4.119289453400861167e-01 -4.321261254296447918e-01 6.089495683180939922e-01
8.321651816368103027e-02 -4.318660795688629150e-01 -1.735049009323120117e+00 5.222663517036032488e-01 4.119267292080606713e-01 -4.321086644395988885e-01 6.089632153258591751e-01
8.319691568613052368e-02 -4.318636953830718994e-01 -1.735099911689758301e+00 5.222544039060771359e-01 4.119197932471261869e-01 -4.321204223788128740e-01 6.089697854372529973e-01
8.319471031427383423e-02 -4.318629205226898193e-01 -1.735097885131835938e+00 5.222618401047163239e-01 4.119127619036739296e-01 -4.321160065380753590e-01 6.089713148326169057e-01
8.318590372800827026e-02 -4.318962395191192627e-01 -1.735106945037841797e+00 5.222469890011444127e-01 4.119363450786958092e-01 -4.321034140040227456e-01 6.089770335329761641e-01
8.318279683589935303e-02 -4.318979680538177490e-01 -1.735103487968444824e+00 5.222525118491903040e-01 4.119314788118284554e-01 -4.321104358089086217e-01 6.089705935685081339e-01
8.318032324314117432e-02 -4.318997263908386230e-01 -1.735099911689758301e+00 5.222504753392075427e-01 4.119267152323102255e-01 -4.321123330299727061e-01 6.089742094105113912e-01
8.317434042692184448e-02 -4.318557381629943848e-01 -1.735184311866760254e+00 5.223057061723864747e-01 4.119449478433984124e-01 -4.320910377669491265e-01 6.089296276717979239e-01
8.316908776760101318e-02 -4.318529069423675537e-01 -1.735184907913208008e+00 5.222905103850477015e-01 4.119477428229052496e-01 -4.321068688437595950e-01 6.089295126771376854e-01
8.316332101821899414e-02 -4.318507313728332520e-01 -1.735185742378234863e+00 5.223006439309229032e-01 4.119391083945748711e-01 -4.320873032951381698e-01 6.089405507928892236e-01
8.319335430860519409e-02 -4.318939745426177979e-01 -1.735133767127990723e+00 5.223558712424978268e-01 4.119314454845118822e-01 -4.320718672043575292e-01 6.089093458233307832e-01
8.319222182035446167e-02 -4.318952560424804688e-01 -1.735132455825805664e+00 5.223526940562793763e-01 4.119355485511999593e-01 -4.320656643686737741e-01 6.089136770806475862e-01
8.319089561700820923e-02 -4.318951964378356934e-01 -1.735130906105041504e+00 5.223508915026442434e-01 4.119347021730246361e-01 -4.320711972965534664e-01 6.089118558717293572e-01
8.321893215179443359e-02 -4.319151341915130615e-01 -1.735159993171691895e+00 5.223819423386744099e-01 4.119146342903074465e-01 -4.320343879152744870e-01 6.089249250125915447e-01
8.322337269783020020e-02 -4.319189190864562988e-01 -1.735162019729614258e+00 5.223789685557959084e-01 4.119119337638999512e-01 -4.320384501681369116e-01 6.089264089540593616e-01
8.322776108980178833e-02 -4.319213032722473145e-01 -1.735163092613220215e+00 5.223678702058189849e-01 4.119060300149547382e-01 -4.320421006273790221e-01 6.089373209880436510e-01
8.320160210132598877e-02 -4.319329559803009033e-01 -1.735218286514282227e+00 5.224019578816838649e-01 4.119068851701203071e-01 -4.320363684335271626e-01 6.089115779021853081e-01
8.320386707782745361e-02 -4.319321811199188232e-01 -1.735223770141601562e+00 5.224028938351317208e-01 4.118997149619097464e-01 -4.320384789003911541e-01 6.089141380636198253e-01
8.320643752813339233e-02 -4.319331645965576172e-01 -1.735228538513183594e+00 5.224059797954778706e-01 4.118973958813688663e-01 -4.320407740740929703e-01 6.089114395908588051e-01
8.319190889596939087e-02 -4.319152534008026123e-01 -1.735181689262390137e+00 5.224129645881387951e-01 4.118860912635267102e-01 -4.320580055260863084e-01 6.089008595137719304e-01
8.319085091352462769e-02 -4.319188594818115234e-01 -1.735180377960205078e+00 5.224140520538368415e-01 4.118809268018790437e-01 -4.320542787391511985e-01 6.089060954103624468e-01
8.319029211997985840e-02 -4.319227337837219238e-01 -1.735179185867309570e+00 5.224157991251366928e-01 4.118735736961293692e-01 -4.320574404121044765e-01 6.089072822597119128e-01
8.321086317300796509e-02 -4.319068491458892822e-01 -1.735205173492431641e+00 5.224404732092123860e-01 4.119035754829028506e-01 -4.320439908397906148e-01 6.088753727721365472e-01
8.321215212345123291e-02 -4.319073855876922607e-01 -1.735207915306091309e+00 5.224479584552391698e-01 4.118978166436784716e-01 -4.320403553191886625e-01 6.088754339757116441e-01
8.321306854486465454e-02 -4.319082200527191162e-01 -1.735210061073303223e+00 5.224565309713048444e-01 4.118969656683112435e-01 -4.320383734629971162e-01 6.088700639474700083e-01
8.319459855556488037e-02 -4.319280982017517090e-01 -1.735118150711059570e+00 5.224145975685640098e-01 4.119676221391954107e-01 -4.320282525796780293e-01 6.088653981399603232e-01
8.319489657878875732e-02 -4.319295585155487061e-01 -1.735115170478820801e+00 5.224059405748369134e-01 4.119746201608560643e-01 -4.320300618371015755e-01 6.088668308218114777e-01
8.319506794214248657e-02 -4.319323897361755371e-01 -1.735111117362976074e+00 5.224036639898541612e-01 4.119738661538011604e-01 -4.320334367562825850e-01 6.088668885002257447e-01
8.318459987640380859e-02 -4.319158792495727539e-01 -1.735069632530212402e+00 5.224165246928268447e-01 4.119754902514842221e-01 -4.320008771837518524e-01 6.088778559949596936e-01
