repeatability steamvr; 20211015-225633; x y z w i j k;  frequency = 150 duration = 2 sys.args = ['.\\repeatability.py']
8.411615341901779175e-02 -4.341029524803161621e-01 -1.737197995185852051e+00 5.244147551121746131e-01 4.119143382393922748e-01 -4.335155799628572226e-01 6.061187354103498848e-01
8.411609381437301636e-02 -4.341028034687042236e-01 -1.737197995185852051e+00 5.244147497843921757e-01 4.119142465241438233e-01 -4.335153623762138531e-01 6.061189262646622389e-01
8.411607891321182251e-02 -4.341027736663818359e-01 -1.737197995185852051e+00 5.244147515603196918e-01 4.119142451291986085e-01 -4.335153218377117978e-01 6.061189810417237922e-01
8.411606401205062866e-02 -4.341027438640594482e-01 -1.737197995185852051e+00 5.244147497843921757e-01 4.119142145574488656e-01 -4.335152611483464868e-01 6.061190257166021444e-01
8.411605656147003174e-02 -4.341027140617370605e-01 -1.737197995185852051e+00 5.244147444566096272e-01 4.119142151904292004e-01 -4.335152069470292746e-01 6.061190887041385533e-01
8.411604166030883789e-02 -4.341026842594146729e-01 -1.737197995185852051e+00 5.244147444566096272e-01 4.119141867755889419e-01 -4.335151749803339838e-01 6.061191313263989411e-01
8.411601930856704712e-02 -4.341026246547698975e-01 -1.737197995185852051e+00 5.244147426806821111e-01 4.119141562038385329e-01 -4.335150983076196396e-01 6.061192044161187731e-01
8.411601185798645020e-02 -4.341025948524475098e-01 -1.737198114395141602e+00 5.244147391288270788e-01 4.119141270270327837e-01 -4.335150426382037847e-01 6.061192511436179764e-01
8.411597460508346558e-02 -4.341025054454803467e-01 -1.737198114395141602e+00 5.244147355769720464e-01 4.119140978502266459e-01 -4.335149248113230880e-01 6.061193689082197134e-01
8.411595225334167480e-02 -4.341024756431579590e-01 -1.737198114395141602e+00 5.244147338010444193e-01 4.119140672784755708e-01 -4.335148534663893494e-01 6.061194419979417658e-01
8.411593735218048096e-02 -4.341024160385131836e-01 -1.737198114395141602e+00 5.244147302491893869e-01 4.119140381016687114e-01 -4.335147924691882260e-01 6.061194887254434116e-01
8.411592990159988403e-02 -4.341023862361907959e-01 -1.737198114395141602e+00 5.244147302491893869e-01 4.119140345498135680e-01 -4.335147587265645308e-01 6.061195455551254829e-01
8.411591500043869019e-02 -4.341023564338684082e-01 -1.737198114395141602e+00 5.244147284732617598e-01 4.119140075299170811e-01 -4.335146980371949454e-01 6.061196044374282943e-01
8.411589264869689941e-02 -4.341022968292236328e-01 -1.737198114395141602e+00 5.244147213695514731e-01 4.119139811429984865e-01 -4.335146257687613747e-01 6.061196836850148983e-01
8.411587774753570557e-02 -4.341022670269012451e-01 -1.737198114395141602e+00 5.244147249214066164e-01 4.119139463864131545e-01 -4.335145784343820141e-01 6.061197506168762850e-01
8.411585539579391479e-02 -4.341022372245788574e-01 -1.737198114395141602e+00 5.244147231454789893e-01 4.119139158146609137e-01 -4.335145088653732381e-01 6.061197810843389489e-01
8.411584049463272095e-02 -4.341021776199340820e-01 -1.737198114395141602e+00 5.244147160417685916e-01 4.119139178425826886e-01 -4.335144401487917021e-01 6.061198603319288836e-01
8.411581814289093018e-02 -4.341021478176116943e-01 -1.737198114395141602e+00 5.244147142658409644e-01 4.119138872708298371e-01 -4.335143688038536891e-01 6.061199334216552659e-01
8.411580324172973633e-02 -4.341020882129669189e-01 -1.737198114395141602e+00 5.244147107139857100e-01 4.119138616458761226e-01 -4.335143273418511356e-01 6.061199943565833692e-01
8.411578834056854248e-02 -4.341020584106445312e-01 -1.737198114395141602e+00 5.244147071621304557e-01 4.119138324690667652e-01 -4.335142556890780874e-01 6.061200694989333781e-01
8.411575853824615479e-02 -4.341019690036773682e-01 -1.737198114395141602e+00 5.244147089380580828e-01 4.119137955555700614e-01 -4.335141263541945067e-01 6.061201526908375214e-01
8.411571383476257324e-02 -4.341018795967102051e-01 -1.737198114395141602e+00 5.244146982824922087e-01 4.119137435436927008e-01 -4.335140037441067018e-01 6.061203212882091407e-01
8.411570638418197632e-02 -4.341018497943878174e-01 -1.737198114395141602e+00 5.244147000584198359e-01 4.119137101820509739e-01 -4.335139436704008586e-01 6.061203618578498986e-01
8.411569148302078247e-02 -4.341018199920654297e-01 -1.737198114395141602e+00 5.244146929547091052e-01 4.119137122099703063e-01 -4.335139193520011203e-01 6.061204126906084566e-01
8.411567658185958862e-02 -4.341017901897430420e-01 -1.737198114395141602e+00 5.244146965065645816e-01 4.119136810052400066e-01 -4.335138578102022966e-01 6.061204512076252549e-01
8.411566913127899170e-02 -4.341017603874206543e-01 -1.737198114395141602e+00 5.244146911787814780e-01 4.119136532233722559e-01 -4.335138337996366498e-01 6.061204999877615185e-01
8.411565423011779785e-02 -4.341017305850982666e-01 -1.737198114395141602e+00 5.244146876269261126e-01 4.119136560132592995e-01 -4.335137781302070281e-01 6.061205467152745996e-01
8.411564677953720093e-02 -4.341017007827758789e-01 -1.737198114395141602e+00 5.244146911787814780e-01 4.119136212566737454e-01 -4.335137450032517936e-01 6.061205710248693812e-01
8.411563187837600708e-02 -4.341016709804534912e-01 -1.737198114395141602e+00 5.244146858509983744e-01 4.119136254415039500e-01 -4.335136925778412809e-01 6.061206198050074212e-01
8.411561697721481323e-02 -4.341016411781311035e-01 -1.737198114395141602e+00 5.244146894028537398e-01 4.119135906849185069e-01 -4.335136594508864905e-01 6.061206583220234423e-01
8.411560952663421631e-02 -4.341016113758087158e-01 -1.737198233604431152e+00 5.244146840750706362e-01 4.119135913178930131e-01 -4.335136052495472403e-01 6.061207071021624815e-01
8.411559462547302246e-02 -4.341015815734863281e-01 -1.737198233604431152e+00 5.244146876269261126e-01 4.119135601131629909e-01 -4.335135738985205212e-01 6.061207456191779475e-01
8.411558717489242554e-02 -4.341015517711639404e-01 -1.737198233604431152e+00 5.244146805232151598e-01 4.119135621410805470e-01 -4.335135211652716980e-01 6.061207964519432778e-01
8.411557227373123169e-02 -4.341015219688415527e-01 -1.737198233604431152e+00 5.244146769713596834e-01 4.119135365161231133e-01 -4.335134956866106282e-01 6.061208431794593565e-01
8.411555737257003784e-02 -4.341014921665191650e-01 -1.737198233604431152e+00 5.244146805232151598e-01 4.119135301743813149e-01 -4.335134359207405419e-01 6.061208816964743784e-01
8.411552757024765015e-02 -4.341014027595520020e-01 -1.737198233604431152e+00 5.244146716435764688e-01 4.119134767675532438e-01 -4.335133296018194304e-01 6.061209914115562869e-01
8.411549776792526245e-02 -4.341013431549072266e-01 -1.737198233604431152e+00 5.244146734195042070e-01 4.119134398540551523e-01 -4.335132091465689341e-01 6.061210888108848893e-01
8.411504328250885010e-02 -4.341017603874206543e-01 -1.737198472023010254e+00 5.244122350650253228e-01 4.119169960888551807e-01 -4.335221066007849955e-01 6.061144306916552704e-01
8.411496877670288086e-02 -4.341016709804534912e-01 -1.737198591232299805e+00 5.244121320607263437e-01 4.119170947563802199e-01 -4.335222983087738124e-01 6.061143224239512461e-01
8.408859372138977051e-02 -4.341123104095458984e-01 -1.737152099609375000e+00 5.244290138400671264e-01 4.119120677994901891e-01 -4.335093959839327882e-01 6.061123426101681089e-01
8.408846706151962280e-02 -4.341122806072235107e-01 -1.737152099609375000e+00 5.244289357013767194e-01 4.119121362769471162e-01 -4.335095546974347958e-01 6.061122766421036534e-01
8.408841490745544434e-02 -4.341122806072235107e-01 -1.737152099609375000e+00 5.244289037355455152e-01 4.119121400739211292e-01 -4.335095971043201879e-01 6.061122425516479728e-01
8.408837020397186279e-02 -4.341122806072235107e-01 -1.737152099609375000e+00 5.244288770973513092e-01 4.119121681003828916e-01 -4.335096617454109458e-01 6.061122023037358586e-01
8.408831804990768433e-02 -4.341122508049011230e-01 -1.737152099609375000e+00 5.244288451315164412e-01 4.119122003114384367e-01 -4.335097325663869183e-01 6.061121682132761812e-01
8.408825099468231201e-02 -4.341122508049011230e-01 -1.737152099609375000e+00 5.244288078380401341e-01 4.119122331553302097e-01 -4.335097829290536220e-01 6.061121260732307281e-01
8.408820629119873047e-02 -4.341122210025787354e-01 -1.737151980400085449e+00 5.244287811998410431e-01 4.119122363194859804e-01 -4.335098457942896388e-01 6.061121000323508312e-01
8.408816158771514893e-02 -4.341122210025787354e-01 -1.737151980400085449e+00 5.244287492340004020e-01 4.119122720823162331e-01 -4.335099148394144231e-01 6.061120801489260357e-01
8.408811688423156738e-02 -4.341121912002563477e-01 -1.737151980400085449e+00 5.244287243716785341e-01 4.119123022656951960e-01 -4.335099478225830638e-01 6.061120520555588476e-01
8.408807218074798584e-02 -4.341121912002563477e-01 -1.737151980400085449e+00 5.244286995093554449e-01 4.119123040349939036e-01 -4.335100109957202852e-01 6.061120239621903272e-01
8.408802747726440430e-02 -4.341121912002563477e-01 -1.737151980400085449e+00 5.244286728711509138e-01 4.119123356132436964e-01 -4.335100472227801371e-01 6.061119837142633360e-01
8.409434556961059570e-02 -4.341190159320831299e-01 -1.737175941467285156e+00 5.243883659417795107e-01 4.119176729898897382e-01 -4.335350446308069983e-01 6.061253820981723495e-01
8.409430086612701416e-02 -4.341190159320831299e-01 -1.737175941467285156e+00 5.243883339734752846e-01 4.119176803414715260e-01 -4.335350834925377206e-01 6.061253622168724098e-01
8.409426361322402954e-02 -4.341190159320831299e-01 -1.737175941467285156e+00 5.243883073332201716e-01 4.119177119240360341e-01 -4.335351481416279684e-01 6.061253361770314596e-01
8.409422636032104492e-02 -4.341190159320831299e-01 -1.737175941467285156e+00 5.243882824689808375e-01 4.119177101431985566e-01 -4.335352095463961275e-01 6.061253080843423957e-01
8.409418910741806030e-02 -4.341190159320831299e-01 -1.737175941467285156e+00 5.243882558287231710e-01 4.119177417257696705e-01 -4.335352457792256420e-01 6.061252820444991141e-01
8.409415185451507568e-02 -4.341189861297607422e-01 -1.737175822257995605e+00 5.243882220843948394e-01 4.119177788887381508e-01 -4.335353145255730900e-01 6.061252357997666262e-01
8.409410715103149414e-02 -4.341189861297607422e-01 -1.737175822257995605e+00 5.243881972201515085e-01 4.119177806599415015e-01 -4.335353492901010131e-01 6.061251934989334567e-01
8.409406989812850952e-02 -4.341189861297607422e-01 -1.737175822257995605e+00 5.243881705798895121e-01 4.119178122425247723e-01 -4.335354121632098434e-01 6.061251674590851790e-01
8.409403264522552490e-02 -4.341189861297607422e-01 -1.737175822257995605e+00 5.243881474916612939e-01 4.119178410349144670e-01 -4.335354454594336771e-01 6.061251373135406739e-01
8.410116285085678101e-02 -4.341225326061248779e-01 -1.737138032913208008e+00 5.243895700798223425e-01 4.119236429110010866e-01 -4.335375052397963391e-01 6.061184917374015102e-01
8.410112559795379639e-02 -4.341225326061248779e-01 -1.737137913703918457e+00 5.243895363355784989e-01 4.119236516579836138e-01 -4.335375757620599235e-01 6.061184739084565232e-01
8.410105109214782715e-02 -4.341225028038024902e-01 -1.737137913703918457e+00 5.243894795031630585e-01 4.119237105096537621e-01 -4.335376831325494784e-01 6.061183975174710969e-01
8.410100638866424561e-02 -4.341224730014801025e-01 -1.737137913703918457e+00 5.243894386548606512e-01 4.119237461492530339e-01 -4.335377630801270921e-01 6.061183736916758713e-01
8.410096913576126099e-02 -4.341224730014801025e-01 -1.737137913703918457e+00 5.243894137906749409e-01 4.119237479206899755e-01 -4.335378244848424045e-01 6.061183313905489367e-01
8.410093188285827637e-02 -4.341224730014801025e-01 -1.737137913703918457e+00 5.243893871504747839e-01 4.119237795034544902e-01 -4.335378607176790799e-01 6.061183053503409468e-01
8.410090208053588867e-02 -4.341224431991577148e-01 -1.737137913703918457e+00 5.243893640623001895e-01 4.119238082959980618e-01 -4.335379206540911912e-01 6.061182752045023436e-01
8.410086482763290405e-02 -4.341224431991577148e-01 -1.737137913703918457e+00 5.243893303180431342e-01 4.119238170430050139e-01 -4.335379609841891191e-01 6.061182573755516945e-01
8.410082757472991943e-02 -4.341224431991577148e-01 -1.737137913703918457e+00 5.243893054538523169e-01 4.119238472306683829e-01 -4.335380241649444133e-01 6.061182292825256779e-01
8.410079777240753174e-02 -4.341224133968353271e-01 -1.737137913703918457e+00 5.243892788136466088e-01 4.119238752614213239e-01 -4.335380888140234479e-01 6.061181890342034473e-01
8.410076051950454712e-02 -4.341224133968353271e-01 -1.737137794494628906e+00 5.243892468453978939e-01 4.119238826133248543e-01 -4.335381294518400597e-01 6.061181691524354376e-01
8.410072326660156250e-02 -4.341224133968353271e-01 -1.737137794494628906e+00 5.243892202051892992e-01 4.119239141961129613e-01 -4.335381923249201352e-01 6.061181431122205643e-01
8.410069346427917480e-02 -4.341223835945129395e-01 -1.737137794494628906e+00 5.243891953409932638e-01 4.119239443837913739e-01 -4.335382270894792556e-01 6.061181150191893297e-01
8.410065621137619019e-02 -4.341223835945129395e-01 -1.737137794494628906e+00 5.243891687007818936e-01 4.119239475503617132e-01 -4.335382899625727648e-01 6.061180889789724580e-01
8.410061150789260864e-02 -4.341223537921905518e-01 -1.737137794494628906e+00 5.243891296284695080e-01 4.119239817949051363e-01 -4.335383684419463757e-01 6.061180488922370824e-01
8.410057425498962402e-02 -4.341223537921905518e-01 -1.737137794494628906e+00 5.243891029882549182e-01 4.119240133777100077e-01 -4.335384046748422815e-01 6.061180228520173241e-01
8.410054445266723633e-02 -4.341223537921905518e-01 -1.737137794494628906e+00 5.243890799000677783e-01 4.119240137540583491e-01 -4.335384646113211726e-01 6.061179927061643991e-01
8.410050719976425171e-02 -4.341223239898681641e-01 -1.737137794494628906e+00 5.243890461557925153e-01 4.119240509173303644e-01 -4.335385067175056006e-01 6.061179606690906274e-01
8.410044759511947632e-02 -4.341223239898681641e-01 -1.737137794494628906e+00 5.243890017554269090e-01 4.119240786911549379e-01 -4.335385949299256358e-01 6.061179125326784378e-01
8.410040289163589478e-02 -4.341222941875457764e-01 -1.737137675285339355e+00 5.243889680111465390e-01 4.119241123024110496e-01 -4.335386672283807474e-01 6.061178804956005584e-01
8.410037308931350708e-02 -4.341222941875457764e-01 -1.737137675285339355e+00 5.243889431469386242e-01 4.119241424901227133e-01 -4.335387304092273020e-01 6.061178524025570002e-01
8.410033583641052246e-02 -4.341222941875457764e-01 -1.737137675285339355e+00 5.243889094026544795e-01 4.119241512371795144e-01 -4.335387707394320889e-01 6.061178345735961370e-01
8.410030603408813477e-02 -4.341222643852233887e-01 -1.737137675285339355e+00 5.243888845384436781e-01 4.119241814248986722e-01 -4.335388339202930208e-01 6.061178064805506915e-01
8.410026878118515015e-02 -4.341222643852233887e-01 -1.737137675285339355e+00 5.243888596742317665e-01 4.119242116126215492e-01 -4.335388669089028091e-01 6.061177783875038028e-01
8.410023897886276245e-02 -4.341222345829010010e-01 -1.737137675285339355e+00 5.243888330340034098e-01 4.119242147792208653e-01 -4.335389297820830823e-01 6.061177381391505969e-01
8.410020172595977783e-02 -4.341222345829010010e-01 -1.737137675285339355e+00 5.243888081697890557e-01 4.119242449669502371e-01 -4.335389645467179753e-01 6.061177100461005995e-01
8.410017192363739014e-02 -4.341222345829010010e-01 -1.737137675285339355e+00 5.243887815295580346e-01 4.119242765498007386e-01 -4.335390274199116267e-01 6.061176840058666304e-01
8.410013467073440552e-02 -4.341222047805786133e-01 -1.737137675285339355e+00 5.243887495612791216e-01 4.119242839017594471e-01 -4.335390680578489198e-01 6.061176641240838547e-01
8.410009741783142090e-02 -4.341222047805786133e-01 -1.737137675285339355e+00 5.243887229210452139e-01 4.119243154846177202e-01 -4.335391309310572261e-01 6.061176380838479982e-01
8.410005271434783936e-02 -4.341222047805786133e-01 -1.737137556076049805e+00 5.243886927287784161e-01 4.119243427536534163e-01 -4.335392020689680104e-01 6.061175877329946227e-01
8.410002291202545166e-02 -4.341221749782562256e-01 -1.737137556076049805e+00 5.243886589844781732e-01 4.119243515007399159e-01 -4.335392441752516368e-01 6.061175699040268761e-01
8.409997075796127319e-02 -4.341221749782562256e-01 -1.737137556076049805e+00 5.243886216881438189e-01 4.119243807982259642e-01 -4.335393229624953104e-01 6.061175277644397230e-01
8.409993350505828857e-02 -4.341221451759338379e-01 -1.737137556076049805e+00 5.243885950479033609e-01 4.119244123811020564e-01 -4.335393858357373120e-01 6.061175017241980933e-01
8.409990370273590088e-02 -4.341221451759338379e-01 -1.737137556076049805e+00 5.243885701836776825e-01 4.119244425688633471e-01 -4.335394206004190010e-01 6.061174736311372158e-01
8.409986644983291626e-02 -4.341221451759338379e-01 -1.737137556076049805e+00 5.243885364393695570e-01 4.119244513159645016e-01 -4.335394893469771138e-01 6.061174415940367988e-01
8.409983664751052856e-02 -4.341221153736114502e-01 -1.737137556076049805e+00 5.243885097991247690e-01 4.119244828988526952e-01 -4.335395255799959213e-01 6.061174155537916164e-01
8.409973233938217163e-02 -4.341220855712890625e-01 -1.737137556076049805e+00 5.243884263263489665e-01 4.119245484694836756e-01 -4.335396904962341424e-01 6.061173415386873486e-01
8.409967273473739624e-02 -4.341220855712890625e-01 -1.737137436866760254e+00 5.243883890299980699e-01 4.119245777670098030e-01 -4.335397710595749743e-01 6.061172567746818673e-01
8.409962803125381470e-02 -4.341220557689666748e-01 -1.737137436866760254e+00 5.243883428535599522e-01 4.119246175921797981e-01 -4.335398571885527574e-01 6.061172248991685274e-01
8.409950882196426392e-02 -4.341216683387756348e-01 -1.737137675285339355e+00 5.243900460510295680e-01 4.119254250993149569e-01 -4.335327072247048275e-01 6.061203001268551382e-01
8.409941941499710083e-02 -4.341216385364532471e-01 -1.737137675285339355e+00 5.243900282909176314e-01 4.119254958828196811e-01 -4.335326650752897581e-01 6.061203064469290469e-01
8.409928530454635620e-02 -4.341215789318084717e-01 -1.737137675285339355e+00 5.243899963227146577e-01 4.119256097954553386e-01 -4.335325600797507728e-01 6.061203149814469171e-01
8.409924805164337158e-02 -4.341215491294860840e-01 -1.737137675285339355e+00 5.243899785626010557e-01 4.119256486107693016e-01 -4.335325339144305845e-01 6.061203355096150824e-01
8.409920334815979004e-02 -4.341215193271636963e-01 -1.737137675285339355e+00 5.243899732345668196e-01 4.119256812122987776e-01 -4.335325010230734466e-01 6.061203274599746837e-01
8.409916609525680542e-02 -4.341215193271636963e-01 -1.737137675285339355e+00 5.243899643545096856e-01 4.119257130520378452e-01 -4.335324692922921663e-01 6.061203377240597101e-01
8.409913629293441772e-02 -4.341214895248413086e-01 -1.737137556076049805e+00 5.243899572504638895e-01 4.119257399446391021e-01 -4.335324716134452694e-01 6.061203317272363389e-01
8.409910649061203003e-02 -4.341214895248413086e-01 -1.737137556076049805e+00 5.243899448183835243e-01 4.119257674705666949e-01 -4.335324552513312169e-01 6.061203460969563084e-01
8.409905433654785156e-02 -4.341214597225189209e-01 -1.737137556076049805e+00 5.243899359383259462e-01 4.119258064143553888e-01 -4.335324146404901380e-01 6.061203421529502977e-01
8.409900963306427002e-02 -4.341214299201965332e-01 -1.737137556076049805e+00 5.243899270582682570e-01 4.119258453581455259e-01 -4.335323758056593424e-01 6.061203524170368784e-01
8.409897238016128540e-02 -4.341214299201965332e-01 -1.737137556076049805e+00 5.243899110741638836e-01 4.119258827783577326e-01 -4.335323499480491782e-01 6.061203566843013091e-01
8.409892767667770386e-02 -4.341214001178741455e-01 -1.737137556076049805e+00 5.243899039701174214e-01 4.119259132229878273e-01 -4.335323203009918691e-01 6.061203648955714174e-01
8.409889042377471924e-02 -4.341214001178741455e-01 -1.737137556076049805e+00 5.243898950900590661e-01 4.119259486147593408e-01 -4.335322850181809740e-01 6.061203893677531429e-01
8.409885317087173462e-02 -4.341213703155517578e-01 -1.737137556076049805e+00 5.243898826579772576e-01 4.119259832447431102e-01 -4.335322615520149081e-01 6.061204037374778864e-01
8.409881591796875000e-02 -4.341213405132293701e-01 -1.737137556076049805e+00 5.243898755539303513e-01 4.119260136893765911e-01 -4.335322603211429482e-01 6.061204119487496600e-01
8.409877866506576538e-02 -4.341213405132293701e-01 -1.737137556076049805e+00 5.243898684498833340e-01 4.119260405819874515e-01 -4.335322324500946456e-01 6.061204059519276210e-01
8.409874886274337769e-02 -4.341213107109069824e-01 -1.737137556076049805e+00 5.243898613458362057e-01 4.119260710266226533e-01 -4.335322045790456769e-01 6.061204141631999498e-01
8.409871160984039307e-02 -4.341213107109069824e-01 -1.737137556076049805e+00 5.243898453617299449e-01 4.119261048948242299e-01 -4.335321822734523045e-01 6.061204184304689324e-01
8.409867435693740845e-02 -4.341212809085845947e-01 -1.737137556076049805e+00 5.243898382576824835e-01 4.119261353394619851e-01 -4.335321526263898329e-01 6.061204266417420383e-01
8.409863710403442383e-02 -4.341212809085845947e-01 -1.737137556076049805e+00 5.243898311536350221e-01 4.119261657841005175e-01 -4.335321229793265285e-01 6.061204206449204435e-01
8.409855514764785767e-02 -4.341212511062622070e-01 -1.737137436866760254e+00 5.243898098414918607e-01 4.119262322538542187e-01 -4.335320642303359118e-01 6.061204452787423147e-01
8.409851789474487305e-02 -4.341212213039398193e-01 -1.737137436866760254e+00 5.243898009614319511e-01 4.119262676456386663e-01 -4.335320591397194834e-01 6.061204413347397457e-01
8.409846574068069458e-02 -4.341211915016174316e-01 -1.737137436866760254e+00 5.243897920813719304e-01 4.119263065894484543e-01 -4.335320185288625838e-01 6.061204373907370657e-01
8.409840613603591919e-02 -4.341211616992950439e-01 -1.737137436866760254e+00 5.243897743212514451e-01 4.119263596129032479e-01 -4.335319781554228813e-01 6.061204579189253261e-01
8.409836143255233765e-02 -4.341211616992950439e-01 -1.737137436866760254e+00 5.243897654411909803e-01 4.119263950046926914e-01 -4.335319410965871589e-01 6.061204539749233122e-01
8.409832417964935303e-02 -4.341211318969726562e-01 -1.737137436866760254e+00 5.243897494570817219e-01 4.119264324249370390e-01 -4.335319170149719570e-01 6.061204724502951002e-01
8.409830182790756226e-02 -4.341211318969726562e-01 -1.737137436866760254e+00 5.243897441290451544e-01 4.119264543704174164e-01 -4.335318947796692468e-01 6.061204644006552567e-01
8.409827202558517456e-02 -4.341211020946502686e-01 -1.737137436866760254e+00 5.243897388010085869e-01 4.119264763158982379e-01 -4.335318743203782632e-01 6.061204705591130004e-01
8.409824967384338379e-02 -4.341211020946502686e-01 -1.737137436866760254e+00 5.243897334729720194e-01 4.119264982613795034e-01 -4.335318822772823433e-01 6.061204767175707442e-01
8.409821987152099609e-02 -4.341210722923278809e-01 -1.737137436866760254e+00 5.243897299209475671e-01 4.119265188117414156e-01 -4.335318585736854802e-01 6.061204808232093511e-01
8.409819006919860840e-02 -4.341210722923278809e-01 -1.737137436866760254e+00 5.243897174888617618e-01 4.119265463377037029e-01 -4.335318422115542747e-01 6.061204809848472763e-01
8.409816771745681763e-02 -4.341210722923278809e-01 -1.737137436866760254e+00 5.243897121608248613e-01 4.119265682831868558e-01 -4.335318217522619588e-01 6.061204871433057972e-01
8.409813791513442993e-02 -4.341210424900054932e-01 -1.737137436866760254e+00 5.243897068327879607e-01 4.119265866766457784e-01 -4.335318012929693099e-01 6.061204933017644292e-01
8.409811556339263916e-02 -4.341210424900054932e-01 -1.737137436866760254e+00 5.243897015047510601e-01 4.119266086221297640e-01 -4.335317790576638242e-01 6.061204852521245856e-01
8.409808576107025146e-02 -4.341210126876831055e-01 -1.737137436866760254e+00 5.243896961767140485e-01 4.119266305676143047e-01 -4.335317585983703981e-01 6.061204914105834396e-01
8.409806340932846069e-02 -4.341210126876831055e-01 -1.737137436866760254e+00 5.243896837446274661e-01 4.119266580935815880e-01 -4.335317440122488097e-01 6.061205057803215057e-01
8.409803360700607300e-02 -4.341210126876831055e-01 -1.737137436866760254e+00 5.243896784165902325e-01 4.119266800390675720e-01 -4.335317235529544955e-01 6.061204977306818842e-01
8.409801125526428223e-02 -4.341209828853607178e-01 -1.737137317657470703e+00 5.243896730885529989e-01 4.119267019845539446e-01 -4.335317013176472889e-01 6.061205038891414043e-01
8.409798145294189453e-02 -4.341209828853607178e-01 -1.737137317657470703e+00 5.243896695365282135e-01 4.119267189828950126e-01 -4.335316793900591548e-01 6.061205079947811214e-01
8.409795910120010376e-02 -4.341209530830383301e-01 -1.737137317657470703e+00 5.243896642084908688e-01 4.119267409283822734e-01 -4.335316873469630128e-01 6.061204999451412778e-01
8.409792929887771606e-02 -4.341209530830383301e-01 -1.737137317657470703e+00 5.243896517764035092e-01 4.119267684543544417e-01 -4.335316709848269778e-01 6.061205143148814534e-01
8.409790694713592529e-02 -4.341209530830383301e-01 -1.737137317657470703e+00 5.243896464483659425e-01 4.119267903998430902e-01 -4.335316505255309427e-01 6.061205204733418617e-01
8.409787714481353760e-02 -4.341209232807159424e-01 -1.737137317657470703e+00 5.243896411203283758e-01 4.119268123453322383e-01 -4.335316300662345190e-01 6.061205266318023810e-01
8.409785479307174683e-02 -4.341209232807159424e-01 -1.737137317657470703e+00 5.243896357922908091e-01 4.119268342908217750e-01 -4.335316078309250920e-01 6.061205185821625374e-01
8.409782499074935913e-02 -4.341208934783935547e-01 -1.737137317657470703e+00 5.243896304642531314e-01 4.119268562363118669e-01 -4.335315873716278912e-01 6.061205247406233898e-01
8.409780263900756836e-02 -4.341208934783935547e-01 -1.737137317657470703e+00 5.243896180321649947e-01 4.119268802102639682e-01 -4.335315727855016954e-01 6.061205391103658968e-01
8.409777283668518066e-02 -4.341208934783935547e-01 -1.737137317657470703e+00 5.243896127041270949e-01 4.119269057077806773e-01 -4.335315487741783214e-01 6.061205310607262753e-01
8.409771323204040527e-02 -4.341208636760711670e-01 -1.737137317657470703e+00 5.243896020480512954e-01 4.119269495987650798e-01 -4.335315007515302410e-01 6.061205433776492013e-01
8.409767597913742065e-02 -4.341208338737487793e-01 -1.737137317657470703e+00 5.243895931679878331e-01 4.119269849905785041e-01 -4.335314707967274916e-01 6.061205394336508512e-01
8.409764617681503296e-02 -4.341208338737487793e-01 -1.737137317657470703e+00 5.243895825119115894e-01 4.119270111214391461e-01 -4.335314813824964753e-01 6.061205517505748874e-01
8.409762382507324219e-02 -4.341208040714263916e-01 -1.737137317657470703e+00 5.243895771838733566e-01 4.119270046507297334e-01 -4.335314609231963323e-01 6.061205437009352659e-01
8.409759402275085449e-02 -4.341208040714263916e-01 -1.737137317657470703e+00 5.243895718558351238e-01 4.119270265962244326e-01 -4.335314386878830195e-01 6.061205498593975616e-01
8.409756422042846680e-02 -4.341207742691040039e-01 -1.737137317657470703e+00 5.243895665277967799e-01 4.119270449896941244e-01 -4.335314164525693736e-01 6.061205560178601903e-01
8.409754186868667603e-02 -4.341207742691040039e-01 -1.737137317657470703e+00 5.243895611997583250e-01 4.119270669351898229e-01 -4.335313959932681760e-01 6.061205621763230411e-01
8.409751206636428833e-02 -4.341207742691040039e-01 -1.737137317657470703e+00 5.243895487676686340e-01 4.119270944611769791e-01 -4.335313796311239809e-01 6.061205623379674057e-01
8.409748971462249756e-02 -4.341207444667816162e-01 -1.737137317657470703e+00 5.243895434396300681e-01 4.119271164066740654e-01 -4.335313591718217840e-01 6.061205684964305895e-01
8.409745991230010986e-02 -4.341207444667816162e-01 -1.737137317657470703e+00 5.243895381115913912e-01 4.119271383521717067e-01 -4.335313387125192541e-01 6.061205746548941065e-01
8.409741520881652832e-02 -4.341207146644592285e-01 -1.737137198448181152e+00 5.243895274555140373e-01 4.119271786911424260e-01 -4.335313013459388132e-01 6.061205727637182239e-01
8.409737050533294678e-02 -4.341206848621368408e-01 -1.737137198448181152e+00 5.243895132474104548e-01 4.119272182683358929e-01 -4.335312971081623501e-01 6.061205891862889716e-01
8.409732580184936523e-02 -4.341206848621368408e-01 -1.737137198448181152e+00 5.243895043673455492e-01 4.119272536601609747e-01 -4.335312636013262666e-01 6.061205852422922868e-01
8.409725129604339600e-02 -4.341206550598144531e-01 -1.737137198448181152e+00 5.243894830551891761e-01 4.119273201300107101e-01 -4.335312101803142082e-01 6.061205956680469908e-01
8.409719169139862061e-02 -4.341206252574920654e-01 -1.737137198448181152e+00 5.243894688470844834e-01 4.119273703632909123e-01 -4.335311597661948291e-01 6.061205978825160434e-01
8.409715443849563599e-02 -4.341205954551696777e-01 -1.737137198448181152e+00 5.243894635190450293e-01 4.119273994128473948e-01 -4.335311286508092277e-01 6.061206040409816698e-01
8.409710228443145752e-02 -4.341205656528472900e-01 -1.737137198448181152e+00 5.243894457589134417e-01 4.119274453323283347e-01 -4.335310971573892447e-01 6.061206103610956575e-01
8.409705013036727905e-02 -4.341205358505249023e-01 -1.737137198448181152e+00 5.243894351028342005e-01 4.119274892233403262e-01 -4.335310793269444019e-01 6.061206226780281314e-01
8.409700542688369751e-02 -4.341205358505249023e-01 -1.737137198448181152e+00 5.243894262227679626e-01 4.119275246151763437e-01 -4.335310458201007688e-01 6.061206187340331120e-01
8.409695327281951904e-02 -4.341205060482025146e-01 -1.737137198448181152e+00 5.243894102386483791e-01 4.119275726915673230e-01 -4.335310075303447364e-01 6.061206372094337658e-01
8.409690856933593750e-02 -4.341204762458801270e-01 -1.737137198448181152e+00 5.243894013585816971e-01 4.119276080834067821e-01 -4.335309704714719325e-01 6.061206332654391904e-01
8.409683406352996826e-02 -4.341210424900054932e-01 -1.737136721611022949e+00 5.243865153289548608e-01 4.119284827786346970e-01 -4.335394944016496832e-01 6.061164529996111439e-01
8.409678190946578979e-02 -4.341210424900054932e-01 -1.737136721611022949e+00 5.243864549441653589e-01 4.119285302135264337e-01 -4.335395887257020853e-01 6.061163949221938241e-01
8.409673720598220825e-02 -4.341210424900054932e-01 -1.737136721611022949e+00 5.243864087675568220e-01 4.119285735913722490e-01 -4.335396677510284791e-01 6.061163630466841479e-01
8.409669995307922363e-02 -4.341210424900054932e-01 -1.737136721611022949e+00 5.243863643669679497e-01 4.119286191261311569e-01 -4.335397453080332419e-01 6.061163149101526093e-01
8.409666270017623901e-02 -4.341210126876831055e-01 -1.737136602401733398e+00 5.243863252944466202e-01 4.119286569234174578e-01 -4.335398166840127021e-01 6.061162748233122066e-01
8.409662544727325439e-02 -4.341210126876831055e-01 -1.737136602401733398e+00 5.243862791178267591e-01 4.119287003012940263e-01 -4.335398957093880568e-01 6.061162287396058002e-01
8.409658819437026978e-02 -4.341210126876831055e-01 -1.737136602401733398e+00 5.243862400452991013e-01 4.119287416506455801e-01 -4.335399386690106938e-01 6.061161886527597353e-01
8.409655094146728516e-02 -4.341210126876831055e-01 -1.737136602401733398e+00 5.243861956446959072e-01 4.119287871854446226e-01 -4.335400144500510256e-01 6.061161120998272978e-01
8.409651368856430054e-02 -4.341209828853607178e-01 -1.737136602401733398e+00 5.243861547961377045e-01 4.119288263779121717e-01 -4.335400872944250028e-01 6.061160740658058099e-01
8.409647643566131592e-02 -4.341209828853607178e-01 -1.737136602401733398e+00 5.243861157236007209e-01 4.119288677272902044e-01 -4.335401586704714094e-01 6.061160339789495310e-01
8.409643918275833130e-02 -4.341209828853607178e-01 -1.737136602401733398e+00 5.243860784270855113e-01 4.119289041294800779e-01 -4.335402303542133517e-01 6.061159918392577950e-01
8.409638702869415283e-02 -4.341209828853607178e-01 -1.737136483192443848e+00 5.243860180422457162e-01 4.119289551165489782e-01 -4.335403229024459293e-01 6.061159337617971765e-01
8.409629017114639282e-02 -4.341209530830383301e-01 -1.737136483192443848e+00 5.243859132567717518e-01 4.119290729508018334e-01 -4.335404947838971679e-01 6.061158275477613877e-01
8.409625291824340820e-02 -4.341209530830383301e-01 -1.737136483192443848e+00 5.243858670801156974e-01 4.119291198808281984e-01 -4.335405720333989632e-01 6.061157956722236229e-01
8.409621566534042358e-02 -4.341209530830383301e-01 -1.737136483192443848e+00 5.243858280075572864e-01 4.119291576782167508e-01 -4.335406451855637888e-01 6.061157413771458558e-01
8.409617841243743896e-02 -4.341209232807159424e-01 -1.737136483192443848e+00 5.243857889349959889e-01 4.119291990276643389e-01 -4.335407165617163883e-01 6.061157012902678165e-01
8.409614115953445435e-02 -4.341209232807159424e-01 -1.737136483192443848e+00 5.243857498624318048e-01 4.119292403771204203e-01 -4.335407879378819773e-01 6.061156612033872237e-01
8.409610390663146973e-02 -4.341209232807159424e-01 -1.737136363983154297e+00 5.243857107898646230e-01 4.119292533101714393e-01 -4.335408575380348406e-01 6.061156211165041885e-01
8.409606665372848511e-02 -4.341209232807159424e-01 -1.737136363983154297e+00 5.243856646131906940e-01 4.119292966881938911e-01 -4.335409365636391232e-01 6.061155750327485991e-01
8.409602940082550049e-02 -4.341209232807159424e-01 -1.737136363983154297e+00 5.243856273166433990e-01 4.119293366425230141e-01 -4.335410064714984579e-01 6.061155328930251107e-01
8.409599214792251587e-02 -4.341208934783935547e-01 -1.737136363983154297e+00 5.243855864680407874e-01 4.119293793871632303e-01 -4.335410508996451195e-01 6.061155090671785928e-01
8.409595489501953125e-02 -4.341208934783935547e-01 -1.737136363983154297e+00 5.243855473954615043e-01 4.119294207366605010e-01 -4.335411222758756566e-01 6.061154547720745134e-01
8.409591764211654663e-02 -4.341208934783935547e-01 -1.737136363983154297e+00 5.243855083228793346e-01 4.119294585341132242e-01 -4.335411936521192389e-01 6.061154146851779334e-01
8.409588038921356201e-02 -4.341208934783935547e-01 -1.737136363983154297e+00 5.243854621461875309e-01 4.119295054642378440e-01 -4.335412709017717470e-01 6.061153828096205176e-01
8.409584313631057739e-02 -4.341208636760711670e-01 -1.737136363983154297e+00 5.243854230735990329e-01 4.119295468137615934e-01 -4.335413440540700214e-01 6.061153427227192747e-01
8.409581333398818970e-02 -4.341208636760711670e-01 -1.737136244773864746e+00 5.243853840010075373e-01 4.119295881632938916e-01 -4.335414136543278008e-01 6.061153026358155893e-01
8.409577608108520508e-02 -4.341208636760711670e-01 -1.737136244773864746e+00 5.243853449284131552e-01 4.119296295128345720e-01 -4.335414566141920778e-01 6.061152625489092394e-01
8.409573882818222046e-02 -4.341208636760711670e-01 -1.737136244773864746e+00 5.243853058558158864e-01 4.119296708623836900e-01 -4.335415279905006081e-01 6.061152224620002249e-01
8.409565687179565430e-02 -4.341208338737487793e-01 -1.737136244773864746e+00 5.243852206065026111e-01 4.119297520380165722e-01 -4.335416783925911122e-01 6.061151362913007601e-01
8.409562706947326660e-02 -4.341208338737487793e-01 -1.737136244773864746e+00 5.243851815338960165e-01 4.119297933875919471e-01 -4.335417497689407762e-01 6.061150962043836410e-01
8.409559726715087891e-02 -4.341208338737487793e-01 -1.737136244773864746e+00 5.243851495653976125e-01 4.119298042921653580e-01 -4.335418134958652359e-01 6.061150621143382988e-01
8.409556746482849121e-02 -4.341208338737487793e-01 -1.737136244773864746e+00 5.243851229249807400e-01 4.119298394277202680e-01 -4.335418426252670154e-01 6.061150360740029663e-01
8.409554511308670044e-02 -4.341208338737487793e-01 -1.737136125564575195e+00 5.243850891804507919e-01 4.119298801439035818e-01 -4.335419078205604571e-01 6.061150040367915270e-01
8.409551531076431274e-02 -4.341208338737487793e-01 -1.737136125564575195e+00 5.243850643160589131e-01 4.119298854678640764e-01 -4.335419354816194004e-01 6.061149759436164075e-01
8.409549295902252197e-02 -4.341208040714263916e-01 -1.737136125564575195e+00 5.243850305715251903e-01 4.119299261840578263e-01 -4.335420006769292178e-01 6.061149439064018596e-01
8.409546315670013428e-02 -4.341208040714263916e-01 -1.737136125564575195e+00 5.243850039311023226e-01 4.119299648716881479e-01 -4.335420582228038944e-01 6.061149178660615311e-01
8.409543335437774658e-02 -4.341208040714263916e-01 -1.737136125564575195e+00 5.243849719625930383e-01 4.119300041927377309e-01 -4.335420935333241799e-01 6.061148837760064190e-01
8.409541100263595581e-02 -4.341208040714263916e-01 -1.737136125564575195e+00 5.243849470981956085e-01 4.119300095167097164e-01 -4.335421496108576300e-01 6.061148556828257483e-01
8.409538120031356812e-02 -4.341208040714263916e-01 -1.737136125564575195e+00 5.243849133536543361e-01 4.119300502329264480e-01 -4.335422130301734844e-01 6.061148236456050942e-01
8.409535884857177734e-02 -4.341208040714263916e-01 -1.737136125564575195e+00 5.243848884892541307e-01 4.119300839733613939e-01 -4.335422424672917274e-01 6.061147955524216480e-01
8.409532904624938965e-02 -4.341207742691040039e-01 -1.737136125564575195e+00 5.243848547447090835e-01 4.119300998251880785e-01 -4.335423058866237911e-01 6.061147777234278111e-01
8.409530669450759888e-02 -4.341207742691040039e-01 -1.737136125564575195e+00 5.243848281042772230e-01 4.119301349607896179e-01 -4.335423350160793610e-01 6.061147374748500072e-01
8.409527689218521118e-02 -4.341207742691040039e-01 -1.737136125564575195e+00 5.243847943597282901e-01 4.119301756770297196e-01 -4.335424002114568465e-01 6.061147196458548381e-01
8.409525454044342041e-02 -4.341207742691040039e-01 -1.737136006355285645e+00 5.243847694953225336e-01 4.119301810010180809e-01 -4.335424562890307087e-01 6.061146915526665069e-01
8.409522473812103271e-02 -4.341207742691040039e-01 -1.737136006355285645e+00 5.243847446309154448e-01 4.119302182935321577e-01 -4.335424839501451078e-01 6.061146492512441419e-01
8.409520238637924194e-02 -4.341207742691040039e-01 -1.737136006355285645e+00 5.243847108863611828e-01 4.119302590097883021e-01 -4.335425491455469627e-01 6.061146314222466414e-01
8.409517258405685425e-02 -4.341207444667816162e-01 -1.737136006355285645e+00 5.243846860219513184e-01 4.119302643337847125e-01 -4.335426052231401983e-01 6.061145891208199465e-01
8.409515023231506348e-02 -4.341207444667816162e-01 -1.737136006355285645e+00 5.243846522773932817e-01 4.119303050500513486e-01 -4.335426402260599277e-01 6.061145712918208917e-01
8.409512042999267578e-02 -4.341207444667816162e-01 -1.737136006355285645e+00 5.243846256369510961e-01 4.119303401856849178e-01 -4.335426995480541335e-01 6.061145452514651311e-01
8.409509807825088501e-02 -4.341207444667816162e-01 -1.737136006355285645e+00 5.243845918923891736e-01 4.119303560375492945e-01 -4.335427345509871855e-01 6.061145132142287117e-01
8.409506827592849731e-02 -4.341207444667816162e-01 -1.737136006355285645e+00 5.243845670279737581e-01 4.119303897780313695e-01 -4.335427924046362236e-01 6.061144851210309437e-01
8.409504592418670654e-02 -4.341207444667816162e-01 -1.737136006355285645e+00 5.243845403875272426e-01 4.119304249136784279e-01 -4.335428499506215894e-01 6.061144448724331557e-01
8.409497886896133423e-02 -4.341207146644592285e-01 -1.737135887145996094e+00 5.243844693463302065e-01 4.119304771680584176e-01 -4.335429566378249944e-01 6.061143849036275677e-01
8.409494161605834961e-02 -4.341207146644592285e-01 -1.737135887145996094e+00 5.243844302736676566e-01 4.119305149657306875e-01 -4.335430280144184079e-01 6.061143306084202376e-01
8.409489691257476807e-02 -4.341207146644592285e-01 -1.737135887145996094e+00 5.243843769927595266e-01 4.119305639247068385e-01 -4.335431129139452056e-01 6.061142927359299826e-01
8.409480750560760498e-02 -4.341206848621368408e-01 -1.737135887145996094e+00 5.243842722069577134e-01 4.119306853119689138e-01 -4.335432847967629622e-01 6.061141865216128632e-01
8.409472554922103882e-02 -4.341206848621368408e-01 -1.737135887145996094e+00 5.243841887335073393e-01 4.119307650928950015e-01 -4.335434337312110142e-01 6.061140982979282832e-01
8.409463614225387573e-02 -4.341206550598144531e-01 -1.737135767936706543e+00 5.243840892757619665e-01 4.119308538782749385e-01 -4.335435994330605336e-01 6.061139717168022578e-01
8.409453928470611572e-02 -4.341206550598144531e-01 -1.737135767936706543e+00 5.243839844899027547e-01 4.119309432971361984e-01 -4.335437713161172657e-01 6.061138655024289612e-01
8.409443497657775879e-02 -4.341206252574920654e-01 -1.737135767936706543e+00 5.243838672717979765e-01 4.119310708987276026e-01 -4.335439836703743333e-01 6.061137594496782688e-01
8.409438282251358032e-02 -4.341206252574920654e-01 -1.737135648727416992e+00 5.243838157668649913e-01 4.119311113585617523e-01 -4.335440688778011697e-01 6.061136911077963374e-01
8.409393578767776489e-02 -4.341204762458801270e-01 -1.737135648727416992e+00 5.243870037350851776e-01 4.119266321209411053e-01 -4.335401899668034353e-01 6.061167551703818823e-01
8.409386873245239258e-02 -4.341204762458801270e-01 -1.737135648727416992e+00 5.243869984070207435e-01 4.119266078900017392e-01 -4.335402263402002854e-01 6.061167613288662714e-01
8.409382402896881104e-02 -4.341204762458801270e-01 -1.737135648727416992e+00 5.243870001830421845e-01 4.119266135989529953e-01 -4.335402444080997397e-01 6.061167450678662805e-01
8.409368246793746948e-02 -4.341204464435577393e-01 -1.737135529518127441e+00 5.243869913029347574e-01 4.119265637419385340e-01 -4.335403121345156596e-01 6.061167269156627624e-01
8.409363031387329102e-02 -4.341204166412353516e-01 -1.737135529518127441e+00 5.243869859748702122e-01 4.119265466150840993e-01 -4.335403414038286329e-01 6.061167330741471515e-01
8.409357070922851562e-02 -4.341204166412353516e-01 -1.737135529518127441e+00 5.243869806468056671e-01 4.119265259361862275e-01 -4.335403990894868831e-01 6.061167250244592353e-01
8.409352600574493408e-02 -4.341203868389129639e-01 -1.737135529518127441e+00 5.243869753187409000e-01 4.119265088093312377e-01 -4.335404265827799697e-01 6.061167169747714301e-01
8.409347385168075562e-02 -4.341203868389129639e-01 -1.737135529518127441e+00 5.243869770947625630e-01 4.119265145182828824e-01 -4.335404464267009206e-01 6.061167149219431893e-01
8.409342914819717407e-02 -4.341203868389129639e-01 -1.737135529518127441e+00 5.243869717666977959e-01 4.119265009434708302e-01 -4.335404703679515137e-01 6.061167068722552731e-01
8.409338444471359253e-02 -4.341203570365905762e-01 -1.737135529518127441e+00 5.243869717666977959e-01 4.119264796312119281e-01 -4.335404899041888083e-01 6.061167068722552731e-01
8.409333229064941406e-02 -4.341203570365905762e-01 -1.737135529518127441e+00 5.243869682146546918e-01 4.119264611092217088e-01 -4.335405177051667724e-01 6.061166967697388941e-01
8.409328013658523560e-02 -4.341203570365905762e-01 -1.737135410308837891e+00 5.243869628865899246e-01 4.119264439823656643e-01 -4.335405416464184758e-01 6.061166887200506448e-01
8.409324288368225098e-02 -4.341203272342681885e-01 -1.737135410308837891e+00 5.243869628865899246e-01 4.119264262221496442e-01 -4.335405611826561034e-01 6.061166887200506448e-01
8.409315347671508789e-02 -4.341203272342681885e-01 -1.737135410308837891e+00 5.243869522304601682e-01 4.119263990725228752e-01 -4.335406090651616196e-01 6.061166868288470067e-01
8.409308642148971558e-02 -4.341202974319458008e-01 -1.737135410308837891e+00 5.243869486784168421e-01 4.119264018627914470e-01 -4.335406421942065713e-01 6.061166767263304056e-01
8.409303426742553711e-02 -4.341202974319458008e-01 -1.737135410308837891e+00 5.243869486784168421e-01 4.119263805505316012e-01 -4.335406652824880247e-01 6.061166625181571010e-01
8.409298211336135864e-02 -4.341202676296234131e-01 -1.737135410308837891e+00 5.243869451263735160e-01 4.119263584764967789e-01 -4.335406930834685979e-01 6.061166524156402780e-01
8.409292250871658325e-02 -4.341202676296234131e-01 -1.737135291099548340e+00 5.243869397983085268e-01 4.119263377975957430e-01 -4.335407223527883991e-01 6.061166585741248891e-01
8.409287035465240479e-02 -4.341202676296234131e-01 -1.737135291099548340e+00 5.243869344702434265e-01 4.119263206707377556e-01 -4.335407498460871478e-01 6.061166505244361957e-01
8.409281075000762939e-02 -4.341202378273010254e-01 -1.737135291099548340e+00 5.243869344702434265e-01 4.119262993584773547e-01 -4.335407747103909304e-01 6.061166363162626691e-01
8.409277349710464478e-02 -4.341202378273010254e-01 -1.737135291099548340e+00 5.243869291421783263e-01 4.119263142000097466e-01 -4.335407950996036930e-01 6.061166424747473913e-01
8.409274369478225708e-02 -4.341202378273010254e-01 -1.737135291099548340e+00 5.243869291421783263e-01 4.119262999918359980e-01 -4.335408093077773861e-01 6.061166424747473913e-01
8.409271389245986938e-02 -4.341202080249786377e-01 -1.737135291099548340e+00 5.243869255901348891e-01 4.119262921259737031e-01 -4.335408264526297017e-01 6.061166323722301241e-01
8.409268409013748169e-02 -4.341202080249786377e-01 -1.737135291099548340e+00 5.243869255901348891e-01 4.119262779177998990e-01 -4.335408406608035614e-01 6.061166323722301241e-01
8.409264683723449707e-02 -4.341202080249786377e-01 -1.737135291099548340e+00 5.243869184860479038e-01 4.119262692901619061e-01 -4.335408625183568287e-01 6.061166263753694494e-01
8.409260958433151245e-02 -4.341202080249786377e-01 -1.737135291099548340e+00 5.243869202620696779e-01 4.119262536868539271e-01 -4.335408770342130680e-01 6.061166243225410977e-01
8.409257978200912476e-02 -4.341201782226562500e-01 -1.737135291099548340e+00 5.243869149340043556e-01 4.119262436640817038e-01 -4.335408938713840588e-01 6.061166162728519602e-01
8.409254997968673706e-02 -4.341201782226562500e-01 -1.737135171890258789e+00 5.243869149340043556e-01 4.119262294559075666e-01 -4.335409080795581960e-01 6.061166162728519602e-01
8.409252017736434937e-02 -4.341201782226562500e-01 -1.737135171890258789e+00 5.243869149340043556e-01 4.119262152477334293e-01 -4.335409222877322777e-01 6.061166162728519602e-01
8.409248292446136475e-02 -4.341201782226562500e-01 -1.737135171890258789e+00 5.243869113819608074e-01 4.119262073818704684e-01 -4.335409394325859256e-01 6.061166061703344710e-01
8.409245312213897705e-02 -4.341201484203338623e-01 -1.737135171890258789e+00 5.243869113819608074e-01 4.119261931736962201e-01 -4.335409518647383442e-01 6.061166061703344710e-01
8.409241586923599243e-02 -4.341201484203338623e-01 -1.737135171890258789e+00 5.243869060538954852e-01 4.119262080152283900e-01 -4.335409758059975416e-01 6.061165981206450004e-01
8.409226685762405396e-02 -4.341201186180114746e-01 -1.737135171890258789e+00 5.243868953977646186e-01 4.119261524492457416e-01 -4.335410503288450457e-01 6.061165962294405851e-01
8.409213274717330933e-02 -4.341200888156890869e-01 -1.737135052680969238e+00 5.243868865176554150e-01 4.119261061442586747e-01 -4.335411162792677797e-01 6.061165496608832415e-01
8.409205824136734009e-02 -4.341200888156890869e-01 -1.737135052680969238e+00 5.243868811895897597e-01 4.119261032255720489e-01 -4.335411562047269407e-01 6.061165416111932158e-01
8.409198373556137085e-02 -4.341200590133666992e-01 -1.737135052680969238e+00 5.243868776375459895e-01 4.119260775994890711e-01 -4.335411911098023818e-01 6.061165315086747274e-01
8.409190922975540161e-02 -4.341200292110443115e-01 -1.737135052680969238e+00 5.243868723094803341e-01 4.119260498164953876e-01 -4.335412558995697108e-01 6.061165234589844797e-01
8.409183472394943237e-02 -4.341200292110443115e-01 -1.737135052680969238e+00 5.243868687574364529e-01 4.119260241904116882e-01 -4.335412908046464842e-01 6.061165133564658802e-01
8.409177511930465698e-02 -4.341199994087219238e-01 -1.737134933471679688e+00 5.243868634293706865e-01 4.119259999594609978e-01 -4.335413236260211578e-01 6.061165053067752995e-01
8.409169316291809082e-02 -4.341199994087219238e-01 -1.737134933471679688e+00 5.243868581013048091e-01 4.119260005928172541e-01 -4.335413635514843711e-01 6.061164972570848297e-01
8.409164100885391235e-02 -4.341199696063995361e-01 -1.737134933471679688e+00 5.243868527732389317e-01 4.119259834659538266e-01 -4.335413892687726145e-01 6.061165034155698850e-01
8.409152179956436157e-02 -4.341199696063995361e-01 -1.737134933471679688e+00 5.243868509972169356e-01 4.119259315804277288e-01 -4.335414475698176617e-01 6.061164770520466316e-01
8.409138768911361694e-02 -4.341199398040771484e-01 -1.737134814262390137e+00 5.243868403410849588e-01 4.119258831185226288e-01 -4.335415132125733928e-01 6.061164751608408841e-01
8.409120142459869385e-02 -4.341198801994323730e-01 -1.737134814262390137e+00 5.243868243568865495e-01 4.119258459461030419e-01 -4.335416099006902946e-01 6.061164510117676985e-01
8.409109711647033691e-02 -4.341198503971099854e-01 -1.737134814262390137e+00 5.243868225808644423e-01 4.119258047167062564e-01 -4.335416557695848105e-01 6.061164388564195260e-01
8.409085124731063843e-02 -4.341198205947875977e-01 -1.737134695053100586e+00 5.243868012685990454e-01 4.119257468653721443e-01 -4.335417835030714317e-01 6.061164208658306185e-01
8.409073203802108765e-02 -4.341197907924652100e-01 -1.737134695053100586e+00 5.243867994925769382e-01 4.119256949798402734e-01 -4.335418382520793146e-01 6.061164087104818909e-01
8.409067988395690918e-02 -4.341197609901428223e-01 -1.737134695053100586e+00 5.243867923884882876e-01 4.119256792481049145e-01 -4.335418672137414942e-01 6.061164027136185517e-01
8.409064263105392456e-02 -4.341197609901428223e-01 -1.737134575843811035e+00 5.243867870604216330e-01 4.119256656732810384e-01 -4.335418893789942940e-01 6.061163946639268607e-01
8.409059792757034302e-02 -4.341197609901428223e-01 -1.737134575843811035e+00 5.243867888364438512e-01 4.119256749342815049e-01 -4.335419074468947476e-01 6.061163926110982869e-01
8.409055322408676147e-02 -4.341197311878204346e-01 -1.737134575843811035e+00 5.243867835083773077e-01 4.119256613594574623e-01 -4.335419313881702652e-01 6.061163845614061518e-01
8.409049361944198608e-02 -4.341197311878204346e-01 -1.737134575843811035e+00 5.243867781803106531e-01 4.119256406805442694e-01 -4.335419642095574844e-01 6.061163765117141278e-01
8.409044891595840454e-02 -4.341197311878204346e-01 -1.737134575843811035e+00 5.243867799563328713e-01 4.119256215251894115e-01 -4.335419805014357197e-01 6.061163744588855540e-01
8.408264070749282837e-02 -4.341177940368652344e-01 -1.737143635749816895e+00 5.243886714165889584e-01 4.119056473924244677e-01 -4.335477019403972121e-01 6.061242475619001979e-01
8.408258110284805298e-02 -4.341177642345428467e-01 -1.737143635749816895e+00 5.243886021519675866e-01 4.119057266637979886e-01 -4.335476988216221406e-01 6.061242423739211516e-01
8.408252149820327759e-02 -4.341177642345428467e-01 -1.737143635749816895e+00 5.243885257832717750e-01 4.119057830991632585e-01 -4.335477299925291628e-01 6.061242169810564517e-01
8.408246189355850220e-02 -4.341177642345428467e-01 -1.737143635749816895e+00 5.243884494145648612e-01 4.119058679508187382e-01 -4.335477629394710597e-01 6.061242057963297514e-01
8.408240228891372681e-02 -4.341177642345428467e-01 -1.737143635749816895e+00 5.243883712698300670e-01 4.119059541975651495e-01 -4.335477955787696014e-01 6.061242108725898303e-01
8.408232778310775757e-02 -4.341177642345428467e-01 -1.737143516540527344e+00 5.243882789169466152e-01 4.119060480527778623e-01 -4.335478257567936811e-01 6.061242039553371708e-01
8.408223092555999756e-02 -4.341177642345428467e-01 -1.737143516540527344e+00 5.243881599237842916e-01 4.119061663859593381e-01 -4.335478548719559622e-01 6.061241994144830336e-01
8.408217132091522217e-02 -4.341177642345428467e-01 -1.737143516540527344e+00 5.243880835550240871e-01 4.119062512377717478e-01 -4.335478878189830687e-01 6.061241740216650742e-01
8.408205211162567139e-02 -4.341177642345428467e-01 -1.737143516540527344e+00 5.243879308174703713e-01 4.119063889731670036e-01 -4.335479483850386284e-01 6.061241658604853422e-01
8.408199995756149292e-02 -4.341177642345428467e-01 -1.737143397331237793e+00 5.243878651047882977e-01 4.119064654547034410e-01 -4.335479814020642975e-01 6.061241707750567587e-01
8.408194780349731445e-02 -4.341177642345428467e-01 -1.737143397331237793e+00 5.243878011681166740e-01 4.119065440932406785e-01 -4.335479827584273749e-01 6.061241736367920518e-01
8.408190310001373291e-02 -4.341177642345428467e-01 -1.737143397331237793e+00 5.243877443355130508e-01 4.119065851832097724e-01 -4.335480102097026833e-01 6.061241682871474357e-01
8.408182114362716675e-02 -4.341177344322204590e-01 -1.737143397331237793e+00 5.243876519825192428e-01 4.119066790387325150e-01 -4.335480403878918532e-01 6.061241613700066866e-01
8.408177644014358521e-02 -4.341177344322204590e-01 -1.737143397331237793e+00 5.243875880458216399e-01 4.119067541253091380e-01 -4.335480701605959331e-01 6.061241358154602077e-01
8.408172428607940674e-02 -4.341177344322204590e-01 -1.737143397331237793e+00 5.243875258851359300e-01 4.119068029525695951e-01 -4.335480753766970952e-01 6.061241366243828033e-01
8.408167213201522827e-02 -4.341177344322204590e-01 -1.737143278121948242e+00 5.243874619484228949e-01 4.119068780391915152e-01 -4.335481033734054357e-01 6.061241252780044109e-01
8.408163487911224365e-02 -4.341177344322204590e-01 -1.737143278121948242e+00 5.243874086678228519e-01 4.119069447554419283e-01 -4.335481349920995986e-01 6.061241300308544133e-01
8.408159017562866211e-02 -4.341177344322204590e-01 -1.737143278121948242e+00 5.243873571632375885e-01 4.119069816603194711e-01 -4.335481367261186381e-01 6.061241327308614091e-01
8.408155292272567749e-02 -4.341177344322204590e-01 -1.737143278121948242e+00 5.243873056586473291e-01 4.119070469815352964e-01 -4.335481686524896849e-01 6.061241354308747331e-01
8.408147841691970825e-02 -4.341177344322204590e-01 -1.737143278121948242e+00 5.243872150815969135e-01 4.119071429942525175e-01 -4.335482009144748239e-01 6.061241264609603663e-01
