repeatability steamvr; 20211015-225650; x y z w i j k;  frequency = 150 duration = 2 sys.args = ['.\\repeatability.py']
8.398921042680740356e-02 -4.337400794029235840e-01 -1.735406875610351562e+00 5.243492601446042567e-01 4.117397565214823696e-01 -4.335704609285397360e-01 6.062547335814402194e-01
8.398921042680740356e-02 -4.337401986122131348e-01 -1.735406756401062012e+00 5.243489457660828190e-01 4.117400211455704562e-01 -4.335706267439660699e-01 6.062547134188949194e-01
8.398921042680740356e-02 -4.337402284145355225e-01 -1.735406756401062012e+00 5.243488516301046953e-01 4.117400666465539372e-01 -4.335706797164841086e-01 6.062547227949357520e-01
8.398920297622680664e-02 -4.337402582168579102e-01 -1.735406756401062012e+00 5.243487947932795601e-01 4.117401219340532381e-01 -4.335707213849563368e-01 6.062546890455103865e-01
8.398920297622680664e-02 -4.337402582168579102e-01 -1.735406637191772461e+00 5.243487415087504377e-01 4.117401779844578336e-01 -4.335707352500186018e-01 6.062546938165207511e-01
8.398920297622680664e-02 -4.337402880191802979e-01 -1.735406637191772461e+00 5.243486864480645382e-01 4.117402034588629745e-01 -4.335707790021631203e-01 6.062547006411337369e-01
8.398920297622680664e-02 -4.337403178215026855e-01 -1.735406637191772461e+00 5.243486331635243136e-01 4.117402559569933174e-01 -4.335707928672432598e-01 6.062546912029476154e-01
8.398920297622680664e-02 -4.337403178215026855e-01 -1.735406637191772461e+00 5.243485798789787600e-01 4.117402835890159318e-01 -4.335708333746048360e-01 6.062546959739786301e-01
8.398920297622680664e-02 -4.337403476238250732e-01 -1.735406637191772461e+00 5.243485248182759850e-01 4.117403374818819906e-01 -4.335708487083583251e-01 6.062547027986134873e-01
8.398920297622680664e-02 -4.337403774261474609e-01 -1.735406517982482910e+00 5.243484715337193292e-01 4.117403651139273646e-01 -4.335708909918951082e-01 6.062547075696594900e-01
8.398920297622680664e-02 -4.337403774261474609e-01 -1.735406517982482910e+00 5.243484182491572332e-01 4.117404176121127746e-01 -4.335709332754449918e-01 6.062547123407127092e-01
8.398920297622680664e-02 -4.337404072284698486e-01 -1.735406517982482910e+00 5.243483631884374718e-01 4.117404430865853615e-01 -4.335709468330753991e-01 6.062546765377148095e-01
8.398919552564620972e-02 -4.337404668331146240e-01 -1.735406398773193359e+00 5.243481713639491781e-01 4.117405937153166828e-01 -4.335710521635615100e-01 6.062546851880437071e-01
8.398919552564620972e-02 -4.337405562400817871e-01 -1.735406279563903809e+00 5.243479511209316879e-01 4.117407560026969393e-01 -4.335711650073635348e-01 6.062546698591574357e-01
8.398918807506561279e-02 -4.337405860424041748e-01 -1.735406279563903809e+00 5.243478392232340246e-01 4.117408651834911226e-01 -4.335712202337589360e-01 6.062546713529680664e-01
8.398918807506561279e-02 -4.337406158447265625e-01 -1.735406279563903809e+00 5.243477752816818604e-01 4.117408976316582758e-01 -4.335712677771075274e-01 6.062546742364773866e-01
8.398918807506561279e-02 -4.337406456470489502e-01 -1.735406160354614258e+00 5.243477202208945975e-01 4.117409515247378859e-01 -4.335712831110000165e-01 6.062546810612181591e-01
8.398918807506561279e-02 -4.337406456470489502e-01 -1.735406160354614258e+00 5.243476669362562292e-01 4.117409756046427893e-01 -4.335713236185586572e-01 6.062546716231260735e-01
8.398918807506561279e-02 -4.337406754493713379e-01 -1.735406160354614258e+00 5.243476118754575310e-01 4.117410294977507101e-01 -4.335713371763147417e-01 6.062546784478812789e-01
8.398918807506561279e-02 -4.337407052516937256e-01 -1.735406160354614258e+00 5.243475656954283970e-01 4.117410515511231162e-01 -4.335713735853984896e-01 6.062546465861430312e-01
8.398918807506561279e-02 -4.337407052516937256e-01 -1.735406160354614258e+00 5.243475106346190406e-01 4.117411054442577378e-01 -4.335714173378101832e-01 6.062546534109091168e-01
8.398918807506561279e-02 -4.337407350540161133e-01 -1.735406041145324707e+00 5.243474573499593561e-01 4.117411330765154975e-01 -4.335714312030851114e-01 6.062546581820784652e-01
8.398918062448501587e-02 -4.337407648563385010e-01 -1.735406041145324707e+00 5.243473756468040037e-01 4.117412007858176626e-01 -4.335714810000889097e-01 6.062546531832060381e-01
8.398918062448501587e-02 -4.337407946586608887e-01 -1.735406041145324707e+00 5.243472974959478838e-01 4.117412657057145653e-01 -4.335715314121000863e-01 6.062546582863821421e-01
8.398918062448501587e-02 -4.337408244609832764e-01 -1.735405921936035156e+00 5.243472264497048840e-01 4.117413285990773053e-01 -4.335715475309735445e-01 6.062546551751464285e-01
8.398918062448501587e-02 -4.337408244609832764e-01 -1.735405921936035156e+00 5.243471731650163337e-01 4.117413526790826284e-01 -4.335715898147950997e-01 6.062546315278498632e-01
8.398918062448501587e-02 -4.337408542633056641e-01 -1.735405921936035156e+00 5.243471181041657880e-01 4.117414101246346658e-01 -4.335716033726347840e-01 6.062546383526671301e-01
8.398918062448501587e-02 -4.337408840656280518e-01 -1.735405921936035156e+00 5.243470648194661354e-01 4.117414342046619713e-01 -4.335716456564799315e-01 6.062546431238846623e-01
8.398918062448501587e-02 -4.337408840656280518e-01 -1.735405921936035156e+00 5.243470115347611538e-01 4.117414867032090919e-01 -4.335716595218273017e-01 6.062546478951094109e-01
8.398918062448501587e-02 -4.337409138679504395e-01 -1.735405802726745605e+00 5.243469422646366285e-01 4.117415233357452631e-01 -4.335717079190771206e-01 6.062546427303064922e-01
8.398917317390441895e-02 -4.337409436702728271e-01 -1.735405802726745605e+00 5.243468339190388017e-01 4.117416297276385029e-01 -4.335717619846928272e-01 6.062546543264037968e-01
8.398917317390441895e-02 -4.337409734725952148e-01 -1.735405802726745605e+00 5.243467770819949525e-01 4.117416565971682707e-01 -4.335718054297812429e-01 6.062546205770940055e-01
8.398917317390441895e-02 -4.337410032749176025e-01 -1.735405683517456055e+00 5.243467078118393410e-01 4.117417180959789258e-01 -4.335718200800966482e-01 6.062546154123211739e-01
8.398917317390441895e-02 -4.337410330772399902e-01 -1.735405683517456055e+00 5.243466527509399455e-01 4.117417435708122242e-01 -4.335718638327012431e-01 6.062546222371992810e-01
8.398917317390441895e-02 -4.337410330772399902e-01 -1.735405683517456055e+00 5.243465994661931084e-01 4.117417996217815901e-01 -4.335719061166494193e-01 6.062546270084739897e-01
8.398917317390441895e-02 -4.337410628795623779e-01 -1.735405683517456055e+00 5.243465461814408313e-01 4.117418237019135896e-01 -4.335719199820746717e-01 6.062546317797559148e-01
8.398917317390441895e-02 -4.337410926818847656e-01 -1.735405683517456055e+00 5.243464911205244494e-01 4.117418811476354912e-01 -4.335719637347173472e-01 6.062546386046575586e-01
8.398916572332382202e-02 -4.337410926818847656e-01 -1.735405564308166504e+00 5.243464378357611810e-01 4.117419052277894176e-01 -4.335719776001604187e-01 6.062546433759543607e-01
8.398916572332382202e-02 -4.337411224842071533e-01 -1.735405564308166504e+00 5.243463916556286852e-01 4.117419556999138419e-01 -4.335720140094674879e-01 6.062546257235335023e-01
8.398916572332382202e-02 -4.337411522865295410e-01 -1.735405564308166504e+00 5.243463365946960941e-01 4.117420095933608803e-01 -4.335720293435989525e-01 6.062546041299078370e-01
8.398916572332382202e-02 -4.337411522865295410e-01 -1.735405564308166504e+00 5.243462833099170606e-01 4.117420336735472808e-01 -4.335720716276160736e-01 6.062546089012208483e-01
8.398916572332382202e-02 -4.337411820888519287e-01 -1.735405564308166504e+00 5.243462300251326980e-01 4.117420897246150679e-01 -4.335720854930930068e-01 6.062546136725409651e-01
8.398916572332382202e-02 -4.337411820888519287e-01 -1.735405445098876953e+00 5.243461767403428953e-01 4.117421138048230067e-01 -4.335721277771333315e-01 6.062546184438682983e-01
8.398916572332382202e-02 -4.337412118911743164e-01 -1.735405445098876953e+00 5.243461216793876556e-01 4.117421712506463827e-01 -4.335721431113017665e-01 6.062546252688182369e-01
8.398916572332382202e-02 -4.337412416934967041e-01 -1.735405445098876953e+00 5.243460683945868617e-01 4.117421953308761928e-01 -4.335721853953657390e-01 6.062546158308795841e-01
8.398916572332382202e-02 -4.337412416934967041e-01 -1.735405445098876953e+00 5.243460222144217253e-01 4.117422458030873811e-01 -4.335721933861794164e-01 6.062546123877636806e-01
8.398915827274322510e-02 -4.337412714958190918e-01 -1.735405325889587402e+00 5.243459689296108284e-01 4.117422698833372863e-01 -4.335722356702648717e-01 6.062545887405499379e-01
8.398915827274322510e-02 -4.337413012981414795e-01 -1.735405325889587402e+00 5.243459138686338283e-01 4.117423273292168950e-01 -4.335722510044687228e-01 6.062545955655245233e-01
8.398915827274322510e-02 -4.337413012981414795e-01 -1.735405325889587402e+00 5.243458445983641969e-01 4.117423568574112291e-01 -4.335722958496962542e-01 6.062545904008717068e-01
8.398915827274322510e-02 -4.337413311004638672e-01 -1.735405325889587402e+00 5.243457682234410333e-01 4.117424239354411930e-01 -4.335723465696493251e-01 6.062546076599882872e-01
8.398915827274322510e-02 -4.337413609027862549e-01 -1.735405325889587402e+00 5.243457131624429390e-01 4.117424813813755358e-01 -4.335723619038880927e-01 6.062546002757014385e-01
8.398915827274322510e-02 -4.337413907051086426e-01 -1.735405206680297852e+00 5.243456598776006228e-01 4.117425054616882241e-01 -4.335724024118801090e-01 6.062546050470928316e-01
8.398915827274322510e-02 -4.337413907051086426e-01 -1.735405206680297852e+00 5.243456048165912042e-01 4.117425593553285523e-01 -4.335724177461373063e-01 6.062546118721107158e-01
8.398915827274322510e-02 -4.337414205074310303e-01 -1.735405206680297852e+00 5.243455479794140173e-01 4.117425862251267166e-01 -4.335724594153470002e-01 6.062545781228714237e-01
8.398915082216262817e-02 -4.337414801120758057e-01 -1.735405087471008301e+00 5.243453721393583900e-01 4.117427278559837034e-01 -4.335725621866623469e-01 6.062545967104121525e-01
8.398915082216262817e-02 -4.337415099143981934e-01 -1.735405087471008301e+00 5.243452975405290539e-01 4.117427899871228814e-01 -4.335725776909849505e-01 6.062545834973996906e-01
8.398915082216262817e-02 -4.337415397167205811e-01 -1.735405087471008301e+00 5.243452176132001874e-01 4.117428563024917443e-01 -4.335726277961331476e-01 6.062545906545658836e-01
8.398915082216262817e-02 -4.337415695190429688e-01 -1.735404968261718750e+00 5.243451394620224359e-01 4.117428963568694478e-01 -4.335726746564621537e-01 6.062545673395133283e-01
8.398812264204025269e-02 -4.337425827980041504e-01 -1.735404491424560547e+00 5.243530397767056650e-01 4.117365968036710289e-01 -4.335718257468625381e-01 6.062526370417545829e-01
8.398807048797607422e-02 -4.337427318096160889e-01 -1.735404372215270996e+00 5.243529989255645285e-01 4.117366040152132256e-01 -4.335719554368290263e-01 6.062525563916706384e-01
8.398804813623428345e-02 -4.337427914142608643e-01 -1.735404253005981445e+00 5.243529864926078643e-01 4.117366208824645990e-01 -4.335719905831862397e-01 6.062525281392712184e-01
8.398803323507308960e-02 -4.337428510189056396e-01 -1.735404253005981445e+00 5.243529669551040273e-01 4.117366184624917658e-01 -4.335720617984107350e-01 6.062525081010882166e-01
8.398801088333129883e-02 -4.337429106235504150e-01 -1.735404133796691895e+00 5.243529527460097928e-01 4.117366367244175707e-01 -4.335720966372719754e-01 6.062524819022412359e-01
8.398800343275070190e-02 -4.337429404258728027e-01 -1.735404133796691895e+00 5.243529438653257158e-01 4.117366330409588104e-01 -4.335721199656810687e-01 6.062524637518246218e-01
8.398798853158950806e-02 -4.337429702281951904e-01 -1.735404133796691895e+00 5.243529403130520183e-01 4.117366571439458056e-01 -4.335721619779628333e-01 6.062524394407441397e-01
8.398798108100891113e-02 -4.337430000305175781e-01 -1.735404014587402344e+00 5.243529314323677193e-01 4.117366534604874340e-01 -4.335721817541000056e-01 6.062524354994215381e-01
8.398797363042831421e-02 -4.337430298328399658e-01 -1.735404014587402344e+00 5.243529189994095008e-01 4.117366561186481255e-01 -4.335722026913731431e-01 6.062524214561126890e-01
8.398795127868652344e-02 -4.337430894374847412e-01 -1.735403895378112793e+00 5.243529030141770297e-01 4.117366722229764964e-01 -4.335722762977549660e-01 6.062523831017212483e-01
8.398793637752532959e-02 -4.337431490421295166e-01 -1.735403895378112793e+00 5.243528888050811299e-01 4.117366656189890284e-01 -4.335723093604906264e-01 6.062523569028696047e-01
8.398792147636413574e-02 -4.337431788444519043e-01 -1.735403895378112793e+00 5.243528852528070994e-01 4.117366577515125803e-01 -4.335723247307229355e-01 6.062523468008824690e-01
8.398791402578353882e-02 -4.337432086467742920e-01 -1.735403776168823242e+00 5.243528763721219121e-01 4.117366824862474517e-01 -4.335723480591398560e-01 6.062523286504624132e-01
8.398789912462234497e-02 -4.337432384490966797e-01 -1.735403776168823242e+00 5.243528657152994876e-01 4.117366801974629009e-01 -4.335723977221138115e-01 6.062523125535964619e-01
8.398789167404174805e-02 -4.337432682514190674e-01 -1.735403776168823242e+00 5.243528550584767300e-01 4.117366779086785167e-01 -4.335724189668960782e-01 6.062523106658272987e-01
8.398787677288055420e-02 -4.337432980537414551e-01 -1.735403776168823242e+00 5.243528479539282250e-01 4.117367012487423983e-01 -4.335724408266790064e-01 6.062522904618514730e-01
8.398786932229995728e-02 -4.337433278560638428e-01 -1.735403656959533691e+00 5.243528444016538614e-01 4.117366933812657837e-01 -4.335724544207765763e-01 6.062522661507662169e-01
8.398786187171936035e-02 -4.337433576583862305e-01 -1.735403656959533691e+00 5.243528337448307708e-01 4.117366946447562626e-01 -4.335724756655611190e-01 6.062522642629963876e-01
8.398785442113876343e-02 -4.337433874607086182e-01 -1.735403656959533691e+00 5.243528230880074581e-01 4.117366923559724889e-01 -4.335725235524052201e-01 6.062522481661288820e-01
8.398784697055816650e-02 -4.337434172630310059e-01 -1.735403656959533691e+00 5.243528195357329835e-01 4.117367164589660344e-01 -4.335725389226413040e-01 6.062522380641403030e-01
8.398783951997756958e-02 -4.337434470653533936e-01 -1.735403537750244141e+00 5.243528106550466861e-01 4.117367127755094391e-01 -4.335725569226538401e-01 6.062522199137173606e-01
8.398782461881637573e-02 -4.337434768676757812e-01 -1.735403537750244141e+00 5.243528071027721005e-01 4.117367084603071326e-01 -4.335725722928905901e-01 6.062522098117284486e-01
8.398781716823577881e-02 -4.337434768676757812e-01 -1.735403537750244141e+00 5.243527982220855810e-01 4.117367047768504817e-01 -4.335725902929042919e-01 6.062521916613049511e-01
8.398780971765518188e-02 -4.337435066699981689e-01 -1.735403537750244141e+00 5.243527928936735361e-01 4.117367302745190139e-01 -4.335726355499772700e-01 6.062521836128703656e-01
8.398780226707458496e-02 -4.337435364723205566e-01 -1.735403537750244141e+00 5.243527822368494462e-01 4.117367279857363505e-01 -4.335726550186310146e-01 6.062521675160008616e-01
8.398779481649398804e-02 -4.337435662746429443e-01 -1.735403418540954590e+00 5.243527804607120979e-01 4.117367222758604450e-01 -4.335726689202309969e-01 6.062521553604565128e-01
8.398777991533279419e-02 -4.337435960769653320e-01 -1.735403418540954590e+00 5.243527698038876750e-01 4.117367199870778371e-01 -4.335726883888861849e-01 6.062521392635864537e-01
8.398777246475219727e-02 -4.337436258792877197e-01 -1.735403418540954590e+00 5.243527609232004894e-01 4.117367482740957318e-01 -4.335727081650411208e-01 6.062521353222607434e-01
8.398776501417160034e-02 -4.337436556816101074e-01 -1.735403418540954590e+00 5.243527555947881114e-01 4.117367418012923830e-01 -4.335727534221188173e-01 6.062521130647258172e-01
8.398775756359100342e-02 -4.337436854839324951e-01 -1.735403299331665039e+00 5.243527449379632444e-01 4.117367395125104412e-01 -4.335727728907769474e-01 6.062521111769545445e-01
8.398775011301040649e-02 -4.337437152862548828e-01 -1.735403299331665039e+00 5.243527431618256740e-01 4.117367338026343138e-01 -4.335727867923785395e-01 6.062520848123094108e-01
8.398773521184921265e-02 -4.337437152862548828e-01 -1.735403299331665039e+00 5.243527325050005850e-01 4.117367599320529981e-01 -4.335728062610380018e-01 6.062520829245378051e-01
8.398772776126861572e-02 -4.337437748908996582e-01 -1.735403180122375488e+00 5.243527236243127332e-01 4.117367562485977350e-01 -4.335728580076732563e-01 6.062520505650105251e-01
8.398771286010742188e-02 -4.337438046932220459e-01 -1.735403180122375488e+00 5.243527147436247704e-01 4.117367490128672203e-01 -4.335728848883838582e-01 6.062520324145830308e-01
8.398769795894622803e-02 -4.337438344955444336e-01 -1.735403180122375488e+00 5.243527005345237635e-01 4.117367743793612922e-01 -4.335729126227391150e-01 6.062520488430220844e-01
8.398769050836563110e-02 -4.337438642978668213e-01 -1.735403060913085938e+00 5.243526916538354676e-01 4.117367706959063622e-01 -4.335729341750390597e-01 6.062520306925941460e-01
8.398767560720443726e-02 -4.337439239025115967e-01 -1.735403060913085938e+00 5.243526827731469497e-01 4.117367918783794711e-01 -4.335729876978187680e-01 6.062520125421659856e-01
8.398766815662384033e-02 -4.337439537048339844e-01 -1.735403060913085938e+00 5.243526721163205284e-01 4.117367931418749460e-01 -4.335730089426234057e-01 6.062519964452922627e-01
8.398765325546264648e-02 -4.337439537048339844e-01 -1.735403060913085938e+00 5.243526685640450546e-01 4.117367852743972212e-01 -4.335730225367303015e-01 6.062519863433002421e-01
8.398764580488204956e-02 -4.337439835071563721e-01 -1.735402941703796387e+00 5.243526596833562037e-01 4.117367851432183201e-01 -4.335730423128960620e-01 6.062519681928707493e-01
8.398763835430145264e-02 -4.337440133094787598e-01 -1.735402941703796387e+00 5.243526561310806189e-01 4.117368056939452736e-01 -4.335730843252084132e-01 6.062519580908783956e-01
8.398763090372085571e-02 -4.337440431118011475e-01 -1.735402941703796387e+00 5.243526454742536425e-01 4.117368069574415257e-01 -4.335731055700166037e-01 6.062519419940034515e-01
8.398762345314025879e-02 -4.337440729141235352e-01 -1.735402941703796387e+00 5.243526419219779466e-01 4.117367990899636898e-01 -4.335731191641249982e-01 6.062519318920107647e-01
8.398761600255966187e-02 -4.337441027164459229e-01 -1.735402822494506836e+00 5.243526312651507482e-01 4.117367968011842461e-01 -4.335731404089346319e-01 6.062519157951350435e-01
8.398760110139846802e-02 -4.337441325187683105e-01 -1.735402822494506836e+00 5.243526294890128447e-01 4.117368195095136296e-01 -4.335731525344028170e-01 6.062519036395870309e-01
8.398759365081787109e-02 -4.337441623210906982e-01 -1.735402822494506836e+00 5.243526188321854242e-01 4.117368172207346855e-01 -4.335732021974206818e-01 6.062518875427106435e-01
8.398758620023727417e-02 -4.337441921234130859e-01 -1.735402822494506836e+00 5.243526063992197672e-01 4.117368198789067013e-01 -4.335732231347366183e-01 6.062518877084928093e-01
8.398757874965667725e-02 -4.337441921234130859e-01 -1.735402822494506836e+00 5.243526046230817528e-01 4.117368106167537123e-01 -4.335732370363437616e-01 6.062518613438403481e-01
8.398756384849548340e-02 -4.337442517280578613e-01 -1.735402703285217285e+00 5.243525904139777483e-01 4.117368359832571101e-01 -4.335732700991309363e-01 6.062518493540732800e-01
8.398754894733428955e-02 -4.337442815303802490e-01 -1.735402703285217285e+00 5.243525815332875650e-01 4.117368322998039565e-01 -4.335733182935138652e-01 6.062518312036403456e-01
8.398754149675369263e-02 -4.337443113327026367e-01 -1.735402703285217285e+00 5.243525779810114251e-01 4.117368244323256765e-01 -4.335733336637638269e-01 6.062518068925416559e-01
8.398752659559249878e-02 -4.337443411350250244e-01 -1.735402584075927734e+00 5.243525691003210198e-01 4.117368491670819752e-01 -4.335733552160776494e-01 6.062517887421078333e-01
8.398751914501190186e-02 -4.337443709373474121e-01 -1.735402584075927734e+00 5.243525584434923781e-01 4.117368468783043634e-01 -4.335733764608962204e-01 6.062517868543337851e-01
8.398751169443130493e-02 -4.337444007396697998e-01 -1.735402584075927734e+00 5.243525566673541416e-01 4.117368411684270701e-01 -4.335733885863671810e-01 6.062517604896788814e-01
8.398750424385070801e-02 -4.337444305419921875e-01 -1.735402584075927734e+00 5.243525442343870413e-01 4.117368402743247224e-01 -4.335734397180403543e-01 6.062517606554597149e-01
8.398748934268951416e-02 -4.337444603443145752e-01 -1.735402464866638184e+00 5.243525371298343174e-01 4.117368636144079219e-01 -4.335734615778535916e-01 6.062517404514693453e-01
8.398746699094772339e-02 -4.337445199489593506e-01 -1.735402464866638184e+00 5.243525193684519525e-01 4.117368526952266961e-01 -4.335735082347675351e-01 6.062517041505978144e-01
8.398745954036712646e-02 -4.337445497512817383e-01 -1.735402345657348633e+00 5.243525087116222005e-01 4.117368788246626443e-01 -4.335735578978049953e-01 6.062516880537167641e-01
8.398744463920593262e-02 -4.337446093559265137e-01 -1.735402345657348633e+00 5.243524998309306850e-01 4.117368715889340169e-01 -4.335735812262647149e-01 6.062516699032798329e-01
8.398743718862533569e-02 -4.337446093559265137e-01 -1.735402345657348633e+00 5.243524891741004890e-01 4.117368728524344879e-01 -4.335736024710920011e-01 6.062516680155048965e-01
8.398742228746414185e-02 -4.337446391582489014e-01 -1.735402226448059082e+00 5.243524785172701819e-01 4.117368989818728231e-01 -4.335736237159201756e-01 6.062516519186227359e-01
8.398741483688354492e-02 -4.337446689605712891e-01 -1.735402226448059082e+00 5.243524767411318344e-01 4.117368932719949193e-01 -4.335736642596085266e-01 6.062516397630707266e-01
8.398740738630294800e-02 -4.337446987628936768e-01 -1.735402226448059082e+00 5.243524660843011942e-01 4.117368909832193613e-01 -4.335736855044387550e-01 6.062516236661880109e-01
8.398739993572235107e-02 -4.337447285652160645e-01 -1.735402226448059082e+00 5.243524643081627357e-01 4.117368852733414575e-01 -4.335736976299131018e-01 6.062516115106357795e-01
8.398739248514175415e-02 -4.337447583675384521e-01 -1.735402226448059082e+00 5.243524518751934149e-01 4.117369127974576104e-01 -4.335737203433884801e-01 6.062515974673077235e-01
8.398738503456115723e-02 -4.337447881698608398e-01 -1.735402107238769531e+00 5.243524483229164979e-01 4.117369084822555814e-01 -4.335737339375070332e-01 6.062515873653103737e-01
8.398737013339996338e-02 -4.337448179721832275e-01 -1.735402107238769531e+00 5.243524394422238721e-01 4.117369047988045372e-01 -4.335737821319128882e-01 6.062515692148708890e-01
8.398736268281936646e-02 -4.337448477745056152e-01 -1.735402107238769531e+00 5.243524358899467330e-01 4.117368969313254246e-01 -4.335737957260324404e-01 6.062515591128734282e-01
8.398735523223876953e-02 -4.337448477745056152e-01 -1.735402107238769531e+00 5.243524270092539963e-01 4.117369252183686323e-01 -4.335738155022232920e-01 6.062515409624331664e-01
8.398734778165817261e-02 -4.337448775768280029e-01 -1.735401988029479980e+00 5.243524145762837874e-01 4.117369243242705035e-01 -4.335738382157038329e-01 6.062515269191034450e-01
8.398734033107757568e-02 -4.337449073791503906e-01 -1.735401988029479980e+00 5.243524128001451068e-01 4.117369186143922666e-01 -4.335738503411800115e-01 6.062515147635499924e-01
8.398732542991638184e-02 -4.337449371814727783e-01 -1.735401988029479980e+00 5.243524021433132454e-01 4.117369163256178743e-01 -4.335739000042362901e-01 6.062514986666641681e-01
8.398731797933578491e-02 -4.337449669837951660e-01 -1.735401988029479980e+00 5.243523985910358842e-01 4.117369404286346235e-01 -4.335739135983577297e-01 6.062514885646657081e-01
8.398731052875518799e-02 -4.337449967861175537e-01 -1.735401868820190430e+00 5.243523897103424813e-01 4.117369367451844120e-01 -4.335739333745525781e-01 6.062514704142237809e-01
8.398730307817459106e-02 -4.337450265884399414e-01 -1.735401868820190430e+00 5.243523843819263286e-01 4.117369338246588129e-01 -4.335739484373195562e-01 6.062514623657804247e-01
8.398729562759399414e-02 -4.337450563907623291e-01 -1.735401868820190430e+00 5.243523737250939121e-01 4.117369315358850868e-01 -4.335739696821608313e-01 6.062514604780033789e-01
8.398728072643280029e-02 -4.337450861930847168e-01 -1.735401868820190430e+00 5.243523719489551205e-01 4.117369542442267938e-01 -4.335740102258587858e-01 6.062514341133387052e-01
8.398727327585220337e-02 -4.337450861930847168e-01 -1.735401749610900879e+00 5.243523612921223709e-01 4.117369519554536228e-01 -4.335740314707020593e-01 6.062514322255614374e-01
8.398726582527160645e-02 -4.337451159954071045e-01 -1.735401749610900879e+00 5.243523524114283019e-01 4.117369518242815496e-01 -4.335740494707620019e-01 6.062514140751180669e-01
8.398725092411041260e-02 -4.337451457977294922e-01 -1.735401749610900879e+00 5.243523417545952192e-01 4.117369459832308509e-01 -4.335740742678848569e-01 6.062513979782298001e-01
8.398722857236862183e-02 -4.337452352046966553e-01 -1.735401630401611328e+00 5.243523257693452067e-01 4.117369585353216621e-01 -4.335741514266971408e-01 6.062513454146738479e-01
8.398721367120742798e-02 -4.337452650070190430e-01 -1.735401630401611328e+00 5.243523097840946390e-01 4.117369604305798347e-01 -4.335741806297621626e-01 6.062513354784507813e-01
8.398720622062683105e-02 -4.337452948093414307e-01 -1.735401630401611328e+00 5.243523080079556253e-01 4.117369795866466231e-01 -4.335741945313812407e-01 6.062513233228945531e-01
8.398719877004623413e-02 -4.337453246116638184e-01 -1.735401511192321777e+00 5.243522973511216545e-01 4.117369772978746734e-01 -4.335742441944561709e-01 6.062513072260040659e-01
8.398758620023727417e-02 -4.337456226348876953e-01 -1.735400915145874023e+00 5.243558762590296851e-01 4.117363978677889280e-01 -4.335710255876595864e-01 6.062508779067724562e-01
8.398757874965667725e-02 -4.337456524372100830e-01 -1.735400915145874023e+00 5.243558922441714509e-01 4.117363959726462186e-01 -4.335710265791355988e-01 6.062508878430676873e-01
8.398757129907608032e-02 -4.337457120418548584e-01 -1.735400795936584473e+00 5.243559064531859715e-01 4.117363990244134464e-01 -4.335710343676075773e-01 6.062508714148601152e-01
8.398757129907608032e-02 -4.337457418441772461e-01 -1.735400795936584473e+00 5.243559224383268491e-01 4.117363935770180228e-01 -4.335710353590840338e-01 6.062508529331281926e-01
8.398756384849548340e-02 -4.337457716464996338e-01 -1.735400795936584473e+00 5.243559384234672827e-01 4.117363916818766456e-01 -4.335710345744340777e-01 6.062508344513979353e-01
8.398755639791488647e-02 -4.337458014488220215e-01 -1.735400795936584473e+00 5.243559473041006225e-01 4.117363918131050071e-01 -4.335710414403716739e-01 6.062508241837707423e-01
8.398754894733428955e-02 -4.337458312511444092e-01 -1.735400676727294922e+00 5.243559615131136997e-01 4.117363913126199648e-01 -4.335710439004638039e-01 6.062507935465555331e-01
8.398754894733428955e-02 -4.337458610534667969e-01 -1.735400676727294922e+00 5.243559792743794912e-01 4.117364164408490179e-01 -4.335710434233262522e-01 6.062507730113048110e-01
8.398754149675369263e-02 -4.337458908557891846e-01 -1.735400676727294922e+00 5.243559934833916802e-01 4.117364123881110394e-01 -4.335710441072924137e-01 6.062507565831057876e-01
8.398753404617309570e-02 -4.337458908557891846e-01 -1.735400557518005371e+00 5.243560023640240209e-01 4.117364160715927257e-01 -4.335710509732299545e-01 6.062507463154821474e-01
8.398753404617309570e-02 -4.337459206581115723e-01 -1.735400557518005371e+00 5.243560183491620119e-01 4.117364106242000776e-01 -4.335710803827307336e-01 6.062507278337607719e-01
8.398752659559249878e-02 -4.337459504604339600e-01 -1.735400557518005371e+00 5.243560325581730908e-01 4.117364101237161456e-01 -4.335710810666967840e-01 6.062507114055655233e-01
8.398751914501190186e-02 -4.337459802627563477e-01 -1.735400557518005371e+00 5.243560485433101936e-01 4.117364082285772664e-01 -4.335710820581746838e-01 6.062506929238472564e-01
8.398751169443130493e-02 -4.337460100650787354e-01 -1.735400438308715820e+00 5.243560574239416461e-01 4.117364083598067936e-01 -4.335710889241116139e-01 6.062506826562268358e-01
8.398751169443130493e-02 -4.337460398674011230e-01 -1.735400438308715820e+00 5.243560734090779718e-01 4.117364064646687472e-01 -4.335710899155898468e-01 6.062506783835210911e-01
8.398750424385070801e-02 -4.337460696697235107e-01 -1.735400438308715820e+00 5.243560893942137424e-01 4.117364045695312003e-01 -4.335710891309422776e-01 6.062506599018068210e-01
8.398749679327011108e-02 -4.337460994720458984e-01 -1.735400319099426270e+00 5.243560982748445287e-01 4.117364047007612826e-01 -4.335710959968790967e-01 6.062506496341885098e-01
8.398748934268951416e-02 -4.337461590766906738e-01 -1.735400319099426270e+00 5.243561213644839514e-01 4.117364007792574943e-01 -4.335710982184048379e-01 6.062506229383832768e-01
8.398748189210891724e-02 -4.337462186813354492e-01 -1.735400199890136719e+00 5.243561497825002249e-01 4.117363997782949592e-01 -4.335711049147185081e-01 6.062505900820125415e-01
8.398747444152832031e-02 -4.337462484836578369e-01 -1.735400199890136719e+00 5.243561693198854901e-01 4.117363950938507933e-01 -4.335711065212219939e-01 6.062505674932606725e-01
8.398746699094772339e-02 -4.337462782859802246e-01 -1.735400199890136719e+00 5.243561853050183741e-01 4.117363931987161885e-01 -4.335711075127023362e-01 6.062505490115566165e-01
8.398745954036712646e-02 -4.337463080883026123e-01 -1.735400080680847168e+00 5.243561941856474951e-01 4.117364253002124830e-01 -4.335711427966520426e-01 6.062505245349374405e-01
8.398745208978652954e-02 -4.337463378906250000e-01 -1.735400080680847168e+00 5.243562119469054039e-01 4.117364220104233197e-01 -4.335711423195178216e-01 6.062505039997140299e-01
8.398745208978652954e-02 -4.337463676929473877e-01 -1.735400080680847168e+00 5.243562279320369557e-01 4.117364165630377215e-01 -4.335711433109981083e-01 6.062504855180148589e-01
8.398744463920593262e-02 -4.337463974952697754e-01 -1.735400080680847168e+00 5.243562456932937543e-01 4.117364132732498905e-01 -4.335711428338647755e-01 6.062504934008058344e-01
8.398743718862533569e-02 -4.337464272975921631e-01 -1.735399961471557617e+00 5.243562545739218761e-01 4.117364169567331866e-01 -4.335711496998008729e-01 6.062504831331964050e-01
8.398742973804473877e-02 -4.337464570999145508e-01 -1.735399961471557617e+00 5.243562705590522066e-01 4.117364115093490873e-01 -4.335711506912818258e-01 6.062504646515007867e-01
8.398742228746414185e-02 -4.337464869022369385e-01 -1.735399961471557617e+00 5.243562918725584998e-01 4.117364089825061302e-01 -4.335711526052988263e-01 6.062504400092426637e-01
8.398742228746414185e-02 -4.337465167045593262e-01 -1.735399842262268066e+00 5.243563007531858444e-01 4.117364126659897594e-01 -4.335711576951092883e-01 6.062504297416361210e-01
8.398741483688354492e-02 -4.337465465068817139e-01 -1.735399842262268066e+00 5.243563149621892627e-01 4.117364086132612178e-01 -4.335711601552046934e-01 6.062503991044633223e-01
8.398740738630294800e-02 -4.337465763092041016e-01 -1.735399842262268066e+00 5.243563309473177059e-01 4.117364067181302212e-01 -4.335711611466867565e-01 6.062503806227745873e-01
8.398739993572235107e-02 -4.337466061115264893e-01 -1.735399723052978516e+00 5.243563398279443843e-01 4.117364068493634677e-01 -4.335711662364972740e-01 6.062503703551704870e-01
8.398739993572235107e-02 -4.337466359138488770e-01 -1.735399723052978516e+00 5.243563558130721614e-01 4.117364049542331372e-01 -4.335711672279796702e-01 6.062503518734841945e-01
8.398739248514175415e-02 -4.337466657161712646e-01 -1.735399723052978516e+00 5.243563717981992722e-01 4.117364030591034729e-01 -4.335711682194625660e-01 6.062503333917999004e-01
8.398738503456115723e-02 -4.337466955184936523e-01 -1.735399723052978516e+00 5.243563877833260500e-01 4.117363976117238700e-01 -4.335711976289483016e-01 6.062503149101170496e-01
8.398738503456115723e-02 -4.337467253208160400e-01 -1.735399603843688965e+00 5.243563966639517293e-01 4.117364012952082764e-01 -4.335712027187584305e-01 6.062503046425163911e-01
8.398737758398056030e-02 -4.337467551231384277e-01 -1.735399603843688965e+00 5.243564108729525941e-01 4.117364292127343450e-01 -4.335712051788542243e-01 6.062502882143562255e-01
8.398737013339996338e-02 -4.337467849254608154e-01 -1.735399603843688965e+00 5.243564268580781507e-01 4.117364237653552972e-01 -4.335712061703371756e-01 6.062502981506779909e-01
8.398736268281936646e-02 -4.337468147277832031e-01 -1.735399484634399414e+00 5.243564410670782383e-01 4.117364232648800249e-01 -4.335712068543083886e-01 6.062502675135200692e-01
8.398736268281936646e-02 -4.337468445301055908e-01 -1.735399484634399414e+00 5.243564499477030294e-01 4.117364233961144371e-01 -4.335712137202435423e-01 6.062502572459221861e-01
8.398735523223876953e-02 -4.337468743324279785e-01 -1.735399484634399414e+00 5.243564659328273647e-01 4.117364215009867157e-01 -4.335712147117271598e-01 6.062502387642473289e-01
8.398734778165817261e-02 -4.337469041347503662e-01 -1.735399484634399414e+00 5.243564819179512559e-01 4.117364196058594383e-01 -4.335712139270861964e-01 6.062502202825740261e-01
8.398734033107757568e-02 -4.337469339370727539e-01 -1.735399365425109863e+00 5.243564979030745921e-01 4.117364177107327161e-01 -4.335712202469449439e-01 6.062502018009024995e-01
8.398733288049697876e-02 -4.337469935417175293e-01 -1.735399365425109863e+00 5.243565334255692045e-01 4.117364111311755948e-01 -4.335712228449387085e-01 6.062501607305273987e-01
8.398732542991638184e-02 -4.337470233440399170e-01 -1.735399246215820312e+00 5.243565440823170221e-01 4.117364134200081627e-01 -4.335712300183859336e-01 6.062501484094166004e-01
8.398731797933578491e-02 -4.337470531463623047e-01 -1.735399246215820312e+00 5.243565636196876323e-01 4.117364122878275912e-01 -4.335712316248956921e-01 6.062501116117187117e-01
8.398731052875518799e-02 -4.337470829486846924e-01 -1.735399246215820312e+00 5.243565796048085259e-01 4.117364068404543165e-01 -4.335712610343736007e-01 6.062500931300561779e-01
8.398730307817459106e-02 -4.337471127510070801e-01 -1.735399127006530762e+00 5.243565884854309855e-01 4.117364105239397776e-01 -4.335712679003079772e-01 6.062500828624667326e-01
8.398730307817459106e-02 -4.337471425533294678e-01 -1.735399127006530762e+00 5.243566044705511020e-01 4.117364086288162750e-01 -4.335712688917931490e-01 6.062500927987977128e-01
8.398729562759399414e-02 -4.337471723556518555e-01 -1.735399127006530762e+00 5.243566204556707744e-01 4.117364315994344603e-01 -4.335712681071542396e-01 6.062500743171386208e-01
8.398728817701339722e-02 -4.337472021579742432e-01 -1.735399007797241211e+00 5.243566364407898917e-01 4.117364297043111798e-01 -4.335712690986401885e-01 6.062500558354814162e-01
8.398728072643280029e-02 -4.337472319602966309e-01 -1.735399007797241211e+00 5.243566453214113521e-01 4.117364298355480901e-01 -4.335712759645745096e-01 6.062500455678947464e-01
8.398728072643280029e-02 -4.337472617626190186e-01 -1.735399007797241211e+00 5.243566613065298032e-01 4.117364279404254757e-01 -4.335712751799364328e-01 6.062500270862399843e-01
8.398727327585220337e-02 -4.337472915649414062e-01 -1.735399007797241211e+00 5.243566772916475882e-01 4.117364260453035274e-01 -4.335712761714232144e-01 6.062500086045871095e-01
8.398726582527160645e-02 -4.337473213672637939e-01 -1.735398888587951660e+00 5.243566843961443569e-01 4.117364275711927202e-01 -4.335712845059691012e-01 6.062499861815263680e-01
8.398725837469100952e-02 -4.337473511695861816e-01 -1.735398888587951660e+00 5.243567003812614757e-01 4.117364256760713825e-01 -4.335712837213319681e-01 6.062499676998762688e-01
8.398725837469100952e-02 -4.337473809719085693e-01 -1.735398888587951660e+00 5.243567163663781505e-01 4.117364237809504890e-01 -4.335712847128193048e-01 6.062499492182279459e-01
8.398725092411041260e-02 -4.337474107742309570e-01 -1.735398769378662109e+00 5.243567323514943812e-01 4.117364183335820993e-01 -4.335712857043069191e-01 6.062499307365811774e-01
8.398724347352981567e-02 -4.337474703788757324e-01 -1.735398769378662109e+00 5.243567536649819116e-01 4.117364193590036803e-01 -4.335712929467041010e-01 6.062499060943881135e-01
8.398723602294921875e-02 -4.337475001811981201e-01 -1.735398769378662109e+00 5.243567696500970321e-01 4.117364174638843966e-01 -4.335713223561742380e-01 6.062498876127452307e-01
8.398722857236862183e-02 -4.337475299835205078e-01 -1.735398650169372559e+00 5.243567874113354010e-01 4.117364141741144401e-01 -4.335713218790506196e-01 6.062498954955696240e-01
8.398722112178802490e-02 -4.337475597858428955e-01 -1.735398650169372559e+00 5.243568016203256077e-01 4.117364136736475499e-01 -4.335713296675214323e-01 6.062498648584550009e-01
8.398721367120742798e-02 -4.337475895881652832e-01 -1.735398650169372559e+00 5.243568176054392849e-01 4.117364117785297650e-01 -4.335713306590096572e-01 6.062498463768167811e-01
8.398721367120742798e-02 -4.337476193904876709e-01 -1.735398530960083008e+00 5.243568318144287144e-01 4.117364361437947928e-01 -4.335713313429858107e-01 6.062498299486953623e-01
8.398720622062683105e-02 -4.337476491928100586e-01 -1.735398530960083008e+00 5.243568406950469551e-01 4.117364398272812531e-01 -4.335713382089191326e-01 6.062498196811202389e-01
8.398719877004623413e-02 -4.337476789951324463e-01 -1.735398530960083008e+00 5.243568637846536262e-01 4.117364323535601112e-01 -4.335713386543346148e-01 6.062497929854271383e-01
8.398718386888504028e-02 -4.337477684020996094e-01 -1.735398411750793457e+00 5.243568975310000102e-01 4.117364307209235852e-01 -4.335713462731967671e-01 6.062497539686513282e-01
8.398716896772384644e-02 -4.337478578090667725e-01 -1.735398292541503906e+00 5.243569454863306056e-01 4.117364285878247765e-01 -4.335713829940099906e-01 6.062496843147862080e-01
8.398713916540145874e-02 -4.337479770183563232e-01 -1.735398173332214355e+00 5.243570058745183893e-01 4.117364202444250276e-01 -4.335713916733159312e-01 6.062496429133014120e-01
8.398712426424026489e-02 -4.337480664253234863e-01 -1.735398054122924805e+00 5.243570467253474421e-01 4.117364450034100565e-01 -4.335714005222310319e-01 6.062495814735223698e-01
8.398708701133728027e-02 -4.337482452392578125e-01 -1.735397815704345703e+00 5.243571355314864402e-01 4.117364356590985097e-01 -4.335714460919559698e-01 6.062495072158823328e-01
8.398754894733428955e-02 -4.337480366230010986e-01 -1.735397100448608398e+00 5.243505105522249243e-01 4.117368741791298525e-01 -4.335663631519448558e-01 6.062585310387921256e-01
8.398754149675369263e-02 -4.337481558322906494e-01 -1.735396981239318848e+00 5.243503791174732864e-01 4.117368992355445179e-01 -4.335662462601065914e-01 6.062587540506313433e-01
8.398752659559249878e-02 -4.337483048439025879e-01 -1.735396742820739746e+00 5.243502192643524351e-01 4.117369039794983587e-01 -4.335660658351690455e-01 6.062589815018487593e-01
8.398334681987762451e-02 -4.337457418441772461e-01 -1.735412836074829102e+00 5.243542830707840219e-01 4.117808408650357466e-01 -4.335746607943948838e-01 6.062194849406519204e-01
8.398334681987762451e-02 -4.337457716464996338e-01 -1.735412716865539551e+00 5.243542493242694391e-01 4.117808531574650988e-01 -4.335746052202721357e-01 6.062195523739871694e-01
8.398333936929702759e-02 -4.337457716464996338e-01 -1.735412716865539551e+00 5.243542173538850992e-01 4.117808391892270881e-01 -4.335745872524227607e-01 6.062196035448403908e-01
8.398333936929702759e-02 -4.337458014488220215e-01 -1.735412716865539551e+00 5.243541924880293914e-01 4.117808480598484366e-01 -4.335745634100249823e-01 6.062196465019676905e-01
8.398298919200897217e-02 -4.337464272975921631e-01 -1.735408067703247070e+00 5.243798036946362151e-01 4.117702523466221232e-01 -4.335652210109207649e-01 6.062113365017155475e-01
8.398298174142837524e-02 -4.337464570999145508e-01 -1.735407948493957520e+00 5.243797735018559392e-01 4.117702653992867390e-01 -4.335652033496706914e-01 6.062113856145676660e-01
8.398298174142837524e-02 -4.337464869022369385e-01 -1.735407948493957520e+00 5.243797415330277989e-01 4.117702798465980862e-01 -4.335651871568820259e-01 6.062114367806331616e-01
8.398298174142837524e-02 -4.337465167045593262e-01 -1.735407948493957520e+00 5.243797184444284332e-01 4.117702589039544114e-01 -4.335651636217824900e-01 6.062114492639389951e-01
8.398298174142837524e-02 -4.337465465068817139e-01 -1.735407948493957520e+00 5.243796882516432722e-01 4.117702719566253000e-01 -4.335651175437903460e-01 6.062114983768113197e-01
8.398298174142837524e-02 -4.337465763092041016e-01 -1.735407829284667969e+00 5.243796651630415750e-01 4.117702794307220859e-01 -4.335650940086872573e-01 6.062115392768648858e-01
8.398297429084777832e-02 -4.337466359138488770e-01 -1.735407710075378418e+00 5.243795763607180804e-01 4.117702852252743684e-01 -4.335650058115708139e-01 6.062116845623383155e-01
8.398000150918960571e-02 -4.337512254714965820e-01 -1.735426545143127441e+00 5.243952834817890984e-01 4.117708345975548689e-01 -4.335379463421845103e-01 6.062170693775987829e-01
8.397998660802841187e-02 -4.337512850761413574e-01 -1.735426425933837891e+00 5.243952035620789154e-01 4.117708405211090161e-01 -4.335378969753326817e-01 6.062172043911034924e-01
8.397997915744781494e-02 -4.337513148784637451e-01 -1.735426425933837891e+00 5.243951769221728565e-01 4.117708507836005394e-01 -4.335378444078406557e-01 6.062172209797167532e-01
8.397997915744781494e-02 -4.337513446807861328e-01 -1.735426425933837891e+00 5.243951414022960389e-01 4.117708360510233812e-01 -4.335378133897105357e-01 6.062172762497590739e-01
8.397997170686721802e-02 -4.337514042854309082e-01 -1.735426306724548340e+00 5.243950916744642976e-01 4.117708573388753623e-01 -4.335377816858857480e-01 6.062173621526071310e-01
8.397995680570602417e-02 -4.337514936923980713e-01 -1.735426187515258789e+00 5.243950099787305641e-01 4.117708611050339695e-01 -4.335376876114453437e-01 6.062174708034365755e-01
8.397994935512542725e-02 -4.337515234947204590e-01 -1.735426187515258789e+00 5.243949566988973521e-01 4.117708532141318156e-01 -4.335376268762765051e-01 6.062175608125534021e-01
8.397994190454483032e-02 -4.337515830993652344e-01 -1.735426068305969238e+00 5.243949140750269189e-01 4.117708689237459807e-01 -4.335375875233081211e-01 6.062176385030474401e-01
8.397991955280303955e-02 -4.337517023086547852e-01 -1.735425949096679688e+00 5.243947773234192145e-01 4.117708981615181840e-01 -4.335374679258256481e-01 6.062178250083334330e-01
8.397988975048065186e-02 -4.337518513202667236e-01 -1.735425710678100586e+00 5.243946014998711602e-01 4.117709119039176247e-01 -4.335372829508034598e-01 6.062180850981414570e-01
8.397985994815826416e-02 -4.337520599365234375e-01 -1.735425472259521484e+00 5.243943954843256483e-01 4.117709351460581146e-01 -4.335370714326509667e-01 6.062184085070767559e-01
8.397983759641647339e-02 -4.337521493434906006e-01 -1.735425353050231934e+00 5.243942658365702281e-01 4.117709339417508496e-01 -4.335369548418715469e-01 6.062185868004396072e-01
8.397981524467468262e-02 -4.337522983551025391e-01 -1.735425233840942383e+00 5.243941042208301040e-01 4.117709720477008561e-01 -4.335368096242808167e-01 6.062188304660089955e-01
8.397979289293289185e-02 -4.337524175643920898e-01 -1.735424995422363281e+00 5.243939905569831028e-01 4.117709582923247402e-01 -4.335366886988486490e-01 6.062189902815811049e-01
8.397978544235229492e-02 -4.337524771690368652e-01 -1.735424995422363281e+00 5.243939372770463070e-01 4.117709788174662155e-01 -4.335366261875479577e-01 6.062190802911470167e-01
8.397977799177169800e-02 -4.337525069713592529e-01 -1.735424995422363281e+00 5.243939070850798245e-01 4.117709918691818127e-01 -4.335366014204623530e-01 6.062191294021805898e-01
8.397977799177169800e-02 -4.337525367736816406e-01 -1.735424876213073730e+00 5.243938751171133283e-01 4.117709778995004011e-01 -4.335365834496558990e-01 6.062191521503719205e-01
8.397977054119110107e-02 -4.337525367736816406e-01 -1.735424876213073730e+00 5.243938520291362426e-01 4.117709853729355496e-01 -4.335365297214461844e-01 6.062191930489339020e-01
8.397977054119110107e-02 -4.337525665760040283e-01 -1.735424876213073730e+00 5.243938218371647642e-01 4.117709984246575861e-01 -4.335365120583485887e-01 6.062192421599876813e-01
8.397976309061050415e-02 -4.337525963783264160e-01 -1.735424757003784180e+00 5.243937916451916204e-01 4.117710114763824536e-01 -4.335364943952503824e-01 6.062192912710491211e-01
8.397975564002990723e-02 -4.337526261806488037e-01 -1.735424757003784180e+00 5.243937685572108709e-01 4.117709905338463039e-01 -4.335364708590065952e-01 6.062193321696279780e-01
8.397975564002990723e-02 -4.337526559829711914e-01 -1.735424757003784180e+00 5.243937383652346185e-01 4.117710035855744466e-01 -4.335364247799282644e-01 6.062193812807030735e-01
8.397974818944931030e-02 -4.337526857852935791e-01 -1.735424757003784180e+00 5.243937152772515375e-01 4.117710110590173667e-01 -4.335364012436809800e-01 6.062193937633131302e-01
8.397974818944931030e-02 -4.337527155876159668e-01 -1.735424637794494629e+00 5.243936850852721765e-01 4.117709956947691041e-01 -4.335363835805779442e-01 6.062194428744003272e-01
8.397974073886871338e-02 -4.337527155876159668e-01 -1.735424637794494629e+00 5.243936513412932321e-01 4.117710115356481015e-01 -4.335363670780483236e-01 6.062194960917431930e-01
8.397974073886871338e-02 -4.337527453899383545e-01 -1.735424637794494629e+00 5.243936282533063764e-01 4.117710190090955735e-01 -4.335363151258132541e-01 6.062195369903490283e-01
8.397973328828811646e-02 -4.337527751922607422e-01 -1.735424637794494629e+00 5.243935980613220194e-01 4.117710320608352070e-01 -4.335362956867072626e-01 6.062195861014585407e-01
8.397972583770751953e-02 -4.337528049945831299e-01 -1.735424518585205078e+00 5.243935749733327212e-01 4.117710111182989463e-01 -4.335362721504531502e-01 6.062196270000753673e-01
8.397972583770751953e-02 -4.337528347969055176e-01 -1.735424518585205078e+00 5.243935447813453665e-01 4.117710241700418550e-01 -4.335362544873445079e-01 6.062196476952094182e-01
8.397971838712692261e-02 -4.337528645992279053e-01 -1.735424518585205078e+00 5.243935145893561245e-01 4.117710372217877057e-01 -4.335362084082448053e-01 6.062196968063386926e-01
8.397971838712692261e-02 -4.337528944015502930e-01 -1.735424399375915527e+00 5.243934915013632736e-01 4.117710162792511119e-01 -4.335361848719860300e-01 6.062197377049710623e-01
8.397971093654632568e-02 -4.337528944015502930e-01 -1.735424399375915527e+00 5.243934613093710340e-01 4.117710293310002378e-01 -4.335361672088736129e-01 6.062197868161139924e-01
8.397969603538513184e-02 -4.337529838085174561e-01 -1.735424280166625977e+00 5.243933849413828785e-01 4.117710324656749798e-01 -4.335360829372369440e-01 6.062199177245679582e-01
8.397968858480453491e-02 -4.337530136108398438e-01 -1.735424280166625977e+00 5.243933423173847697e-01 4.117710481754510154e-01 -4.335360453601306285e-01 6.062199669996340967e-01
8.397968113422393799e-02 -4.337530732154846191e-01 -1.735424280166625977e+00 5.243932908133822623e-01 4.117710388901014706e-01 -4.335359831564546407e-01 6.062200407483565590e-01
8.397959917783737183e-02 -4.337545931339263916e-01 -1.735423922538757324e+00 5.243973844777999327e-01 4.117745767337930851e-01 -4.335410702486711121e-01 6.062104634515540491e-01
8.397957682609558105e-02 -4.337548017501831055e-01 -1.735423684120178223e+00 5.243973649419501060e-01 4.117746986331866088e-01 -4.335410775198372257e-01 6.062104149958063015e-01
8.397955447435379028e-02 -4.337549507617950439e-01 -1.735423564910888672e+00 5.243973560620182051e-01 4.117748015092779768e-01 -4.335410795332865774e-01 6.062103400137799358e-01
8.397954702377319336e-02 -4.337550401687622070e-01 -1.735423445701599121e+00 5.243973471820860821e-01 4.117748688656443501e-01 -4.335411010825869771e-01 6.062103076554257175e-01
8.397953957319259644e-02 -4.337550997734069824e-01 -1.735423445701599121e+00 5.243973418541267861e-01 4.117749050170977365e-01 -4.335411179193377484e-01 6.062102711909427288e-01
8.397952467203140259e-02 -4.337551891803741455e-01 -1.735423326492309570e+00 5.243973347501809101e-01 4.117749390111450913e-01 -4.335411095845739249e-01 6.062102367795229041e-01
8.397951722145080566e-02 -4.337552487850189209e-01 -1.735423207283020020e+00 5.243973276462349231e-01 4.117750014209775045e-01 -4.335411296655938829e-01 6.062102023681023022e-01
8.397949486970901489e-02 -4.337554574012756348e-01 -1.735423088073730469e+00 5.243973152143293071e-01 4.117751177421344888e-01 -4.335411310636360094e-01 6.062101172843025187e-01
8.397948741912841797e-02 -4.337555468082427979e-01 -1.735422968864440918e+00 5.243973010064367779e-01 4.117751715223472164e-01 -4.335411499138400182e-01 6.062101052930261025e-01
8.397947251796722412e-02 -4.337556064128875732e-01 -1.735422849655151367e+00 5.243972992304501979e-01 4.117752297484853496e-01 -4.335411371742295406e-01 6.062100647224114569e-01
8.397946506738662720e-02 -4.337556958198547363e-01 -1.735422849655151367e+00 5.243972921265037668e-01 4.117752637425402540e-01 -4.335411572552516080e-01 6.062100303109866362e-01
8.397945761680603027e-02 -4.337557554244995117e-01 -1.735422730445861816e+00 5.243972814705839536e-01 4.117753253895445331e-01 -4.335411536330394666e-01 6.062100142135811165e-01
8.397945016622543335e-02 -4.337558150291442871e-01 -1.735422730445861816e+00 5.243972814705839536e-01 4.117753502533577081e-01 -4.335411696169193529e-01 6.062099857977946149e-01
8.397944271564483643e-02 -4.337558746337890625e-01 -1.735422611236572266e+00 5.243972779186105715e-01 4.117753779063065833e-01 -4.335411618975643644e-01 6.062099472802413569e-01
8.397944271564483643e-02 -4.337559342384338379e-01 -1.735422611236572266e+00 5.243972672626904252e-01 4.117754395533150813e-01 -4.335411866911397238e-01 6.062099311828340609e-01
8.397943526506423950e-02 -4.337559640407562256e-01 -1.735422611236572266e+00 5.243972637107170431e-01 4.117754601023184691e-01 -4.335411807477713153e-01 6.062099068731731100e-01
8.397942781448364258e-02 -4.337560236454010010e-01 -1.735422492027282715e+00 5.243972637107170431e-01 4.117754778621856571e-01 -4.335411718678377491e-01 6.062098926652794706e-01
8.397942036390304565e-02 -4.337560832500457764e-01 -1.735422492027282715e+00 5.243972566067701679e-01 4.117755083042731190e-01 -4.335411937248487835e-01 6.062098582538505420e-01
8.397941291332244873e-02 -4.337561428546905518e-01 -1.735422372817993164e+00 5.243972477268363797e-01 4.117755721086919785e-01 -4.335411868583682327e-01 6.062098258954838892e-01
8.397939056158065796e-02 -4.337562918663024902e-01 -1.735422253608703613e+00 5.243972352949288762e-01 4.117756777739608465e-01 -4.335411935843739295e-01 6.062097834353479264e-01
8.397938311100006104e-02 -4.337564110755920410e-01 -1.735422134399414062e+00 5.243972317429551611e-01 4.117757267387565645e-01 -4.335412018489001040e-01 6.062097307098958110e-01
8.397936820983886719e-02 -4.337565004825592041e-01 -1.735422015190124512e+00 5.243972210870341266e-01 4.117758025936731348e-01 -4.335412213145186100e-01 6.062096861966939088e-01
8.397936075925827026e-02 -4.337565898895263672e-01 -1.735422015190124512e+00 5.243972139830865853e-01 4.117758365877417503e-01 -4.335412129797556191e-01 6.062096517852600952e-01
8.397935330867767334e-02 -4.337566494941711426e-01 -1.735421895980834961e+00 5.243972051031521309e-01 4.117759003921718786e-01 -4.335412345290660108e-01 6.062096336347835290e-01
8.397934585809707642e-02 -4.337567389011383057e-01 -1.735421895980834961e+00 5.243972015511783047e-01 4.117759387010504479e-01 -4.335412481215538127e-01 6.062095809093274168e-01
8.397933095693588257e-02 -4.337568283081054688e-01 -1.735421776771545410e+00 5.243971926712436282e-01 4.117760167133796556e-01 -4.335412359271133553e-01 6.062095343430580208e-01
8.397931605577468872e-02 -4.337569475173950195e-01 -1.735421657562255859e+00 5.243971855672957538e-01 4.117760613633751898e-01 -4.335412489041940987e-01 6.062094999316207655e-01
8.397930860519409180e-02 -4.337570071220397949e-01 -1.735421538352966309e+00 5.243971784633477684e-01 4.117761273252161236e-01 -4.335412672092363584e-01 6.062094513122866513e-01
8.397930115461349487e-02 -4.337570667266845703e-01 -1.735421538352966309e+00 5.243971695834126479e-01 4.117761591618893657e-01 -4.335412638947311881e-01 6.062094615775986961e-01
8.397930115461349487e-02 -4.337571263313293457e-01 -1.735421419143676758e+00 5.243971695834126479e-01 4.117761769217597179e-01 -4.335412550147960120e-01 6.062094473697025032e-01
8.397929370403289795e-02 -4.337571561336517334e-01 -1.735421419143676758e+00 5.243971642554514645e-01 4.117761953133696196e-01 -4.335412807314908967e-01 6.062094251130970557e-01
8.397928625345230103e-02 -4.337571859359741211e-01 -1.735421419143676758e+00 5.243971624794644404e-01 4.117762393316302671e-01 -4.335412750958261285e-01 6.062094129582629165e-01
8.397927880287170410e-02 -4.337572753429412842e-01 -1.735421299934387207e+00 5.243971535995290978e-01 4.117762853762032549e-01 -4.335412913171792226e-01 6.062093663919879694e-01
8.397927135229110718e-02 -4.337573349475860596e-01 -1.735421299934387207e+00 5.243971500475548275e-01 4.117763130291658968e-01 -4.335412835978238455e-01 6.062093420823190248e-01
8.397926390171051025e-02 -4.337573945522308350e-01 -1.735421180725097656e+00 5.243971429436063980e-01 4.117763612311438060e-01 -4.335412805910227041e-01 6.062093218787740767e-01
8.397926390171051025e-02 -4.337574243545532227e-01 -1.735421180725097656e+00 5.243971447195935331e-01 4.117763740444688736e-01 -4.335413004345844978e-01 6.062093056178148309e-01
8.397925645112991333e-02 -4.337574541568756104e-01 -1.735421180725097656e+00 5.243971376156449926e-01 4.117763973826281121e-01 -4.335412992037707136e-01 6.062092996221664087e-01
8.397925645112991333e-02 -4.337574839591979980e-01 -1.735421061515808105e+00 5.243971376156449926e-01 4.117764115905253042e-01 -4.335412920998221731e-01 6.062092712063721356e-01
