repeatability steamvr; 20211020-215329; x y z w i j k;  frequency = 150 duration = 2 sys.args = ['.\\repeatability.py']
-2.328455895185470581e-01 -3.888521790504455566e-01 -1.934548854827880859e+00 4.170689032068940205e-02 4.024749661714311921e-01 4.345743390770812620e-01 -8.045999736843015837e-01
-2.328460812568664551e-01 -3.888581097126007080e-01 -1.934544324874877930e+00 4.170626507082403345e-02 4.024738542088667215e-01 4.345708500337401303e-01 -8.046025679049396695e-01
-2.328617572784423828e-01 -3.888346850872039795e-01 -1.934553384780883789e+00 4.171787532503826862e-02 4.024707867085007829e-01 4.345631360755859984e-01 -8.046086733801598445e-01
-2.328825891017913818e-01 -3.888145387172698975e-01 -1.934559822082519531e+00 4.172671481334868510e-02 4.024919460598976872e-01 4.345914243212848915e-01 -8.045812469721670412e-01
-2.328907847404479980e-01 -3.888165354728698730e-01 -1.934555530548095703e+00 4.173385646645042663e-02 4.024919811933727609e-01 4.345898940455002468e-01 -8.045794223546927082e-01
-2.329161316156387329e-01 -3.888016939163208008e-01 -1.934557795524597168e+00 4.173349941282061826e-02 4.024922112429071830e-01 4.345843287731133153e-01 -8.045864845131017740e-01
-2.328956574201583862e-01 -3.888359665870666504e-01 -1.934550404548645020e+00 4.173778385478259939e-02 4.025083748330809397e-01 4.346004112290260402e-01 -8.045724401366893819e-01
-2.329033017158508301e-01 -3.888372778892517090e-01 -1.934545993804931641e+00 4.174331727481130766e-02 4.025146332244451952e-01 4.345906355081048389e-01 -8.045719863682573303e-01
-2.329068779945373535e-01 -3.888488411903381348e-01 -1.934528231620788574e+00 4.175268671676395787e-02 4.025199544079745562e-01 4.345755537601672103e-01 -8.045732737370349108e-01
-2.328714430332183838e-01 -3.888066112995147705e-01 -1.934568047523498535e+00 4.173885489655548842e-02 4.025169677439497384e-01 4.345371357813457291e-01 -8.046015971726659943e-01
-2.328747808933258057e-01 -3.888074159622192383e-01 -1.934564948081970215e+00 4.174706530393042236e-02 4.025159742853977041e-01 4.345423377766801099e-01 -8.045989814054019806e-01
-2.328894287347793579e-01 -3.887910842895507812e-01 -1.934569954872131348e+00 4.177311373389507032e-02 4.025218136129445345e-01 4.345310601806136597e-01 -8.045955912336789639e-01
-2.328768968582153320e-01 -3.888216614723205566e-01 -1.934612989425659180e+00 4.177159766102782334e-02 4.025396334449001801e-01 4.345047371206368636e-01 -8.046064219360898884e-01
-2.328807264566421509e-01 -3.888263404369354248e-01 -1.934612035751342773e+00 4.176660314942259172e-02 4.025413893433950618e-01 4.345078180479524099e-01 -8.046006011134443359e-01
-2.328822463750839233e-01 -3.888253867626190186e-01 -1.934609532356262207e+00 4.180164131724911636e-02 4.025476189225629664e-01 4.344904616000660469e-01 -8.046075826270334685e-01
-2.328890413045883179e-01 -3.888436853885650635e-01 -1.934589385986328125e+00 4.174581599828028344e-02 4.024944668923858271e-01 4.345453475078681627e-01 -8.046062835857561435e-01
-2.328923642635345459e-01 -3.888478875160217285e-01 -1.934582471847534180e+00 4.174849303603882233e-02 4.024986396095820984e-01 4.345392557078592288e-01 -8.046051949933380465e-01
-2.328912168741226196e-01 -3.888587653636932373e-01 -1.934557437896728516e+00 4.174260332634734810e-02 4.024933164650844053e-01 4.345488057038056628e-01 -8.046039532809164951e-01
-2.328795343637466431e-01 -3.888071775436401367e-01 -1.934558868408203125e+00 4.168660958181312493e-02 4.024545108540601990e-01 4.345519848790072581e-01 -8.046241286551560901e-01
-2.328798621892929077e-01 -3.888067901134490967e-01 -1.934550881385803223e+00 4.169670651303249154e-02 4.024542604824802305e-01 4.345468210090930317e-01 -8.046265558611153113e-01
-2.328919470310211182e-01 -3.887928128242492676e-01 -1.934547781944274902e+00 4.171975052451742938e-02 4.024630546551942190e-01 4.345382459462998614e-01 -8.046255483773298023e-01
-2.328486740589141846e-01 -3.887683451175689697e-01 -1.934532165527343750e+00 4.171876828768325551e-02 4.024814598741889293e-01 4.345420475582852382e-01 -8.046166325407159148e-01
-2.328462004661560059e-01 -3.887643516063690186e-01 -1.934522986412048340e+00 4.172135777127485706e-02 4.024861236064645742e-01 4.345429356183361236e-01 -8.046116951353179392e-01
-2.328577488660812378e-01 -3.887464702129364014e-01 -1.934527516365051270e+00 4.175812895095576405e-02 4.025021088952161485e-01 4.345174892193632288e-01 -8.046184688199871093e-01
-2.328593134880065918e-01 -3.887981176376342773e-01 -1.934553980827331543e+00 4.176169724410786627e-02 4.025176714104191089e-01 4.344892825891460975e-01 -8.046212600917675983e-01
-2.328576296567916870e-01 -3.887999057769775391e-01 -1.934548139572143555e+00 4.175331127147181853e-02 4.025110783449558638e-01 4.344848282551853624e-01 -8.046260135237415234e-01
-2.328697741031646729e-01 -3.887819647789001465e-01 -1.934553503990173340e+00 4.175964551280095943e-02 4.025167516410878554e-01 4.344892199830584500e-01 -8.046235037718474370e-01
-2.328537106513977051e-01 -3.888443708419799805e-01 -1.934553265571594238e+00 4.171930405609599463e-02 4.024762911193932036e-01 4.345278948348613723e-01 -8.046271943121483528e-01
-2.328517138957977295e-01 -3.888519704341888428e-01 -1.934545397758483887e+00 4.170894464711070310e-02 4.024772931791730790e-01 4.345218525279927468e-01 -8.046275099197456315e-01
-2.328665107488632202e-01 -3.888352513313293457e-01 -1.934560179710388184e+00 4.172073273822667072e-02 4.024696520351037643e-01 4.345340875897544253e-01 -8.046248208008578429e-01
-2.328477054834365845e-01 -3.888553678989410400e-01 -1.934616923332214355e+00 4.169223914596240088e-02 4.024355522050641620e-01 4.346030331857194673e-01 -8.046069795190736729e-01
-2.328461259603500366e-01 -3.888619244098663330e-01 -1.934614300727844238e+00 4.169045206509736784e-02 4.024399355365639308e-01 4.346005746432746175e-01 -8.046082289597336068e-01
-2.328467071056365967e-01 -3.888694643974304199e-01 -1.934609413146972656e+00 4.172957162125719849e-02 4.024597492934814946e-01 4.345834545920921888e-01 -8.046045462962406747e-01
-2.328531444072723389e-01 -3.888793885707855225e-01 -1.934623122215270996e+00 4.168035361875819383e-02 4.024058761032259790e-01 4.346243586504565104e-01 -8.046127976515020652e-01
-2.328511774539947510e-01 -3.888863027095794678e-01 -1.934618473052978516e+00 4.168500099527129577e-02 4.024010493895682772e-01 4.346238043159024178e-01 -8.046099583461160387e-01
-2.328463643789291382e-01 -3.888960778713226318e-01 -1.934600353240966797e+00 4.172108990111507432e-02 4.024204899479892905e-01 4.346032285791329164e-01 -8.046106108190247408e-01
-2.328724563121795654e-01 -3.888536989688873291e-01 -1.934582948684692383e+00 4.169420484644421193e-02 4.023715477689771558e-01 4.346797540745042654e-01 -8.045929910396322216e-01
-2.328744381666183472e-01 -3.888559937477111816e-01 -1.934576034545898438e+00 4.168920106291106042e-02 4.023801675367649211e-01 4.346729501973821685e-01 -8.045966300455422715e-01
-2.328794598579406738e-01 -3.888494372367858887e-01 -1.934570670127868652e+00 4.171376745066283920e-02 4.023793198629065371e-01 4.346584427743009349e-01 -8.046061050539616843e-01
-2.328683137893676758e-01 -3.888265192508697510e-01 -1.934588074684143066e+00 4.173073214360603633e-02 4.024028508868538467e-01 4.346574249222940334e-01 -8.045918115518827518e-01
-2.328705042600631714e-01 -3.888269662857055664e-01 -1.934583663940429688e+00 4.173037506324387552e-02 4.023959388109749624e-01 4.346632867099606834e-01 -8.045933400911651212e-01
-2.328612059354782104e-01 -3.888374567031860352e-01 -1.934562683105468750e+00 4.173224970105903625e-02 4.024025004864363875e-01 4.346559016119670438e-01 -8.045884405351103608e-01
-2.328287661075592041e-01 -3.888144493103027344e-01 -1.934660553932189941e+00 4.171814321583869334e-02 4.024599869726082635e-01 4.346446415864568258e-01 -8.045745745155271633e-01
-2.328280061483383179e-01 -3.888120651245117188e-01 -1.934659123420715332e+00 4.171537492794141072e-02 4.024613328233026532e-01 4.346424078890945286e-01 -8.045758144545874790e-01
-2.328380048274993896e-01 -3.887931704521179199e-01 -1.934659719467163086e+00 4.171957193772220934e-02 4.024708494218305344e-01 4.346233276761941600e-01 -8.045798812221404139e-01
-2.328517138957977295e-01 -3.887929320335388184e-01 -1.934694170951843262e+00 4.172537561730964989e-02 4.025323628328297820e-01 4.345857308853817158e-01 -8.045663581821230759e-01
-2.328495234251022339e-01 -3.887953460216522217e-01 -1.934683203697204590e+00 4.175741525573480745e-02 4.025453870115039967e-01 4.345634556292249928e-01 -8.045679878061099410e-01
-2.328520566225051880e-01 -3.887941837310791016e-01 -1.934682965278625488e+00 4.175286516191949876e-02 4.025450008173553362e-01 4.345637035454862906e-01 -8.045719764551453324e-01
-2.329031825065612793e-01 -3.887549340724945068e-01 -1.934713482856750488e+00 4.174028290950200504e-02 4.024735661258018737e-01 4.346250846286534575e-01 -8.045769262280479950e-01
-2.328969538211822510e-01 -3.887700736522674561e-01 -1.934702992439270020e+00 4.177641323171508297e-02 4.024932326673005267e-01 4.345980404519390050e-01 -8.045764520407999720e-01
-2.329059094190597534e-01 -3.887664675712585449e-01 -1.934702873229980469e+00 4.177828580374683826e-02 4.024951659073757737e-01 4.345842678055645836e-01 -8.045853303119351319e-01
-2.329083681106567383e-01 -3.887877166271209717e-01 -1.934725403785705566e+00 4.177819663555330798e-02 4.024931715770931895e-01 4.345798452517281030e-01 -8.045881175769059590e-01
-2.329084873199462891e-01 -3.887959420680999756e-01 -1.934706687927246094e+00 4.180306718538125826e-02 4.025078667057872539e-01 4.345590533520475307e-01 -8.045911884157930238e-01
-2.329165935516357422e-01 -3.887945711612701416e-01 -1.934704184532165527e+00 4.180235425739468880e-02 4.025125925677472960e-01 4.345522059593135977e-01 -8.045897606547055547e-01
-2.329248338937759399e-01 -3.888081014156341553e-01 -1.934707403182983398e+00 4.174510209255091753e-02 4.024902845360780468e-01 4.345667001853113498e-01 -8.045982692851479934e-01
-2.329201400279998779e-01 -3.888190388679504395e-01 -1.934681057929992676e+00 4.176642476296198170e-02 4.025013660966011986e-01 4.345510595995217273e-01 -8.045997563181072065e-01
-2.329248636960983276e-01 -3.888188600540161133e-01 -1.934675335884094238e+00 4.176276767260150846e-02 4.025052135830089473e-01 4.345470094721210486e-01 -8.045958198429833397e-01
-2.328510284423828125e-01 -3.888395428657531738e-01 -1.934631705284118652e+00 4.169402615022994169e-02 4.025083669186327318e-01 4.345254362402885540e-01 -8.046128795275766521e-01
-2.328372448682785034e-01 -3.888574242591857910e-01 -1.934601426124572754e+00 4.170045873151801558e-02 4.025306090301256634e-01 4.345087923835269650e-01 -8.046059693666294255e-01
-2.328341305255889893e-01 -3.888623714447021484e-01 -1.934591293334960938e+00 4.169617045425616508e-02 4.025234046499346907e-01 4.345202439431839481e-01 -8.046092038391501333e-01
-2.328868359327316284e-01 -3.888485133647918701e-01 -1.934586882591247559e+00 4.162239663399889406e-02 4.024538951920244023e-01 4.346012455997271817e-01 -8.045972182310483500e-01
-2.328975200653076172e-01 -3.888425827026367188e-01 -1.934581398963928223e+00 4.166032822399528407e-02 4.024701823016433311e-01 4.345889780185056561e-01 -8.045962742497155817e-01
-2.329246401786804199e-01 -3.888417482376098633e-01 -1.934604167938232422e+00 4.161890590722733263e-02 4.024454019261179405e-01 4.346151407523062837e-01 -8.045984656023573711e-01
-2.329314798116683960e-01 -3.888428509235382080e-01 -1.934589266777038574e+00 4.159903003703482177e-02 4.024399573662196250e-01 4.346164697562178714e-01 -8.046040935387949178e-01
-2.329277098178863525e-01 -3.888514935970306396e-01 -1.934563040733337402e+00 4.164753911944447939e-02 4.024456466984402958e-01 4.345929106283979992e-01 -8.046075642480147172e-01
-2.329258918762207031e-01 -3.888186514377593994e-01 -1.934559106826782227e+00 4.160117923757031266e-02 4.023908694330500802e-01 4.346223136719249425e-01 -8.046241348980046615e-01
-2.329311519861221313e-01 -3.888185620307922363e-01 -1.934543251991271973e+00 4.160180606681192911e-02 4.023819409828651161e-01 4.346250778840263784e-01 -8.046254432933280798e-01
-2.329286932945251465e-01 -3.888224363327026367e-01 -1.934505581855773926e+00 4.160440283020464675e-02 4.024080433970956272e-01 4.345997413183235181e-01 -8.046255440339098453e-01
-2.328756600618362427e-01 -3.888420760631561279e-01 -1.934552073478698730e+00 4.156283514705136350e-02 4.023935381204452599e-01 4.346342819950652636e-01 -8.046216186664341130e-01
-2.328726500272750854e-01 -3.888418674468994141e-01 -1.934536933898925781e+00 4.156391069699928026e-02 4.023899371049542983e-01 4.346216009091111165e-01 -8.046264310693566069e-01
-2.328650802373886108e-01 -3.888383805751800537e-01 -1.934520840644836426e+00 4.159723895176441893e-02 4.024078505245506365e-01 4.346036596024376863e-01 -8.046231552373231954e-01
-2.328525334596633911e-01 -3.888194561004638672e-01 -1.934586405754089355e+00 4.161469874487363357e-02 4.024438355594629479e-01 4.345770804153907263e-01 -8.046225169739519290e-01
-2.328473329544067383e-01 -3.888171613216400146e-01 -1.934574842453002930e+00 4.160968540031466378e-02 4.024429037900663642e-01 4.345803783388591524e-01 -8.046193680764074374e-01
-2.328476160764694214e-01 -3.888047635555267334e-01 -1.934573650360107422e+00 4.162364964399781209e-02 4.024578898801492444e-01 4.345781387307252608e-01 -8.046150618869286619e-01
-2.328065931797027588e-01 -3.888562917709350586e-01 -1.934588789939880371e+00 4.156256625521548981e-02 4.024108409005897613e-01 4.346206018050258191e-01 -8.046144551560018288e-01
-2.328003942966461182e-01 -3.888569772243499756e-01 -1.934580206871032715e+00 4.156839185556709948e-02 4.024082160562719168e-01 4.346184815523297940e-01 -8.046189132899167484e-01
-2.328059524297714233e-01 -3.888326585292816162e-01 -1.934586286544799805e+00 4.159096954590506268e-02 4.024097516031021060e-01 4.345975158286437545e-01 -8.046249578369425448e-01
-2.327990382909774780e-01 -3.888969719409942627e-01 -1.934630751609802246e+00 4.155180915492785731e-02 4.024282334709299302e-01 4.345911060392095848e-01 -8.046187042530035249e-01
-2.327947765588760376e-01 -3.889040946960449219e-01 -1.934626579284667969e+00 4.155745697976660769e-02 4.024305541244063145e-01 4.345955098478452294e-01 -8.046154893837613731e-01
-2.328301668167114258e-01 -3.888586759567260742e-01 -1.934648513793945312e+00 4.157457506119773688e-02 4.024193348029666550e-01 4.345982867228447288e-01 -8.046241552071357050e-01
-2.328179180622100830e-01 -3.888477087020874023e-01 -1.934662222862243652e+00 4.152203332315709122e-02 4.024193122495826613e-01 4.346124265812403853e-01 -8.046209676663765853e-01
-2.328157275915145874e-01 -3.888497054576873779e-01 -1.934660434722900391e+00 4.152158472874539763e-02 4.024175590244555845e-01 4.346138921865507210e-01 -8.046197915681249091e-01
-2.328260093927383423e-01 -3.888397812843322754e-01 -1.934659719467163086e+00 4.154741587148708809e-02 4.024327694499723052e-01 4.345900766079963673e-01 -8.046245231806218312e-01
-2.328539788722991943e-01 -3.888194859027862549e-01 -1.934603452682495117e+00 4.158989469572192677e-02 4.024384241790924244e-01 4.345743519263982613e-01 -8.046256884532774212e-01
-2.328585982322692871e-01 -3.888208270072937012e-01 -1.934596538543701172e+00 4.158577417932459580e-02 4.024507087817937867e-01 4.345733378275939973e-01 -8.046204919199864136e-01
-2.328525781631469727e-01 -3.888261914253234863e-01 -1.934568524360656738e+00 4.163107742871692551e-02 4.024651869783283931e-01 4.345442695330113403e-01 -8.046255935007993187e-01
-2.328635156154632568e-01 -3.887974023818969727e-01 -1.934622883796691895e+00 4.165004358896124553e-02 4.025352181870598400e-01 4.345188367492132664e-01 -8.046060501319228786e-01
-2.328655421733856201e-01 -3.887951672077178955e-01 -1.934617638587951660e+00 4.165344227101831082e-02 4.025349280896731718e-01 4.345180834204028786e-01 -8.046033613799405959e-01
-2.328518331050872803e-01 -3.888006806373596191e-01 -1.934593558311462402e+00 4.169402615022994169e-02 4.025601889318228821e-01 4.344939856391800137e-01 -8.046046594841050892e-01
-2.328194230794906616e-01 -3.887899816036224365e-01 -1.934659004211425781e+00 4.168366045906735096e-02 4.025444714629928811e-01 4.344840644201153901e-01 -8.046159941483989053e-01
-2.328174710273742676e-01 -3.887885808944702148e-01 -1.934656143188476562e+00 4.167847664673210439e-02 4.025426970848869357e-01 4.344848324624552283e-01 -8.046193583359592116e-01
-2.328176200389862061e-01 -3.887790441513061523e-01 -1.934650659561157227e+00 4.170760488048661646e-02 4.025595335985352463e-01 4.344607824669677876e-01 -8.046238814995494426e-01
-2.328063398599624634e-01 -3.889054059982299805e-01 -1.934672474861145020e+00 4.167713590067387980e-02 4.025313342256941485e-01 4.344702067196863915e-01 -8.046300474313755613e-01
-2.328053861856460571e-01 -3.889166116714477539e-01 -1.934672236442565918e+00 4.167552694846814870e-02 4.025207733252976761e-01 4.344676723568414722e-01 -8.046400159383050310e-01
-2.328179776668548584e-01 -3.889222443103790283e-01 -1.934687018394470215e+00 4.172751831034173658e-02 4.025513317443667471e-01 4.344527121003626258e-01 -8.046250337637030903e-01
-2.327832728624343872e-01 -3.889817893505096436e-01 -1.934638142585754395e+00 4.168803938440934082e-02 4.025661706285014740e-01 4.344605876315493220e-01 -8.046172637048463194e-01
-2.327821254730224609e-01 -3.889991939067840576e-01 -1.934637308120727539e+00 4.169322200778786264e-02 4.025604477592250596e-01 4.344601925692673783e-01 -8.046182122953777771e-01
-2.327868938446044922e-01 -3.890056312084197998e-01 -1.934654951095581055e+00 4.172635769860753852e-02 4.025693138521592163e-01 4.344469405171869636e-01 -8.046252730671636932e-01
-2.328277081251144409e-01 -3.889763653278350830e-01 -1.934616565704345703e+00 4.161049115714126473e-02 4.025146113471033127e-01 4.345379424922525824e-01 -8.046052196516353394e-01
-2.328328192234039307e-01 -3.889913856983184814e-01 -1.934610605239868164e+00 4.160941681123839220e-02 4.025074563087065460e-01 4.345448647263501774e-01 -8.046046862442585157e-01
-2.328428179025650024e-01 -3.890059292316436768e-01 -1.934597134590148926e+00 4.161765275440561934e-02 4.025362907870533857e-01 4.345286898502545014e-01 -8.046019260927680383e-01
-2.328623235225677490e-01 -3.889930844306945801e-01 -1.934532284736633301e+00 4.147625170124388805e-02 4.024643553439074539e-01 4.345863014343437913e-01 -8.046100384492012036e-01
-2.328701019287109375e-01 -3.890066444873809814e-01 -1.934518218040466309e+00 4.146762833159899769e-02 4.024632442329377779e-01 4.345854020189476308e-01 -8.046134994688667330e-01
-2.328856140375137329e-01 -3.889950811862945557e-01 -1.934496998786926270e+00 4.148550186494577574e-02 4.024963817727532089e-01 4.345716546664331048e-01 -8.046032224145509559e-01
-2.328686714172363281e-01 -3.889672160148620605e-01 -1.934545040130615234e+00 4.141000334804385841e-02 4.024266784926213147e-01 4.346194453630004007e-01 -8.046154997828089961e-01
-2.328728437423706055e-01 -3.889750242233276367e-01 -1.934532046318054199e+00 4.141540066353117944e-02 4.024210073464926651e-01 4.346239707119383122e-01 -8.046178607967285901e-01
-2.328671813011169434e-01 -3.889571428298950195e-01 -1.934487819671630859e+00 4.141962806941745789e-02 4.024403749309626299e-01 4.346242220916927135e-01 -8.046055328007244434e-01
-2.328747659921646118e-01 -3.888645470142364502e-01 -1.934556484222412109e+00 4.146277689802502914e-02 4.024481613745775621e-01 4.346229542371641830e-01 -8.045998289080609212e-01
-2.328794896602630615e-01 -3.888628184795379639e-01 -1.934545636177062988e+00 4.145918287751847175e-02 4.024683127446208597e-01 4.346246891408880875e-01 -8.045948193244358837e-01
-2.328865230083465576e-01 -3.888432085514068604e-01 -1.934521675109863281e+00 4.147930538142161061e-02 4.024807093113237366e-01 4.346024460640481313e-01 -8.045908591923457420e-01
-2.328912764787673950e-01 -3.888240456581115723e-01 -1.934560894966125488e+00 4.148307726423273306e-02 4.024344147365683244e-01 4.346466255507943077e-01 -8.045976254679542139e-01
-2.328955680131912231e-01 -3.888195157051086426e-01 -1.934551596641540527e+00 4.149088935925855648e-02 4.024372948486535373e-01 4.346470320297152190e-01 -8.045919441806488326e-01
-2.328826934099197388e-01 -3.888055682182312012e-01 -1.934501528739929199e+00 4.150991957242006897e-02 4.024552613351198849e-01 4.346308471402333118e-01 -8.045940832811087073e-01
-2.328377664089202881e-01 -3.888394832611083984e-01 -1.934535264968872070e+00 4.142448455637207094e-02 4.024118993551910606e-01 4.346826224837335717e-01 -8.045932190320217448e-01
-2.328355461359024048e-01 -3.888422548770904541e-01 -1.934522390365600586e+00 4.142340538625410157e-02 4.024072744849889194e-01 4.346885509938786529e-01 -8.045875605650980589e-01
-2.328380793333053589e-01 -3.888518512248992920e-01 -1.934519052505493164e+00 4.142835135178295214e-02 4.024286519130871875e-01 4.347006792125286956e-01 -8.045711743196185539e-01
-2.328425049781799316e-01 -3.888135850429534912e-01 -1.934531211853027344e+00 4.148747736075974329e-02 4.024290871167531258e-01 4.346899615679271633e-01 -8.045735300228342712e-01
-2.328418493270874023e-01 -3.888139426708221436e-01 -1.934518218040466309e+00 4.148568145936153834e-02 4.024324998044248591e-01 4.346922565017814488e-01 -8.045677714941329439e-01
-2.328565269708633423e-01 -3.888232111930847168e-01 -1.934508919715881348e+00 4.150902211691831489e-02 4.024564240053289943e-01 4.346772197443034003e-01 -8.045624775951798480e-01
-2.328584194183349609e-01 -3.888290226459503174e-01 -1.934495449066162109e+00 4.151180416581912863e-02 4.024542204554835689e-01 4.346764464330072908e-01 -8.045659911412065268e-01
-2.328616976737976074e-01 -3.888358771800994873e-01 -1.934481024742126465e+00 4.151566282822648224e-02 4.024484001753860229e-01 4.346766044830357445e-01 -8.045673038416460976e-01
-2.329122871160507202e-01 -3.888483345508575439e-01 -1.934491515159606934e+00 4.151664987030567744e-02 4.024621619305784326e-01 4.346526312523453783e-01 -8.045731205180708390e-01
-2.329210340976715088e-01 -3.888568580150604248e-01 -1.934477448463439941e+00 4.152005947149203097e-02 4.024657188372608996e-01 4.346420601970726327e-01 -8.045804426173593926e-01
-2.329302281141281128e-01 -3.888661563396453857e-01 -1.934462428092956543e+00 4.152436593597652603e-02 4.024602235807126505e-01 4.346493763578795910e-01 -8.045768450010670758e-01
-2.329509705305099487e-01 -3.888843655586242676e-01 -1.934449911117553711e+00 4.154687788648763619e-02 4.024993111854295869e-01 4.346387431357415232e-01 -8.045648243243922471e-01
-2.328598499298095703e-01 -3.888704776763916016e-01 -1.934577941894531250e+00 4.158523669056362476e-02 4.025322343504067479e-01 4.345997377166294084e-01 -8.045712299936261802e-01
-2.328571528196334839e-01 -3.888804316520690918e-01 -1.934568643569946289e+00 4.157394782138192080e-02 4.025300664688124530e-01 4.345983919918426919e-01 -8.045681939996528476e-01
-2.328486889600753784e-01 -3.889123201370239258e-01 -1.934544205665588379e+00 4.162436563277636947e-02 4.025812759609576630e-01 4.345695894940243553e-01 -8.045582625901059881e-01
-2.328463047742843628e-01 -3.889156877994537354e-01 -1.934563279151916504e+00 4.167132550260958107e-02 4.026149950321379345e-01 4.345597512412444630e-01 -8.045376999169542298e-01
-2.328404486179351807e-01 -3.889239132404327393e-01 -1.934550881385803223e+00 4.170546116436629064e-02 4.026288178410122875e-01 4.345399242656842187e-01 -8.045403655629206341e-01
-2.328571826219558716e-01 -3.889008462429046631e-01 -1.934614539146423340e+00 4.167248764703398306e-02 4.025751608451024754e-01 4.346119964501544697e-01 -8.045327846331483679e-01
-2.328555136919021606e-01 -3.889091908931732178e-01 -1.934606552124023438e+00 4.168616275844454905e-02 4.025810761903591550e-01 4.346199132592092340e-01 -8.045296258302342407e-01
-2.328422367572784424e-01 -3.889166712760925293e-01 -1.934572696685791016e+00 4.167123610554218649e-02 4.026029855682989878e-01 4.346060972587730831e-01 -8.045222616317856401e-01
-2.328446358442306519e-01 -3.888982832431793213e-01 -1.934610009193420410e+00 4.164852303614408058e-02 4.025377497673355842e-01 4.346388157156799159e-01 -8.045359617685703402e-01
-2.328405678272247314e-01 -3.889033496379852295e-01 -1.934602022171020508e+00 4.165084856503819405e-02 4.025385291586484615e-01 4.346403071254266171e-01 -8.045343308024955897e-01
-2.328387796878814697e-01 -3.889043033123016357e-01 -1.934591054916381836e+00 4.165925516333501138e-02 4.025739066235067831e-01 4.346323644121427576e-01 -8.045223896707809352e-01
-2.328274101018905640e-01 -3.888677656650543213e-01 -1.934631824493408203e+00 4.168723512648316726e-02 4.025682179807467675e-01 4.346198140320260417e-01 -8.045321643440123127e-01
-2.328243255615234375e-01 -3.888687491416931152e-01 -1.934625506401062012e+00 4.168678830981954742e-02 4.025618092201151965e-01 4.346251873818742228e-01 -8.045339960110190480e-01
-2.328421324491500854e-01 -3.888810873031616211e-01 -1.934667348861694336e+00 4.172725047972983964e-02 4.025892693153663715e-01 4.346001296739748221e-01 -8.045284223723758732e-01
-2.328249663114547729e-01 -3.888470828533172607e-01 -1.934702873229980469e+00 4.173296382664808124e-02 4.026116358029654951e-01 4.345763378053627557e-01 -8.045311113008479786e-01
-2.328227907419204712e-01 -3.888468146324157715e-01 -1.934703230857849121e+00 4.174037215868902501e-02 4.026083641768038457e-01 4.345838147246905425e-01 -8.045295103482410504e-01
-2.328401952981948853e-01 -3.888605535030364990e-01 -1.934739708900451660e+00 4.175366815568188478e-02 4.026521754196680791e-01 4.345453534342127999e-01 -8.045281309997814878e-01
-2.328551709651947021e-01 -3.888601362705230713e-01 -1.934775471687316895e+00 4.174528057012783649e-02 4.025910096411555728e-01 4.345423541142587887e-01 -8.045587769160092995e-01
-2.328581511974334717e-01 -3.888640999794006348e-01 -1.934775590896606445e+00 4.173073214360603633e-02 4.025899601960964413e-01 4.345445880106134084e-01 -8.045603886144526706e-01
-2.328624129295349121e-01 -3.888657391071319580e-01 -1.934778332710266113e+00 4.172564345995600360e-02 4.026262019654196500e-01 4.345265158833835906e-01 -8.045503013273115345e-01
-2.328642010688781738e-01 -3.888460993766784668e-01 -1.934805989265441895e+00 4.175661233403042683e-02 4.026005894510259475e-01 4.345425493645966308e-01 -8.045549099301778639e-01
-2.328675687313079834e-01 -3.888434469699859619e-01 -1.934804677963256836e+00 4.175420347627751411e-02 4.025934813966136616e-01 4.345337153049403933e-01 -8.045577866864509486e-01
-2.328665405511856079e-01 -3.888276219367980957e-01 -1.934774637222290039e+00 4.174429893401165187e-02 4.026233223695032670e-01 4.345233016263886916e-01 -8.045525306041101388e-01
-2.328582257032394409e-01 -3.888188004493713379e-01 -1.934809088706970215e+00 4.176053758227696311e-02 4.026030684410749627e-01 4.345056299498556429e-01 -8.045713470231442566e-01
-2.328611910343170166e-01 -3.888182640075683594e-01 -1.934805750846862793e+00 4.176321367637642057e-02 4.026022466074734019e-01 4.345113270976272424e-01 -8.045713496368834816e-01
-2.328389436006546021e-01 -3.888413906097412109e-01 -1.934767007827758789e+00 4.175884263397903334e-02 4.026386789608180083e-01 4.345018557769196321e-01 -8.045567226469770850e-01
-2.328646183013916016e-01 -3.888625800609588623e-01 -1.934731125831604004e+00 4.178506202968856192e-02 4.026042783369783162e-01 4.345170014045567908e-01 -8.045611229540255982e-01
-2.328668683767318726e-01 -3.888647258281707764e-01 -1.934723734855651855e+00 4.178327891888072160e-02 4.026157534886009026e-01 4.345234191029218040e-01 -8.045530188378116065e-01
-2.328600734472274780e-01 -3.888543844223022461e-01 -1.934680938720703125e+00 4.176838697212637008e-02 4.026405005703245776e-01 4.345131640262238082e-01 -8.045500062064523394e-01
-2.328369468450546265e-01 -3.888315558433532715e-01 -1.934728741645812988e+00 4.177168684330789805e-02 4.026293831252272248e-01 4.344852595613922230e-01 -8.045734903419003992e-01
-2.328341305255889893e-01 -3.888336122035980225e-01 -1.934721708297729492e+00 4.176241086615213594e-02 4.026285399549885957e-01 4.344868534939085869e-01 -8.045693325408610486e-01
-2.328361868858337402e-01 -3.888758122920989990e-01 -1.934718608856201172e+00 4.175857500427468394e-02 4.026651677926443851e-01 4.344710974584451990e-01 -8.045600948279442166e-01
-2.328335642814636230e-01 -3.888800144195556641e-01 -1.934719324111938477e+00 4.181260142862879003e-02 4.026420302855457933e-01 4.344585382867023338e-01 -8.045791415793435153e-01
-2.328334748744964600e-01 -3.888874351978302002e-01 -1.934714198112487793e+00 4.182578539797806444e-02 4.026433691209851951e-01 4.344616050144555208e-01 -8.045697502256718980e-01
-2.328193932771682739e-01 -3.888981938362121582e-01 -1.934698820114135742e+00 4.180654253521545738e-02 4.026626022344926836e-01 4.344612661308940305e-01 -8.045620850101313781e-01
-2.328332215547561646e-01 -3.888645172119140625e-01 -1.934732556343078613e+00 4.181402692301856155e-02 4.026685732267862861e-01 4.344398069891047265e-01 -8.045755890572978686e-01
-2.328317463397979736e-01 -3.888684511184692383e-01 -1.934725761413574219e+00 4.180502767465453517e-02 4.026789754685156097e-01 4.344410085425040036e-01 -8.045694962847029785e-01
-2.328505665063858032e-01 -3.888782560825347900e-01 -1.934753894805908203e+00 4.180458211698385995e-02 4.027014461135898227e-01 4.344235390826212684e-01 -8.045659522385141260e-01
-2.328394353389739990e-01 -3.888582289218902588e-01 -1.934791088104248047e+00 4.181509601191995412e-02 4.026807287567530369e-01 4.344137325889453893e-01 -8.045810325921995965e-01
-2.328370511531829834e-01 -3.888616859912872314e-01 -1.934789299964904785e+00 4.181251233361579778e-02 4.026831592327399512e-01 4.344074324974079859e-01 -8.045821033256328469e-01
-2.328553944826126099e-01 -3.888448178768157959e-01 -1.934797167778015137e+00 4.181545236881303862e-02 4.027004601569282305e-01 4.344128812998526712e-01 -8.045741758447350067e-01
-2.328988313674926758e-01 -3.888799846172332764e-01 -1.934757113456726074e+00 4.178951947384376003e-02 4.026187437070636865e-01 4.344414147377103630e-01 -8.046022463536635083e-01
-2.329080700874328613e-01 -3.888868689537048340e-01 -1.934755086898803711e+00 4.179067833144763794e-02 4.026232680006973097e-01 4.344350727215386399e-01 -8.046016852572803746e-01
-2.329235374927520752e-01 -3.888938426971435547e-01 -1.934749245643615723e+00 4.182729950675589947e-02 4.026384126808196795e-01 4.344273526833521970e-01 -8.045903230543147711e-01
-2.329312413930892944e-01 -3.889210820198059082e-01 -1.934790611267089844e+00 4.178194153583612847e-02 4.025583823568422148e-01 4.344670692920835076e-01 -8.046106908703726246e-01
-2.329435348510742188e-01 -3.889304995536804199e-01 -1.934789180755615234e+00 4.178880631472968454e-02 4.025678483340106029e-01 4.344588131377126183e-01 -8.046100939160710785e-01
-2.329341322183609009e-01 -3.889167010784149170e-01 -1.934725165367126465e+00 4.179593735828573964e-02 4.025950682882050713e-01 4.344310354674896790e-01 -8.046200582804095003e-01
-2.329008132219314575e-01 -3.888955116271972656e-01 -1.934801578521728516e+00 4.181037399634744689e-02 4.025979035383479565e-01 4.344296497012684055e-01 -8.046107786791542038e-01
-2.329059541225433350e-01 -3.889018893241882324e-01 -1.934802651405334473e+00 4.180752270985863689e-02 4.026086089654495881e-01 4.344364668732904056e-01 -8.046036357970512976e-01
-2.329019606113433838e-01 -3.888876736164093018e-01 -1.934770703315734863e+00 4.179032176329992160e-02 4.026274164481840057e-01 4.344262995195834476e-01 -8.045996361297869104e-01
-2.328730970621109009e-01 -3.888590037822723389e-01 -1.934839010238647461e+00 4.179103489655304482e-02 4.026301731244240067e-01 4.343967794122855497e-01 -8.046172838245834180e-01
-2.328712344169616699e-01 -3.888600468635559082e-01 -1.934841156005859375e+00 4.180253249053121622e-02 4.026213806869661238e-01 4.343988553193376401e-01 -8.046153820708454862e-01
-2.328583896160125732e-01 -3.888266682624816895e-01 -1.934793829917907715e+00 4.179789818197653800e-02 4.026364310927780243e-01 4.343903346445199265e-01 -8.046186754445945333e-01
-2.328393459320068359e-01 -3.888243138790130615e-01 -1.934822201728820801e+00 4.179370903787820585e-02 4.026489787098246897e-01 4.343743329488576332e-01 -8.046217778496925765e-01
-2.328341603279113770e-01 -3.888226151466369629e-01 -1.934821605682373047e+00 4.180787913130410566e-02 4.026358287513834844e-01 4.343789437971686818e-01 -8.046251117566710631e-01
-2.328319251537322998e-01 -3.888153731822967529e-01 -1.934818863868713379e+00 4.183486922865423813e-02 4.026506875301311683e-01 4.343537328048891477e-01 -8.046267512399536415e-01
-2.328351140022277832e-01 -3.888287544250488281e-01 -1.934852480888366699e+00 4.181482874225713603e-02 4.026476665197818439e-01 4.343584224577711206e-01 -8.046243058615984989e-01
-2.328771948814392090e-01 -3.888785243034362793e-01 -1.934800505638122559e+00 4.182070828027294879e-02 4.025682547471157724e-01 4.344046058616741202e-01 -8.046439101051339193e-01
-2.328742146492004395e-01 -3.888756632804870605e-01 -1.934779524803161621e+00 4.182044104647748839e-02 4.026135847134784673e-01 4.344027496520793119e-01 -8.046217938681432535e-01
-2.328733503818511963e-01 -3.888770937919616699e-01 -1.934775948524475098e+00 4.183299918946842277e-02 4.026020765144551761e-01 4.343945218519462692e-01 -8.046279899830363069e-01
-2.328878194093704224e-01 -3.888875842094421387e-01 -1.934793472290039062e+00 4.179477864650063546e-02 4.025135315419772208e-01 4.344270356402737954e-01 -8.046601920209883740e-01
-2.328893244266510010e-01 -3.888884484767913818e-01 -1.934790253639221191e+00 4.182346959617524312e-02 4.025235052951322556e-01 4.344111975341168330e-01 -8.046604391256912958e-01
-2.328833490610122681e-01 -3.888848125934600830e-01 -1.934773206710815430e+00 4.178969776172065942e-02 4.025150455619570522e-01 4.344228022505366993e-01 -8.046606794309928423e-01
-2.328498363494873047e-01 -3.888417780399322510e-01 -1.934834241867065430e+00 4.180779002622760088e-02 4.025632642291328556e-01 4.343677512870819379e-01 -8.046613994632680900e-01
-2.328534722328186035e-01 -3.888194859027862549e-01 -1.934822559356689453e+00 4.180297807004786093e-02 4.025899980402864453e-01 4.343514496399641933e-01 -8.046552844382447445e-01
-2.328529804944992065e-01 -3.888148367404937744e-01 -1.934822916984558105e+00 4.179950242385215703e-02 4.025885374151990659e-01 4.343479956053320490e-01 -8.046630142986808121e-01
-2.328560501337051392e-01 -3.888013660907745361e-01 -1.934832572937011719e+00 4.180725539178044292e-02 4.025979955348285011e-01 4.343184165282715226e-01 -8.046747191506615771e-01
-2.328574955463409424e-01 -3.888158798217773438e-01 -1.934850096702575684e+00 4.181937209421892482e-02 4.026224507015926934e-01 4.343358189842830841e-01 -8.046500218684788930e-01
-2.328580319881439209e-01 -3.888125717639923096e-01 -1.934851288795471191e+00 4.181839219731157964e-02 4.026247584247097944e-01 4.343296052329767565e-01 -8.046539107147313574e-01
-2.328852713108062744e-01 -3.888520300388336182e-01 -1.934830546379089355e+00 4.183691727090238510e-02 4.025579612033101107e-01 4.344208006809107125e-01 -8.046411444074962338e-01
-2.329019904136657715e-01 -3.888346552848815918e-01 -1.934828400611877441e+00 4.179397644260011285e-02 4.025668944126026272e-01 4.344446441407364135e-01 -8.046225126325384780e-01
-2.329060733318328857e-01 -3.888280987739562988e-01 -1.934825420379638672e+00 4.179219371213569595e-02 4.025665955856985168e-01 4.344517665365134618e-01 -8.046190407396313082e-01
-2.329224795103073120e-01 -3.888960182666778564e-01 -1.934817910194396973e+00 4.179531344054698144e-02 4.025369033263916374e-01 4.345152435300649318e-01 -8.045994473685391668e-01
-2.329090833663940430e-01 -3.888746201992034912e-01 -1.934754848480224609e+00 4.179771992907847095e-02 4.025504475858050490e-01 4.344973566039908586e-01 -8.045957253813079690e-01
-2.329127639532089233e-01 -3.888731300830841064e-01 -1.934745669364929199e+00 4.179255026431220876e-02 4.025578128382606424e-01 4.345011860689869110e-01 -8.045984489506460280e-01
-2.328673750162124634e-01 -3.888206779956817627e-01 -1.934836983680725098e+00 4.180912658243520624e-02 4.025625129828922510e-01 4.344825291518419341e-01 -8.045971838047057956e-01
-2.328651398420333862e-01 -3.888528943061828613e-01 -1.934837222099304199e+00 4.181554145756178481e-02 4.026169279257210132e-01 4.344625581309323747e-01 -8.045860031606451024e-01
-2.328658103942871094e-01 -3.888510763645172119e-01 -1.934832453727722168e+00 4.181839219731157964e-02 4.026258274156784278e-01 4.344589531401809590e-01 -8.045821101546717369e-01
-2.328667640686035156e-01 -3.888623118400573730e-01 -1.934824228286743164e+00 4.184733402096447313e-02 4.025684974889360279e-01 4.344583018040415467e-01 -8.046101688728864998e-01
-2.328772395849227905e-01 -3.888859748840332031e-01 -1.934832692146301270e+00 4.187856872496588390e-02 4.025902614376292155e-01 4.344299505126324457e-01 -8.046124589568801611e-01
-2.328793406486511230e-01 -3.888888955116271973e-01 -1.934828639030456543e+00 4.187171866243045992e-02 4.025920659838604365e-01 4.344141878206745355e-01 -8.046214912020670518e-01
-2.328915297985076904e-01 -3.888685703277587891e-01 -1.934848308563232422e+00 4.190124600180650943e-02 4.025651256351079343e-01 4.344295466614511714e-01 -8.046238402308133475e-01
-2.328993082046508789e-01 -3.888757824897766113e-01 -1.934831380844116211e+00 4.189030908325318964e-02 4.025770309604589370e-01 4.343999706984648101e-01 -8.046359578115472866e-01
-2.329057753086090088e-01 -3.888811171054840088e-01 -1.934827208518981934e+00 4.188541766722225085e-02 4.025738820844837473e-01 4.344055187751424962e-01 -8.046352917168535512e-01
-2.329195588827133179e-01 -3.888939321041107178e-01 -1.934811115264892578e+00 4.189368827345197471e-02 4.025801276503770398e-01 4.344015675853082903e-01 -8.046311665957641690e-01
-2.329341024160385132e-01 -3.889049589633941650e-01 -1.934804320335388184e+00 4.189697827570926236e-02 4.026125337937807025e-01 4.343909294553649492e-01 -8.046234653910133705e-01
-2.329442948102951050e-01 -3.889141082763671875e-01 -1.934800267219543457e+00 4.189244334035448214e-02 4.026070306907724161e-01 4.343984703354396570e-01 -8.046179074174996115e-01
-2.329140007495880127e-01 -3.889105319976806641e-01 -1.934838294982910156e+00 4.192311127923056824e-02 4.026142810602224564e-01 4.343764218854408998e-01 -8.046275126560822333e-01
-2.329045385122299194e-01 -3.889010250568389893e-01 -1.934785962104797363e+00 4.188879725201401227e-02 4.026406515213525883e-01 4.343640678073394934e-01 -8.046233777873627036e-01
-2.329096198081970215e-01 -3.889077007770538330e-01 -1.934784650802612305e+00 4.189208763838850325e-02 4.026502879803514623e-01 4.343562730255478566e-01 -8.046204709144093581e-01
-2.328801602125167847e-01 -3.889017701148986816e-01 -1.934822559356689453e+00 4.194025776489643947e-02 4.026308802002108167e-01 4.343572967955692254e-01 -8.046337766012335857e-01
-2.328485250473022461e-01 -3.889151215553283691e-01 -1.934765577316284180e+00 4.199405045036370271e-02 4.026537731191822678e-01 4.343189687446511460e-01 -8.046342376848411027e-01
-2.328398823738098145e-01 -3.889160752296447754e-01 -1.934750556945800781e+00 4.199972750371000485e-02 4.026266658590682557e-01 4.343191578126232022e-01 -8.046505403579755633e-01
-2.328726351261138916e-01 -3.888800442218780518e-01 -1.934774756431579590e+00 4.203864787630477717e-02 4.026034054792965167e-01 4.343324859642260227e-01 -8.046494172944040901e-01
-2.328745424747467041e-01 -3.888762891292572021e-01 -1.934745430946350098e+00 4.200611327162837028e-02 4.026356966748451671e-01 4.343262086401949995e-01 -8.046396051165197738e-01
-2.328653335571289062e-01 -3.888609409332275391e-01 -1.934743165969848633e+00 4.196165882457239538e-02 4.026350496638288479e-01 4.342742625766796705e-01 -8.046717326921393187e-01
-2.328578531742095947e-01 -3.888804316520690918e-01 -1.934807658195495605e+00 4.187999197398731277e-02 4.025776472348286394e-01 4.343482952843192857e-01 -8.046646377068985556e-01
-2.328556478023529053e-01 -3.888597190380096436e-01 -1.934789657592773438e+00 4.188399460256988366e-02 4.025932524250723232e-01 4.343146139373365577e-01 -8.046731255555774620e-01
-2.328373491764068604e-01 -3.888382315635681152e-01 -1.934802532196044922e+00 4.185285295722598192e-02 4.026047779686126593e-01 4.342838757089751978e-01 -8.046833333576793867e-01
-2.328503578901290894e-01 -3.888185024261474609e-01 -1.934823632240295410e+00 4.187678959566686065e-02 4.025771195856112650e-01 4.343071413386178636e-01 -8.046891648933611751e-01
-2.328498810529708862e-01 -3.888022899627685547e-01 -1.934816122055053711e+00 4.187243040940545613e-02 4.026047956051250210e-01 4.342854518266451858e-01 -8.046866395649727721e-01
-2.328613698482513428e-01 -3.888065814971923828e-01 -1.934780716896057129e+00 4.186753690459556893e-02 4.026041600985210134e-01 4.342863837033000829e-01 -8.046851294728092352e-01
-2.328324764966964722e-01 -3.888508081436157227e-01 -1.934800148010253906e+00 4.183736248421158349e-02 4.025811023669109701e-01 4.343260670870854323e-01 -8.046794179901336497e-01
-2.328471243381500244e-01 -3.888644576072692871e-01 -1.934841036796569824e+00 4.185401006124669920e-02 4.026068204815451135e-01 4.343088962301608902e-01 -8.046728358211138188e-01
-2.328581660985946655e-01 -3.888964951038360596e-01 -1.934798240661621094e+00 4.184626575568013013e-02 4.026336127083011140e-01 4.342920584982746801e-01 -8.046647161058027020e-01
-2.328606098890304565e-01 -3.889009356498718262e-01 -1.934798240661621094e+00 4.184804618267077420e-02 4.026307257562287134e-01 4.342913854144476171e-01 -8.046737450651101353e-01
-2.328560501337051392e-01 -3.889068365097045898e-01 -1.934779882431030273e+00 4.183878713496443774e-02 4.026617756004564064e-01 4.343062916759937164e-01 -8.046461413013554775e-01
-2.328580468893051147e-01 -3.888917565345764160e-01 -1.934809088706970215e+00 4.183567064843078664e-02 4.026618519100014226e-01 4.343094376633664933e-01 -8.046480243735736337e-01
-2.328629195690155029e-01 -3.888971805572509766e-01 -1.934808254241943359e+00 4.182738857027126778e-02 4.026596430667442328e-01 4.343038763857772211e-01 -8.046488167036385253e-01
-2.328666746616363525e-01 -3.888766169548034668e-01 -1.934786081314086914e+00 4.182970415510943452e-02 4.026818821096347367e-01 4.342812593760314033e-01 -8.046475558409089679e-01
-2.328424453735351562e-01 -3.888622224330902100e-01 -1.934826612472534180e+00 4.180779002622760088e-02 4.026438153041286272e-01 4.342683099157376159e-01 -8.046786858665304631e-01
-2.328452318906784058e-01 -3.888640105724334717e-01 -1.934827923774719238e+00 4.180618610237474969e-02 4.026478571189201494e-01 4.342621591270728887e-01 -8.046773006229744896e-01
-2.328554242849349976e-01 -3.888630568981170654e-01 -1.934830069541931152e+00 4.180253249053121622e-02 4.026926737895896169e-01 4.342551997175513323e-01 -8.046561973720973704e-01
-2.328811734914779663e-01 -3.888469636440277100e-01 -1.934835076332092285e+00 4.183380064506974499e-02 4.027158273141530076e-01 4.342284034925230629e-01 -8.046640456165121691e-01
-2.328872680664062500e-01 -3.888451457023620605e-01 -1.934838891029357910e+00 4.184314982615571638e-02 4.027063299228813564e-01 4.342289588567890823e-01 -8.046649869756163920e-01
-2.328992038965225220e-01 -3.888184726238250732e-01 -1.934823155403137207e+00 4.181500692222216153e-02 4.027133026614571065e-01 4.342521583548717423e-01 -8.046518804855925522e-01
-2.328482568264007568e-01 -3.888555169105529785e-01 -1.934847116470336914e+00 4.176838697212637008e-02 4.027122087117465110e-01 4.342384611959009821e-01 -8.046609576093489702e-01
-2.328474372625350952e-01 -3.888542056083679199e-01 -1.934852361679077148e+00 4.176704911224088379e-02 4.027094103674635495e-01 4.342445215874556341e-01 -8.046597960704190422e-01
-2.328376919031143188e-01 -3.888401389122009277e-01 -1.934825062751770020e+00 4.179504604437918325e-02 4.027234478272181950e-01 4.342042776293260076e-01 -8.046732269340738375e-01
-2.328637391328811646e-01 -3.888136446475982666e-01 -1.934822797775268555e+00 4.180538411737200200e-02 4.027143942217003558e-01 4.342252218816596288e-01 -8.046651131768803866e-01
-2.328648418188095093e-01 -3.888067007064819336e-01 -1.934827566146850586e+00 4.180351275919864246e-02 4.027138861900178002e-01 4.342186388499730820e-01 -8.046711920702389609e-01
-2.328781336545944214e-01 -3.888102471828460693e-01 -1.934852719306945801e+00 4.179656126671096872e-02 4.027519866568879947e-01 4.342102842195141865e-01 -8.046600989021762684e-01
-2.328195571899414062e-01 -3.889372050762176514e-01 -1.934805512428283691e+00 4.178479456791824032e-02 4.027131271978096616e-01 4.342580259628500139e-01 -8.046502561624556682e-01
-2.328142672777175903e-01 -3.889465928077697754e-01 -1.934810161590576172e+00 4.178265481212034560e-02 4.027152057485173797e-01 4.342570837214117518e-01 -8.046500939025988952e-01
-2.328083366155624390e-01 -3.889169991016387939e-01 -1.934792757034301758e+00 4.176205405665427833e-02 4.027383096448776678e-01 4.342447228982050933e-01 -8.046448927971902032e-01
-2.328449487686157227e-01 -3.888868093490600586e-01 -1.934790730476379395e+00 4.178069327303786384e-02 4.027137834510826075e-01 4.342571422664794345e-01 -8.046500658877541179e-01
-2.328435033559799194e-01 -3.888903856277465820e-01 -1.934795022010803223e+00 4.178818229052100319e-02 4.027136423584701808e-01 4.342627589833568669e-01 -8.046420781070731110e-01
-2.328366190195083618e-01 -3.889186382293701172e-01 -1.934792280197143555e+00 4.180912658243520624e-02 4.027250356199293391e-01 4.342533579772480112e-01 -8.046420913754659399e-01
-2.328793406486511230e-01 -3.888932466506958008e-01 -1.934782743453979492e+00 4.185107273472498529e-02 4.027013032131764869e-01 4.342692360349206249e-01 -8.046435034072582093e-01
-2.328824549913406372e-01 -3.888966739177703857e-01 -1.934782743453979492e+00 4.185196285544096756e-02 4.027069802151424516e-01 4.342717493286567532e-01 -8.046441922210284536e-01
-2.328795343637466431e-01 -3.888766169548034668e-01 -1.934759378433227539e+00 4.183887617402578391e-02 4.027104243445321363e-01 4.342508755630569706e-01 -8.046545793424592086e-01
-2.328664213418960571e-01 -3.888379633426666260e-01 -1.934805750846862793e+00 4.185018259507683469e-02 4.027052397623290814e-01 4.342339653433074931e-01 -8.046654247157026818e-01
-2.328673005104064941e-01 -3.888341486454010010e-01 -1.934808254241943359e+00 4.184493038572358742e-02 4.027094921596933719e-01 4.342314919708872845e-01 -8.046624406553273268e-01
-2.328623086214065552e-01 -3.888236284255981445e-01 -1.934795022010803223e+00 4.184083498543731544e-02 4.027392937928987449e-01 4.342369562741796307e-01 -8.046477148492149345e-01
-2.328880429267883301e-01 -3.889051973819732666e-01 -1.934771895408630371e+00 4.175875342426816489e-02 4.026966333984555724e-01 4.342868962773830943e-01 -8.046439044251672001e-01
-2.328885495662689209e-01 -3.889095783233642578e-01 -1.934768438339233398e+00 4.175670154831555986e-02 4.027017903174969216e-01 4.342864683701691542e-01 -8.046413345971157316e-01
-2.328943312168121338e-01 -3.888857066631317139e-01 -1.934741735458374023e+00 4.173055360380689000e-02 4.027109474759995589e-01 4.342593545529076504e-01 -8.046516726108270401e-01
-2.328843176364898682e-01 -3.889134526252746582e-01 -1.934762001037597656e+00 4.164548176395524437e-02 4.026433596441174600e-01 4.342819749376496952e-01 -8.046821996435902236e-01
-2.328843325376510620e-01 -3.889198005199432373e-01 -1.934753537178039551e+00 4.167990672832347365e-02 4.026600931551131413e-01 4.342604214703387200e-01 -8.046813083197601468e-01
-2.328845113515853882e-01 -3.889230787754058838e-01 -1.934736251831054688e+00 4.164575012043509467e-02 4.026743989985259176e-01 4.342677266760973653e-01 -8.046712895204616300e-01
-2.328763306140899658e-01 -3.889118432998657227e-01 -1.934752941131591797e+00 4.169295395686056782e-02 4.026970617817023368e-01 4.342546201953983998e-01 -8.046682393188865356e-01
-2.328777760267257690e-01 -3.889192938804626465e-01 -1.934748411178588867e+00 4.171608934240478989e-02 4.027144850558938005e-01 4.342291804219340356e-01 -8.046691968358421487e-01
-2.328714877367019653e-01 -3.889091610908508301e-01 -1.934712648391723633e+00 4.169858266448035061e-02 4.027288258308130975e-01 4.342399566403395417e-01 -8.046571783855248627e-01
-2.328805327415466309e-01 -3.889143764972686768e-01 -1.934711575508117676e+00 4.160395512394171602e-02 4.026197524258713911e-01 4.343537012536435316e-01 -8.046544391593671852e-01
-2.328884154558181763e-01 -3.889073431491851807e-01 -1.934705018997192383e+00 4.161962197761312487e-02 4.026443462715686983e-01 4.343473738027306408e-01 -8.046433396596739396e-01
-2.328925579786300659e-01 -3.889144659042358398e-01 -1.934699296951293945e+00 4.161416162970251603e-02 4.026524188375533164e-01 4.343499381046264096e-01 -8.046422123161103279e-01
-2.328613847494125366e-01 -3.889393210411071777e-01 -1.934723734855651855e+00 4.154669855660641370e-02 4.025813884714609658e-01 4.344089244798973182e-01 -8.046427191650062927e-01
-2.328670769929885864e-01 -3.889340162277221680e-01 -1.934725999832153320e+00 4.156615133667121431e-02 4.025915870604484526e-01 4.343970580652132818e-01 -8.046483030350186638e-01
-2.328649610280990601e-01 -3.889344334602355957e-01 -1.934697985649108887e+00 4.154006280675739959e-02 4.025958364029581515e-01 4.343976069160367381e-01 -8.046419377312293841e-01
-2.328742295503616333e-01 -3.888652622699737549e-01 -1.934771656990051270e+00 4.158156366475081189e-02 4.026143780203754186e-01 4.343797498094972842e-01 -8.046430169336862281e-01
-2.328722923994064331e-01 -3.888778686523437500e-01 -1.934779286384582520e+00 4.159553734932204538e-02 4.026374647981063037e-01 4.343792686481866561e-01 -8.046335019138745048e-01
-2.328721433877944946e-01 -3.888793289661407471e-01 -1.934774994850158691e+00 4.159616426358353491e-02 4.026356952783472498e-01 4.343712889892670792e-01 -8.046344504668637709e-01
-2.328648567199707031e-01 -3.888663947582244873e-01 -1.934811592102050781e+00 4.161192357519755830e-02 4.026293127898941115e-01 4.343876231032692270e-01 -8.046289096304155564e-01
-2.328810840845108032e-01 -3.888623416423797607e-01 -1.934842109680175781e+00 4.163581977873692663e-02 4.026441025967023579e-01 4.343648595303171711e-01 -8.046384507682199372e-01
-2.328835874795913696e-01 -3.888612687587738037e-01 -1.934843182563781738e+00 4.163537241030126901e-02 4.026384078655784182e-01 4.343566424625822098e-01 -8.046408333462624629e-01
-2.329078912734985352e-01 -3.888366818428039551e-01 -1.934888958930969238e+00 4.159356698584185108e-02 4.025884697582933214e-01 4.343787088629932902e-01 -8.046610503136615300e-01
-2.329020202159881592e-01 -3.888325095176696777e-01 -1.934858679771423340e+00 4.159858227294700034e-02 4.026105001243311943e-01 4.343696822709235406e-01 -8.046451725326613236e-01
-2.329061627388000488e-01 -3.888308405876159668e-01 -1.934858918190002441e+00 4.159213393559126060e-02 4.026134472097049333e-01 4.343761201431868280e-01 -8.046459616662782199e-01
-2.329038232564926147e-01 -3.888897597789764404e-01 -1.934852004051208496e+00 4.158066775557790057e-02 4.025409867026381594e-01 4.343955596975860312e-01 -8.046725385024016131e-01
-2.329036444425582886e-01 -3.888945281505584717e-01 -1.934827685356140137e+00 4.158693871447548956e-02 4.025773898798886141e-01 4.343777122126707968e-01 -8.046642485904974551e-01
-2.329076677560806274e-01 -3.888977468013763428e-01 -1.934827089309692383e+00 4.159123825411059627e-02 4.025690927128062202e-01 4.343783090518704704e-01 -8.046704555201040776e-01
-2.329023182392120361e-01 -3.888884484767913818e-01 -1.934847474098205566e+00 4.159302959778394398e-02 4.025019564394867189e-01 4.344505993884137385e-01 -8.046585492560351938e-01
-2.328793406486511230e-01 -3.888843357563018799e-01 -1.934798359870910645e+00 4.160341787006657105e-02 4.025217983247358911e-01 4.344406153098751555e-01 -8.046589203910889943e-01
-2.328766584396362305e-01 -3.888829052448272705e-01 -1.934792995452880859e+00 4.160861103360692648e-02 4.025173998867707659e-01 4.344458419105450275e-01 -8.046566178100053035e-01
-2.328790724277496338e-01 -3.888808190822601318e-01 -1.934823036193847656e+00 4.162696098886352336e-02 4.024555865535082155e-01 4.344590881920248338e-01 -8.046813570152530071e-01
-2.328788787126541138e-01 -3.888825178146362305e-01 -1.934816479682922363e+00 4.161935345266222497e-02 4.024865446812820879e-01 4.344500677834328695e-01 -8.046651797588917354e-01
-2.328757643699645996e-01 -3.888797461986541748e-01 -1.934810400009155273e+00 4.161693665013692367e-02 4.024959539565085564e-01 4.344402080049606929e-01 -8.046673308607515951e-01
-2.328831255435943604e-01 -3.888571262359619141e-01 -1.934816241264343262e+00 4.164440832074296078e-02 4.025020230805270716e-01 4.344459578862220339e-01 -8.046583929919085554e-01
-2.328560799360275269e-01 -3.888368010520935059e-01 -1.934835553169250488e+00 4.166211659701120340e-02 4.025398190746480864e-01 4.344286869056305234e-01 -8.046520473386910011e-01
-2.328786402940750122e-01 -3.888322412967681885e-01 -1.934882998466491699e+00 4.165469434713705427e-02 4.025278367373457677e-01 4.344420618786496435e-01 -8.046498280438371120e-01
-2.328784316778182983e-01 -3.888268768787384033e-01 -1.934885740280151367e+00 4.164360322017528204e-02 4.025294851247427919e-01 4.344454114315263182e-01 -8.046460391223018149e-01
-2.328760474920272827e-01 -3.888236880302429199e-01 -1.934894204139709473e+00 4.167382854263756986e-02 4.025218025971094571e-01 4.344456891002839161e-01 -8.046506397114512321e-01
-2.328776568174362183e-01 -3.888161182403564453e-01 -1.934883832931518555e+00 4.165138520711316600e-02 4.025311962433759105e-01 4.344529655490551034e-01 -8.046454242806508894e-01
-2.328690141439437866e-01 -3.887984156608581543e-01 -1.934890747070312500e+00 4.164861248196416454e-02 4.025504810151401269e-01 4.344493306859472659e-01 -8.046362020481995225e-01
-2.328645884990692139e-01 -3.888072073459625244e-01 -1.934913277626037598e+00 4.170019072710874630e-02 4.025553511704879628e-01 4.344461916572297522e-01 -8.046340102998609245e-01
