repeatability steamvr; 20211020-212739; x y z w i j k;  frequency = 150 duration = 2 sys.args = ['.\\repeatability.py']
-2.554843127727508545e-01 -6.219977736473083496e-01 -1.915044665336608887e+00 4.986209926257711977e-02 3.978478395526952038e-01 4.436001886890559298e-01 -8.015154343379340407e-01
-2.554773986339569092e-01 -6.220011115074157715e-01 -1.915051698684692383e+00 4.986822525897669639e-02 3.978557404994825797e-01 4.435830465508488474e-01 -8.015169254227679785e-01
-2.554767429828643799e-01 -6.219958066940307617e-01 -1.915069222450256348e+00 4.986837466412190334e-02 3.978405044651039391e-01 4.435963592628329177e-01 -8.015218449273292523e-01
-2.555041611194610596e-01 -6.219950318336486816e-01 -1.915025115013122559e+00 4.989988914469788150e-02 3.978675615469031701e-01 4.436112418292010307e-01 -8.014941808618633035e-01
-2.555028498172760010e-01 -6.219969987869262695e-01 -1.915025711059570312e+00 4.989182572274409450e-02 3.978649622017185750e-01 4.436094647639987065e-01 -8.014985743517866190e-01
-2.555099427700042725e-01 -6.219897866249084473e-01 -1.915023922920227051e+00 4.985881183226119340e-02 3.978504610615068993e-01 4.436243566329733379e-01 -8.014999909455431393e-01
-2.555194199085235596e-01 -6.219596266746520996e-01 -1.914953708648681641e+00 4.992101211876685124e-02 3.978392067214409633e-01 4.436294989202977934e-01 -8.014966735634793116e-01
-2.555351257324218750e-01 -6.219630837440490723e-01 -1.914951682090759277e+00 4.988503053135628917e-02 3.979027291365872521e-01 4.436119421793994766e-01 -8.014781119457805580e-01
-2.555794715881347656e-01 -6.219874620437622070e-01 -1.914940953254699707e+00 4.986396702415499260e-02 3.978604302461106190e-01 4.436032958876939269e-01 -8.015052844733495663e-01
-2.555968463420867920e-01 -6.220285892486572266e-01 -1.914895415306091309e+00 4.983138322629383082e-02 3.978873389533966187e-01 4.435886464221258652e-01 -8.015006856281650105e-01
-2.555625736713409424e-01 -6.219869256019592285e-01 -1.914922952651977539e+00 4.985500113042207193e-02 3.978766865794549634e-01 4.435814506410644675e-01 -8.015116384175761111e-01
-2.555617392063140869e-01 -6.219912767410278320e-01 -1.914918780326843262e+00 4.985059230800741037e-02 3.978730159450118431e-01 4.435875015812004163e-01 -8.015103363678262038e-01
-2.555624842643737793e-01 -6.219953894615173340e-01 -1.914915084838867188e+00 4.984476309676481171e-02 3.978726107580171090e-01 4.435969268514309838e-01 -8.015051179401482262e-01
-2.555487155914306641e-01 -6.219940185546875000e-01 -1.914946436882019043e+00 4.984461362084587066e-02 3.978687217246372199e-01 4.435946696992961180e-01 -8.015087173332577919e-01
-2.555577754974365234e-01 -6.219854354858398438e-01 -1.914968371391296387e+00 4.982480409548269151e-02 3.979015969967779620e-01 4.435557044442502983e-01 -8.015154528567732806e-01
-2.555577158927917480e-01 -6.219878792762756348e-01 -1.914971351623535156e+00 4.982555176773457301e-02 3.978980186983511746e-01 4.435529364027140931e-01 -8.015173320759416686e-01
-2.555329203605651855e-01 -6.219797730445861816e-01 -1.914996027946472168e+00 4.979743156684644095e-02 3.979213229270797125e-01 4.435134478696953764e-01 -8.015315622726006950e-01
-2.555281519889831543e-01 -6.219819784164428711e-01 -1.915001511573791504e+00 4.980648261930351040e-02 3.979067528827998634e-01 4.435154246607121431e-01 -8.015366917459570972e-01
-2.555091679096221924e-01 -6.219762563705444336e-01 -1.915011644363403320e+00 4.978314101943289577e-02 3.978978607550853197e-01 4.435039711532688944e-01 -8.015471828779460184e-01
-2.555057406425476074e-01 -6.219739913940429688e-01 -1.915031909942626953e+00 4.983123371024004988e-02 3.979124553983868773e-01 4.435200037688988850e-01 -8.015256674477401200e-01
-2.555000483989715576e-01 -6.219748854637145996e-01 -1.915036797523498535e+00 4.983698975450390894e-02 3.979098522449069919e-01 4.435208040033096211e-01 -8.015304171476982376e-01
-2.555132806301116943e-01 -6.219859719276428223e-01 -1.915040254592895508e+00 4.986650706763320201e-02 3.979154673840846757e-01 4.435242229516464518e-01 -8.015228778199545712e-01
-2.555097639560699463e-01 -6.219881772994995117e-01 -1.915046215057373047e+00 4.986157627679770055e-02 3.979168630573357013e-01 4.435268414996116904e-01 -8.015217492816100187e-01
-2.555068433284759521e-01 -6.219901442527770996e-01 -1.915053963661193848e+00 4.987188555618576880e-02 3.979155793394607010e-01 4.435250931677648389e-01 -8.015224878768246741e-01
-2.554888427257537842e-01 -6.219784021377563477e-01 -1.915061116218566895e+00 4.989593225786547598e-02 3.978979189768981350e-01 4.435212892648211502e-01 -8.015323567808776417e-01
-2.554870545864105225e-01 -6.219789981842041016e-01 -1.915067434310913086e+00 4.989951586689145985e-02 3.978968166867641321e-01 4.435249732942841416e-01 -8.015273512369576192e-01
-2.554839849472045898e-01 -6.219655275344848633e-01 -1.915065526962280273e+00 4.991601208091520775e-02 3.978924914939080959e-01 4.435252715637654775e-01 -8.015274036014703452e-01
-2.554941177368164062e-01 -6.219502091407775879e-01 -1.915077567100524902e+00 4.994951023533755752e-02 3.978848927197797258e-01 4.435279400608803657e-01 -8.015296851541851009e-01
-2.554904818534851074e-01 -6.219332218170166016e-01 -1.915062546730041504e+00 4.992228070543466845e-02 3.978658110611164589e-01 4.435456933613616259e-01 -8.015312281880058176e-01
-2.554988861083984375e-01 -6.219342350959777832e-01 -1.915037751197814941e+00 4.990615979439089883e-02 3.978581773309619041e-01 4.435313173314931467e-01 -8.015427658735679861e-01
-2.554950118064880371e-01 -6.219408512115478516e-01 -1.915054798126220703e+00 4.993869480236279995e-02 3.978591684179352828e-01 4.435368671592220813e-01 -8.015405045630213943e-01
-2.555062174797058105e-01 -6.219320893287658691e-01 -1.915071964263916016e+00 4.991422090073876355e-02 3.978360170461665013e-01 4.435659659794372045e-01 -8.015376573526649118e-01
-2.554886639118194580e-01 -6.219410300254821777e-01 -1.915087103843688965e+00 4.993660603512040802e-02 3.978059842564122262e-01 4.435804853181667395e-01 -8.015413567314412235e-01
-2.554880380630493164e-01 -6.219373345375061035e-01 -1.915093302726745605e+00 4.993615843077280764e-02 3.977955250039493240e-01 4.435811789193906951e-01 -8.015449605221087737e-01
-2.554891109466552734e-01 -6.219406723976135254e-01 -1.915115833282470703e+00 4.992332539966234245e-02 3.977870438290366240e-01 4.435868550147520351e-01 -8.015478852315754965e-01
-2.554983496665954590e-01 -6.219838261604309082e-01 -1.915056705474853516e+00 4.989391636467700036e-02 3.978017004946843294e-01 4.435792291371859486e-01 -8.015495100624768776e-01
-2.554965615272521973e-01 -6.219840645790100098e-01 -1.915060639381408691e+00 4.990989194992436623e-02 3.977964802860375348e-01 4.435736870069058035e-01 -8.015523929889638577e-01
-2.554893791675567627e-01 -6.219519972801208496e-01 -1.915035963058471680e+00 4.991877335776750274e-02 3.977931682986016737e-01 4.435959618896228029e-01 -8.015393355817440613e-01
-2.555015981197357178e-01 -6.219564080238342285e-01 -1.915010452270507812e+00 4.991981812539500463e-02 3.977911114593850050e-01 4.435857824017293005e-01 -8.015458433823597906e-01
-2.554969489574432373e-01 -6.219566464424133301e-01 -1.915016531944274902e+00 4.995622208497971228e-02 3.978039928791596846e-01 4.435811015285544556e-01 -8.015430993934180570e-01
-2.554956078529357910e-01 -6.219521164894104004e-01 -1.915029048919677734e+00 4.995115099297736672e-02 3.977748710294633505e-01 4.435727360100621408e-01 -8.015615284740431612e-01
-2.554922401905059814e-01 -6.219491362571716309e-01 -1.915031194686889648e+00 4.994197697438300387e-02 3.977679766861150212e-01 4.435820120449182058e-01 -8.015586903061863167e-01
-2.554902732372283936e-01 -6.219412088394165039e-01 -1.915039420127868652e+00 4.993638223344811639e-02 3.977558450134149881e-01 4.436030631287000703e-01 -8.015559899352805440e-01
-2.555046677589416504e-01 -6.219418644905090332e-01 -1.915014624595642090e+00 4.995659493907485260e-02 3.977720904749714737e-01 4.436052327929265182e-01 -8.015444249405713206e-01
-2.555027604103088379e-01 -6.219356656074523926e-01 -1.915015935897827148e+00 4.996136722573755323e-02 3.977639208361996026e-01 4.436174402483341606e-01 -8.015383987814992395e-01
-2.555114924907684326e-01 -6.219684481620788574e-01 -1.915046215057373047e+00 4.994026132046239935e-02 3.977458360900241185e-01 4.435984444351611100e-01 -8.015608648764682709e-01
-2.555472254753112793e-01 -6.219670772552490234e-01 -1.915007710456848145e+00 4.998358218538249270e-02 3.977475257582266388e-01 4.435890131881862763e-01 -8.015604746376894241e-01
-2.555527687072753906e-01 -6.219649910926818848e-01 -1.915007591247558594e+00 4.997046313471416312e-02 3.977499646552806745e-01 4.435912609560803133e-01 -8.015636646311531388e-01
-2.555682063102722168e-01 -6.219744086265563965e-01 -1.915026068687438965e+00 4.996748105191965716e-02 3.977575988328220236e-01 4.435932808827820484e-01 -8.015563321501043559e-01
-2.555712461471557617e-01 -6.219820380210876465e-01 -1.915017127990722656e+00 4.999803896873045161e-02 3.977496459722248967e-01 4.435829450667963525e-01 -8.015628122492848284e-01
-2.555828988552093506e-01 -6.219828724861145020e-01 -1.915016531944274902e+00 4.999543109522906065e-02 3.977662207769031011e-01 4.435816432076392091e-01 -8.015564884091235243e-01
-2.555785775184631348e-01 -6.219775080680847168e-01 -1.914991140365600586e+00 4.997322140286648839e-02 3.977557418880230400e-01 4.435912279698168148e-01 -8.015580370741192118e-01
-2.555657327175140381e-01 -6.219979524612426758e-01 -1.914980769157409668e+00 5.000414831119150832e-02 3.977329360675172509e-01 4.435919252427810155e-01 -8.015696264126506154e-01
-2.555714547634124756e-01 -6.220016479492187500e-01 -1.914978146553039551e+00 4.999923109417023226e-02 3.977386723379191524e-01 4.435887603032676596e-01 -8.015651586890865099e-01
-2.555558383464813232e-01 -6.219889521598815918e-01 -1.914939165115356445e+00 5.000146625276249979e-02 3.977542703013631775e-01 4.436109511025073671e-01 -8.015484001618252696e-01
-2.555129826068878174e-01 -6.219852566719055176e-01 -1.914980053901672363e+00 4.999319566680938964e-02 3.977735745231003595e-01 4.435946223400102917e-01 -8.015450866195907853e-01
-2.555110454559326172e-01 -6.219899058341979980e-01 -1.914978504180908203e+00 4.999356824515403114e-02 3.977735907210240285e-01 4.435951912400995512e-01 -8.015426898231345909e-01
-2.554884254932403564e-01 -6.219738125801086426e-01 -1.914942622184753418e+00 5.000392481181697990e-02 3.977889497586477585e-01 4.436195359230567514e-01 -8.015247841649212335e-01
-2.554831802845001221e-01 -6.219696998596191406e-01 -1.914939880371093750e+00 4.999729387589611773e-02 3.978256127495680139e-01 4.435803164140629806e-01 -8.015284125503283619e-01
-2.554769515991210938e-01 -6.219716668128967285e-01 -1.914935708045959473e+00 5.000206227817931282e-02 3.978162835126468622e-01 4.435812263561226820e-01 -8.015331834838059777e-01
-2.554891407489776611e-01 -6.219817996025085449e-01 -1.914970040321350098e+00 5.000466980584728632e-02 3.978125248481318987e-01 4.435819351414207468e-01 -8.015320633594258393e-01
-2.555103898048400879e-01 -6.219986677169799805e-01 -1.914932727813720703e+00 5.002053554350412851e-02 3.977876311852310831e-01 4.435743995252078298e-01 -8.015487706708513960e-01
-2.555097043514251709e-01 -6.220043301582336426e-01 -1.914930701255798340e+00 5.001301298081001212e-02 3.977890659078415769e-01 4.435705053592418068e-01 -8.015491122287184966e-01
-2.555069029331207275e-01 -6.220085024833679199e-01 -1.914928913116455078e+00 5.000705371216061790e-02 3.977950504736452730e-01 4.435613849314605228e-01 -8.015530024684728305e-01
-2.555110156536102295e-01 -6.220150589942932129e-01 -1.914932489395141602e+00 5.004413861890506104e-02 3.977742063931862249e-01 4.435596273309262427e-01 -8.015651076875759395e-01
-2.555108070373535156e-01 -6.220180988311767578e-01 -1.914930224418640137e+00 5.004763718095231462e-02 3.977672418993973835e-01 4.435441029118016298e-01 -8.015747261392391909e-01
-2.555100321769714355e-01 -6.220211386680603027e-01 -1.914929151535034180e+00 5.005083777882152196e-02 3.977620508968645052e-01 4.435529546884793839e-01 -8.015715497522946098e-01
-2.554833590984344482e-01 -6.220417618751525879e-01 -1.914897918701171875e+00 5.003438601651855749e-02 3.977555443995975937e-01 4.435412530061195735e-01 -8.015836061404141288e-01
-2.555038928985595703e-01 -6.219897866249084473e-01 -1.914930105209350586e+00 5.002455704362802208e-02 3.977601209848111719e-01 4.435324849334226771e-01 -8.015863565954342018e-01
-2.555036842823028564e-01 -6.219902634620666504e-01 -1.914928197860717773e+00 5.002641873976305942e-02 3.977709350985612624e-01 4.435275959681006519e-01 -8.015849723402805882e-01
-2.555089890956878662e-01 -6.220265626907348633e-01 -1.914969801902770996e+00 5.003163112040123761e-02 3.977661283255596869e-01 4.435281485715855676e-01 -8.015858980188510508e-01
-2.555061876773834229e-01 -6.219941973686218262e-01 -1.915010094642639160e+00 5.002924838520762807e-02 3.977871576137281817e-01 4.434995316357605022e-01 -8.015899713155683060e-01
-2.555064857006072998e-01 -6.219959855079650879e-01 -1.915015935897827148e+00 5.002396128623180782e-02 3.978020931443371766e-01 4.434933829669004401e-01 -8.015863708654444864e-01
-2.555221319198608398e-01 -6.219927072525024414e-01 -1.915031194686889648e+00 4.999163080743969367e-02 3.977955641410735876e-01 4.435012016063146767e-01 -8.015844844356756482e-01
-2.555322945117950439e-01 -6.220130324363708496e-01 -1.915022969245910645e+00 5.000556378403285540e-02 3.977905134218913119e-01 4.435138109792894912e-01 -8.015810567991278335e-01
-2.555373013019561768e-01 -6.220180392265319824e-01 -1.915025949478149414e+00 5.000362681109699753e-02 3.977853603823985895e-01 4.435089390990813452e-01 -8.015857342207904912e-01
-2.555492520332336426e-01 -6.219946742057800293e-01 -1.915010571479797363e+00 4.995547636844078349e-02 3.977753296416963180e-01 4.435250824833890659e-01 -8.015820596671540121e-01
-2.555530965328216553e-01 -6.219854950904846191e-01 -1.915016651153564453e+00 4.997076133320579178e-02 3.977932153315860142e-01 4.435143626403520445e-01 -8.015819916466387918e-01
-2.555594742298126221e-01 -6.219874620437622070e-01 -1.915018200874328613e+00 4.997068678374971124e-02 3.977988781516579864e-01 4.435072711541357959e-01 -8.015830383987299079e-01
-2.555563151836395264e-01 -6.219738721847534180e-01 -1.914983272552490234e+00 4.993824721673715411e-02 3.977800798270053617e-01 4.435286084215660507e-01 -8.015802132970852867e-01
-2.555436193943023682e-01 -6.219571828842163086e-01 -1.915005564689636230e+00 4.993541241461086494e-02 3.977966933794343518e-01 4.434896293940516210e-01 -8.015955792262999813e-01
-2.555451095104217529e-01 -6.219574809074401855e-01 -1.915005803108215332e+00 4.993429336947023678e-02 3.977897921285437066e-01 4.434789774918859728e-01 -8.016038447662932054e-01
-2.555573582649230957e-01 -6.219623684883117676e-01 -1.915012955665588379e+00 4.988988433393235639e-02 3.977714259405735198e-01 4.434923206943424123e-01 -8.016099592992486089e-01
-2.555281519889831543e-01 -6.219803690910339355e-01 -1.915021538734436035e+00 4.988346227881354511e-02 3.977963481849452476e-01 4.434621903290535405e-01 -8.016112961626550293e-01
-2.555292248725891113e-01 -6.219826936721801758e-01 -1.915022611618041992e+00 4.988756950237849264e-02 3.977970515970125631e-01 4.434537575829755607e-01 -8.016196748496888791e-01
-2.555227279663085938e-01 -6.219775080680847168e-01 -1.915011286735534668e+00 4.985955899454785900e-02 3.977859220539600171e-01 4.434584149665830033e-01 -8.016221695394353253e-01
-2.555369138717651367e-01 -6.219766139984130859e-01 -1.914992451667785645e+00 4.989063103087711809e-02 3.977854839526097086e-01 4.434582048462252235e-01 -8.016202132645898759e-01
-2.555393278598785400e-01 -6.219787001609802246e-01 -1.914991378784179688e+00 4.987151206877836473e-02 3.977924695055891635e-01 4.434701504703817410e-01 -8.016111061970387919e-01
-2.555479705333709717e-01 -6.219828128814697266e-01 -1.914999842643737793e+00 4.986964458978410814e-02 3.977765890931938553e-01 4.434458212837000257e-01 -8.016341024430269080e-01
-2.555879652500152588e-01 -6.219698190689086914e-01 -1.914972305297851562e+00 4.989772409454990704e-02 3.978000128436864902e-01 4.434459341486863826e-01 -8.016192943108090274e-01
-2.555949985980987549e-01 -6.219734549522399902e-01 -1.914976835250854492e+00 4.992093749501775451e-02 3.978066684575204404e-01 4.434373341630601373e-01 -8.016195084736564835e-01
-2.556027472019195557e-01 -6.219756603240966797e-01 -1.914963960647583008e+00 4.990115826835370139e-02 3.978183243080113951e-01 4.434473680600377610e-01 -8.016133984880593477e-01
-2.555900514125823975e-01 -6.220071911811828613e-01 -1.914959788322448730e+00 4.992198221735417996e-02 3.977872994254159078e-01 4.434531273791436634e-01 -8.016239256187527307e-01
-2.555746436119079590e-01 -6.220014095306396484e-01 -1.914917230606079102e+00 4.991048906891115688e-02 3.977938110334338084e-01 4.434638849835108032e-01 -8.016113223722678427e-01
-2.555822730064392090e-01 -6.220049858093261719e-01 -1.914910435676574707e+00 4.991377309565131482e-02 3.978085383025914967e-01 4.434654571416852264e-01 -8.016036604053617953e-01
-2.555847764015197754e-01 -6.219784021377563477e-01 -1.914926528930664062e+00 4.993272666414066280e-02 3.978180898207597793e-01 4.434517096165240257e-01 -8.016058682292609427e-01
-2.555808126926422119e-01 -6.220002770423889160e-01 -1.914911627769470215e+00 4.991608671202771297e-02 3.978256242139551202e-01 4.434478877088662840e-01 -8.016029259389230166e-01
-2.555787563323974609e-01 -6.219879388809204102e-01 -1.914893388748168945e+00 4.990735411452734693e-02 3.978280545127583223e-01 4.434526278636720664e-01 -8.016046478677834042e-01
-2.555118799209594727e-01 -6.219571232795715332e-01 -1.914966225624084473e+00 4.990085965392677958e-02 3.978583304444828217e-01 4.434183684933989955e-01 -8.016056536225957263e-01
-2.555217146873474121e-01 -6.219463348388671875e-01 -1.914955973625183105e+00 4.988794286957149576e-02 3.978415665666333312e-01 4.434211668448498345e-01 -8.016154675902065208e-01
-2.555049061775207520e-01 -6.219206452369689941e-01 -1.914922714233398438e+00 4.989018301405134109e-02 3.978517787272678463e-01 4.434257482619730628e-01 -8.016090430896910535e-01
-2.554967403411865234e-01 -6.219170093536376953e-01 -1.914913058280944824e+00 4.990504009330445218e-02 3.978760616381892823e-01 4.434146663912791331e-01 -8.015995665344968213e-01
-2.554976642131805420e-01 -6.219176650047302246e-01 -1.914917469024658203e+00 4.990421896320750006e-02 3.978623038644704124e-01 4.434267399137111765e-01 -8.016043954852621889e-01
-2.555139064788818359e-01 -6.219368577003479004e-01 -1.914954304695129395e+00 4.990026241971200205e-02 3.978747383721055186e-01 4.434317382822740017e-01 -8.015900143902563446e-01
-2.555392086505889893e-01 -6.219474673271179199e-01 -1.914917945861816406e+00 4.992981693810326360e-02 3.978773846938458147e-01 4.434298016089987526e-01 -8.015897608005918551e-01
-2.555511295795440674e-01 -6.219459772109985352e-01 -1.914925813674926758e+00 4.991437016820847450e-02 3.978766221581749862e-01 4.434341799348786028e-01 -8.015878024484297537e-01
-2.555481791496276855e-01 -6.219407916069030762e-01 -1.914914011955261230e+00 4.990332316951041902e-02 3.978721331296114494e-01 4.434296234719453111e-01 -8.015926572000693362e-01
-2.555023133754730225e-01 -6.219522953033447266e-01 -1.914940237998962402e+00 4.992325077937107003e-02 3.978992704405674430e-01 4.433964899556789296e-01 -8.015968403274381648e-01
-2.555222213268280029e-01 -6.219353079795837402e-01 -1.914937734603881836e+00 4.988891361119612150e-02 3.978654861437797563e-01 4.434289665032027372e-01 -8.015950907167320727e-01
-2.555395662784576416e-01 -6.219602823257446289e-01 -1.914978504180908203e+00 4.988413439308320152e-02 3.978602904550427311e-01 4.433994594040595039e-01 -8.016202108657632941e-01
-2.555215060710906982e-01 -6.219609975814819336e-01 -1.914992213249206543e+00 4.986740352267676757e-02 3.978835124477099749e-01 4.433716230365341571e-01 -8.016238118698331139e-01
-2.555039227008819580e-01 -6.219429373741149902e-01 -1.914946556091308594e+00 4.988047499471047475e-02 3.978817116445670377e-01 4.433815020573894095e-01 -8.016170324025959637e-01
-2.555049359798431396e-01 -6.219429969787597656e-01 -1.914946079254150391e+00 4.988480649829724056e-02 3.978818140532511261e-01 4.433648091230518729e-01 -8.016273332056733647e-01
-2.554996013641357422e-01 -6.219482421875000000e-01 -1.914936304092407227e+00 4.990533868271723045e-02 3.979026441860933350e-01 4.433528928631835231e-01 -8.016210462613055920e-01
-2.554946541786193848e-01 -6.219435930252075195e-01 -1.914920210838317871e+00 4.989727614141121342e-02 3.979069124171678018e-01 4.433558446062175751e-01 -8.016188756159796647e-01
-2.555058896541595459e-01 -6.219493150711059570e-01 -1.914880037307739258e+00 4.987689001761522190e-02 3.979276380078847763e-01 4.433488388683261006e-01 -8.016123586266546974e-01
-2.555201351642608643e-01 -6.219348311424255371e-01 -1.914891839027404785e+00 4.990093430770103228e-02 3.979329861808241775e-01 4.433397666399309101e-01 -8.016135621424337332e-01
-2.555226087570190430e-01 -6.219524741172790527e-01 -1.914910554885864258e+00 4.990429361195643232e-02 3.979435236944794396e-01 4.433394841350510873e-01 -8.016115570684106961e-01
-2.555345892906188965e-01 -6.219570636749267578e-01 -1.914871096611022949e+00 4.991608671202771297e-02 3.979354811294414929e-01 4.433472850444126756e-01 -8.016069560159856389e-01
-2.555474340915679932e-01 -6.219490170478820801e-01 -1.914877891540527344e+00 4.992765318573658823e-02 3.979250702232596248e-01 4.433547070588779726e-01 -8.016106217399724398e-01
-2.555642724037170410e-01 -6.219574809074401855e-01 -1.914896965026855469e+00 4.990548797675368325e-02 3.979122030007739008e-01 4.433790366189062082e-01 -8.016026737455214102e-01
-2.555420398712158203e-01 -6.219348311424255371e-01 -1.914924144744873047e+00 4.991616134302864077e-02 3.978844356464463217e-01 4.433681158961115809e-01 -8.016214300102544321e-01
-2.555374503135681152e-01 -6.219502687454223633e-01 -1.914941310882568359e+00 4.992683242754968748e-02 3.978617721667528917e-01 4.433888568623016169e-01 -8.016220088335590521e-01
-2.555373609066009521e-01 -6.219362020492553711e-01 -1.914927124977111816e+00 4.989839601671779840e-02 3.978516944877246164e-01 4.433897929405993810e-01 -8.016280601293334085e-01
-2.555526793003082275e-01 -6.219466924667358398e-01 -1.914878845214843750e+00 4.989787341136914939e-02 3.978424228935947271e-01 4.434019026131337249e-01 -8.016257051854631666e-01
-2.555580139160156250e-01 -6.219487190246582031e-01 -1.914898633956909180e+00 4.991795245357718430e-02 3.978277702633470359e-01 4.434145965962645319e-01 -8.016198316488100106e-01
-2.555754780769348145e-01 -6.219597458839416504e-01 -1.914916515350341797e+00 4.985679443815769357e-02 3.978064848642713924e-01 4.434348851514281487e-01 -8.016277651405814275e-01
-2.555578351020812988e-01 -6.219301819801330566e-01 -1.914935350418090820e+00 4.983818573222823650e-02 3.978354225030505953e-01 4.434007300898857862e-01 -8.016346658672782732e-01
-2.555524706840515137e-01 -6.219464540481567383e-01 -1.914943218231201172e+00 4.986366818700394693e-02 3.978266552534516221e-01 4.434102155190229877e-01 -8.016281289902101870e-01
-2.555492818355560303e-01 -6.219554543495178223e-01 -1.914947628974914551e+00 4.986157627679770055e-02 3.978024032836302015e-01 4.434159679329152115e-01 -8.016390481358643960e-01
-2.555441260337829590e-01 -6.219487190246582031e-01 -1.914938807487487793e+00 4.984274513403621348e-02 3.978262358927471820e-01 4.434068079865786105e-01 -8.016335354296102444e-01
-2.555430829524993896e-01 -6.219606995582580566e-01 -1.914959549903869629e+00 4.986800115041960246e-02 3.978147983496533313e-01 4.434197969479797274e-01 -8.016325819984534418e-01
-2.555089890956878662e-01 -6.219303011894226074e-01 -1.914896130561828613e+00 4.983758774695363353e-02 3.978135854986713515e-01 4.434604672998755381e-01 -8.016081060990692952e-01
-2.554893195629119873e-01 -6.219072341918945312e-01 -1.914906144142150879e+00 4.983414919237454110e-02 3.978114321312739565e-01 4.434459147825446923e-01 -8.016193123092048012e-01
-2.554738223552703857e-01 -6.219189167022705078e-01 -1.914918422698974609e+00 4.986351876775680508e-02 3.978003541839940094e-01 4.434518874834790791e-01 -8.016172327876349701e-01
-2.554925680160522461e-01 -6.219285130500793457e-01 -1.914951920509338379e+00 4.984020387956087511e-02 3.977807449520248118e-01 4.434560255396883810e-01 -8.016310572382305821e-01
-2.554631829261779785e-01 -6.219002604484558105e-01 -1.914983868598937988e+00 4.980797850263470744e-02 3.978235995694622273e-01 4.434099595296929208e-01 -8.016333351615282377e-01
-2.554436028003692627e-01 -6.219143867492675781e-01 -1.915002107620239258e+00 4.982966376458934643e-02 3.978307939032065255e-01 4.434110711665157356e-01 -8.016303161577361669e-01
-2.554385960102081299e-01 -6.219058036804199219e-01 -1.915014982223510742e+00 4.984805145358113532e-02 3.978454672578051743e-01 4.434023546096786395e-01 -8.016247281358748200e-01
-2.554842829704284668e-01 -6.219345331192016602e-01 -1.914937615394592285e+00 4.987435050292875205e-02 3.978212195941751572e-01 4.434195160361327770e-01 -8.016256881140776391e-01
-2.554799318313598633e-01 -6.219328641891479492e-01 -1.914939522743225098e+00 4.988450778598673557e-02 3.978223629670769035e-01 4.434185439840266918e-01 -8.016278020709902696e-01
-2.554676532745361328e-01 -6.219235062599182129e-01 -1.914941072463989258e+00 4.990481615007247296e-02 3.978249963487695551e-01 4.434342730805612698e-01 -8.016130171624895606e-01
-2.554907202720642090e-01 -6.219422221183776855e-01 -1.914878249168395996e+00 4.991429553452941814e-02 3.978401987453542010e-01 4.434482770461461443e-01 -8.015970614551746198e-01
-2.554894387722015381e-01 -6.219428777694702148e-01 -1.914895176887512207e+00 4.994249911822575688e-02 3.978375145501851784e-01 4.434562377009836909e-01 -8.015949158594860569e-01
-2.554751634597778320e-01 -6.219533085823059082e-01 -1.914889693260192871e+00 4.994555727968659486e-02 3.978325476243846914e-01 4.434687652148839310e-01 -8.015902881473613295e-01
-2.554768323898315430e-01 -6.219554543495178223e-01 -1.914863824844360352e+00 4.994041051009960597e-02 3.978523626399593782e-01 4.434652358077044720e-01 -8.015802519856776165e-01
-2.554899752140045166e-01 -6.219413280487060547e-01 -1.914876341819763184e+00 4.997754486821591458e-02 3.978501366503226500e-01 4.434732457568501540e-01 -8.015754594887428697e-01
-2.555109262466430664e-01 -6.219584941864013672e-01 -1.914915442466735840e+00 4.994145482508117323e-02 3.978112222502515616e-01 4.434562609744735484e-01 -8.016109315557684578e-01
-2.555220425128936768e-01 -6.219718456268310547e-01 -1.914896368980407715e+00 4.997769394655708630e-02 3.977809702819363746e-01 4.434438962352491020e-01 -8.016261402815659798e-01
-2.555262446403503418e-01 -6.219754815101623535e-01 -1.914900779724121094e+00 4.998619067706377983e-02 3.977819191313839431e-01 4.434445358683727911e-01 -8.016273052839092417e-01
-2.555365562438964844e-01 -6.219701170921325684e-01 -1.914907097816467285e+00 4.997471229523839376e-02 3.977871109004624817e-01 4.434429215072392960e-01 -8.016238746268559145e-01
-2.555253207683563232e-01 -6.219576597213745117e-01 -1.914935469627380371e+00 4.997419048796761937e-02 3.978213802997372373e-01 4.434222066752279701e-01 -8.016210631680370513e-01
-2.555294930934906006e-01 -6.219607591629028320e-01 -1.914943218231201172e+00 4.998343312460331450e-02 3.978292048631466016e-01 4.434174252993129395e-01 -8.016168251368231967e-01
-2.555323243141174316e-01 -6.219562292098999023e-01 -1.914946794509887695e+00 4.999595268081182681e-02 3.978121430132319780e-01 4.434399137363700949e-01 -8.016122063062568470e-01
-2.555254697799682617e-01 -6.219565868377685547e-01 -1.914976716041564941e+00 5.001167220727503054e-02 3.977872162652684174e-01 4.434426568646158140e-01 -8.016242327892946218e-01
-2.555312216281890869e-01 -6.219618916511535645e-01 -1.914986133575439453e+00 5.000198777539074935e-02 3.977817109151297048e-01 4.434489742167909143e-01 -8.016240791897339957e-01
-2.555010020732879639e-01 -6.219672560691833496e-01 -1.914958953857421875e+00 4.995376117815470557e-02 3.977415579254413025e-01 4.434156221477314475e-01 -8.016646186157744269e-01
-2.554986476898193359e-01 -6.219701170921325684e-01 -1.914963722229003906e+00 4.994734733609764582e-02 3.977386336731673633e-01 4.434137895981771771e-01 -8.016650831324642068e-01
-2.554768025875091553e-01 -6.219728589057922363e-01 -1.914930343627929688e+00 4.994428928424456821e-02 3.977585115803728977e-01 4.434331822491449082e-01 -8.016483810697824230e-01
-2.554925978183746338e-01 -6.219710111618041992e-01 -1.914909005165100098e+00 4.994055969929112049e-02 3.977774747710663417e-01 4.434221381171681298e-01 -8.016412627084711362e-01
-2.554959654808044434e-01 -6.219822168350219727e-01 -1.914920568466186523e+00 4.994272289248726654e-02 3.977799377347308596e-01 4.434259060667077312e-01 -8.016411511761710740e-01
-2.554896473884582520e-01 -6.219753026962280273e-01 -1.914950251579284668e+00 4.994809317400164539e-02 3.977523845102117761e-01 4.434283500665976985e-01 -8.016513224635617441e-01
-2.554910182952880859e-01 -6.219800114631652832e-01 -1.914952874183654785e+00 4.995130015009036778e-02 3.977596625058570368e-01 4.434320989438571003e-01 -8.016457951239739366e-01
-2.555221617221832275e-01 -6.219984292984008789e-01 -1.914960503578186035e+00 4.999461144974756688e-02 3.977345909411786895e-01 4.434380995803070546e-01 -8.016518929438338770e-01
-2.555284798145294189e-01 -6.220036149024963379e-01 -1.914965629577636719e+00 4.999982714623136398e-02 3.977369111049604000e-01 4.434431028213752235e-01 -8.016473946350370916e-01
-2.555095255374908447e-01 -6.219581365585327148e-01 -1.914916038513183594e+00 4.995666950955994501e-02 3.976876795565773559e-01 4.434599039888310612e-01 -8.016647782725474514e-01
-2.554936110973358154e-01 -6.219440698623657227e-01 -1.914875626564025879e+00 4.992645935118614209e-02 3.977005909827066032e-01 4.434706656536602232e-01 -8.016547113358406529e-01
-2.554917037487030029e-01 -6.219452023506164551e-01 -1.914873719215393066e+00 4.993668063545494279e-02 3.977030383920980849e-01 4.434628494167445201e-01 -8.016571325471555376e-01
-2.554654777050018311e-01 -6.219264268875122070e-01 -1.914892315864562988e+00 4.994846608877728800e-02 3.977383766585160241e-01 4.434486075605683086e-01 -8.016462323344869523e-01
-2.554749846458435059e-01 -6.219352483749389648e-01 -1.914915323257446289e+00 4.989503631539250750e-02 3.977145250389056419e-01 4.434525002805942417e-01 -8.016618791742732286e-01
-2.554873228073120117e-01 -6.219515800476074219e-01 -1.914883852005004883e+00 4.994302125660960573e-02 3.976928262037983108e-01 4.434668180320154862e-01 -8.016566507992055612e-01
-2.554884850978851318e-01 -6.219541430473327637e-01 -1.914884328842163086e+00 4.994026132046239935e-02 3.976936196390089551e-01 4.434707379149641082e-01 -8.016612696522773529e-01
-2.554881870746612549e-01 -6.219911575317382812e-01 -1.914869308471679688e+00 4.985709331650913650e-02 3.977314729117543690e-01 4.434579303531998029e-01 -8.016513529803505067e-01
-2.554871439933776855e-01 -6.220009326934814453e-01 -1.914871335029602051e+00 4.986000728654559760e-02 3.977348268172335444e-01 4.434523358060771803e-01 -8.016533656521966922e-01
-2.554573714733123779e-01 -6.219726800918579102e-01 -1.914932489395141602e+00 4.988824156131399512e-02 3.977355388783548884e-01 4.434256805663324696e-01 -8.016617442792832726e-01
-2.554787099361419678e-01 -6.219543814659118652e-01 -1.914962172508239746e+00 4.985223632127549348e-02 3.977086482719448535e-01 4.434521148190705420e-01 -8.016645934058581613e-01
-2.555186748504638672e-01 -6.219585537910461426e-01 -1.914946913719177246e+00 4.986351876775680508e-02 3.977178746359970596e-01 4.434480025772328804e-01 -8.016645987599447798e-01
-2.555239200592041016e-01 -6.219690442085266113e-01 -1.914953827857971191e+00 4.985926013097678050e-02 3.977225562572523354e-01 4.434601765266564799e-01 -8.016573093213097412e-01
-2.555137872695922852e-01 -6.219521164894104004e-01 -1.914918303489685059e+00 4.983071040051893080e-02 3.977150841165099093e-01 4.434615649736456389e-01 -8.016569885421330754e-01
-2.555252611637115479e-01 -6.219629049301147461e-01 -1.914918780326843262e+00 4.983639175487880602e-02 3.977310398807537561e-01 4.434397144587378659e-01 -8.016624760742395717e-01
-2.555076777935028076e-01 -6.219453811645507812e-01 -1.914865016937255859e+00 4.983265409463864815e-02 3.976906007465529913e-01 4.434747684607479590e-01 -8.016642944708651797e-01
-2.555093467235565186e-01 -6.219514608383178711e-01 -1.914865374565124512e+00 4.984087657717876929e-02 3.976847868082328818e-01 4.434730613074800987e-01 -8.016662798033573623e-01
-2.555045783519744873e-01 -6.219346523284912109e-01 -1.914847493171691895e+00 4.983287836215861966e-02 3.976876148919443188e-01 4.434658951283521056e-01 -8.016666671205011641e-01
-2.554945647716522217e-01 -6.219630837440490723e-01 -1.914842724800109863e+00 4.981523289955415434e-02 3.976896874134779880e-01 4.434740127777289653e-01 -8.016660111829871926e-01
-2.554706037044525146e-01 -6.219336986541748047e-01 -1.914783358573913574e+00 4.981052140119812677e-02 3.976926020509057302e-01 4.434788648268002675e-01 -8.016627125015564070e-01
-2.554675340652465820e-01 -6.219307780265808105e-01 -1.914772629737854004e+00 4.981986917720510749e-02 3.977211721630272701e-01 4.434599608944715388e-01 -8.016570601091186354e-01
-2.554696798324584961e-01 -6.219280958175659180e-01 -1.914774894714355469e+00 4.982226192589948172e-02 3.977131375247797695e-01 4.434712638403018325e-01 -8.016571421188455338e-01
-2.554761171340942383e-01 -6.219401955604553223e-01 -1.914795279502868652e+00 4.982413118086311682e-02 3.977185536092827101e-01 4.434842345450931145e-01 -8.016454594228341612e-01
-2.554974257946014404e-01 -6.219326853752136230e-01 -1.914776086807250977e+00 4.987255782647069535e-02 3.976989746924414759e-01 4.434871445829923764e-01 -8.016497221113777494e-01
-2.555229961872100830e-01 -6.219416260719299316e-01 -1.914819598197937012e+00 4.983609275237540354e-02 3.976730274679645682e-01 4.434866274752345405e-01 -8.016629502737325774e-01
-2.555263638496398926e-01 -6.219443082809448242e-01 -1.914821267127990723e+00 4.984341779735677880e-02 3.976689956120910696e-01 4.434982847603405887e-01 -8.016602363725395808e-01
-2.555429935455322266e-01 -6.219128966331481934e-01 -1.914847373962402344e+00 4.983796148859107739e-02 3.976996761385331314e-01 4.434702973859526165e-01 -8.016629396415169140e-01
-2.555362284183502197e-01 -6.219236254692077637e-01 -1.914851784706115723e+00 4.982644895962747011e-02 3.977051369622727761e-01 4.434752683621938085e-01 -8.016576638919040709e-01
-2.555288374423980713e-01 -6.219110488891601562e-01 -1.914851069450378418e+00 4.980446310553769684e-02 3.977340965782807380e-01 4.434457450676003720e-01 -8.016583527385816588e-01
-2.555273473262786865e-01 -6.219188570976257324e-01 -1.914870381355285645e+00 4.982644895962747011e-02 3.977236787611227453e-01 4.434510443991800943e-01 -8.016609535658935082e-01
-2.555083036422729492e-01 -6.219140291213989258e-01 -1.914835214614868164e+00 4.983325213911571350e-02 3.977318772450394446e-01 4.434395443146200155e-01 -8.016612522179317191e-01
-2.555274963378906250e-01 -6.219058036804199219e-01 -1.914814949035644531e+00 4.986120271216821359e-02 3.977477050602687414e-01 4.434449913881413630e-01 -8.016474449105264188e-01
-2.555276751518249512e-01 -6.219046711921691895e-01 -1.914816021919250488e+00 4.986299579686580274e-02 3.977384822774053807e-01 4.434529523712488763e-01 -8.016471569039177458e-01
-2.555186450481414795e-01 -6.219295859336853027e-01 -1.914817929267883301e+00 4.986508764752119183e-02 3.977471975773708701e-01 4.434403260197296026e-01 -8.016529731405014347e-01
-2.555312514305114746e-01 -6.218982934951782227e-01 -1.914842486381530762e+00 4.987270721863669432e-02 3.977285581374558343e-01 4.434398034126278976e-01 -8.016627081642561103e-01
-2.555341422557830811e-01 -6.218975186347961426e-01 -1.914842486381530762e+00 4.987158676648360822e-02 3.977261397603020776e-01 4.434351253217323485e-01 -8.016687672908900941e-01
-2.555619180202484131e-01 -6.219186782836914062e-01 -1.914898514747619629e+00 4.983422394608388872e-02 3.977025921052265156e-01 4.434305978765094025e-01 -8.016786603012167056e-01
-2.555524706840515137e-01 -6.219145059585571289e-01 -1.914909005165100098e+00 4.983728875162567185e-02 3.977319542142673803e-01 4.434194743611018508e-01 -8.016722660414669077e-01
-2.555575370788574219e-01 -6.219144463539123535e-01 -1.914914369583129883e+00 4.984289461555863748e-02 3.977344571237085846e-01 4.434258076422722405e-01 -8.016668573177986312e-01
-2.555396854877471924e-01 -6.219142079353332520e-01 -1.914880514144897461e+00 4.983190652894926853e-02 3.977390288502666293e-01 4.434284933095260506e-01 -8.016683965806086221e-01
-2.555590867996215820e-01 -6.219294071197509766e-01 -1.914862632751464844e+00 4.985836352951476119e-02 3.977207423948630471e-01 4.434448394101455082e-01 -8.016609661864710912e-01
-2.555631697177886963e-01 -6.219288110733032227e-01 -1.914865851402282715e+00 4.985216159457584589e-02 3.977268799380566655e-01 4.434453068631866168e-01 -8.016629554571826910e-01
-2.555482685565948486e-01 -6.219192743301391602e-01 -1.914827942848205566e+00 4.986703000170043115e-02 3.977397731412404269e-01 4.434577165987949599e-01 -8.016462512887133629e-01
-2.555326819419860840e-01 -6.219305992126464844e-01 -1.914849162101745605e+00 4.987091448310859709e-02 3.977383735720408930e-01 4.434635126325899845e-01 -8.016464079594128878e-01
-2.555337846279144287e-01 -6.219304800033569336e-01 -1.914851665496826172e+00 4.986598412808208175e-02 3.977367598929851811e-01 4.434595469386226618e-01 -8.016502153282805132e-01
-2.555334270000457764e-01 -6.219467520713806152e-01 -1.914863824844360352e+00 4.987696470726623449e-02 3.977507746756320239e-01 4.434703671408223302e-01 -8.016317725581307840e-01
-2.555312812328338623e-01 -6.219329833984375000e-01 -1.914867520332336426e+00 4.989287105466096855e-02 3.977756886134689029e-01 4.434595001318521468e-01 -8.016272306773220002e-01
-2.555299103260040283e-01 -6.219298839569091797e-01 -1.914870142936706543e+00 4.989100437515868458e-02 3.977666775066231453e-01 4.434504062459028728e-01 -8.016352711202285874e-01
-2.555388510227203369e-01 -6.219160556793212891e-01 -1.914872884750366211e+00 4.987128797499133792e-02 3.977578042920985046e-01 4.434613866522556513e-01 -8.016347272807591295e-01
-2.555109262466430664e-01 -6.219337582588195801e-01 -1.914865493774414062e+00 4.984790198752278578e-02 3.977749163589212045e-01 4.434287944615067367e-01 -8.016444698501375976e-01
-2.555061578750610352e-01 -6.219336986541748047e-01 -1.914869546890258789e+00 4.985036812017917818e-02 3.977680916193531702e-01 4.434304722325375092e-01 -8.016478560960643707e-01
-2.555004954338073730e-01 -6.219264864921569824e-01 -1.914874792098999023e+00 4.984707991619079931e-02 3.977710135969782512e-01 4.434343138045254706e-01 -8.016452845567890728e-01
-2.554989755153656006e-01 -6.219572424888610840e-01 -1.914844870567321777e+00 4.987950408885574727e-02 3.977502421050678749e-01 4.434385288835696048e-01 -8.016501123746203605e-01
-2.554943561553955078e-01 -6.219608783721923828e-01 -1.914849638938903809e+00 4.988719613239112755e-02 3.977432763730135434e-01 4.434469208155649156e-01 -8.016494208197538773e-01
-2.554784119129180908e-01 -6.219419836997985840e-01 -1.914824962615966797e+00 4.990772733370869851e-02 3.977522273694620858e-01 4.434570745731528651e-01 -8.016382144058173953e-01
-2.554549276828765869e-01 -6.219295263290405273e-01 -1.914845943450927734e+00 4.990257666247932544e-02 3.977777537181407808e-01 4.434338680231555418e-01 -8.016383908259102631e-01
-2.554472982883453369e-01 -6.219281554222106934e-01 -1.914847970008850098e+00 4.990392036709512258e-02 3.977795842950921923e-01 4.434287959280988067e-01 -8.016402459095807176e-01
-2.554591894149780273e-01 -6.219511032104492188e-01 -1.914900183677673340e+00 4.988712145805832693e-02 3.977698584286402106e-01 4.434066630311525592e-01 -8.016588349642213007e-01
-2.554932832717895508e-01 -6.219306588172912598e-01 -1.914894223213195801e+00 4.990294991739076952e-02 3.977679106285336164e-01 4.434224890320875856e-01 -8.016489673345246203e-01
-2.554930746555328369e-01 -6.219289898872375488e-01 -1.914901256561279297e+00 4.990623444023677829e-02 3.977635285503189344e-01 4.434231639943263525e-01 -8.016489076346291487e-01
-2.554921805858612061e-01 -6.219159960746765137e-01 -1.914881944656372070e+00 4.992936927289310517e-02 3.977654539084109486e-01 4.434322851630905227e-01 -8.016429083310179227e-01
-2.555260062217712402e-01 -6.219224929809570312e-01 -1.914846301078796387e+00 4.995018146088624211e-02 3.977775203844474694e-01 4.434315888768425307e-01 -8.016369000209350171e-01
-2.555283904075622559e-01 -6.219211816787719727e-01 -1.914848685264587402e+00 4.996099440725752794e-02 3.977841878685441923e-01 4.434256912498474312e-01 -8.016357954464607971e-01
-2.555181682109832764e-01 -6.219161748886108398e-01 -1.914823412895202637e+00 4.991205647226364811e-02 3.977681828678972242e-01 4.434111474703471556e-01 -8.016543674241163320e-01
-2.555020451545715332e-01 -6.219241619110107422e-01 -1.914818644523620605e+00 4.994831692320113314e-02 3.977291228578647697e-01 4.434132370882755692e-01 -8.016717470683788482e-01
-2.555004656314849854e-01 -6.219247579574584961e-01 -1.914819598197937012e+00 4.994831692320113314e-02 3.977359844846136139e-01 4.434087621143089075e-01 -8.016717470683788482e-01
-2.554937005043029785e-01 -6.219144463539123535e-01 -1.914795875549316406e+00 4.992645935118614209e-02 3.977104402355033930e-01 4.434247024739420007e-01 -8.016766483079789118e-01
-2.554764747619628906e-01 -6.219049692153930664e-01 -1.914804100990295410e+00 4.992586242320573575e-02 3.977301186647159148e-01 4.434094100488699675e-01 -8.016759363154994933e-01
-2.554735839366912842e-01 -6.219044327735900879e-01 -1.914804697036743164e+00 4.992026587625607997e-02 3.977293361925399173e-01 4.433994207058895021e-01 -8.016811874457356879e-01
-2.554871737957000732e-01 -6.219068765640258789e-01 -1.914833545684814453e+00 4.991795245357718430e-02 3.977119471925071315e-01 4.434181787530946384e-01 -8.016778924407644835e-01
-2.554846405982971191e-01 -6.219190955162048340e-01 -1.914830446243286133e+00 4.992817547937608569e-02 3.977349720058540594e-01 4.434005075488070546e-01 -8.016752076727017284e-01
-2.554838955402374268e-01 -6.219192743301391602e-01 -1.914837479591369629e+00 4.993451718050460897e-02 3.977438439201483877e-01 4.433999989556074994e-01 -8.016727665177945106e-01
-2.554990649223327637e-01 -6.219456195831298828e-01 -1.914894938468933105e+00 4.991832559351903204e-02 3.977107653570792767e-01 4.433975505695481600e-01 -8.016883179872408283e-01
-2.554997503757476807e-01 -6.219394207000732422e-01 -1.914895892143249512e+00 4.993712823512183596e-02 3.977534837924967537e-01 4.433830813382086400e-01 -8.016747141531594956e-01
-2.554985880851745605e-01 -6.219393610954284668e-01 -1.914905786514282227e+00 4.993011537934687744e-02 3.977604054143958345e-01 4.433796991337237703e-01 -8.016737555596311626e-01
-2.555003464221954346e-01 -6.219187974929809570e-01 -1.914898872375488281e+00 4.990063569193389087e-02 3.977257385986894267e-01 4.433740730431927068e-01 -8.016998815128185685e-01
-2.555160820484161377e-01 -6.219291687011718750e-01 -1.914897918701171875e+00 4.992936927289310517e-02 3.977311327551048548e-01 4.433827433244051930e-01 -8.016873766079101182e-01
-2.555177509784698486e-01 -6.219286322593688965e-01 -1.914907217025756836e+00 4.992086287115711507e-02 3.977374151303314509e-01 4.433848648038377638e-01 -8.016835401067242683e-01
-2.554917633533477783e-01 -6.218928694725036621e-01 -1.914839148521423340e+00 4.992242994880565637e-02 3.977446301482286950e-01 4.434025863886267849e-01 -8.016722546712603537e-01
-2.554893195629119873e-01 -6.219047307968139648e-01 -1.914844989776611328e+00 4.993093608356904967e-02 3.977607315261133536e-01 4.433968831021027346e-01 -8.016663981090899060e-01
-2.554798424243927002e-01 -6.219265460968017578e-01 -1.914855122566223145e+00 4.992698165731451754e-02 3.977620914761230697e-01 4.434069314310579157e-01 -8.016596063344254564e-01
-2.554776966571807861e-01 -6.219274401664733887e-01 -1.914861202239990234e+00 4.992884699174159752e-02 3.977693162895737933e-01 4.433993192508958181e-01 -8.016627841692760548e-01
-2.555053830146789551e-01 -6.219365000724792480e-01 -1.914844870567321777e+00 4.994697441296916396e-02 3.977705422840516758e-01 4.434081501058656505e-01 -8.016525716129864199e-01
-2.555052340030670166e-01 -6.219224929809570312e-01 -1.914828181266784668e+00 4.992175835012260116e-02 3.977738602417497105e-01 4.434297443069905031e-01 -8.016405047190946487e-01
-2.555060982704162598e-01 -6.219245195388793945e-01 -1.914830684661865234e+00 4.992116136593038878e-02 3.977657817993885958e-01 4.434299726832361399e-01 -8.016456137607168575e-01
-2.554796934127807617e-01 -6.219019889831542969e-01 -1.914862751960754395e+00 4.991504186629830420e-02 3.977742455966410962e-01 4.434040317492403127e-01 -8.016558276655283422e-01
-2.554799318313598633e-01 -6.219274401664733887e-01 -1.914882421493530273e+00 4.988913762581169420e-02 3.977606531371434828e-01 4.434207030018845197e-01 -8.016545139927575558e-01
-2.554786503314971924e-01 -6.219329833984375000e-01 -1.914889216423034668e+00 4.988913762581169420e-02 3.977657307903632034e-01 4.434230924857526235e-01 -8.016524231943729095e-01
-2.554970383644104004e-01 -6.219446063041687012e-01 -1.914889693260192871e+00 4.990242735973304117e-02 3.977804368564988313e-01 4.434199658271442135e-01 -8.016446711197833253e-01
-2.554860413074493408e-01 -6.219146847724914551e-01 -1.914857387542724609e+00 4.989219905808576355e-02 3.977953822661100536e-01 4.434400863666858039e-01 -8.016289184228770903e-01
-2.554853558540344238e-01 -6.219176650047302246e-01 -1.914859294891357422e+00 4.988562794792829325e-02 3.977949102212490762e-01 4.434312888907209760e-01 -8.016307112922302913e-01
-2.555086016654968262e-01 -6.219299435615539551e-01 -1.914835810661315918e+00 4.989391636467700036e-02 3.978088682597087922e-01 4.434287060716721740e-01 -8.016259662227378513e-01
-2.555030882358551025e-01 -6.219131946563720703e-01 -1.914802432060241699e+00 4.990257666247932544e-02 3.978073156176828995e-01 4.434410345442566515e-01 -8.016182349853133715e-01
-2.555089592933654785e-01 -6.219168901443481445e-01 -1.914798736572265625e+00 4.990869769051857474e-02 3.978101790695466877e-01 4.434326284707312271e-01 -8.016215834536388751e-01
-2.555551528930664062e-01 -6.219232082366943359e-01 -1.914768815040588379e+00 4.989876930290148421e-02 3.978075075705668762e-01 4.434462015653891087e-01 -8.016132537334074160e-01
-2.555425167083740234e-01 -6.219331026077270508e-01 -1.914748787879943848e+00 4.987756222044795185e-02 3.978305573897382708e-01 4.434581831833377952e-01 -8.015994639662513688e-01
-2.555478811264038086e-01 -6.219340562820434570e-01 -1.914740920066833496e+00 4.988697210905738283e-02 3.978185423045723090e-01 4.434635483902797382e-01 -8.016003004448069014e-01
-2.555051743984222412e-01 -6.219393014907836914e-01 -1.914772748947143555e+00 4.989712682280465078e-02 3.978525565604472125e-01 4.434339212401203767e-01 -8.016000712099746739e-01
-2.555025219917297363e-01 -6.219703555107116699e-01 -1.914786577224731445e+00 4.991265356535565939e-02 3.978765729267662032e-01 4.434359960700289816e-01 -8.015902930066209908e-01
-2.555026412010192871e-01 -6.219771504402160645e-01 -1.914781212806701660e+00 4.991265356535565939e-02 3.978834394562527632e-01 4.434315178986247274e-01 -8.015849192009357749e-01
-2.554870545864105225e-01 -6.219567656517028809e-01 -1.914792418479919434e+00 4.993914238397691163e-02 3.978397881093063693e-01 4.434368115192408588e-01 -8.016055302334892385e-01
-2.554975152015686035e-01 -6.219503283500671387e-01 -1.914795994758605957e+00 4.992145985891887489e-02 3.978257883056296462e-01 4.434514991634714853e-01 -8.016044044838562810e-01
-2.554985582828521729e-01 -6.219556927680969238e-01 -1.914791584014892578e+00 4.992616088808806557e-02 3.978316064525261875e-01 4.434515288900601759e-01 -8.016016016859955906e-01
-2.554819881916046143e-01 -6.219368577003479004e-01 -1.914817929267883301e+00 4.993489019666604023e-02 3.978572533611505757e-01 4.434360770946582653e-01 -8.015973972346973619e-01
-2.554664313793182373e-01 -6.219118833541870117e-01 -1.914781570434570312e+00 4.991586281835543731e-02 3.978333791407849818e-01 4.434492797083175453e-01 -8.016001031660624498e-01
-2.554624378681182861e-01 -6.219142675399780273e-01 -1.914777755737304688e+00 4.991981812539500463e-02 3.978227526621350152e-01 4.434601130964676008e-01 -8.016018124909977116e-01
-2.554627656936645508e-01 -6.219012141227722168e-01 -1.914772629737854004e+00 4.993160755880817619e-02 3.978404354381742669e-01 4.434365803546339024e-01 -8.016053316835007880e-01
-2.554757893085479736e-01 -6.219207048416137695e-01 -1.914814114570617676e+00 4.989092970652587999e-02 3.978168528284078409e-01 4.434444990857748237e-01 -8.016122782224465171e-01
-2.554740905761718750e-01 -6.219234466552734375e-01 -1.914816379547119141e+00 4.989391636467700036e-02 3.978154387109812395e-01 4.434349778660685581e-01 -8.016214863695975135e-01
-2.555269896984100342e-01 -6.219326853752136230e-01 -1.914782524108886719e+00 4.990265131368495921e-02 3.978111995921228550e-01 4.434526139731222449e-01 -8.016092720956278228e-01
-2.555366754531860352e-01 -6.219372749328613281e-01 -1.914798378944396973e+00 4.988099778234308251e-02 3.977843364887659328e-01 4.434452652475618928e-01 -8.016284967231627201e-01
-2.555412352085113525e-01 -6.219409108161926270e-01 -1.914800524711608887e+00 4.987367825680814187e-02 3.977835577752358853e-01 4.434496939006650207e-01 -8.016293225340100914e-01
-2.554941475391387939e-01 -6.219293475151062012e-01 -1.914855360984802246e+00 4.990138222800121620e-02 3.978069832912976000e-01 4.434161138533684321e-01 -8.016314501950896343e-01
-2.554998993873596191e-01 -6.219034194946289062e-01 -1.914852857589721680e+00 4.985537474151980480e-02 3.977971896659966422e-01 4.434206126382725932e-01 -8.016369931407935079e-01
-2.555333375930786133e-01 -6.219255328178405762e-01 -1.914785265922546387e+00 4.985798994081352964e-02 3.977751285364657385e-01 4.434305287143139873e-01 -8.016430633103748260e-01
-2.555493116378784180e-01 -6.219202280044555664e-01 -1.914802551269531250e+00 4.988271547455937205e-02 3.977685478698141930e-01 4.434356711343860336e-01 -8.016460002672818330e-01
-2.555424571037292480e-01 -6.219435334205627441e-01 -1.914800643920898438e+00 4.986008200148668579e-02 3.977901175487853491e-01 4.434388203359970748e-01 -8.016324396512577444e-01
-2.555422186851501465e-01 -6.219374537467956543e-01 -1.914796113967895508e+00 4.986314521768006602e-02 3.977931737077886609e-01 4.434363826117900254e-01 -8.016326516055429785e-01
-2.555325627326965332e-01 -6.219661235809326172e-01 -1.914811968803405762e+00 4.987054098842869099e-02 3.977936417989503259e-01 4.434390457488517900e-01 -8.016283585701395875e-01
-2.555186748504638672e-01 -6.219500899314880371e-01 -1.914769053459167480e+00 4.986351876775680508e-02 3.977967681166897917e-01 4.434312675964798278e-01 -8.016342666073300594e-01
-2.555094361305236816e-01 -6.219461560249328613e-01 -1.914759755134582520e+00 4.985447807018149324e-02 3.978243701960287315e-01 4.434261967557961426e-01 -8.016231658008228234e-01
-2.555230259895324707e-01 -6.219425797462463379e-01 -1.914778709411621094e+00 4.989869464588814890e-02 3.978242286858342247e-01 4.434262596859380734e-01 -8.016207242782601439e-01
-2.554863691329956055e-01 -6.219265460968017578e-01 -1.914709448814392090e+00 4.988159524721408333e-02 3.978303561724647053e-01 4.434357715811592104e-01 -8.016144141285541647e-01
-2.554871737957000732e-01 -6.219319701194763184e-01 -1.914673805236816406e+00 4.987703939680540599e-02 3.978395076763958649e-01 4.434344496196563346e-01 -8.016104059754075584e-01
-2.555052638053894043e-01 -6.219007968902587891e-01 -1.914680838584899902e+00 4.991310138048719175e-02 3.978324014965960997e-01 4.434397797027208044e-01 -8.016092236544033467e-01
-2.555200159549713135e-01 -6.219156384468078613e-01 -1.914708733558654785e+00 4.989959052267613215e-02 3.978293298522788124e-01 4.434418898029973688e-01 -8.016105130292779934e-01
-2.555217146873474121e-01 -6.218685507774353027e-01 -1.914731621742248535e+00 4.989884395980311721e-02 3.978212464993062802e-01 4.434556914277498763e-01 -8.016042900757878176e-01
-2.555233538150787354e-01 -6.218636035919189453e-01 -1.914729595184326172e+00 4.990720482607331754e-02 3.978280502346275838e-01 4.434542529500443697e-01 -8.015998798678350967e-01
-2.555279135704040527e-01 -6.218966841697692871e-01 -1.914767384529113770e+00 4.991123545759881819e-02 3.978308539636355445e-01 4.434712852841763420e-01 -8.015945579665313403e-01
-2.554937899112701416e-01 -6.218582987785339355e-01 -1.914805412292480469e+00 4.987636718692637500e-02 3.978565212838766629e-01 4.434081597259621477e-01 -8.016159813636890563e-01
-2.554827928543090820e-01 -6.218686699867248535e-01 -1.914819478988647461e+00 4.990183014428085234e-02 3.978568636989405771e-01 4.434049671446587126e-01 -8.016155951162449167e-01
-2.554831802845001221e-01 -6.218727231025695801e-01 -1.914860725402832031e+00 4.990795126387783526e-02 3.978522560646324813e-01 4.434258246986295671e-01 -8.016046109891583615e-01
-2.554709613323211670e-01 -6.219084262847900391e-01 -1.914859294891357422e+00 4.991302674491095159e-02 3.978724039941068935e-01 4.434317850504795322e-01 -8.015929575728518719e-01
-2.554627954959869385e-01 -6.219076514244079590e-01 -1.914866328239440918e+00 4.991451943523181334e-02 3.978709543228406420e-01 4.434241963914057894e-01 -8.015960032806084268e-01
-2.554609179496765137e-01 -6.218870282173156738e-01 -1.914871454238891602e+00 4.993973915322240387e-02 3.978681545038122436e-01 4.434368834349159960e-01 -8.015911770927096613e-01
