repeatability steamvr; 20211020-215552; x y z w i j k;  frequency = 150 duration = 2 sys.args = ['.\\repeatability.py']
-2.551237940788269043e-01 -6.209918856620788574e-01 -1.912225842475891113e+00 4.933823206406518641e-02 3.984270520111967695e-01 4.434051640511871284e-01 -8.013679525188996955e-01
-2.551222443580627441e-01 -6.209901571273803711e-01 -1.912227749824523926e+00 4.935333078250073863e-02 3.984189877103880284e-01 4.434011533098405344e-01 -8.013715779630700142e-01
-2.551214694976806641e-01 -6.209883093833923340e-01 -1.912221193313598633e+00 4.934374363170193623e-02 3.984224110101087790e-01 4.433930832174229897e-01 -8.013755305748814228e-01
-2.551507651805877686e-01 -6.209861040115356445e-01 -1.912205100059509277e+00 4.934464958390411687e-02 3.984051307175696666e-01 4.434365814617529100e-01 -8.013602136103177287e-01
-2.551516592502593994e-01 -6.209836602210998535e-01 -1.912203907966613770e+00 4.934087467332173849e-02 3.984011829028345497e-01 4.434484610378792713e-01 -8.013543271071517093e-01
-2.551562190055847168e-01 -6.209738850593566895e-01 -1.912189245223999023e+00 4.931882342467367591e-02 3.983983330374183951e-01 4.434594076156618270e-01 -8.013515690505932376e-01
-2.551440596580505371e-01 -6.210001707077026367e-01 -1.912223219871520996e+00 4.930854961396612807e-02 3.984209018785174194e-01 4.434324358091159546e-01 -8.013554985489876881e-01
-2.551466822624206543e-01 -6.210027337074279785e-01 -1.912225008010864258e+00 4.932373294604677771e-02 3.984181933270928289e-01 4.434385295521747761e-01 -8.013514109790000894e-01
-2.551916241645812988e-01 -6.210033297538757324e-01 -1.912196159362792969e+00 4.930446971300599113e-02 3.984611243106885303e-01 4.434198663837151666e-01 -8.013430797677570938e-01
-2.551792860031127930e-01 -6.210489273071289062e-01 -1.912228226661682129e+00 4.931602855575512034e-02 3.984810404718009957e-01 4.434549282833132877e-01 -8.013107180537334395e-01
-2.551865279674530029e-01 -6.210584640502929688e-01 -1.912229299545288086e+00 4.930953176192934273e-02 3.984601087579964229e-01 4.434435484754821188e-01 -8.013306223459067956e-01
-2.551484107971191406e-01 -6.210445165634155273e-01 -1.912235856056213379e+00 4.933362603530312002e-02 3.984171315021156068e-01 4.434900575505578701e-01 -8.013218016193447424e-01
-2.551505863666534424e-01 -6.210516095161437988e-01 -1.912235736846923828e+00 4.933287090759231469e-02 3.984277607889322170e-01 4.434859720358219626e-01 -8.013198707712776425e-01
-2.551513016223907471e-01 -6.210589408874511719e-01 -1.912235856056213379e+00 4.934389462489072176e-02 3.984251176473981859e-01 4.434838321309946818e-01 -8.013267235135754785e-01
-2.551161050796508789e-01 -6.210577487945556641e-01 -1.912273168563842773e+00 4.936231232851606004e-02 3.984231705872023355e-01 4.434819779954926044e-01 -8.013228194615840128e-01
-2.551135420799255371e-01 -6.210643649101257324e-01 -1.912277460098266602e+00 4.935906708450131519e-02 3.984294410414303544e-01 4.434761163072387657e-01 -8.013237299111051204e-01
-2.551112771034240723e-01 -6.210712194442749023e-01 -1.912282824516296387e+00 4.935959539457834139e-02 3.984318181123248648e-01 4.434671431956413445e-01 -8.013282853194034772e-01
-2.551046311855316162e-01 -6.210595965385437012e-01 -1.912298560142517090e+00 4.936502911292019180e-02 3.984332403317033533e-01 4.434859456672312628e-01 -8.013191677724864626e-01
-2.550982534885406494e-01 -6.210637688636779785e-01 -1.912301778793334961e+00 4.936382167164438117e-02 3.984251760498684902e-01 4.434859262488210496e-01 -8.013176375942557828e-01
-2.550911605358123779e-01 -6.210706830024719238e-01 -1.912303328514099121e+00 4.937348037505877307e-02 3.984392845054713916e-01 4.434830709463968845e-01 -8.013187235598739910e-01
-2.550948858261108398e-01 -6.210667490959167480e-01 -1.912301540374755859e+00 4.934759381369641096e-02 3.984508121914797085e-01 4.434602505704931530e-01 -8.013211589210875729e-01
-2.550986707210540771e-01 -6.210711598396301270e-01 -1.912340402603149414e+00 4.936585921166595364e-02 3.984283516906513833e-01 4.434866383367303544e-01 -8.013182202381514685e-01
-2.550906538963317871e-01 -6.210765242576599121e-01 -1.912344336509704590e+00 4.936684021946091683e-02 3.984198305124828088e-01 4.434799383794443828e-01 -8.013278025549146477e-01
-2.551053762435913086e-01 -6.210197210311889648e-01 -1.912325859069824219e+00 4.937687556410566558e-02 3.983943840532147562e-01 4.435597101285165267e-01 -8.012936518436025723e-01
-2.551025152206420898e-01 -6.210169196128845215e-01 -1.912325143814086914e+00 4.937031132129149347e-02 3.983972514589644853e-01 4.435513786982429041e-01 -8.012975710267122853e-01
-2.551000714302062988e-01 -6.210158467292785645e-01 -1.912323951721191406e+00 4.937182041988305570e-02 3.983935248753370795e-01 4.435640790252240451e-01 -8.012916402018014361e-01
-2.551183402538299561e-01 -6.210656166076660156e-01 -1.912343502044677734e+00 4.939603514397480216e-02 3.984087896881163271e-01 4.435508655019024249e-01 -8.012910015587926260e-01
-2.551168799400329590e-01 -6.210687756538391113e-01 -1.912345767021179199e+00 4.939007685838964906e-02 3.984046579363370588e-01 4.435479557187194666e-01 -8.012936864890590760e-01
-2.551177144050598145e-01 -6.210730671882629395e-01 -1.912347435951232910e+00 4.938675800790503362e-02 3.984033709010764701e-01 4.435503058158675183e-01 -8.012941292880864097e-01
-2.551222741603851318e-01 -6.210453510284423828e-01 -1.912364006042480469e+00 4.938381611305562441e-02 3.983827485605849206e-01 4.435664697931048228e-01 -8.012955466517911463e-01
-2.551242411136627197e-01 -6.210470795631408691e-01 -1.912366509437561035e+00 4.937680011799648605e-02 3.983768857065545510e-01 4.435667253510210406e-01 -8.013001574253427739e-01
-2.551265060901641846e-01 -6.210480332374572754e-01 -1.912368893623352051e+00 4.938087404294107946e-02 3.983778166848446767e-01 4.435687563212652451e-01 -8.013004372657358543e-01
-2.551519274711608887e-01 -6.210813522338867188e-01 -1.912342309951782227e+00 4.939135908180482953e-02 3.983744032430527326e-01 4.435421732191647815e-01 -8.013142168323246217e-01
-2.551587522029876709e-01 -6.210870146751403809e-01 -1.912343263626098633e+00 4.939022770993094225e-02 3.983738742403671873e-01 4.435432822706186218e-01 -8.013132634058773851e-01
-2.551647126674652100e-01 -6.210925579071044922e-01 -1.912344217300415039e+00 4.939068026179040116e-02 3.983675087623736455e-01 4.435404250171526286e-01 -8.013176875093325213e-01
-2.551443874835968018e-01 -6.210589408874511719e-01 -1.912346839904785156e+00 4.936608559981047611e-02 3.983583063985635109e-01 4.435504078859023314e-01 -8.013213370982374961e-01
-2.551479339599609375e-01 -6.210588812828063965e-01 -1.912348508834838867e+00 4.936646291107759515e-02 3.983631097630280227e-01 4.435436974732045456e-01 -8.013204948817664874e-01
-2.551516294479370117e-01 -6.210607290267944336e-01 -1.912351131439208984e+00 4.935536875561818276e-02 3.983681178734111983e-01 4.435371233959439774e-01 -8.013202219698092321e-01
-2.551388740539550781e-01 -6.210609078407287598e-01 -1.912404656410217285e+00 4.934117667679632779e-02 3.983217337508285771e-01 4.435478236765046378e-01 -8.013417211775104576e-01
-2.551427483558654785e-01 -6.210653185844421387e-01 -1.912410378456115723e+00 4.934079917216425970e-02 3.983196472130651200e-01 4.435451771473019056e-01 -8.013387920675927312e-01
-2.551475167274475098e-01 -6.210715770721435547e-01 -1.912415862083435059e+00 4.933400359482414954e-02 3.983249786581894991e-01 4.435437502448236757e-01 -8.013411919257372729e-01
-2.551373243331909180e-01 -6.210516691207885742e-01 -1.912421584129333496e+00 4.935906708450131519e-02 3.983418920458462464e-01 4.435114377985606149e-01 -8.013465228392658846e-01
-2.551410794258117676e-01 -6.210573911666870117e-01 -1.912428975105285645e+00 4.935597258334422505e-02 3.983381854859713855e-01 4.435187148853541594e-01 -8.013490632465755104e-01
-2.551448047161102295e-01 -6.210632920265197754e-01 -1.912434577941894531e+00 4.936019917059953493e-02 3.983384918315346912e-01 4.435175676273785395e-01 -8.013461060223227017e-01
-2.551520764827728271e-01 -6.210841536521911621e-01 -1.912428498268127441e+00 4.937514027442804071e-02 3.983163382090827431e-01 4.435360657122715544e-01 -8.013439952337524375e-01
-2.551570236682891846e-01 -6.210923194885253906e-01 -1.912431955337524414e+00 4.937770546369830288e-02 3.983182789694257875e-01 4.435302252673585799e-01 -8.013512533493670764e-01
-2.551628947257995605e-01 -6.211025118827819824e-01 -1.912434697151184082e+00 4.937491392779996824e-02 3.983257090930620858e-01 4.435314594732875926e-01 -8.013461598087718851e-01
-2.551478147506713867e-01 -6.210889220237731934e-01 -1.912407159805297852e+00 4.940025830355770226e-02 3.983343103306309918e-01 4.435669407572314649e-01 -8.013176681518423550e-01
-2.551512718200683594e-01 -6.210952997207641602e-01 -1.912406325340270996e+00 4.940719556778282173e-02 3.983405096067024198e-01 4.435658841227350102e-01 -8.013140323818056521e-01
-2.551549673080444336e-01 -6.211025714874267578e-01 -1.912404894828796387e+00 4.940485812017512274e-02 3.983397510698338806e-01 4.435690749729926941e-01 -8.013178619313742201e-01
-2.551760077476501465e-01 -6.210933327674865723e-01 -1.912400484085083008e+00 4.938177931395319048e-02 3.983333978172657885e-01 4.435699791621768862e-01 -8.013192424778519118e-01
-2.551821470260620117e-01 -6.211471557617187500e-01 -1.912469387054443359e+00 4.940033371384062316e-02 3.982788036238099072e-01 4.435602308282197703e-01 -8.013527926581229810e-01
-2.551907598972320557e-01 -6.211556792259216309e-01 -1.912472605705261230e+00 4.940040912400842782e-02 3.982772907263193440e-01 4.435628717743982929e-01 -8.013500611836893439e-01
-2.551920115947723389e-01 -6.211695671081542969e-01 -1.912470936775207520e+00 4.940757256510507067e-02 3.982916274276852575e-01 4.435576740102239457e-01 -8.013444112727740043e-01
-2.551721036434173584e-01 -6.211744546890258789e-01 -1.912524580955505371e+00 4.944435367266339365e-02 3.982879752479042135e-01 4.435450614522138957e-01 -8.013502913072133582e-01
-2.551760077476501465e-01 -6.211796402931213379e-01 -1.912525892257690430e+00 4.944676459270640201e-02 3.982962804701123960e-01 4.435382016549566098e-01 -8.013529571913747818e-01
-2.551813423633575439e-01 -6.211875677108764648e-01 -1.912531137466430664e+00 4.944608653332588366e-02 3.982987287309505686e-01 4.435364485343586405e-01 -8.013491795009272112e-01
-2.551669180393218994e-01 -6.211317181587219238e-01 -1.912449955940246582e+00 4.946416493588477736e-02 3.983070961746120742e-01 4.435412360979524848e-01 -8.013455001037029790e-01
-2.551704645156860352e-01 -6.211321353912353516e-01 -1.912450075149536133e+00 4.947350285555320720e-02 3.983084208286593597e-01 4.435352277737557025e-01 -8.013439432543020269e-01
-2.551724910736083984e-01 -6.211344599723815918e-01 -1.912453174591064453e+00 4.948020398575128653e-02 3.983023611940380571e-01 4.435426180585407274e-01 -8.013468437990244331e-01
-2.551438212394714355e-01 -6.210907697677612305e-01 -1.912447214126586914e+00 4.945806421379694146e-02 3.982971753113024871e-01 4.435405103953939387e-01 -8.013492905843615510e-01
-2.551428675651550293e-01 -6.210843324661254883e-01 -1.912438154220581055e+00 4.943214658550364876e-02 3.982968013091637838e-01 4.435469767782670436e-01 -8.013460617573466838e-01
-2.551417052745819092e-01 -6.210833787918090820e-01 -1.912439942359924316e+00 4.943131759991993557e-02 3.982968489866317574e-01 4.435541138101202208e-01 -8.013466889909209856e-01
-2.551439106464385986e-01 -6.210555434226989746e-01 -1.912403702735900879e+00 4.942920739206162900e-02 3.982752654017751026e-01 4.435579765731894053e-01 -8.013509039592068284e-01
-2.551377415657043457e-01 -6.210477948188781738e-01 -1.912390470504760742e+00 4.941202091628454918e-02 3.982759761101249962e-01 4.435608668719091541e-01 -8.013526379774010833e-01
-2.551352083683013916e-01 -6.210460066795349121e-01 -1.912388920783996582e+00 4.942785078229373907e-02 3.982759464881308609e-01 4.435535695682605861e-01 -8.013519456747584258e-01
-2.551240324974060059e-01 -6.210101842880249023e-01 -1.912368178367614746e+00 4.941918267422124728e-02 3.982556477256697369e-01 4.435731742260901611e-01 -8.013531975934325979e-01
-2.550988495349884033e-01 -6.210256814956665039e-01 -1.912348628044128418e+00 4.940968369695192264e-02 3.982706889970556996e-01 4.435673725459368666e-01 -8.013507351844094684e-01
-2.550911605358123779e-01 -6.210229396820068359e-01 -1.912343621253967285e+00 4.940629076247250034e-02 3.982639585816181160e-01 4.435619432140507912e-01 -8.013575105310978275e-01
-2.551100254058837891e-01 -6.210197806358337402e-01 -1.912290096282958984e+00 4.942302697931898886e-02 3.982671817725789709e-01 4.435588721313357130e-01 -8.013516181231571389e-01
-2.551101148128509521e-01 -6.210106015205383301e-01 -1.912274360656738281e+00 4.941797655609240364e-02 3.982768260003571870e-01 4.435665113530773973e-01 -8.013469747028110213e-01
-2.551071345806121826e-01 -6.210082173347473145e-01 -1.912267923355102539e+00 4.942121793181716155e-02 3.982781420511513626e-01 4.435717918108403879e-01 -8.013455235081308192e-01
-2.551347017288208008e-01 -6.210299730300903320e-01 -1.912326335906982422e+00 4.945603047253130380e-02 3.982792058348566533e-01 4.435656796888964304e-01 -8.013430746824419248e-01
-2.551387548446655273e-01 -6.210239529609680176e-01 -1.912320733070373535e+00 4.946130296243447799e-02 3.982813377796087240e-01 4.435572600608517768e-01 -8.013477323423279230e-01
-2.551396787166595459e-01 -6.210243105888366699e-01 -1.912317872047424316e+00 4.946890942179763689e-02 3.982851611913062473e-01 4.435562302963339532e-01 -8.013478658918065101e-01
-2.551527917385101318e-01 -6.210838556289672852e-01 -1.912325859069824219e+00 4.944367558022005893e-02 3.983241779469764987e-01 4.435722407794432942e-01 -8.013202941775914301e-01
-2.551626265048980713e-01 -6.210799217224121094e-01 -1.912319660186767578e+00 4.944480572912592076e-02 3.983247173671223829e-01 4.435696363875189507e-01 -8.013164443188732777e-01
-2.551663517951965332e-01 -6.210865974426269531e-01 -1.912316322326660156e+00 4.943455810088547703e-02 3.983325336733932742e-01 4.435774874288607728e-01 -8.013113412787437051e-01
-2.551297545433044434e-01 -6.210989356040954590e-01 -1.912399649620056152e+00 4.948803337023646026e-02 3.983143222029894015e-01 4.435540460534048712e-01 -8.013305706450294386e-01
-2.551321089267730713e-01 -6.211023330688476562e-01 -1.912401080131530762e+00 4.951309412864857151e-02 3.983239874474200359e-01 4.435465316054261753e-01 -8.013254011666265386e-01
-2.551319599151611328e-01 -6.211091876029968262e-01 -1.912402153015136719e+00 4.950797764716129840e-02 3.983260248231583200e-01 4.435526406075403494e-01 -8.013243910907860146e-01
-2.551300525665283203e-01 -6.211289167404174805e-01 -1.912447452545166016e+00 4.952693607545542026e-02 3.983342139971787765e-01 4.435353939883461827e-01 -8.013270965535032042e-01
-2.551295161247253418e-01 -6.211296319961547852e-01 -1.912446379661560059e+00 4.951640451142103744e-02 3.983485165413441775e-01 4.435253047757732880e-01 -8.013299093757635383e-01
-2.551284730434417725e-01 -6.211022734642028809e-01 -1.912456274032592773e+00 4.948163444655905019e-02 3.983507746142300188e-01 4.435210625052883326e-01 -8.013304534930919543e-01
-2.551269829273223877e-01 -6.211054325103759766e-01 -1.912459611892700195e+00 4.948298958181128471e-02 3.983585359241231805e-01 4.435179504016665830e-01 -8.013332015904245376e-01
-2.551248073577880859e-01 -6.211093664169311523e-01 -1.912456989288330078e+00 4.947530999127501550e-02 3.983577231735653257e-01 4.435145094443085911e-01 -8.013303349134276443e-01
-2.551215887069702148e-01 -6.210909485816955566e-01 -1.912403821945190430e+00 4.940923131914982253e-02 3.983250020035091210e-01 4.435488147373657930e-01 -8.013331912459377149e-01
-2.551184594631195068e-01 -6.210927963256835938e-01 -1.912403106689453125e+00 4.940900512869556699e-02 3.983244127996518613e-01 4.435463214487497807e-01 -8.013370104788618553e-01
-2.551303803920745850e-01 -6.210718154907226562e-01 -1.912399291992187500e+00 4.939671389040131005e-02 3.983297094909547531e-01 4.435511057166697801e-01 -8.013320281118248012e-01
-2.551403343677520752e-01 -6.210750341415405273e-01 -1.912424206733703613e+00 4.940915592244678883e-02 3.983189749190787499e-01 4.435871899581543265e-01 -8.013176759724769394e-01
-2.551406323909759521e-01 -6.210786700248718262e-01 -1.912427186965942383e+00 4.939761887112908978e-02 3.983209036714375206e-01 4.435921498827343212e-01 -8.013149341840031248e-01
-2.551411092281341553e-01 -6.210811138153076172e-01 -1.912433743476867676e+00 4.940546134304799053e-02 3.983222198820741689e-01 4.435832637781738086e-01 -8.013157691738227451e-01
-2.551221251487731934e-01 -6.210554838180541992e-01 -1.912488818168640137e+00 4.938645628316516711e-02 3.983140803307185229e-01 4.435684036789011020e-01 -8.013266326631565128e-01
-2.551233172416687012e-01 -6.210595965385437012e-01 -1.912493944168090820e+00 4.939716638283766365e-02 3.983194241494222299e-01 4.435576007677993760e-01 -8.013293634107323538e-01
-2.551248073577880859e-01 -6.210599541664123535e-01 -1.912499070167541504e+00 4.940538594059166316e-02 3.983309712725914276e-01 4.435486523980691764e-01 -8.013317710339588062e-01
-2.551518082618713379e-01 -6.210985779762268066e-01 -1.912500143051147461e+00 4.937476302947145512e-02 3.983269264494607165e-01 4.435210448991381282e-01 -8.013507214493877928e-01
-2.551555931568145752e-01 -6.211053133010864258e-01 -1.912506937980651855e+00 4.937174496604899293e-02 3.983298470163200711e-01 4.435182773178913962e-01 -8.013499079416609439e-01
-2.551588118076324463e-01 -6.211123466491699219e-01 -1.912510156631469727e+00 4.938690886958371079e-02 3.983381886483681189e-01 4.435073131476268138e-01 -8.013500649636892126e-01
-2.551584243774414062e-01 -6.211298108100891113e-01 -1.912498474121093750e+00 4.940870353981246382e-02 3.983033201523308864e-01 4.435074094460595417e-01 -8.013660289943614901e-01
-2.551613152027130127e-01 -6.211366057395935059e-01 -1.912505388259887695e+00 4.940908052562870134e-02 3.983072176546351706e-01 4.435007080710821614e-01 -8.013686606978195348e-01
-2.551724016666412354e-01 -6.211332678794860840e-01 -1.912501931190490723e+00 4.937989331394967985e-02 3.983133050425874400e-01 4.435033316170411410e-01 -8.013662940452666028e-01
-2.551430761814117432e-01 -6.211177110671997070e-01 -1.912494897842407227e+00 4.936050105584061792e-02 3.983113011081663157e-01 4.435148551061325328e-01 -8.013623369499678351e-01
-2.551415264606475830e-01 -6.211240291595458984e-01 -1.912502646446228027e+00 4.935642544929088465e-02 3.983155102832093286e-01 4.435101167760558960e-01 -8.013645046802099214e-01
-2.551275193691253662e-01 -6.211422681808471680e-01 -1.912497997283935547e+00 4.935929350379816838e-02 3.983319137092782847e-01 4.435000446949526887e-01 -8.013602057022987113e-01
-2.551304101943969727e-01 -6.211037635803222656e-01 -1.912477970123291016e+00 4.933317296006366204e-02 3.983316853537736124e-01 4.435379280319283191e-01 -8.013395817270432264e-01
-2.551270425319671631e-01 -6.211083531379699707e-01 -1.912479877471923828e+00 4.933151164858445847e-02 3.983257678113095723e-01 4.435480318389178334e-01 -8.013353046325321083e-01
-2.551247775554656982e-01 -6.211089491844177246e-01 -1.912472009658813477e+00 4.931731270438609316e-02 3.983280504455334881e-01 4.435518527621102325e-01 -8.013348732822117571e-01
-2.551189363002777100e-01 -6.210808157920837402e-01 -1.912433028221130371e+00 4.934072367089125527e-02 3.983465311856865809e-01 4.435410237758402596e-01 -8.013323171420593249e-01
-2.551151514053344727e-01 -6.210806965827941895e-01 -1.912432312965393066e+00 4.934306415663455153e-02 3.983415280314148710e-01 4.435381047886726158e-01 -8.013331134515340182e-01
-2.551097571849822998e-01 -6.210821270942687988e-01 -1.912422657012939453e+00 4.934253566955770776e-02 3.983596862341196032e-01 4.435301715803694478e-01 -8.013270494720661219e-01
-2.551448345184326172e-01 -6.210396885871887207e-01 -1.912350773811340332e+00 4.933604236630902834e-02 3.983550314379531998e-01 4.435332740466029766e-01 -8.013301256387304061e-01
-2.551490068435668945e-01 -6.210378408432006836e-01 -1.912343740463256836e+00 4.934200717682040577e-02 3.983557990563941775e-01 4.435198222732687490e-01 -8.013360853279858365e-01
-2.551470696926116943e-01 -6.210423111915588379e-01 -1.912325620651245117e+00 4.934034616279322355e-02 3.983673974266405127e-01 4.435163306442046482e-01 -8.013358811537143467e-01
-2.551625669002532959e-01 -6.210743784904479980e-01 -1.912345409393310547e+00 4.937845990576975042e-02 3.983737551592723691e-01 4.435186202792302246e-01 -8.013269387079307027e-01
-2.551654875278472900e-01 -6.210784316062927246e-01 -1.912338733673095703e+00 4.937732823833987372e-02 3.983699087922354942e-01 4.435384421847531899e-01 -8.013222178523796702e-01
-2.551852762699127197e-01 -6.210708022117614746e-01 -1.912338137626647949e+00 4.941277483442223228e-02 3.983890175494712582e-01 4.435179114229776398e-01 -8.013196033134645235e-01
-2.551745474338531494e-01 -6.210631132125854492e-01 -1.912371158599853516e+00 4.940862814230405353e-02 3.983802302994620681e-01 4.435234673412967177e-01 -8.013170370990615465e-01
-2.551800310611724854e-01 -6.210653185844421387e-01 -1.912364959716796875e+00 4.939701555248610099e-02 3.983743360772167841e-01 4.435239624450982854e-01 -8.013227603793028342e-01
-2.551791667938232422e-01 -6.210713386535644531e-01 -1.912346124649047852e+00 4.938577739576053421e-02 3.983624014350443110e-01 4.435346729093743168e-01 -8.013246738122782320e-01
-2.551747858524322510e-01 -6.210868954658508301e-01 -1.912411451339721680e+00 4.940696936800867411e-02 3.983121732888916799e-01 4.435302148503840747e-01 -8.013493690762200083e-01
-2.551822960376739502e-01 -6.210930347442626953e-01 -1.912407159805297852e+00 4.941066383464805256e-02 3.983056127288993609e-01 4.435341458893430344e-01 -8.013496164549573919e-01
-2.551904022693634033e-01 -6.210917830467224121e-01 -1.912391543388366699e+00 4.939641222647428442e-02 3.983155505241448013e-01 4.435432562139241530e-01 -8.013431059765170339e-01
-2.551690042018890381e-01 -6.211166381835937500e-01 -1.912489891052246094e+00 4.938283544249288948e-02 3.983091879548486536e-01 4.435076868677853557e-01 -8.013689421571241756e-01
-2.551734149456024170e-01 -6.211221814155578613e-01 -1.912493348121643066e+00 4.938600369259901063e-02 3.983068683965423906e-01 4.435082005396099314e-01 -8.013688259332419905e-01
-2.551746070384979248e-01 -6.211296319961547852e-01 -1.912487268447875977e+00 4.939332006499769917e-02 3.983051892069028876e-01 4.434835349930734139e-01 -8.013760763476448501e-01
-2.551650106906890869e-01 -6.211032271385192871e-01 -1.912439107894897461e+00 4.939611056070498246e-02 3.982947547320613291e-01 4.435254516310613293e-01 -8.013638373404966542e-01
-2.551687061786651611e-01 -6.211071610450744629e-01 -1.912438035011291504e+00 4.939520555234310634e-02 3.982963204309986072e-01 4.435317677759539334e-01 -8.013592127349271621e-01
-2.551691234111785889e-01 -6.211076974868774414e-01 -1.912438035011291504e+00 4.939354632727938760e-02 3.983121134360609883e-01 4.435315827510929454e-01 -8.013505334283792525e-01
-2.551759481430053711e-01 -6.210859417915344238e-01 -1.912453651428222656e+00 4.938509849902336657e-02 3.982954615715539881e-01 4.435054673056343932e-01 -8.013755185014733717e-01
-2.551783323287963867e-01 -6.210879683494567871e-01 -1.912456154823303223e+00 4.938773860057911469e-02 3.983028332361814861e-01 4.435061981465983072e-01 -8.013709978393041000e-01
-2.551702857017517090e-01 -6.211057305335998535e-01 -1.912445068359375000e+00 4.939709096771945085e-02 3.983076641795311179e-01 4.435106155612970613e-01 -8.013651269601793636e-01
-2.551720142364501953e-01 -6.210783123970031738e-01 -1.912456035614013672e+00 4.939769428544135699e-02 3.983218038492615798e-01 4.435184716623544188e-01 -8.013517196194781533e-01
-2.551745474338531494e-01 -6.210806369781494141e-01 -1.912457585334777832e+00 4.939897631113496917e-02 3.983259455737612198e-01 4.435114859981944546e-01 -8.013552053188750524e-01
-2.551777660846710205e-01 -6.210845708847045898e-01 -1.912458896636962891e+00 4.940146485427099332e-02 3.983285029026208401e-01 4.435093540844030069e-01 -8.013517881175842295e-01
-2.551175951957702637e-01 -6.210795640945434570e-01 -1.912428379058837891e+00 4.940508432961555896e-02 3.983548174708888001e-01 4.435148651596683700e-01 -8.013405840045076944e-01
-2.551138401031494141e-01 -6.210823059082031250e-01 -1.912426471710205078e+00 4.940342543633277628e-02 3.983645741667511397e-01 4.435125652714234090e-01 -8.013346150245129751e-01
-2.551093399524688721e-01 -6.210801601409912109e-01 -1.912430167198181152e+00 4.941330257027442413e-02 3.983708909006539178e-01 4.434884465735320358e-01 -8.013457247906057290e-01
-2.551378905773162842e-01 -6.211112141609191895e-01 -1.912419080734252930e+00 4.945279137858930862e-02 3.983953875669618561e-01 4.435160879045447202e-01 -8.013116437388997371e-01
-2.551385760307312012e-01 -6.211169362068176270e-01 -1.912418484687805176e+00 4.944804534616784042e-02 3.983887245009171130e-01 4.435246041262635996e-01 -8.013129149636931681e-01
-2.551466822624206543e-01 -6.211006045341491699e-01 -1.912430524826049805e+00 4.945407197597003618e-02 3.983868791245659957e-01 4.435299135001424808e-01 -8.013116846360428536e-01
-2.551645934581756592e-01 -6.211277842521667480e-01 -1.912426471710205078e+00 4.945866678774143294e-02 3.983980737868002553e-01 4.435107024748141669e-01 -8.013136169162219380e-01
-2.551679015159606934e-01 -6.211352944374084473e-01 -1.912426114082336426e+00 4.945369533312389543e-02 3.983947343140418207e-01 4.435140072682191015e-01 -8.013141716974928608e-01
-2.551670968532562256e-01 -6.211369037628173828e-01 -1.912429690361022949e+00 4.949051743529599146e-02 3.984036258322887214e-01 4.435013726419417268e-01 -8.013159424170837042e-01
-2.551237642765045166e-01 -6.210963129997253418e-01 -1.912444353103637695e+00 4.947297576186673179e-02 3.984183849727027105e-01 4.434893520117396681e-01 -8.013158853554088745e-01
-2.551229298114776611e-01 -6.210976243019104004e-01 -1.912446379661560059e+00 4.947952638461877023e-02 3.984270743918933988e-01 4.434806304512695085e-01 -8.013185167694565347e-01
-2.551264166831970215e-01 -6.210922002792358398e-01 -1.912441611289978027e+00 4.945490058013453372e-02 3.984187716890477127e-01 4.434902423056171217e-01 -8.013155840791199580e-01
-2.551496326923370361e-01 -6.210705637931823730e-01 -1.912474513053894043e+00 4.946589710253056910e-02 3.984383467089994135e-01 4.434820244818720170e-01 -8.013074981189712842e-01
-2.551524639129638672e-01 -6.210694313049316406e-01 -1.912479400634765625e+00 4.947553587859911811e-02 3.984299952900783870e-01 4.434847757363365450e-01 -8.013134243041184490e-01
-2.551679015159606934e-01 -6.210662126541137695e-01 -1.912485122680664062e+00 4.947312636063590230e-02 3.984313284291774448e-01 4.434883032041712636e-01 -8.013110365315473382e-01
-2.551425099372863770e-01 -6.210896372795104980e-01 -1.912517786026000977e+00 4.945090808690325718e-02 3.984355706733421210e-01 4.434965175795312353e-01 -8.013049463927101046e-01
-2.551446855068206787e-01 -6.210929155349731445e-01 -1.912523865699768066e+00 4.944525778145549000e-02 3.984395128599046987e-01 4.434971707873941460e-01 -8.013012827606156296e-01
-2.551594376564025879e-01 -6.210846900939941406e-01 -1.912536263465881348e+00 4.945497590709743707e-02 3.984543217552438676e-01 4.434889641916506808e-01 -8.012965864117976844e-01
-2.551304996013641357e-01 -6.210938096046447754e-01 -1.912553071975708008e+00 4.945625644791299541e-02 3.984581659110215668e-01 4.434868214956502186e-01 -8.012993403118831015e-01
-2.551299333572387695e-01 -6.210962533950805664e-01 -1.912562966346740723e+00 4.946137827964690314e-02 3.984512493366235697e-01 4.434851839719251010e-01 -8.013008698957307940e-01
-2.551347315311431885e-01 -6.211006045341491699e-01 -1.912569165229797363e+00 4.947034020919363617e-02 3.984543703637571377e-01 4.434867734671785744e-01 -8.013011945127602731e-01
-2.551390528678894043e-01 -6.211153864860534668e-01 -1.912575006484985352e+00 4.947659000580886118e-02 3.984606593891161230e-01 4.435180940292933194e-01 -8.012769260090483181e-01
-2.551391720771789551e-01 -6.211205720901489258e-01 -1.912583351135253906e+00 4.947387934760540118e-02 3.984623110254182921e-01 4.435170940757628411e-01 -8.012795643465082662e-01
-2.551388144493103027e-01 -6.211225390434265137e-01 -1.912582993507385254e+00 4.947418053918431480e-02 3.984740412062356962e-01 4.435035511446922540e-01 -8.012789029429222554e-01
-2.551563680171966553e-01 -6.211286783218383789e-01 -1.912557363510131836e+00 4.943696949863455453e-02 3.984556745360178232e-01 4.434931561414592882e-01 -8.012987802705365814e-01
-2.551568150520324707e-01 -6.211336851119995117e-01 -1.912563920021057129e+00 4.943892867270126279e-02 3.984486252257067318e-01 4.434891445651190089e-01 -8.013048526500944346e-01
-2.551519870758056641e-01 -6.211450099945068359e-01 -1.912567138671875000e+00 4.943629130490626716e-02 3.984463711124217600e-01 4.434892933103826707e-01 -8.013046487541810592e-01
-2.551434338092803955e-01 -6.211203932762145996e-01 -1.912514209747314453e+00 4.942596654028904440e-02 3.984310185605309251e-01 4.435077701753572521e-01 -8.013015466444849411e-01
-2.551424205303192139e-01 -6.211226582527160645e-01 -1.912513971328735352e+00 4.942679561562066809e-02 3.984249383159447211e-01 4.435003308633999053e-01 -8.013090585892272966e-01
-2.551477253437042236e-01 -6.211307048797607422e-01 -1.912518501281738281e+00 4.943546238882554067e-02 3.984340622450321390e-01 4.434994424186008422e-01 -8.013033148415119600e-01
-2.551312744617462158e-01 -6.211050748825073242e-01 -1.912481188774108887e+00 4.944653857394602781e-02 3.984068916833599094e-01 4.435540915714622501e-01 -8.012856501006233589e-01
-2.551281154155731201e-01 -6.211050152778625488e-01 -1.912477850914001465e+00 4.944118916169341904e-02 3.984150368759864502e-01 4.435544631285350259e-01 -8.012831352655030992e-01
-2.551304101943969727e-01 -6.210945248603820801e-01 -1.912474989891052246e+00 4.944149055241699176e-02 3.984189373609166585e-01 4.435608009559696141e-01 -8.012794562773269957e-01
-2.551117539405822754e-01 -6.211059093475341797e-01 -1.912482261657714844e+00 4.944299747847694104e-02 3.984233702633973029e-01 4.435831463821832132e-01 -8.012649804038752821e-01
-2.551075518131256104e-01 -6.211070418357849121e-01 -1.912480592727661133e+00 4.944947673725185594e-02 3.984275164958525073e-01 4.435777593325670454e-01 -8.012651604280520701e-01
-2.551066279411315918e-01 -6.211056709289550781e-01 -1.912470579147338867e+00 4.945309269860344303e-02 3.984297210549033741e-01 4.435609939574035043e-01 -8.012712056561113183e-01
-2.551136314868927002e-01 -6.211243271827697754e-01 -1.912507891654968262e+00 4.947960167409173882e-02 3.984044836253192723e-01 4.435775307221215269e-01 -8.012758882833411755e-01
-2.551103532314300537e-01 -6.211283206939697266e-01 -1.912508368492126465e+00 4.948923778098818921e-02 3.984124219489716401e-01 4.435730601610844981e-01 -8.012705709871505988e-01
-2.551110982894897461e-01 -6.211201548576354980e-01 -1.912511706352233887e+00 4.948780753995721954e-02 3.984215275555031965e-01 4.435482413457154105e-01 -8.012792752383922634e-01
-2.551171481609344482e-01 -6.211143136024475098e-01 -1.912556886672973633e+00 4.947809586286484873e-02 3.984196202942464904e-01 4.435313994826140527e-01 -8.012901851417000287e-01
-2.551112771034240723e-01 -6.211164593696594238e-01 -1.912559270858764648e+00 4.947357815419285015e-02 3.984186541176301666e-01 4.435312395768276073e-01 -8.012903157978792379e-01
-2.551056146621704102e-01 -6.211169958114624023e-01 -1.912565112113952637e+00 4.948487165254212422e-02 3.984379384878322661e-01 4.435209562594322752e-01 -8.012903781314048013e-01
-2.551416158676147461e-01 -6.211096644401550293e-01 -1.912510871887207031e+00 4.947071672531484082e-02 3.983853723984676631e-01 4.435641228878762221e-01 -8.012938910515136071e-01
-2.551393806934356689e-01 -6.211116909980773926e-01 -1.912510275840759277e+00 4.946529461666398370e-02 3.983953017585200040e-01 4.435654484750579662e-01 -8.012877360340151522e-01
-2.551327049732208252e-01 -6.211171746253967285e-01 -1.912503242492675781e+00 4.948005340852375950e-02 3.983888001444533256e-01 4.435590255888783862e-01 -8.012913101293029916e-01
-2.551496028900146484e-01 -6.211624741554260254e-01 -1.912491202354431152e+00 4.946642427164429923e-02 3.983627071282505594e-01 4.435748993210917868e-01 -8.012942893097287911e-01
-2.551473379135131836e-01 -6.211678385734558105e-01 -1.912489771842956543e+00 4.947320165984857299e-02 3.983590372127314150e-01 4.435740716363771874e-01 -8.013000280297588596e-01
-2.551425099372863770e-01 -6.211774945259094238e-01 -1.912479639053344727e+00 4.947146974896050875e-02 3.983747903190172357e-01 4.435691183128132598e-01 -8.012946461672284526e-01
-2.551675438880920410e-01 -6.211529374122619629e-01 -1.912545323371887207e+00 4.950669844416687171e-02 3.983393270928783370e-01 4.435773452434182418e-01 -8.013071714058418449e-01
-2.551702260971069336e-01 -6.211564540863037109e-01 -1.912547707557678223e+00 4.951362079525786081e-02 3.983357009434255747e-01 4.435743163692745239e-01 -8.013105576608349212e-01
-2.551756799221038818e-01 -6.211462616920471191e-01 -1.912541151046752930e+00 4.948178501897534942e-02 3.983384200962472033e-01 4.435790383183279562e-01 -8.013043752217471338e-01
-2.551340460777282715e-01 -6.211158037185668945e-01 -1.912613153457641602e+00 4.947229806173229077e-02 3.983133015589790382e-01 4.435565712161453900e-01 -8.013303260679885964e-01
-2.551317811012268066e-01 -6.211154460906982422e-01 -1.912620186805725098e+00 4.947741823286125329e-02 3.983103308139289700e-01 4.435480149580162124e-01 -8.013369987495201352e-01
-2.551351487636566162e-01 -6.210994720458984375e-01 -1.912611722946166992e+00 4.946567117119054363e-02 3.982988838304619139e-01 4.435521308573799337e-01 -8.013408304242928271e-01
-2.551159560680389404e-01 -6.210979819297790527e-01 -1.912586331367492676e+00 4.943531167531758225e-02 3.983032517173233922e-01 4.435417886526624165e-01 -8.013462997715564695e-01
-2.551127672195434570e-01 -6.210988163948059082e-01 -1.912588596343994141e+00 4.943305091755801489e-02 3.983024768109091340e-01 4.435491114984575489e-01 -8.013445145653984580e-01
-2.551000714302062988e-01 -6.210935115814208984e-01 -1.912577033042907715e+00 4.941006067528982276e-02 3.983276650787833661e-01 4.435739405004002212e-01 -8.013183836173349839e-01
-2.551159262657165527e-01 -6.211085915565490723e-01 -1.912580966949462891e+00 4.942694635509594508e-02 3.982778076327802008e-01 4.435704287037740556e-01 -8.013436966570438580e-01
-2.551133632659912109e-01 -6.211090683937072754e-01 -1.912581682205200195e+00 4.941209630861595481e-02 3.982829076532298229e-01 4.435653167671543828e-01 -8.013446299793585137e-01
-2.550944089889526367e-01 -6.210995912551879883e-01 -1.912541747093200684e+00 4.941971034164635568e-02 3.982969253615360472e-01 4.435795944144581004e-01 -8.013312235744836087e-01
-2.551248967647552490e-01 -6.210879683494567871e-01 -1.912528514862060547e+00 4.944427832951781704e-02 3.983012398168533363e-01 4.435764773525847082e-01 -8.013311697392407895e-01
-2.551242113113403320e-01 -6.210858821868896484e-01 -1.912524104118347168e+00 4.942943349006977127e-02 3.983017811802390673e-01 4.435761457117284867e-01 -8.013283969964667408e-01
-2.551370859146118164e-01 -6.211020946502685547e-01 -1.912549853324890137e+00 4.939618597732002570e-02 3.983246149167942729e-01 4.435567510900724209e-01 -8.013310897212062578e-01
-2.551544904708862305e-01 -6.211116313934326172e-01 -1.912547588348388672e+00 4.940892973164737190e-02 3.983141634515930951e-01 4.435304109283932927e-01 -8.013509000170296881e-01
-2.551572918891906738e-01 -6.211138963699340820e-01 -1.912548065185546875e+00 4.941300100762047176e-02 3.983142156582324955e-01 4.435312610949856404e-01 -8.013460918706296621e-01
-2.551662027835845947e-01 -6.210986971855163574e-01 -1.912545204162597656e+00 4.939083111148875882e-02 3.983303898931555564e-01 4.435523451071765599e-01 -8.013288165733692958e-01
-2.551531791687011719e-01 -6.211079359054565430e-01 -1.912574529647827148e+00 4.940267137551695997e-02 3.983079162910816984e-01 4.435428617306682031e-01 -8.013480527528753505e-01
-2.551528513431549072e-01 -6.211078763008117676e-01 -1.912577867507934570e+00 4.940108781033862584e-02 3.983203825223449179e-01 4.435416961654448098e-01 -8.013420683694054691e-01
-2.551383972167968750e-01 -6.211144328117370605e-01 -1.912565469741821289e+00 4.939437594677820870e-02 3.983355911822868411e-01 4.435503791941429186e-01 -8.013293813109905184e-01
-2.551304399967193604e-01 -6.211122274398803711e-01 -1.912594079971313477e+00 4.941812732246834289e-02 3.983319974634881300e-01 4.435404324584869551e-01 -8.013333732334750881e-01
-2.551269829273223877e-01 -6.211121678352355957e-01 -1.912599921226501465e+00 4.941488574401467493e-02 3.983421454759657476e-01 4.435324374644339374e-01 -8.013322638168528522e-01
-2.551223635673522949e-01 -6.210995912551879883e-01 -1.912596583366394043e+00 4.939656305866808178e-02 3.983656171369110988e-01 4.435509517743012053e-01 -8.013138109892686822e-01
-2.551321983337402344e-01 -6.211043000221252441e-01 -1.912600278854370117e+00 4.942212246384537072e-02 3.983528628507650993e-01 4.435579448346064768e-01 -8.013139727037380533e-01
-2.551333010196685791e-01 -6.211033463478088379e-01 -1.912604212760925293e+00 4.941307639845649718e-02 3.983564299019072830e-01 4.435541063105201132e-01 -8.013132051087519248e-01
-2.551427781581878662e-01 -6.211249828338623047e-01 -1.912619948387145996e+00 4.937657377897728544e-02 3.983759957659653295e-01 4.435521603994042050e-01 -8.013062448218196687e-01
-2.551693320274353027e-01 -6.211467385292053223e-01 -1.912590503692626953e+00 4.942905665948164190e-02 3.983626990987099159e-01 4.435744024723011214e-01 -8.012996867769587306e-01
-2.551722228527069092e-01 -6.211480498313903809e-01 -1.912591814994812012e+00 4.943011177788902283e-02 3.983695702020119134e-01 4.435616180324628011e-01 -8.013036846484405951e-01
-2.551695108413696289e-01 -6.211273670196533203e-01 -1.912567377090454102e+00 4.941217170083232746e-02 3.983772940803868567e-01 4.435592117476128138e-01 -8.013032986734026641e-01
-2.551357150077819824e-01 -6.211281418800354004e-01 -1.912606120109558105e+00 4.942656950554577544e-02 3.983842521858772523e-01 4.435285885582159193e-01 -8.013154376380899890e-01
-2.551346123218536377e-01 -6.211283206939697266e-01 -1.912609696388244629e+00 4.942423297420045492e-02 3.983810766692330585e-01 4.435308636862033138e-01 -8.013166881896668370e-01
-2.551330626010894775e-01 -6.210946440696716309e-01 -1.912586331367492676e+00 4.939565805859669895e-02 3.983816641867474750e-01 4.435654133293480128e-01 -8.012947052412200399e-01
-2.551356256008148193e-01 -6.211004853248596191e-01 -1.912587404251098633e+00 4.944457970141128561e-02 3.983536616304094169e-01 4.435593078827396729e-01 -8.013092580493060835e-01
-2.551329731941223145e-01 -6.210981011390686035e-01 -1.912587881088256836e+00 4.943696949863455453e-02 3.983543983006031519e-01 4.435636878054087795e-01 -8.013066171220865064e-01
-2.551245391368865967e-01 -6.210908889770507812e-01 -1.912572741508483887e+00 4.943568845822596258e-02 3.983993848616851352e-01 4.435760862671387361e-01 -8.012782492938610446e-01
-2.551338374614715576e-01 -6.211096644401550293e-01 -1.912553429603576660e+00 4.944103846564266297e-02 3.983821938837541210e-01 4.435663638200644243e-01 -8.012934137792809830e-01
-2.551322877407073975e-01 -6.211093664169311523e-01 -1.912551164627075195e+00 4.943802444816419034e-02 3.983886982372073504e-01 4.435572367852591014e-01 -8.012959985126453244e-01
-2.551428973674774170e-01 -6.211087107658386230e-01 -1.912553548812866211e+00 4.940478271679814987e-02 3.984257157183298537e-01 4.435652277581830782e-01 -8.012747477123544071e-01
-2.551413178443908691e-01 -6.211248636245727539e-01 -1.912555098533630371e+00 4.942943349006977127e-02 3.984139255357924125e-01 4.435414774297697926e-01 -8.012956882260969804e-01
-2.551431059837341309e-01 -6.211282610893249512e-01 -1.912551879882812500e+00 4.942325310560084090e-02 3.984170145929253892e-01 4.435336271372881112e-01 -8.012959427720846017e-01
-2.551646828651428223e-01 -6.211676001548767090e-01 -1.912575721740722656e+00 4.944247005958034291e-02 3.984592656775531871e-01 4.435544246221823084e-01 -8.012623765559654387e-01
-2.551710009574890137e-01 -6.211762428283691406e-01 -1.912572741508483887e+00 4.943734626890795847e-02 3.984604746305923650e-01 4.435557861064035601e-01 -8.012614769789307978e-01
-2.551874816417694092e-01 -6.211879253387451172e-01 -1.912590384483337402e+00 4.946085105675142313e-02 3.984717652659731657e-01 4.435525757979834616e-01 -8.012557848945615069e-01
-2.551543116569519043e-01 -6.211760044097900391e-01 -1.912654876708984375e+00 4.946303522930491081e-02 3.984288639635464313e-01 4.435260606020707264e-01 -8.012905965403995801e-01
-2.551588416099548340e-01 -6.211835741996765137e-01 -1.912656903266906738e+00 4.946800574527798755e-02 3.984303995664303377e-01 4.435363189086455882e-01 -8.012853903994436866e-01
-2.551489174365997314e-01 -6.211567521095275879e-01 -1.912612199783325195e+00 4.946536992779861780e-02 3.984570527728028555e-01 4.435557358164096131e-01 -8.012595547059981893e-01
-2.551617324352264404e-01 -6.211452484130859375e-01 -1.912627339363098145e+00 4.946326117268502048e-02 3.984406005509792403e-01 4.435306622753847905e-01 -8.012831706082622629e-01
-2.551682293415069580e-01 -6.211478710174560547e-01 -1.912626385688781738e+00 4.945904339272871875e-02 3.984390274869497595e-01 4.435299215838358067e-01 -8.012829607765596940e-01
-2.551681399345397949e-01 -6.211295723915100098e-01 -1.912607431411743164e+00 4.945979659410045665e-02 3.984733311213104479e-01 4.435469682449025841e-01 -8.012555438408083264e-01
-2.551937699317932129e-01 -6.211397647857666016e-01 -1.912613153457641602e+00 4.944668925323440073e-02 3.984279781155795064e-01 4.435449046145036878e-01 -8.012792906809774740e-01
-2.551985979080200195e-01 -6.211391687393188477e-01 -1.912611126899719238e+00 4.945587982170321362e-02 3.984193193345560990e-01 4.435528696642555557e-01 -8.012825435645541949e-01
-2.551934421062469482e-01 -6.211175918579101562e-01 -1.912558078765869141e+00 4.942476058770767233e-02 3.984130029362989434e-01 4.435505497943519893e-01 -8.012874818762145690e-01
-2.551670372486114502e-01 -6.211193203926086426e-01 -1.912595391273498535e+00 4.942076565959480083e-02 3.983966645482657221e-01 4.435131357724408918e-01 -8.013150167082278008e-01
-2.551661431789398193e-01 -6.211181879043579102e-01 -1.912597656250000000e+00 4.941601655134677390e-02 3.984011792551857001e-01 4.435105276648501627e-01 -8.013152835494707915e-01
-2.551709413528442383e-01 -6.211220622062683105e-01 -1.912585139274597168e+00 4.937031132129149347e-02 3.984014769996007677e-01 4.435224035624512617e-01 -8.013116058581113421e-01
-2.551501393318176270e-01 -6.211354732513427734e-01 -1.912606000900268555e+00 4.938690886958371079e-02 3.983843522515342905e-01 4.435142527742465535e-01 -8.013223064572101428e-01
-2.551476955413818359e-01 -6.211367845535278320e-01 -1.912610292434692383e+00 4.938389154844612799e-02 3.983824417601984358e-01 4.435220397388062730e-01 -8.013184619550925980e-01
-2.551418244838714600e-01 -6.211553812026977539e-01 -1.912616014480590820e+00 4.938132668052159363e-02 3.984182216090812467e-01 4.435224445145657945e-01 -8.013027486347226169e-01
-2.551609277725219727e-01 -6.211280822753906250e-01 -1.912649631500244141e+00 4.939528097033991233e-02 3.983768620044519926e-01 4.435190237098643462e-01 -8.013284253667075641e-01
-2.551583349704742432e-01 -6.211279630661010742e-01 -1.912654280662536621e+00 4.939950419439705781e-02 3.983681425402758047e-01 4.435293700805135741e-01 -8.013247727019703337e-01
-2.551486492156982422e-01 -6.211088299751281738e-01 -1.912629723548889160e+00 4.938479676414445074e-02 3.983866054319885608e-01 4.435437818925787590e-01 -8.013078473447398098e-01
-2.551585435867309570e-01 -6.211234331130981445e-01 -1.912620186805725098e+00 4.940319921929653413e-02 3.983633820423632677e-01 4.435203269582532748e-01 -8.013328551109605291e-01
-2.551552355289459229e-01 -6.211250424385070801e-01 -1.912619590759277344e+00 4.940063535382117205e-02 3.983569093647693626e-01 4.435249454336929742e-01 -8.013337225670167374e-01
-2.551375627517700195e-01 -6.211255788803100586e-01 -1.912602663040161133e+00 4.938132668052159363e-02 3.983871406376667812e-01 4.435444727758595107e-01 -8.013057662047629037e-01
-2.551336288452148438e-01 -6.211257576942443848e-01 -1.912599205970764160e+00 4.937023586515103951e-02 3.983854855421158914e-01 4.435387763193703869e-01 -8.013132832984033449e-01
-2.551597654819488525e-01 -6.211241483688354492e-01 -1.912581682205200195e+00 4.941209630861595481e-02 3.983646328781284551e-01 4.435218908173927943e-01 -8.013278928945546387e-01
-2.551573812961578369e-01 -6.211245059967041016e-01 -1.912577986717224121e+00 4.940885433448412301e-02 3.983663429719823124e-01 4.435319925157308885e-01 -8.013258846335344909e-01
-2.551520764827728271e-01 -6.211303472518920898e-01 -1.912564158439636230e+00 4.940086158259789778e-02 3.983894718045378203e-01 4.435416158694259203e-01 -8.013044136966267494e-01
-2.551726698875427246e-01 -6.211180686950683594e-01 -1.912546515464782715e+00 4.943523631839129989e-02 3.983792158572144748e-01 4.435319147907722526e-01 -8.013140628082654482e-01
-2.551729381084442139e-01 -6.211183071136474609e-01 -1.912540435791015625e+00 4.942792615047987559e-02 3.983781413205835786e-01 4.435299813223128607e-01 -8.013163558987814739e-01
-2.551783919334411621e-01 -6.211475133895874023e-01 -1.912554144859313965e+00 4.944284678793772064e-02 3.983941450318027044e-01 4.435260303042963259e-01 -8.013093145108353132e-01
-2.551593780517578125e-01 -6.211485266685485840e-01 -1.912579298019409180e+00 4.944879871506122071e-02 3.983841616425179977e-01 4.435057930709473406e-01 -8.013263210421966987e-01
-2.551581561565399170e-01 -6.211544871330261230e-01 -1.912576436996459961e+00 4.945738630933391167e-02 3.983767527693959365e-01 4.435140502968109022e-01 -8.013236674586954322e-01
-2.551726400852203369e-01 -6.211565136909484863e-01 -1.912606596946716309e+00 4.945813953594149076e-02 3.984026222244245186e-01 4.435154305502809202e-01 -8.013116142813497822e-01
-2.551588714122772217e-01 -6.211545467376708984e-01 -1.912615776062011719e+00 4.949179705651719080e-02 3.983951315202601262e-01 4.435031534890660487e-01 -8.013184076443411463e-01
-2.551563084125518799e-01 -6.211538910865783691e-01 -1.912615895271301270e+00 4.948968942746326954e-02 3.984027640829513328e-01 4.435012654192143633e-01 -8.013168536712820256e-01
-2.551522552967071533e-01 -6.211387515068054199e-01 -1.912601590156555176e+00 4.946657489035918842e-02 3.984111982704671706e-01 4.435235433611308675e-01 -8.013013384466919353e-01
-2.551213502883911133e-01 -6.211265325546264648e-01 -1.912639021873474121e+00 4.951106264781938993e-02 3.983836701647399114e-01 4.435159741550971368e-01 -8.013134362481659778e-01
-2.551146745681762695e-01 -6.211214065551757812e-01 -1.912641763687133789e+00 4.950933206136563097e-02 3.983804398887816900e-01 4.435067970472251764e-01 -8.013250427245411922e-01
-2.551093101501464844e-01 -6.211095452308654785e-01 -1.912628889083862305e+00 4.947907464537512623e-02 3.983978854582836404e-01 4.435274442308460019e-01 -8.013047514703323104e-01
-2.551178634166717529e-01 -6.211236715316772461e-01 -1.912626862525939941e+00 4.955017281934238210e-02 3.983648405186365205e-01 4.435484319877276427e-01 -8.013084265158026964e-01
-2.551124393939971924e-01 -6.211211085319519043e-01 -1.912628650665283203e+00 4.956903995596974311e-02 3.983626188342876406e-01 4.435491535277493180e-01 -8.013067495836044829e-01
-2.551617324352264404e-01 -6.211492419242858887e-01 -1.912728428840637207e+00 4.954799248798467948e-02 3.983468827846778360e-01 4.435159217234216911e-01 -8.013337631542231110e-01
-2.551599442958831787e-01 -6.211728453636169434e-01 -1.912738680839538574e+00 4.957647960107312846e-02 3.983292890308239853e-01 4.434880030101841508e-01 -8.013563238627475771e-01
-2.551617026329040527e-01 -6.211747527122497559e-01 -1.912749171257019043e+00 4.957257204790346816e-02 3.983336339409138671e-01 4.434850862085621959e-01 -8.013563661964926421e-01
-2.551477253437042236e-01 -6.211451292037963867e-01 -1.912729144096374512e+00 4.953686378507465848e-02 3.983641791042599190e-01 4.434880165370242433e-01 -8.013420245238165318e-01
-2.551519870758056641e-01 -6.211665868759155273e-01 -1.912729620933532715e+00 4.958534559873569586e-02 3.983590398291261825e-01 4.435030679655209140e-01 -8.013309914281240287e-01
-2.551517486572265625e-01 -6.211661696434020996e-01 -1.912737727165222168e+00 4.959616297408514507e-02 3.983508719588596536e-01 4.435054843629188115e-01 -8.013331788116482279e-01
-2.551635503768920898e-01 -6.211345791816711426e-01 -1.912713050842285156e+00 4.951068643851862239e-02 3.983469694488681045e-01 4.435169364836042405e-01 -8.013357773698829289e-01
-2.551682889461517334e-01 -6.211469769477844238e-01 -1.912717342376708984e+00 4.952543170342191964e-02 3.983369864486202561e-01 4.434992216766108775e-01 -8.013455703234227956e-01
-2.551693618297576904e-01 -6.211444139480590820e-01 -1.912725806236267090e+00 4.953129849596989154e-02 3.983370373627660999e-01 4.435104696806255187e-01 -8.013424112288513035e-01
-2.551434934139251709e-01 -6.211098432540893555e-01 -1.912677168846130371e+00 4.949714099931293299e-02 3.983566346831384219e-01 4.435142768004513014e-01 -8.013325951039305117e-01
-2.552030980587005615e-01 -6.210918426513671875e-01 -1.912655353546142578e+00 4.951685591010660664e-02 3.983421767921468959e-01 4.435311922977988042e-01 -8.013290744216581274e-01
-2.552106976509094238e-01 -6.210849881172180176e-01 -1.912656784057617188e+00 4.951189029821889687e-02 3.983439049664565523e-01 4.435218025514195972e-01 -8.013361566886672005e-01
-2.551855146884918213e-01 -6.210840940475463867e-01 -1.912633776664733887e+00 4.950925681710411502e-02 3.983629867116350587e-01 4.435432873853888402e-01 -8.013115126933815224e-01
-2.551371455192565918e-01 -6.211166381835937500e-01 -1.912665605545043945e+00 4.951497505510162739e-02 3.983419599821018120e-01 4.435065100197507215e-01 -8.013417577621854138e-01
-2.551319599151611328e-01 -6.211140751838684082e-01 -1.912667512893676758e+00 4.950963303726815812e-02 3.983464157053156485e-01 4.435034989581284059e-01 -8.013434969203919733e-01
-2.551299929618835449e-01 -6.211217641830444336e-01 -1.912684440612792969e+00 4.951640451142103744e-02 3.983737949829562752e-01 4.435198879668564298e-01 -8.013216336954739338e-01
-2.551424503326416016e-01 -6.211532950401306152e-01 -1.912663340568542480e+00 4.954205247789224276e-02 3.983510311015247551e-01 4.435008219344062086e-01 -8.013400595026499706e-01
-2.551392316818237305e-01 -6.211525797843933105e-01 -1.912664771080017090e+00 4.954137572269119716e-02 3.983531641339136398e-01 4.435005639097354679e-01 -8.013379221082536086e-01
-2.551245689392089844e-01 -6.211372613906860352e-01 -1.912634730339050293e+00 4.952498038290098492e-02 3.983505455852506261e-01 4.435080773869104487e-01 -8.013379793304341581e-01
-2.551612257957458496e-01 -6.210981607437133789e-01 -1.912627696990966797e+00 4.954987208968666262e-02 3.983459064168143327e-01 4.435015034421699309e-01 -8.013393030364873715e-01
-2.551599144935607910e-01 -6.210908889770507812e-01 -1.912626504898071289e+00 4.955618702921412572e-02 3.983411511549286854e-01 4.435012175438356463e-01 -8.013422803962568786e-01
-2.551627457141876221e-01 -6.210804581642150879e-01 -1.912615299224853516e+00 4.954641356745057706e-02 3.983631861242959982e-01 4.435204314189116204e-01 -8.013218560918781153e-01
-2.551904916763305664e-01 -6.210826039314270020e-01 -1.912575006484985352e+00 4.956422989413152708e-02 3.983444571350756580e-01 4.434929863212143109e-01 -8.013469336008262056e-01
-2.551796734333038330e-01 -6.211006045341491699e-01 -1.912562966346740723e+00 4.955769046763972702e-02 3.983444014643402475e-01 4.434973848467857471e-01 -8.013424756406438698e-01
-2.551868557929992676e-01 -6.211031675338745117e-01 -1.912568330764770508e+00 4.953378039133059241e-02 3.983703252457675426e-01 4.435029881261046136e-01 -8.013282815265760917e-01
-2.551754117012023926e-01 -6.211223602294921875e-01 -1.912577152252197266e+00 4.955934419723006384e-02 3.983494502984810115e-01 4.435033323704786756e-01 -8.013385870598656036e-01
-2.551735341548919678e-01 -6.211265325546264648e-01 -1.912572383880615234e+00 4.956197501694634827e-02 3.983514559454326975e-01 4.435020392141290069e-01 -8.013366395871699410e-01
-2.551742196083068848e-01 -6.211222410202026367e-01 -1.912569046020507812e+00 4.954927062489955514e-02 3.983702895509787512e-01 4.435156082756651075e-01 -8.013213627228293889e-01
-2.551733255386352539e-01 -6.211161613464355469e-01 -1.912582278251647949e+00 4.955671323785133114e-02 3.983639834591560236e-01 4.435178572323783541e-01 -8.013218942763863373e-01
-2.551718950271606445e-01 -6.211223602294921875e-01 -1.912581205368041992e+00 4.956272665407324834e-02 3.983616500367334057e-01 4.435034309606765146e-01 -8.013285458296141028e-01
-2.551843523979187012e-01 -6.211457848548889160e-01 -1.912609457969665527e+00 4.956325279327983974e-02 3.983808718762403278e-01 4.435170625577057879e-01 -8.013134250320604890e-01
-2.551627159118652344e-01 -6.211779713630676270e-01 -1.912634849548339844e+00 4.955769046763972702e-02 3.983585335711737896e-01 4.435064053405092799e-01 -8.013305986572412110e-01
-2.551687359809875488e-01 -6.211676597595214844e-01 -1.912629842758178711e+00 4.954769174509543461e-02 3.983465939627813812e-01 4.435174107860268555e-01 -8.013317099551194866e-01
-2.551672160625457764e-01 -6.211699247360229492e-01 -1.912623167037963867e+00 4.952392728569060543e-02 3.983493878557845536e-01 4.435024639197269747e-01 -8.013417802345302876e-01
-2.551504373550415039e-01 -6.211612820625305176e-01 -1.912649869918823242e+00 4.956332795556769866e-02 3.982933801967736276e-01 4.435004555756012490e-01 -8.013667776279300714e-01
