repeatability steamvr; 20211020-214542; x y z w i j k;  frequency = 150 duration = 2 sys.args = ['.\\repeatability.py']
-2.550904154777526855e-01 -6.208892464637756348e-01 -1.911835908889770508e+00 4.932124048088452201e-02 3.984933142033731390e-01 4.436198564163670865e-01 -8.012151646324302545e-01
-2.550853788852691650e-01 -6.208875775337219238e-01 -1.911838412284851074e+00 4.931187372813188724e-02 3.984964840212968928e-01 4.436086321536449883e-01 -8.012227607485216119e-01
-2.550812065601348877e-01 -6.208880543708801270e-01 -1.911874413490295410e+00 4.932645185531217558e-02 3.984469838058281033e-01 4.435962488038265317e-01 -8.012499933494277027e-01
-2.550572156906127930e-01 -6.208784580230712891e-01 -1.911847114562988281e+00 4.932161813521761251e-02 3.984972117636704225e-01 4.436137405300039083e-01 -8.012158275009539921e-01
-2.550406157970428467e-01 -6.208828687667846680e-01 -1.911859154701232910e+00 4.935846329463191434e-02 3.984687311632620355e-01 4.435621476814279873e-01 -8.012568505236067340e-01
-2.550300955772399902e-01 -6.208854913711547852e-01 -1.911862134933471680e+00 4.934978299890364906e-02 3.984663511677600800e-01 4.435776636614806034e-01 -8.012523973591825222e-01
-2.550314068794250488e-01 -6.208969354629516602e-01 -1.911896586418151855e+00 4.936480271993059360e-02 3.984897038951117354e-01 4.435806499572923500e-01 -8.012402845534731810e-01
-2.550221681594848633e-01 -6.208980083465576172e-01 -1.911902427673339844e+00 4.937355582624073508e-02 3.984893787780879881e-01 4.435816869085129066e-01 -8.012375208169462137e-01
-2.550240457057952881e-01 -6.208987236022949219e-01 -1.911922693252563477e+00 4.940568754972649718e-02 3.984986465963154534e-01 4.435245304633451680e-01 -8.012597712799987004e-01
-2.550087869167327881e-01 -6.208896040916442871e-01 -1.911911487579345703e+00 4.939618597732002570e-02 3.985092346494761295e-01 4.435449861071074085e-01 -8.012436065145432940e-01
-2.550620734691619873e-01 -6.208744645118713379e-01 -1.911890387535095215e+00 4.939852383527763152e-02 3.984768002746257309e-01 4.435384739805690590e-01 -8.012642069586684013e-01
-2.550743222236633301e-01 -6.209075450897216797e-01 -1.911950469017028809e+00 4.941209630861595481e-02 3.985181315477719366e-01 4.435339535812154454e-01 -8.012463184542037986e-01
-2.550762593746185303e-01 -6.209125518798828125e-01 -1.911959290504455566e+00 4.940787416089170714e-02 3.985259481439092921e-01 4.435383787256673149e-01 -8.012398425990474582e-01
-2.551011741161346436e-01 -6.209273338317871094e-01 -1.911949038505554199e+00 4.942785078229373907e-02 3.985083821513981106e-01 4.435044294734323822e-01 -8.012646692486677935e-01
-2.551162838935852051e-01 -6.209006309509277344e-01 -1.911941885948181152e+00 4.942958422150063591e-02 3.985124946605549945e-01 4.435187210561522542e-01 -8.012554112096742509e-01
-2.551216781139373779e-01 -6.209022998809814453e-01 -1.911950707435607910e+00 4.941767502196062201e-02 3.985219919012741863e-01 4.435179569247478804e-01 -8.012538654271990080e-01
-2.551286518573760986e-01 -6.209020614624023438e-01 -1.911960482597351074e+00 4.941925805562692037e-02 3.985218902210791447e-01 4.435137001724958616e-01 -8.012532256874218550e-01
-2.551604509353637695e-01 -6.209169626235961914e-01 -1.911948680877685547e+00 4.943862726635980809e-02 3.984769754223557170e-01 4.435237974999154398e-01 -8.012699521075639097e-01
-2.551586329936981201e-01 -6.208845376968383789e-01 -1.911895871162414551e+00 4.941933343691761599e-02 3.985092213423495622e-01 4.435455883560098234e-01 -8.012417516560360609e-01
-2.551386356353759766e-01 -6.208839416503906250e-01 -1.911941528320312500e+00 4.941021146581964923e-02 3.984865887571348297e-01 4.435207149343314281e-01 -8.012684392022344504e-01
-2.551452517509460449e-01 -6.208923459053039551e-01 -1.911946535110473633e+00 4.938555109788510949e-02 3.984668154439268140e-01 4.435303689494874968e-01 -8.012723745613267168e-01
-2.551528513431549072e-01 -6.208939552307128906e-01 -1.911954641342163086e+00 4.940342543633277628e-02 3.984855245985472472e-01 4.435252333964494476e-01 -8.012685598011629606e-01
-2.551117539405822754e-01 -6.209316253662109375e-01 -1.911993026733398438e+00 4.940342543633277628e-02 3.984737613395945011e-01 4.434989922803240781e-01 -8.012872603666775229e-01
-2.551122605800628662e-01 -6.209065914154052734e-01 -1.911967396736145020e+00 4.938170387533603878e-02 3.985038942321745825e-01 4.435084953197448443e-01 -8.012649437592235246e-01
-2.551142275333404541e-01 -6.209138631820678711e-01 -1.911975383758544922e+00 4.938909631214036255e-02 3.984946326548393092e-01 4.435280992908379183e-01 -8.012608688808222634e-01
-2.551441788673400879e-01 -6.209259629249572754e-01 -1.911969423294067383e+00 4.941850423639587708e-02 3.984770106195778538e-01 4.435141333052197155e-01 -8.012800720363524309e-01
-2.551307976245880127e-01 -6.209195256233215332e-01 -1.911926507949829102e+00 4.940146485427099332e-02 3.985143094434286382e-01 4.435126720583459914e-01 -8.012626552721155981e-01
-2.551377117633819580e-01 -6.209275722503662109e-01 -1.911930799484252930e+00 4.938713516123765385e-02 3.985321807269932570e-01 4.435149360873568702e-01 -8.012478811065996132e-01
-2.550877034664154053e-01 -6.208927631378173828e-01 -1.912024021148681641e+00 4.940108781033862584e-02 3.984905053938411212e-01 4.434892114497704374e-01 -8.012853607455733274e-01
-2.550770342350006104e-01 -6.208665370941162109e-01 -1.911990642547607422e+00 4.938396698372140431e-02 3.985197287986954606e-01 4.435062752039906075e-01 -8.012615667299691768e-01
-2.550737857818603516e-01 -6.208677887916564941e-01 -1.911996603012084961e+00 4.939445136604169589e-02 3.985181008046926321e-01 4.435138024051509809e-01 -8.012602804940774925e-01
-2.550890743732452393e-01 -6.209089756011962891e-01 -1.911964178085327148e+00 4.938011963775344043e-02 3.984883133807750610e-01 4.434940565639832744e-01 -8.012823518196129369e-01
-2.550784647464752197e-01 -6.209020018577575684e-01 -1.911927342414855957e+00 4.936812304639433963e-02 3.985317218758414604e-01 4.435067479760131937e-01 -8.012564222963564076e-01
-2.550773024559020996e-01 -6.209063529968261719e-01 -1.911928415298461914e+00 4.936351980671069978e-02 3.985393028433615314e-01 4.435073539113515428e-01 -8.012522030208039103e-01
-2.550772130489349365e-01 -6.209267973899841309e-01 -1.911937594413757324e+00 4.939648764262875164e-02 3.984929243840166224e-01 4.435410707117184992e-01 -8.012533440270858121e-01
-2.550649344921112061e-01 -6.209357976913452148e-01 -1.911926984786987305e+00 4.940568754972649718e-02 3.985146318316687419e-01 4.435323722769146659e-01 -8.012492149925012352e-01
-2.550603151321411133e-01 -6.209412217140197754e-01 -1.911929249763488770e+00 4.940591375536931146e-02 3.985176329363820380e-01 4.435318495921296567e-01 -8.012444908382417852e-01
-2.550806999206542969e-01 -6.209372282028198242e-01 -1.911942958831787109e+00 4.940817575483735791e-02 3.984960705242798773e-01 4.435127502396713495e-01 -8.012684285523922201e-01
-2.550922632217407227e-01 -6.209476590156555176e-01 -1.911979079246520996e+00 4.944171659425398296e-02 3.985129573551918769e-01 4.435006050806301059e-01 -8.012623811348861258e-01
-2.550920248031616211e-01 -6.209540963172912598e-01 -1.911984205245971680e+00 4.943953147987163732e-02 3.985148978269099085e-01 4.434966974581952548e-01 -8.012685591326969003e-01
-2.550950050354003906e-01 -6.209557056427001953e-01 -1.912011861801147461e+00 4.946167954734972949e-02 3.984985314169292026e-01 4.434882068029619706e-01 -8.012806246209566163e-01
-2.551029622554779053e-01 -6.209631562232971191e-01 -1.912023663520812988e+00 4.946868350421535637e-02 3.985062712794463780e-01 4.434666838289936797e-01 -8.012860093035475417e-01
-2.551048696041107178e-01 -6.209695935249328613e-01 -1.912031769752502441e+00 4.947448172892962570e-02 3.985107699317668173e-01 4.434677204216408986e-01 -8.012791451435715695e-01
-2.550991177558898926e-01 -6.209897994995117188e-01 -1.912050485610961914e+00 4.947576176489189986e-02 3.984778710910346633e-01 4.434704025419586304e-01 -8.012978691805897613e-01
-2.550991475582122803e-01 -6.209816932678222656e-01 -1.912061691284179688e+00 4.949285083738701879e-02 3.984778754035527282e-01 4.434587856702763009e-01 -8.013011957728324308e-01
-2.550988495349884033e-01 -6.209883093833923340e-01 -1.912070870399475098e+00 4.949924831108629131e-02 3.984712292680864798e-01 4.434598727444320487e-01 -8.013057052058250029e-01
-2.551229596138000488e-01 -6.209776401519775391e-01 -1.912108540534973145e+00 4.947877348358804828e-02 3.984743964064398902e-01 4.434147985279089932e-01 -8.013290537556011506e-01
-2.551082074642181396e-01 -6.209474802017211914e-01 -1.912042498588562012e+00 4.944314816855689687e-02 3.984616367115697555e-01 4.434217618330739130e-01 -8.013341160318884215e-01
-2.551108300685882568e-01 -6.209499239921569824e-01 -1.912047863006591797e+00 4.945324335792202625e-02 3.984718970563142504e-01 4.434174204686192056e-01 -8.013273709688342183e-01
-2.551145553588867188e-01 -6.209818720817565918e-01 -1.912058353424072266e+00 4.946943655881071156e-02 3.984483952067969237e-01 4.434198709031950680e-01 -8.013397787089620028e-01
-2.550950348377227783e-01 -6.209325790405273438e-01 -1.911972045898437500e+00 4.943365379640330542e-02 3.984848119666555832e-01 4.434502564478802755e-01 -8.013089686811121215e-01
-2.550947368144989014e-01 -6.209357976913452148e-01 -1.911970853805541992e+00 4.943146832560558340e-02 3.984891659912203066e-01 4.434460477088795760e-01 -8.013059612709290125e-01
-2.550988793373107910e-01 -6.209377050399780273e-01 -1.911988496780395508e+00 4.944623721399177274e-02 3.984644688933062229e-01 4.434278124468607474e-01 -8.013292585679560043e-01
-2.550938725471496582e-01 -6.209141612052917480e-01 -1.911939501762390137e+00 4.939068026179040116e-02 3.984604323184651742e-01 4.434233654724659135e-01 -8.013371471501373744e-01
-2.550940513610839844e-01 -6.209151744842529297e-01 -1.911937713623046875e+00 4.938879460168560387e-02 3.984681027205022041e-01 4.434276234621852275e-01 -8.013279162346556017e-01
-2.550954222679138184e-01 -6.209083199501037598e-01 -1.911947011947631836e+00 4.941933343691761599e-02 3.984483133059228965e-01 4.433909060654807055e-01 -8.013604017170949945e-01
-2.550751566886901855e-01 -6.209018230438232422e-01 -1.911900758743286133e+00 4.939105738517243771e-02 3.984773019288169738e-01 4.434091186197056667e-01 -8.013376659195773355e-01
-2.550729215145111084e-01 -6.209030151367187500e-01 -1.911895871162414551e+00 4.940138944571473290e-02 3.984835477706804574e-01 4.434083802660910845e-01 -8.013338575499554528e-01
-2.550848722457885742e-01 -6.209210753440856934e-01 -1.911889433860778809e+00 4.943561310187402635e-02 3.984449045751253804e-01 4.434495608059242366e-01 -8.013249859802507036e-01
-2.551052272319793701e-01 -6.209283471107482910e-01 -1.911922812461853027e+00 4.937212223406614586e-02 3.984553757008607033e-01 4.434436603248170794e-01 -8.013285430036478640e-01
-2.551044523715972900e-01 -6.209311485290527344e-01 -1.911925196647644043e+00 4.937574386036347462e-02 3.984493875975551602e-01 4.434422189770401146e-01 -8.013345011225325720e-01
-2.550942301750183105e-01 -6.209547519683837891e-01 -1.911934018135070801e+00 4.940689396785382520e-02 3.984029598094817604e-01 4.434419194738695169e-01 -8.013566240372509419e-01
-2.550849020481109619e-01 -6.209233403205871582e-01 -1.911897063255310059e+00 4.938260913113584616e-02 3.984449899624969427e-01 4.434750182271606223e-01 -8.013186015816737839e-01
-2.550827860832214355e-01 -6.209241151809692383e-01 -1.911899805068969727e+00 4.938245825632162078e-02 3.984486213046722902e-01 4.434742608951303677e-01 -8.013154674184019832e-01
-2.550588250160217285e-01 -6.209278106689453125e-01 -1.911926984786987305e+00 4.940055994399870226e-02 3.984519306253140325e-01 4.434740421153985368e-01 -8.013133785751117566e-01
-2.550497353076934814e-01 -6.209315657615661621e-01 -1.911916494369506836e+00 4.942053952193150440e-02 3.984756760239433482e-01 4.434699375561614865e-01 -8.013031551967648713e-01
-2.550434172153472900e-01 -6.209346055984497070e-01 -1.911920666694641113e+00 4.941556423151917399e-02 3.984741820000374801e-01 4.434714659344960452e-01 -8.013039223273166201e-01
-2.550787925720214844e-01 -6.209650635719299316e-01 -1.911890268325805664e+00 4.944224402118807538e-02 3.984740469043684397e-01 4.434389122167557429e-01 -8.013186314598996773e-01
-2.550809383392333984e-01 -6.209813952445983887e-01 -1.911906003952026367e+00 4.946469212345904615e-02 3.984836001371288017e-01 4.434446281259359357e-01 -8.013096964950607859e-01
-2.550811469554901123e-01 -6.209883689880371094e-01 -1.911908984184265137e+00 4.946288459981145608e-02 3.984794838494266078e-01 4.434436611476308410e-01 -8.013112629098837481e-01
-2.551115155220031738e-01 -6.209404468536376953e-01 -1.911937713623046875e+00 4.945294203882587281e-02 3.984764342043780605e-01 4.434207248717952909e-01 -8.013281856739127296e-01
-2.551247179508209229e-01 -6.209695339202880859e-01 -1.911983728408813477e+00 4.948336600168412591e-02 3.984931241935615320e-01 4.434094805326814215e-01 -8.013221371268323123e-01
-2.551294267177581787e-01 -6.209756731986999512e-01 -1.911991357803344727e+00 4.948585030103379995e-02 3.984848626214103628e-01 4.434194401951024322e-01 -8.013206028528879754e-01
-2.551444172859191895e-01 -6.209690570831298828e-01 -1.912023305892944336e+00 4.947568646957556382e-02 3.984718515276862716e-01 4.433975891593839314e-01 -8.013379410605779851e-01
-2.551397383213043213e-01 -6.209580302238464355e-01 -1.911998391151428223e+00 4.943583917058523569e-02 3.985148214713702952e-01 4.433962907994302705e-01 -8.013255414831071954e-01
-2.551420331001281738e-01 -6.209589242935180664e-01 -1.912006378173828125e+00 4.943772303630995790e-02 3.985101851783312554e-01 4.433929583882498249e-01 -8.013228869856211523e-01
-2.551277875900268555e-01 -6.210396885871887207e-01 -1.911976337432861328e+00 4.942754930839994565e-02 3.985183496474689613e-01 4.433955888630899955e-01 -8.013194504910168270e-01
-2.551164925098419189e-01 -6.210204958915710449e-01 -1.911939501762390137e+00 4.942302697931898886e-02 3.985536090515086616e-01 4.433903322903655075e-01 -8.013054882561294612e-01
-2.551130652427673340e-01 -6.210245490074157715e-01 -1.911943078041076660e+00 4.942257472365144816e-02 3.985548440911500512e-01 4.433871535389786733e-01 -8.013092027735376766e-01
-2.551013231277465820e-01 -6.209663748741149902e-01 -1.912018299102783203e+00 4.943885332128817450e-02 3.985297078851215979e-01 4.433695595548399204e-01 -8.013294329015332451e-01
-2.550858259201049805e-01 -6.209351420402526855e-01 -1.911984205245971680e+00 4.939980583944272863e-02 3.985756543359230131e-01 4.433839841309183960e-01 -8.013008760735765845e-01
-2.550787925720214844e-01 -6.209289431571960449e-01 -1.911990523338317871e+00 4.940259596880235138e-02 3.985808935179855350e-01 4.433878991641085898e-01 -8.012979993026355663e-01
-2.550750672817230225e-01 -6.209492683410644531e-01 -1.911994934082031250e+00 4.943214658550364876e-02 3.985494137070260678e-01 4.433652043726453718e-01 -8.013214938451440617e-01
-2.550882697105407715e-01 -6.209415197372436523e-01 -1.912024497985839844e+00 4.942265009988343338e-02 3.985789596262963586e-01 4.433831607618678450e-01 -8.012975787564445840e-01
-2.550828456878662109e-01 -6.209373474121093750e-01 -1.912032723426818848e+00 4.942167019990064553e-02 3.985738974255523259e-01 4.433820020157638320e-01 -8.013005013924403563e-01
-2.550850808620452881e-01 -6.209353208541870117e-01 -1.912057638168334961e+00 4.942928275817925349e-02 3.985140207481788210e-01 4.434056637557047820e-01 -8.013154659272498925e-01
-2.550764679908752441e-01 -6.208797693252563477e-01 -1.912017345428466797e+00 4.940485812017512274e-02 3.985077496655343721e-01 4.434282215722886167e-01 -8.013091151463198614e-01
-2.550730109214782715e-01 -6.208700537681579590e-01 -1.912024378776550293e+00 4.939905172337492184e-02 3.985069300274097226e-01 4.434242357513400457e-01 -8.013116003292320988e-01
-2.550964653491973877e-01 -6.208919882774353027e-01 -1.912024617195129395e+00 4.939890089877989332e-02 3.984559613581804549e-01 4.434406720955846315e-01 -8.013271686515136549e-01
-2.550899386405944824e-01 -6.209135055541992188e-01 -1.912041306495666504e+00 4.942106717486959011e-02 3.984662958824772283e-01 4.434356543625893043e-01 -8.013252036461272487e-01
-2.550879716873168945e-01 -6.209083795547485352e-01 -1.912046551704406738e+00 4.941707194817733517e-02 3.984623260770182585e-01 4.434374309702319716e-01 -8.013260622496020114e-01
-2.550869882106781006e-01 -6.209523677825927734e-01 -1.912041664123535156e+00 4.937717734738958364e-02 3.984239380779571182e-01 4.434393040605529857e-01 -8.013471493864611217e-01
-2.551038265228271484e-01 -6.209643483161926270e-01 -1.912082314491271973e+00 4.936887763490174080e-02 3.984151595246235855e-01 4.434269254989248732e-01 -8.013588719085051881e-01
-2.551028728485107422e-01 -6.209633350372314453e-01 -1.912091612815856934e+00 4.936925492483035249e-02 3.984229806630319448e-01 4.434211220934844988e-01 -8.013584825453494709e-01
-2.550841569900512695e-01 -6.209962368011474609e-01 -1.912091374397277832e+00 4.937815813032440937e-02 3.984066692403052112e-01 4.434307979405039402e-01 -8.013600521213776195e-01
-2.550591230392456055e-01 -6.209496855735778809e-01 -1.912022709846496582e+00 4.937046223322642119e-02 3.984452308836520240e-01 4.434495156885227551e-01 -8.013278695200820589e-01
-2.550518810749053955e-01 -6.209475994110107422e-01 -1.912025213241577148e+00 4.936850034208975502e-02 3.984501989171600478e-01 4.434565740158000757e-01 -8.013266631008969521e-01
-2.550747394561767578e-01 -6.209315061569213867e-01 -1.912005066871643066e+00 4.940063535382117205e-02 3.984507191123180525e-01 4.434238963487128760e-01 -8.013379455138517349e-01
-2.550552487373352051e-01 -6.209309697151184082e-01 -1.911971211433410645e+00 4.935989728351212330e-02 3.984746644742241939e-01 4.434046570903382167e-01 -8.013407428944961941e-01
-2.550513446331024170e-01 -6.209312677383422852e-01 -1.911971807479858398e+00 4.935604806129056249e-02 3.984812862255466270e-01 4.433999892146667787e-01 -8.013430071952416522e-01
-2.550905346870422363e-01 -6.209520697593688965e-01 -1.911938786506652832e+00 4.941051304549876066e-02 3.984539986972933101e-01 4.433982811149684289e-01 -8.013523635624003605e-01
-2.550678253173828125e-01 -6.209351420402526855e-01 -1.911888599395751953e+00 4.940840194908847210e-02 3.984882143555149026e-01 4.434265757462750313e-01 -8.013205547577970655e-01
-2.550643384456634521e-01 -6.209342479705810547e-01 -1.911882400512695312e+00 4.939822218240353530e-02 3.984879815544832837e-01 4.434162978006952471e-01 -8.013270174498781095e-01
-2.550918459892272949e-01 -6.209523677825927734e-01 -1.911876320838928223e+00 4.940410408122653668e-02 3.984875912054666180e-01 4.434075422474092476e-01 -8.013325051311872560e-01
-2.550891339778900146e-01 -6.209532022476196289e-01 -1.911843895912170410e+00 4.936525550487153025e-02 3.985062731937931702e-01 4.434292760157505509e-01 -8.013102104091262001e-01
-2.550883889198303223e-01 -6.209548711776733398e-01 -1.911834597587585449e+00 4.936563282248322693e-02 3.985068495157697011e-01 4.434298108295193219e-01 -8.013120848369725824e-01
-2.551060616970062256e-01 -6.209160089492797852e-01 -1.911866307258605957e+00 4.938653171452295210e-02 3.984583000552845977e-01 4.434358722744585757e-01 -8.013311415221312517e-01
-2.551167905330657959e-01 -6.209346055984497070e-01 -1.911891222000122070e+00 4.937566841252505334e-02 3.984856078498248966e-01 4.434431983646541786e-01 -8.013149019718268651e-01
-2.551164329051971436e-01 -6.209313273429870605e-01 -1.911885499954223633e+00 4.938374067754988661e-02 3.984820268219567696e-01 4.434373981884648375e-01 -8.013187978451232762e-01
-2.550876736640930176e-01 -6.209223866462707520e-01 -1.911925673484802246e+00 4.936593467449614664e-02 3.984567203410739333e-01 4.434098939298288800e-01 -8.013488405996443964e-01
-2.550830245018005371e-01 -6.209185123443603516e-01 -1.911923885345458984e+00 4.936895309311813140e-02 3.984571089665553401e-01 4.434193055902821423e-01 -8.013434609338013770e-01
-2.550860345363616943e-01 -6.208916306495666504e-01 -1.911924242973327637e+00 4.934117667679632779e-02 3.984787750770125148e-01 4.434185665849532110e-01 -8.013359831290537416e-01
-2.550619840621948242e-01 -6.208871006965637207e-01 -1.911953091621398926e+00 4.936185951657805215e-02 3.984512774056712670e-01 4.434280860019302883e-01 -8.013399812193854332e-01
-2.550510764122009277e-01 -6.208781003952026367e-01 -1.911954879760742188e+00 4.937053768902090189e-02 3.984340581140397020e-01 4.434334449691516022e-01 -8.013449050935345097e-01
-2.550379633903503418e-01 -6.208724379539489746e-01 -1.911947250366210938e+00 4.934698988344469323e-02 3.984408922267492770e-01 4.434321594987776227e-01 -8.013436484561530238e-01
-2.550419270992279053e-01 -6.208992004394531250e-01 -1.911931514739990234e+00 4.938577739576053421e-02 3.984236525863243394e-01 4.434263519078495142e-01 -8.013506225758747492e-01
-2.550728917121887207e-01 -6.209480166435241699e-01 -1.912051677703857422e+00 4.937159405803493578e-02 3.984466602570798655e-01 4.434182226246420888e-01 -8.013464719067638908e-01
-2.550718188285827637e-01 -6.209494471549987793e-01 -1.912066102027893066e+00 4.937800724191012541e-02 3.984525497230098634e-01 4.434209872085346782e-01 -8.013430362676322583e-01
-2.551253139972686768e-01 -6.209177374839782715e-01 -1.912060379981994629e+00 4.941556423151917399e-02 3.984132693178094042e-01 4.434168857588361989e-01 -8.013627241740219898e-01
-2.551291286945343018e-01 -6.209155321121215820e-01 -1.912073373794555664e+00 4.942061490126757606e-02 3.984165739243571425e-01 4.434149880681840794e-01 -8.013620856646306301e-01
-2.551496326923370361e-01 -6.209110021591186523e-01 -1.912102341651916504e+00 4.938675800790503362e-02 3.984419915498039755e-01 4.434157369929577208e-01 -8.013523619849958202e-01
-2.551472783088684082e-01 -6.209579110145568848e-01 -1.912118554115295410e+00 4.940108781033862584e-02 3.983849326898984411e-01 4.434367267340961205e-01 -8.013669533639061759e-01
-2.551491856575012207e-01 -6.209599375724792480e-01 -1.912132978439331055e+00 4.939927795940403377e-02 3.983916855649504152e-01 4.434393988808569831e-01 -8.013608696371151696e-01
-2.551214993000030518e-01 -6.209623813629150391e-01 -1.912103414535522461e+00 4.937189587360179405e-02 3.984345664423242228e-01 4.434438825392066352e-01 -8.013393095820776635e-01
-2.551062405109405518e-01 -6.209790110588073730e-01 -1.912131309509277344e+00 4.938622998840054568e-02 3.983846992288216926e-01 4.434536678066580695e-01 -8.013585159349453368e-01
-2.550761103630065918e-01 -6.209685802459716797e-01 -1.912084937095642090e+00 4.934827322639507435e-02 3.984199618702355394e-01 4.434426706919232242e-01 -8.013496832088343735e-01
-2.550679743289947510e-01 -6.209742426872253418e-01 -1.912092685699462891e+00 4.934087467332173849e-02 3.984177931447706045e-01 4.434490650466769712e-01 -8.013458709839843541e-01
-2.550587952136993408e-01 -6.209799051284790039e-01 -1.912129998207092285e+00 4.935846329463191434e-02 3.983905398969300737e-01 4.434341434461973042e-01 -8.013690051778242784e-01
-2.550448775291442871e-01 -6.209819912910461426e-01 -1.912126421928405762e+00 4.932614976168363252e-02 3.984325067640320794e-01 4.434352303216415603e-01 -8.013474925146171213e-01
-2.550331354141235352e-01 -6.209849119186401367e-01 -1.912135720252990723e+00 4.931512207776526935e-02 3.984333715835234324e-01 4.434380001239184299e-01 -8.013441812685332399e-01
-2.550472319126129150e-01 -6.209676265716552734e-01 -1.912164330482482910e+00 4.933959113793196655e-02 3.983943323359232513e-01 4.434255676462486306e-01 -8.013715496394967497e-01
-2.550275325775146484e-01 -6.209495067596435547e-01 -1.912145376205444336e+00 4.934887714094127187e-02 3.984341093358961805e-01 4.434499261212592192e-01 -8.013389707013875984e-01
-2.550163269042968750e-01 -6.209471821784973145e-01 -1.912153959274291992e+00 4.934593298771881853e-02 3.984322135842328638e-01 4.434395431554170042e-01 -8.013439011953231716e-01
-2.550692558288574219e-01 -6.209415793418884277e-01 -1.912124633789062500e+00 4.937898800836129642e-02 3.984274346866103489e-01 4.434562385811631757e-01 -8.013373802002131674e-01
-2.550640702247619629e-01 -6.209457516670227051e-01 -1.912127733230590820e+00 4.934170517842901421e-02 3.984497430057467593e-01 4.434500570229354399e-01 -8.013290609728855873e-01
-2.550579309463500977e-01 -6.209424138069152832e-01 -1.912133693695068359e+00 4.935053786783735047e-02 3.984472725550106120e-01 4.434461752755096131e-01 -8.013323856302825288e-01
-2.550911903381347656e-01 -6.209532618522644043e-01 -1.912110328674316406e+00 4.937868623614343616e-02 3.984368104127255505e-01 4.434631735374258144e-01 -8.013268870522195497e-01
-2.550893425941467285e-01 -6.209439039230346680e-01 -1.912101149559020996e+00 4.935680283440564697e-02 3.984347370483361517e-01 4.434765349769822507e-01 -8.013213937986369828e-01
-2.550953328609466553e-01 -6.209506988525390625e-01 -1.912117242813110352e+00 4.934336614670852689e-02 3.984604897494897213e-01 4.434780123190366630e-01 -8.013084288627123630e-01
-2.551291286945343018e-01 -6.209678649902343750e-01 -1.912103414535522461e+00 4.937966698910859625e-02 3.984180332531626068e-01 4.434960095713894046e-01 -8.013194209992955397e-01
-2.551207840442657471e-01 -6.209507584571838379e-01 -1.912066817283630371e+00 4.935974633927602689e-02 3.984469016893152360e-01 4.434980891657315794e-01 -8.013033440898384985e-01
-2.551242709159851074e-01 -6.209494471549987793e-01 -1.912066221237182617e+00 4.936246326490567604e-02 3.984509320648325637e-01 4.434969230587462174e-01 -8.013052756281587863e-01
-2.551490962505340576e-01 -6.209222674369812012e-01 -1.912086963653564453e+00 4.938600369259901063e-02 3.984182061859847801e-01 4.434976400446764000e-01 -8.013182864217741619e-01
-2.551431357860565186e-01 -6.208991408348083496e-01 -1.912047982215881348e+00 4.934955653597191544e-02 3.984364748290294966e-01 4.435141757945001428e-01 -8.013015179368896401e-01
-2.551487386226654053e-01 -6.208898425102233887e-01 -1.912048339843750000e+00 4.934457408852255950e-02 3.984341265479321437e-01 4.434949384190299826e-01 -8.013122166355083342e-01
-2.551689445972442627e-01 -6.209169030189514160e-01 -1.912042856216430664e+00 4.936450086099605089e-02 3.983940361657072882e-01 4.435145383606409752e-01 -8.013177813525698134e-01
-2.551756799221038818e-01 -6.209193468093872070e-01 -1.912044644355773926e+00 4.934193167739583941e-02 3.984358340467833437e-01 4.435171789377256868e-01 -8.012972967483782405e-01
-2.551825344562530518e-01 -6.209153532981872559e-01 -1.912043094635009766e+00 4.933271988066312286e-02 3.984329072397533311e-01 4.435262947288199364e-01 -8.012969513647735242e-01
-2.551826536655426025e-01 -6.209369301795959473e-01 -1.912030935287475586e+00 4.933959113793196655e-02 3.984193993531109368e-01 4.435439564503159127e-01 -8.012940834960190495e-01
-2.551889121532440186e-01 -6.209340095520019531e-01 -1.912028551101684570e+00 4.933815655886378271e-02 3.984192051594774853e-01 4.435432621929628061e-01 -8.012929185895639739e-01
-2.551954984664916992e-01 -6.209310293197631836e-01 -1.912028193473815918e+00 4.934381912835408140e-02 3.984236133371689692e-01 4.435382642408988163e-01 -8.012959389954527056e-01
-2.551628351211547852e-01 -6.209681034088134766e-01 -1.912046670913696289e+00 4.935385915398220885e-02 3.983845298305115912e-01 4.435295552559265775e-01 -8.013162002900825476e-01
-2.551718950271606445e-01 -6.209893226623535156e-01 -1.912077307701110840e+00 4.939241500550606984e-02 3.984020894043541761e-01 4.435182099764204411e-01 -8.013148857981312601e-01
-2.551780343055725098e-01 -6.209924221038818359e-01 -1.912080526351928711e+00 4.939784511372049408e-02 3.984098778434033705e-01 4.435092743923552683e-01 -8.013121691224230903e-01
-2.551645636558532715e-01 -6.210071444511413574e-01 -1.912122130393981934e+00 4.941036225588929520e-02 3.983939940168146898e-01 4.434970445058131761e-01 -8.013282701026327448e-01
-2.551616430282592773e-01 -6.210010647773742676e-01 -1.912132620811462402e+00 4.941028686091199218e-02 3.984335057627318433e-01 4.435121970830288585e-01 -8.013011443134371303e-01
-2.551625669002532959e-01 -6.210045814514160156e-01 -1.912137389183044434e+00 4.940448110213940119e-02 3.984305610343921722e-01 4.435088190730390734e-01 -8.013006017823511851e-01
-2.551209032535552979e-01 -6.209908723831176758e-01 -1.912173986434936523e+00 4.939437594677820870e-02 3.984188541127454131e-01 4.435280550751068973e-01 -8.013034370645433224e-01
-2.551153004169464111e-01 -6.209930181503295898e-01 -1.912181615829467773e+00 4.940847734694205767e-02 3.984140180093778127e-01 4.435242177987366863e-01 -8.013057603309530208e-01
-2.551010251045227051e-01 -6.209931969642639160e-01 -1.912224650382995605e+00 4.943681878972118471e-02 3.983739992056583579e-01 4.435174159270147132e-01 -8.013232265772609608e-01
-2.550956904888153076e-01 -6.209962964057922363e-01 -1.912234663963317871e+00 4.944759331932232355e-02 3.983748879336568849e-01 4.435211248062282952e-01 -8.013212949269145069e-01
-2.550978362560272217e-01 -6.210004687309265137e-01 -1.912250161170959473e+00 4.938268456837009712e-02 3.983822210624043403e-01 4.435316730267619412e-01 -8.013197914730497695e-01
-2.550910711288452148e-01 -6.210041642189025879e-01 -1.912263274192810059e+00 4.937408398128605852e-02 3.983861253172354400e-01 4.435358969384311512e-01 -8.013142088300255761e-01
-2.550996243953704834e-01 -6.210207343101501465e-01 -1.912262558937072754e+00 4.940561214761540754e-02 3.983683566142851018e-01 4.435086188867939372e-01 -8.013348882760130687e-01
-2.550811171531677246e-01 -6.209894418716430664e-01 -1.912224531173706055e+00 4.938788945926243790e-02 3.984087260945338160e-01 4.435178172535599317e-01 -8.013112237847183073e-01
-2.550739049911499023e-01 -6.209906339645385742e-01 -1.912233829498291016e+00 4.939294295889160719e-02 3.984204573999277077e-01 4.435179945706972937e-01 -8.013051139254162569e-01
-2.550768554210662842e-01 -6.210313439369201660e-01 -1.912222743034362793e+00 4.940855274468058250e-02 3.983690761908443845e-01 4.435304775648555853e-01 -8.013245933168532398e-01
-2.550644278526306152e-01 -6.210252046585083008e-01 -1.912203907966613770e+00 4.937838446208131504e-02 3.983843223965472524e-01 4.435383097414596354e-01 -8.013091512062762156e-01
-2.550743222236633301e-01 -6.210304498672485352e-01 -1.912207126617431641e+00 4.942792615047987559e-02 3.983645750574212885e-01 4.435402313878132330e-01 -8.013168081075535687e-01
-2.550648748874664307e-01 -6.210158467292785645e-01 -1.912191629409790039e+00 4.942430834790346311e-02 3.983919259190523143e-01 4.435723965284860126e-01 -8.012868241699400151e-01
-2.550610601902008057e-01 -6.210189461708068848e-01 -1.912195324897766113e+00 4.941971034164635568e-02 3.984030613284199607e-01 4.435669304638639732e-01 -8.012856936568715227e-01
-2.551119625568389893e-01 -6.209832429885864258e-01 -1.912195920944213867e+00 4.942325310560084090e-02 3.983615384053541542e-01 4.435613652310737010e-01 -8.013084550643900794e-01
-2.551133632659912109e-01 -6.209800839424133301e-01 -1.912201523780822754e+00 4.942053952193150440e-02 3.983677327323685846e-01 4.435552670296689093e-01 -8.013073764428041423e-01
-2.551167309284210205e-01 -6.209738254547119141e-01 -1.912197470664978027e+00 4.941925805562692037e-02 3.983934404037744459e-01 4.435495816942311986e-01 -8.013001128859920108e-01
-2.551541924476623535e-01 -6.209822297096252441e-01 -1.912179946899414062e+00 4.942634339443650188e-02 3.983535146034582475e-01 4.435459931627843133e-01 -8.013188019404007267e-01
-2.551582753658294678e-01 -6.209816336631774902e-01 -1.912181973457336426e+00 4.943041323615442878e-02 3.983689494337347980e-01 4.435299730048740674e-01 -8.013211056298391588e-01
-2.551498413085937500e-01 -6.209646463394165039e-01 -1.912165403366088867e+00 4.941224709293367406e-02 3.983905583812868967e-01 4.435482816569286113e-01 -8.012999650855261446e-01
-2.551350295543670654e-01 -6.209858059883117676e-01 -1.912184357643127441e+00 4.940229434079290022e-02 3.983764096260477561e-01 4.435269425660541276e-01 -8.013166157812242618e-01
-2.551337778568267822e-01 -6.209841370582580566e-01 -1.912190318107604980e+00 4.940252056197263347e-02 3.983806179546947046e-01 4.435246099654484575e-01 -8.013195822443609506e-01
-2.551296055316925049e-01 -6.209731698036193848e-01 -1.912188887596130371e+00 4.940244515502782707e-02 3.984219458165046412e-01 4.435201592767462619e-01 -8.012996914025417583e-01
-2.551271617412567139e-01 -6.209704875946044922e-01 -1.912194967269897461e+00 4.941481035593911497e-02 3.984241723772308785e-01 4.435183380509873929e-01 -8.013016725508375071e-01
-2.551136910915374756e-01 -6.209589242935180664e-01 -1.912209391593933105e+00 4.942347923084810385e-02 3.984435326978156278e-01 4.435358188507670940e-01 -8.012815733979202770e-01
-2.551119923591613770e-01 -6.209560632705688477e-01 -1.912214159965515137e+00 4.942702172466119370e-02 3.984427117517380101e-01 4.435414133835595685e-01 -8.012756973317114451e-01
-2.551470100879669189e-01 -6.209856271743774414e-01 -1.912194132804870605e+00 4.942483596060606721e-02 3.983958133312767158e-01 4.435483659227337228e-01 -8.012963598731064341e-01
-2.551572620868682861e-01 -6.210070848464965820e-01 -1.912231445312500000e+00 4.942468521469433468e-02 3.984048672428839866e-01 4.435252978758876807e-01 -8.013054366673166840e-01
-2.551587522029876709e-01 -6.210079789161682129e-01 -1.912238478660583496e+00 4.942935812418196989e-02 3.984009671349792447e-01 4.435222570963965327e-01 -8.013083656006387834e-01
-2.551654875278472900e-01 -6.210253834724426270e-01 -1.912256479263305664e+00 4.945083275374397014e-02 3.983719937475573847e-01 4.435354624740491802e-01 -8.013174670792881926e-01
-2.551596760749816895e-01 -6.210333704948425293e-01 -1.912250161170959473e+00 4.943779838944580007e-02 3.983884100186726451e-01 4.435261096355684884e-01 -8.013142810068869526e-01
-2.551399767398834229e-01 -6.209964752197265625e-01 -1.912165880203247070e+00 4.937446123143090365e-02 3.984078289260989947e-01 4.435403548343592739e-01 -8.013014467373992256e-01
-2.551389634609222412e-01 -6.209985613822937012e-01 -1.912165522575378418e+00 4.936623652466338302e-02 3.984017622063972808e-01 4.435384871185260591e-01 -8.013025874005784699e-01
-2.551417946815490723e-01 -6.210281848907470703e-01 -1.912161231040954590e+00 4.941021146581964923e-02 3.983659565173464645e-01 4.435430318986922638e-01 -8.013197079041445292e-01
-2.551281154155731201e-01 -6.210125684738159180e-01 -1.912125945091247559e+00 4.938351437034128877e-02 3.983957437826112224e-01 4.435679730944950827e-01 -8.012897308216946346e-01
-2.551185786724090576e-01 -6.210157275199890137e-01 -1.912163376808166504e+00 4.940131403704337010e-02 3.983562628319320953e-01 4.435589696602232346e-01 -8.013157761119957812e-01
-2.551327645778656006e-01 -6.210362911224365234e-01 -1.912203669548034668e+00 4.941616732370259640e-02 3.983830772258366015e-01 4.435625478141948519e-01 -8.012974599208559923e-01
-2.551321983337402344e-01 -6.210436820983886719e-01 -1.912204504013061523e+00 4.941759963814019302e-02 3.983799735275408427e-01 4.435626576716173997e-01 -8.012980565061591509e-01
-2.551455795764923096e-01 -6.210377812385559082e-01 -1.912228345870971680e+00 4.944194263505753695e-02 3.983327142834007240e-01 4.435853769356038478e-01 -8.013063370427715437e-01
-2.551456391811370850e-01 -6.210437417030334473e-01 -1.912230014801025391e+00 4.944231936743365141e-02 3.983212403608456520e-01 4.435895315962146701e-01 -8.013104784633775513e-01
-2.551470994949340820e-01 -6.210476756095886230e-01 -1.912225365638732910e+00 4.941744887015435406e-02 3.983649059800392078e-01 4.435932599734130344e-01 -8.012907012570907872e-01
-2.551414072513580322e-01 -6.210371851921081543e-01 -1.912261724472045898e+00 4.942634339443650188e-02 3.983640664793601793e-01 4.435598613425411063e-01 -8.013073456179928833e-01
-2.551393806934356689e-01 -6.210420727729797363e-01 -1.912265777587890625e+00 4.941993648310384624e-02 3.983759104843532239e-01 4.435504277188688782e-01 -8.013056964595749454e-01
-2.551590502262115479e-01 -6.210532784461975098e-01 -1.912292599678039551e+00 4.936721752496051746e-02 3.983579260224341945e-01 4.435613668876183802e-01 -8.013145848224262346e-01
-2.551658153533935547e-01 -6.210529208183288574e-01 -1.912327408790588379e+00 4.938502306547647158e-02 3.983259416585142598e-01 4.435803714084278204e-01 -8.013132274738986593e-01
-2.551622986793518066e-01 -6.210591197013854980e-01 -1.912326455116271973e+00 4.937544206831806504e-02 3.983434793202038637e-01 4.435683627035904575e-01 -8.013152555932259169e-01
-2.551631927490234375e-01 -6.210460662841796875e-01 -1.912309885025024414e+00 4.935212305501541358e-02 3.983695583063248669e-01 4.435614621691374992e-01 -8.013089113997449164e-01
-2.551689743995666504e-01 -6.210576891899108887e-01 -1.912286520004272461e+00 4.935446300017749116e-02 3.983503692801598772e-01 4.435494901077320362e-01 -8.013217942620425305e-01
-2.551540136337280273e-01 -6.210145354270935059e-01 -1.912250995635986328e+00 4.937295221355651048e-02 3.983581350471715465e-01 4.436028039750046226e-01 -8.012882114149396662e-01
-2.551507055759429932e-01 -6.210183501243591309e-01 -1.912250638008117676e+00 4.937151860385492752e-02 3.983494805085840418e-01 4.436021031869537001e-01 -8.012951804501022846e-01
-2.551464140415191650e-01 -6.210413575172424316e-01 -1.912263035774230957e+00 4.939083111148875882e-02 3.983174168389081449e-01 4.436235460560694621e-01 -8.012965347872187394e-01
-2.551364004611968994e-01 -6.210418939590454102e-01 -1.912242650985717773e+00 4.938004419660077526e-02 3.983561456475583351e-01 4.436450130100262346e-01 -8.012660736307597453e-01
-2.551322281360626221e-01 -6.210449337959289551e-01 -1.912240386009216309e+00 4.938705973080154826e-02 3.983592992824042112e-01 4.436405263794923060e-01 -8.012667556136470193e-01
-2.551100254058837891e-01 -6.210485696792602539e-01 -1.912266850471496582e+00 4.939611056070498246e-02 3.983568980702935636e-01 4.436041866372682496e-01 -8.012882698345394905e-01
-2.550971210002899170e-01 -6.210334897041320801e-01 -1.912214875221252441e+00 4.934736734071816511e-02 3.983711103676100818e-01 4.436277624063492686e-01 -8.012700298882078354e-01
-2.550892531871795654e-01 -6.210394501686096191e-01 -1.912210464477539062e+00 4.934200717682040577e-02 3.983733149094916270e-01 4.436255213867879577e-01 -8.012731188560751061e-01
-2.550574243068695068e-01 -6.210193634033203125e-01 -1.912216901779174805e+00 4.934193167739583941e-02 3.983745284671370013e-01 4.436301261632809578e-01 -8.012681539482016113e-01
-2.550623118877410889e-01 -6.210451126098632812e-01 -1.912273526191711426e+00 4.937068860026389699e-02 3.984159381884080919e-01 4.436177100725919864e-01 -8.012522108394659615e-01
-2.550521492958068848e-01 -6.210484504699707031e-01 -1.912274599075317383e+00 4.936887763490174080e-02 3.984127448598537846e-01 4.436258335093391514e-01 -8.012496083276706704e-01
-2.550754249095916748e-01 -6.210150122642517090e-01 -1.912279963493347168e+00 4.939339548587342449e-02 3.983944826330017563e-01 4.435721560678900222e-01 -8.012878170683017665e-01
-2.550826966762542725e-01 -6.210077404975891113e-01 -1.912308096885681152e+00 4.939633681020467321e-02 3.984096749014423566e-01 4.435979314875556634e-01 -8.012669522821055379e-01
-2.550767064094543457e-01 -6.210034489631652832e-01 -1.912312150001525879e+00 4.938871917378392928e-02 3.984047483632204290e-01 4.435960524592947318e-01 -8.012706079497743383e-01
-2.551246881484985352e-01 -6.210115551948547363e-01 -1.912297487258911133e+00 4.939588431016899567e-02 3.983789344459328086e-01 4.435875150801025790e-01 -8.012856049873284814e-01
-2.551203072071075439e-01 -6.210067868232727051e-01 -1.912285804748535156e+00 4.940433029411951671e-02 3.984100608661689247e-01 4.436088014909321808e-01 -8.012581069150329638e-01
-2.551195025444030762e-01 -6.210017204284667969e-01 -1.912286877632141113e+00 4.939920254750945067e-02 3.984004382330448291e-01 4.436093002477237701e-01 -8.012622475549255885e-01
-2.551358938217163086e-01 -6.210232377052307129e-01 -1.912259221076965332e+00 4.943320163795864725e-02 3.983416554039787005e-01 4.436134731245520157e-01 -8.012881134680064354e-01
-2.551354467868804932e-01 -6.210148930549621582e-01 -1.912244796752929688e+00 4.942898129301927235e-02 3.983744607441320196e-01 4.436233133816762098e-01 -8.012645818899920558e-01
-2.551361024379730225e-01 -6.210118532180786133e-01 -1.912242412567138672e+00 4.942219784076712363e-02 3.983772804165399695e-01 4.436067155592726685e-01 -8.012723485698373116e-01
-2.551269829273223877e-01 -6.210328340530395508e-01 -1.912260174751281738e+00 4.944608653332588366e-02 3.983496588736235022e-01 4.436419251611961045e-01 -8.012699213499036022e-01
-2.551331222057342529e-01 -6.210391521453857422e-01 -1.912273406982421875e+00 4.945527721380172520e-02 3.983666246312826398e-01 4.436426399344548521e-01 -8.012558491168277897e-01
-2.551336288452148438e-01 -6.210398674011230469e-01 -1.912272930145263672e+00 4.944510709780484264e-02 3.983599605419814726e-01 4.436455898093375483e-01 -8.012592729765245503e-01
-2.551544308662414551e-01 -6.209875941276550293e-01 -1.912314653396606445e+00 4.945377066192260807e-02 3.983480262829151575e-01 4.436088485443906437e-01 -8.012829702834837198e-01
-2.551536262035369873e-01 -6.209543347358703613e-01 -1.912282109260559082e+00 4.944977807746360476e-02 3.983651220134155624e-01 4.436085048917121632e-01 -8.012792620028055257e-01
-2.551577091217041016e-01 -6.209495663642883301e-01 -1.912281394004821777e+00 4.943305091755801489e-02 3.983588463266790058e-01 4.435991507477505813e-01 -8.012840755926077252e-01
-2.551653385162353516e-01 -6.210030317306518555e-01 -1.912253618240356445e+00 4.943644201542769789e-02 3.983544288246195220e-01 4.435813816824792921e-01 -8.012999452654000487e-01
-2.551827430725097656e-01 -6.210246086120605469e-01 -1.912290930747985840e+00 4.944570982965222627e-02 3.983997065104086799e-01 4.435898540689710567e-01 -8.012731628908213999e-01
-2.551869153976440430e-01 -6.210293769836425781e-01 -1.912288904190063477e+00 4.944367558022005893e-02 3.983928917857502139e-01 4.435918302510235001e-01 -8.012711698103979208e-01
-2.551568746566772461e-01 -6.210420727729797363e-01 -1.912338376045227051e+00 4.946265865471117379e-02 3.983574859033425231e-01 4.435933045980394174e-01 -8.012891654942141395e-01
-2.551599442958831787e-01 -6.210464835166931152e-01 -1.912338495254516602e+00 4.945866678774143294e-02 3.983607144298251246e-01 4.435923507469130000e-01 -8.012896647478386924e-01
-2.551647722721099854e-01 -6.210404038429260254e-01 -1.912333965301513672e+00 4.943011177788902283e-02 3.983719818754891118e-01 4.435757866141414874e-01 -8.012955452504549880e-01
-2.551582455635070801e-01 -6.210325360298156738e-01 -1.912326216697692871e+00 4.942076565959480083e-02 3.983601810887241745e-01 4.435538404587062722e-01 -8.013110969976985354e-01
-2.551329731941223145e-01 -6.210635304450988770e-01 -1.912314414978027344e+00 4.941209630861595481e-02 3.983875521293915312e-01 4.435607932307208956e-01 -8.012978867695457197e-01
-2.551303207874298096e-01 -6.210688352584838867e-01 -1.912315011024475098e+00 4.941496113197521578e-02 3.983789301610985989e-01 4.435507585584624879e-01 -8.013057109608896500e-01
-2.551260888576507568e-01 -6.210687756538391113e-01 -1.912294387817382812e+00 4.941465957944295856e-02 3.983490950456672897e-01 4.435513544489598226e-01 -8.013175366514576625e-01
-2.551341950893402100e-01 -6.210780739784240723e-01 -1.912317633628845215e+00 4.945143541580499652e-02 3.983800959642303519e-01 4.435722432177403030e-01 -8.012897723780977310e-01
-2.551322877407073975e-01 -6.210814118385314941e-01 -1.912319302558898926e+00 4.944262075126775596e-02 3.983772806282683820e-01 4.435732654081505077e-01 -8.012915796670431190e-01
-2.551338076591491699e-01 -6.210862398147583008e-01 -1.912304639816284180e+00 4.943666808034836990e-02 3.983649654094425507e-01 4.435537326328079510e-01 -8.013112013166701075e-01
-2.551530897617340088e-01 -6.210488677024841309e-01 -1.912320137023925781e+00 4.946439087410461205e-02 3.983857106520933833e-01 4.435750589194852322e-01 -8.012839997501916001e-01
-2.551519870758056641e-01 -6.210455298423767090e-01 -1.912319660186767578e+00 4.946454149901115954e-02 3.983799787839762963e-01 4.435658757019910192e-01 -8.012939109768301149e-01
-2.551600337028503418e-01 -6.210500597953796387e-01 -1.912301540374755859e+00 4.944910005940480330e-02 3.983977050786732255e-01 4.435702899168011415e-01 -8.012812083875496816e-01
-2.551566660404205322e-01 -6.210672855377197266e-01 -1.912336707115173340e+00 4.949066798068631895e-02 3.984310175111520080e-01 4.435653601575890170e-01 -8.012656315372200799e-01
-2.551518082618713379e-01 -6.210662722587585449e-01 -1.912337303161621094e+00 4.948201087674068688e-02 3.984317630916107134e-01 4.435721953395676542e-01 -8.012618702674761950e-01
-2.551453709602355957e-01 -6.210565567016601562e-01 -1.912320733070373535e+00 4.948246258917865514e-02 3.983971084665918760e-01 4.435371286393683388e-01 -8.012991245148874953e-01
-2.551399171352386475e-01 -6.210150122642517090e-01 -1.912293434143066406e+00 4.946943655881071156e-02 3.983884525172526336e-01 4.435677697000103836e-01 -8.012881195569174775e-01
-2.551353871822357178e-01 -6.210072040557861328e-01 -1.912291169166564941e+00 4.947041551264712983e-02 3.983941235500677025e-01 4.435614017914928930e-01 -8.012861189538748041e-01
-2.551253736019134521e-01 -6.209906935691833496e-01 -1.912278413772583008e+00 4.945203807052150208e-02 3.983812675555811200e-01 4.435376089820825540e-01 -8.013101398917144014e-01
-2.551245689392089844e-01 -6.210301518440246582e-01 -1.912351727485656738e+00 4.949759257367419840e-02 3.984105006189653797e-01 4.435304007790578096e-01 -8.012983406060149028e-01
-2.551169395446777344e-01 -6.210228800773620605e-01 -1.912353157997131348e+00 4.948607614024492368e-02 3.984056566661285381e-01 4.435324437410621545e-01 -8.012978248628646050e-01
-2.551150321960449219e-01 -6.210170388221740723e-01 -1.912334799766540527e+00 4.947719235413101935e-02 3.983772024469422468e-01 4.434985394242346723e-01 -8.013305678285020939e-01
-2.551272809505462646e-01 -6.210306882858276367e-01 -1.912398576736450195e+00 4.947899935510020886e-02 3.983575337441814246e-01 4.435383586145408841e-01 -8.013202759478227355e-01
-2.551219761371612549e-01 -6.210229992866516113e-01 -1.912404417991638184e+00 4.948351656883150790e-02 3.983506798997516474e-01 4.435207553928307567e-01 -8.013303891360340492e-01
-2.551118731498718262e-01 -6.210091710090637207e-01 -1.912406921386718750e+00 4.949277556806896267e-02 3.983345663688237503e-01 4.435293100689848278e-01 -8.013322210757202191e-01
-2.550852596759796143e-01 -6.210393309593200684e-01 -1.912444472312927246e+00 4.952490516241429830e-02 3.983445312087792733e-01 4.435370339299053444e-01 -8.013235505627882560e-01
-2.550775706768035889e-01 -6.210340857505798340e-01 -1.912454128265380859e+00 4.952189624925779771e-02 3.983368388743853128e-01 4.435320874579744554e-01 -8.013302627651176513e-01
-2.550901472568511963e-01 -6.210450530052185059e-01 -1.912426710128784180e+00 4.950730042616392074e-02 3.983046855744142856e-01 4.435036270415425030e-01 -8.013619901206864293e-01
-2.551036179065704346e-01 -6.210494041442871094e-01 -1.912484526634216309e+00 4.954663913060745190e-02 3.982961097676505080e-01 4.435271340290543041e-01 -8.013503883109148740e-01
-2.551013529300689697e-01 -6.210466027259826660e-01 -1.912494897842407227e+00 4.954881952151788532e-02 3.982864019475449435e-01 4.435376903569924201e-01 -8.013522659803647974e-01
-2.551222145557403564e-01 -6.210582852363586426e-01 -1.912458419799804688e+00 4.953092244036935016e-02 3.982880153802731416e-01 4.435108285066519107e-01 -8.013668468758146091e-01
-2.551247179508209229e-01 -6.210389733314514160e-01 -1.912452697753906250e+00 4.954445864374067837e-02 3.982853673005743445e-01 4.435280066412085609e-01 -8.013549784419173871e-01
-2.551266551017761230e-01 -6.210362315177917480e-01 -1.912459373474121094e+00 4.954084935114332761e-02 3.982885167937139093e-01 4.435263310772062373e-01 -8.013577157742896029e-01
-2.551462054252624512e-01 -6.210468411445617676e-01 -1.912436366081237793e+00 4.955746495478353941e-02 3.982923916193586988e-01 4.435345830816698753e-01 -8.013458214911514110e-01
-2.551580667495727539e-01 -6.210322380065917969e-01 -1.912447452545166016e+00 4.954859396828694557e-02 3.983029511897660524e-01 4.435700839833526254e-01 -8.013250881873779097e-01
-2.551615834236145020e-01 -6.210281252861022949e-01 -1.912453293800354004e+00 4.955062391040377517e-02 3.983010687473019229e-01 4.435672492587160454e-01 -8.013287984845399725e-01
-2.551855444908142090e-01 -6.210408210754394531e-01 -1.912418484687805176e+00 4.954378192140723031e-02 3.982715583888050692e-01 4.435500055038025802e-01 -8.013486300779952831e-01
-2.551716566085815430e-01 -6.210801601409912109e-01 -1.912459373474121094e+00 4.956919026288122282e-02 3.982664170693031025e-01 4.435679496648596842e-01 -8.013414455601907127e-01
-2.551745176315307617e-01 -6.210775971412658691e-01 -1.912463545799255371e+00 4.956370376529727062e-02 3.982717201019872477e-01 4.435614311783027675e-01 -8.013411593465441518e-01
-2.551808953285217285e-01 -6.210768818855285645e-01 -1.912445902824401855e+00 4.955302966004580811e-02 3.982579754308584463e-01 4.435526308781925220e-01 -8.013557505768844624e-01
-2.551592290401458740e-01 -6.210623383522033691e-01 -1.912412643432617188e+00 4.956362860357931693e-02 3.982936700128817953e-01 4.436044950666348519e-01 -8.013117085515822913e-01
-2.551573812961578369e-01 -6.210568547248840332e-01 -1.912412524223327637e+00 4.956513181628274811e-02 3.982864007590302124e-01 4.435940477969238516e-01 -8.013188230167745951e-01
-2.551558017730712891e-01 -6.210455298423767090e-01 -1.912400722503662109e+00 4.956663498339809043e-02 3.983170115493315233e-01 4.435911172904758448e-01 -8.013039918803396278e-01
-2.551522552967071533e-01 -6.210412383079528809e-01 -1.912399172782897949e+00 4.957069330692941839e-02 3.983219771011911048e-01 4.435953823204255575e-01 -8.012983601417215107e-01
-2.551479935646057129e-01 -6.210371851921081543e-01 -1.912397146224975586e+00 4.956167435890383721e-02 3.983238065859601718e-01 4.435940253584331749e-01 -8.012979052204947106e-01
-2.551533281803131104e-01 -6.210708618164062500e-01 -1.912439346313476562e+00 4.957084360882766522e-02 3.982768812762902400e-01 4.435922336914369102e-01 -8.013228345539754605e-01
-2.551494240760803223e-01 -6.210682392120361328e-01 -1.912439823150634766e+00 4.956272665407324834e-02 3.982738594860041892e-01 4.435969339102545650e-01 -8.013229837570507996e-01
-2.551463842391967773e-01 -6.210661530494689941e-01 -1.912440180778503418e+00 4.955964486940871161e-02 3.982679570189850415e-01 4.436046739493604840e-01 -8.013216985880299292e-01
-2.551690042018890381e-01 -6.210479736328125000e-01 -1.912415027618408203e+00 4.958031170985175567e-02 3.982762613873309099e-01 4.435955830884450446e-01 -8.013196321397538791e-01
-2.551701068878173828e-01 -6.210443973541259766e-01 -1.912414550781250000e+00 4.959323350124222179e-02 3.982698398149483454e-01 4.436025925967216343e-01 -8.013207205134390554e-01
-2.551728785037994385e-01 -6.210404038429260254e-01 -1.912414908409118652e+00 4.958542072753496094e-02 3.982775977330779704e-01 4.435943535774192759e-01 -8.013227151985945484e-01
-2.551756799221038818e-01 -6.210392713546752930e-01 -1.912385344505310059e+00 4.955566081498936210e-02 3.982993745980517586e-01 4.435991425142558620e-01 -8.013091432512468026e-01
-2.551774084568023682e-01 -6.210333108901977539e-01 -1.912383079528808594e+00 4.954754137296626948e-02 3.982954733268817549e-01 4.435912362959056332e-01 -8.013169994727734613e-01
-2.551804184913635254e-01 -6.210299730300903320e-01 -1.912381291389465332e+00 4.955626220221867606e-02 3.982855203047165893e-01 4.435916543993111971e-01 -8.013186632838311674e-01
-2.551909089088439941e-01 -6.210349202156066895e-01 -1.912362337112426758e+00 4.956400441102928878e-02 3.983071855095643987e-01 4.435900076811462589e-01 -8.013119463345336202e-01
-2.551935911178588867e-01 -6.210300326347351074e-01 -1.912359237670898438e+00 4.955528494426490044e-02 3.983029970451241741e-01 4.435919827388430936e-01 -8.013095078255909609e-01
-2.551967203617095947e-01 -6.210238933563232422e-01 -1.912356853485107422e+00 4.955355590221107581e-02 3.983117827494764285e-01 4.435939288542613546e-01 -8.013063441304020262e-01
-2.551890015602111816e-01 -6.210240125656127930e-01 -1.912369251251220703e+00 4.953596134823546465e-02 3.983284198802160003e-01 4.435866412393665859e-01 -8.013045822238725746e-01
-2.551906704902648926e-01 -6.210192441940307617e-01 -1.912367224693298340e+00 4.953347956215250342e-02 3.983306284353071991e-01 4.435769783620972517e-01 -8.013042685043371138e-01
-2.551924288272857666e-01 -6.210150718688964844e-01 -1.912364840507507324e+00 4.953295310669454665e-02 3.983318537149980743e-01 4.435768795378295382e-01 -8.013067684114494327e-01
-2.551652491092681885e-01 -6.210327744483947754e-01 -1.912409186363220215e+00 4.952640955044156079e-02 3.983504836880894517e-01 4.435993812885244414e-01 -8.012883785530621195e-01
-2.551624774932861328e-01 -6.210289001464843750e-01 -1.912410140037536621e+00 4.952716172731926048e-02 3.983453364813733799e-01 4.435953520904064029e-01 -8.012941109328395317e-01
-2.551591098308563232e-01 -6.210258007049560547e-01 -1.912412285804748535e+00 4.952701129285760201e-02 3.983507585958105945e-01 4.435927881749950341e-01 -8.012903769793576769e-01
-2.551473975181579590e-01 -6.210165023803710938e-01 -1.912415027618408203e+00 4.950338741233179657e-02 3.983150988105063628e-01 4.435338677447824840e-01 -8.013386423472841358e-01
-2.551412582397460938e-01 -6.210387945175170898e-01 -1.912448763847351074e+00 4.952437861580851614e-02 3.983451558107910517e-01 4.435718381836348256e-01 -8.013036366221251150e-01
-2.551329433917999268e-01 -6.210365295410156250e-01 -1.912453651428222656e+00 4.952686085793900350e-02 3.983444468053904397e-01 4.435751807333941366e-01 -8.013025891361743591e-01
