repeatability steamvr; 20211020-215318; x y z w i j k;  frequency = 150 duration = 2 sys.args = ['.\\repeatability.py']
-2.550926804542541504e-01 -6.209150552749633789e-01 -1.912054419517517090e+00 4.924421408597132871e-02 3.984454654929897588e-01 4.434791908691643747e-01 -8.013218617544263234e-01
-2.550888955593109131e-01 -6.209107637405395508e-01 -1.912062287330627441e+00 4.924671044957901894e-02 3.984464486352833346e-01 4.434739576439915565e-01 -8.013243598854744576e-01
-2.550922930240631104e-01 -6.209465265274047852e-01 -1.912056684494018555e+00 4.923097367857470069e-02 3.984315538406721369e-01 4.434670997250204083e-01 -8.013350323581929224e-01
-2.550904750823974609e-01 -6.209463477134704590e-01 -1.912063717842102051e+00 4.924103671288720951e-02 3.984369802671445804e-01 4.434524283608580753e-01 -8.013423990741050940e-01
-2.550898492336273193e-01 -6.209473013877868652e-01 -1.912071824073791504e+00 4.923725385853743725e-02 3.984418674276496986e-01 4.434513921789643986e-01 -8.013384439425083050e-01
-2.550882697105407715e-01 -6.209244728088378906e-01 -1.912048697471618652e+00 4.920486072569026786e-02 3.984410071725169589e-01 4.434677467252398086e-01 -8.013343564234571836e-01
-2.550864219665527344e-01 -6.209231019020080566e-01 -1.912055611610412598e+00 4.920561781789296180e-02 3.984394191594948231e-01 4.434700084357427463e-01 -8.013329288996675626e-01
-2.550846636295318604e-01 -6.209223270416259766e-01 -1.912062764167785645e+00 4.921258251967135233e-02 3.984417724913964509e-01 4.434717419553734219e-01 -8.013304951867568082e-01
-2.550673484802246094e-01 -6.209285259246826172e-01 -1.912063598632812500e+00 4.921848660353163318e-02 3.984530140559539024e-01 4.434621413525336453e-01 -8.013295868441603353e-01
-2.550923228263854980e-01 -6.209284067153930664e-01 -1.912007689476013184e+00 4.921962192308039497e-02 3.984598688434140557e-01 4.434991410253648070e-01 -8.013042912156455033e-01
-2.550894618034362793e-01 -6.209280490875244141e-01 -1.912009000778198242e+00 4.921871366953644439e-02 3.984632859886407252e-01 4.434946094338839129e-01 -8.013068164834686868e-01
-2.550936937332153320e-01 -6.209295392036437988e-01 -1.912015795707702637e+00 4.922189248361834996e-02 3.984548085714688659e-01 4.434874621169644926e-01 -8.013141002554357017e-01
-2.550944685935974121e-01 -6.209157109260559082e-01 -1.912005782127380371e+00 4.922832516975996636e-02 3.984396710859473001e-01 4.435136605942822108e-01 -8.013068599481096843e-01
-2.550933063030242920e-01 -6.209149360656738281e-01 -1.912007331848144531e+00 4.922703869977834712e-02 3.984361593423375592e-01 4.435082997596060950e-01 -8.013100927099363613e-01
-2.550940215587615967e-01 -6.208984851837158203e-01 -1.912004709243774414e+00 4.921530756946411456e-02 3.984484744030607484e-01 4.435165223995831685e-01 -8.013014156801920862e-01
-2.551358938217163086e-01 -6.209477186203002930e-01 -1.911996722221374512e+00 4.919524464111106610e-02 3.984122693071855403e-01 4.435301985025927318e-01 -8.013133415448820962e-01
-2.551420032978057861e-01 -6.209503412246704102e-01 -1.911997079849243164e+00 4.919092814945396491e-02 3.984190578606462418e-01 4.435248911188410248e-01 -8.013135294563014099e-01
-2.551388144493103027e-01 -6.209655404090881348e-01 -1.911994338035583496e+00 4.920417933274778138e-02 3.984286571317603998e-01 4.435120462569629995e-01 -8.013135035417543461e-01
-2.550827562808990479e-01 -6.209555864334106445e-01 -1.912007689476013184e+00 4.921697280339460551e-02 3.984225797277996528e-01 4.435175627476282689e-01 -8.013145717134863011e-01
-2.550815343856811523e-01 -6.209591627120971680e-01 -1.912008285522460938e+00 4.921863798098456699e-02 3.984275682137025654e-01 4.435119429352852305e-01 -8.013104707707362495e-01
-2.551032304763793945e-01 -6.209446787834167480e-01 -1.911998987197875977e+00 4.920622348326805784e-02 3.984217959876882320e-01 4.435263273779083693e-01 -8.013114065344064674e-01
-2.551016509532928467e-01 -6.209590435028076172e-01 -1.912050843238830566e+00 4.920327079414579807e-02 3.984435853435058794e-01 4.435235670477244985e-01 -8.013007405402658989e-01
-2.551034688949584961e-01 -6.209632754325866699e-01 -1.912051200866699219e+00 4.920115080549770231e-02 3.984419761104923130e-01 4.435257174019076043e-01 -8.013021037466508956e-01
-2.551062703132629395e-01 -6.209639310836791992e-01 -1.912058234214782715e+00 4.921598880833671225e-02 3.984347843409886680e-01 4.435188609042138297e-01 -8.013068252151518411e-01
-2.550782859325408936e-01 -6.209499239921569824e-01 -1.912100791931152344e+00 4.923642159157683856e-02 3.984301411321111153e-01 4.435054953952438095e-01 -8.013164285544259746e-01
-2.550758421421051025e-01 -6.209521293640136719e-01 -1.912106752395629883e+00 4.923430303037486938e-02 3.984291261683590712e-01 4.435036961093492547e-01 -8.013206435379613968e-01
-2.550877928733825684e-01 -6.209388971328735352e-01 -1.912115931510925293e+00 4.924481927664830366e-02 3.984426869803532334e-01 4.434937119330560340e-01 -8.013176119462032121e-01
-2.550880312919616699e-01 -6.209616065025329590e-01 -1.912103891372680664e+00 4.924451668223950307e-02 3.984339392767735077e-01 4.435040019669837519e-01 -8.013181481966026309e-01
-2.550881206989288330e-01 -6.209671497344970703e-01 -1.912111997604370117e+00 4.924262542505671025e-02 3.984410715061024733e-01 4.435031817755181183e-01 -8.013115523926389594e-01
-2.551001012325286865e-01 -6.209547519683837891e-01 -1.912123560905456543e+00 4.925714841753479900e-02 3.984467197405291428e-01 4.434940312950804708e-01 -8.013159463149153172e-01
-2.550786137580871582e-01 -6.209861636161804199e-01 -1.912139773368835449e+00 4.926455954462141684e-02 3.984741937770431841e-01 4.435147286273283251e-01 -8.012872004597725306e-01
-2.550789713859558105e-01 -6.209930181503295898e-01 -1.912146091461181641e+00 4.926266905690988157e-02 3.984625644278723122e-01 4.435154146729797797e-01 -8.012902731182285354e-01
-2.550942003726959229e-01 -6.209940910339355469e-01 -1.912154197692871094e+00 4.927522053720018863e-02 3.984608615064250126e-01 4.435164489206971927e-01 -8.012919547164365497e-01
-2.551181912422180176e-01 -6.210107207298278809e-01 -1.912082552909851074e+00 4.924708867545024571e-02 3.984948270209272558e-01 4.435582997550469586e-01 -8.012557229064855013e-01
-2.551225125789642334e-01 -6.210180521011352539e-01 -1.912081599235534668e+00 4.925026565809295653e-02 3.984993773511180670e-01 4.435584303796025196e-01 -8.012519921352426744e-01
-2.551391422748565674e-01 -6.210145354270935059e-01 -1.912087321281433105e+00 4.927900047707503561e-02 3.985046839771286820e-01 4.435471391329664503e-01 -8.012530192899159909e-01
-2.551337778568267822e-01 -6.209800243377685547e-01 -1.912079811096191406e+00 4.927522053720018863e-02 3.985113634400996863e-01 4.435424559045056947e-01 -8.012514322067815220e-01
-2.551394402980804443e-01 -6.209821701049804688e-01 -1.912077665328979492e+00 4.928308248650641737e-02 3.985112856794073566e-01 4.435518242189372407e-01 -8.012439502075274778e-01
-2.551386654376983643e-01 -6.209884881973266602e-01 -1.912071347236633301e+00 4.928376278854089410e-02 3.985336013210953321e-01 4.435399567957129530e-01 -8.012427165324345069e-01
-2.551060020923614502e-01 -6.209968924522399902e-01 -1.912079691886901855e+00 4.926871836224665235e-02 3.985684931588650559e-01 4.435462489902148309e-01 -8.012234948806350454e-01
-2.551042735576629639e-01 -6.209987998008728027e-01 -1.912078976631164551e+00 4.926599626676488042e-02 3.985642009584533518e-01 4.435432320933778150e-01 -8.012219416984940334e-01
-2.551157474517822266e-01 -6.209850311279296875e-01 -1.912075757980346680e+00 4.924701303050838669e-02 3.985514164213271870e-01 4.435511139943790759e-01 -8.012297214601830087e-01
-2.550689876079559326e-01 -6.209229826927185059e-01 -1.912079930305480957e+00 4.924156628930567020e-02 3.985416360607990094e-01 4.435227073200401215e-01 -8.012490491358652545e-01
-2.550638020038604736e-01 -6.209172606468200684e-01 -1.912078619003295898e+00 4.925525764537352913e-02 3.985403701026458134e-01 4.435246696166308400e-01 -8.012474769748056946e-01
-2.550600469112396240e-01 -6.209123730659484863e-01 -1.912075400352478027e+00 4.925616522506894024e-02 3.985472453319061081e-01 4.435110519327737921e-01 -8.012488984452439400e-01
-2.550734579563140869e-01 -6.209070086479187012e-01 -1.912027359008789062e+00 4.928739090747064761e-02 3.985263349081375472e-01 4.435130514630050702e-01 -8.012602258770959995e-01
-2.550708353519439697e-01 -6.209041476249694824e-01 -1.912022709846496582e+00 4.928618156416937623e-02 3.985264387505358941e-01 4.435054913055088699e-01 -8.012647695568849704e-01
-2.550892829895019531e-01 -6.208744645118713379e-01 -1.912027955055236816e+00 4.926024912677081508e-02 3.985157164217797421e-01 4.435187501308631153e-01 -8.012653558615481231e-01
-2.551542222499847412e-01 -6.209152340888977051e-01 -1.912066578865051270e+00 4.925934162231933311e-02 3.984770776245051271e-01 4.435105858426049985e-01 -8.012869239127874410e-01
-2.551617920398712158e-01 -6.209116578102111816e-01 -1.912065625190734863e+00 4.925858535583814424e-02 3.984744226798625499e-01 4.435140674573480046e-01 -8.012863694326258779e-01
-2.551519274711608887e-01 -6.209298968315124512e-01 -1.912051677703857422e+00 4.925344243581154802e-02 3.984736747021206948e-01 4.435056182449497730e-01 -8.012915284707361474e-01
-2.551278471946716309e-01 -6.209238767623901367e-01 -1.912054777145385742e+00 4.925835847362964454e-02 3.984801906725722320e-01 4.435085475093199503e-01 -8.012896063630532417e-01
-2.551293671131134033e-01 -6.209219694137573242e-01 -1.912055969238281250e+00 4.925389624447372439e-02 3.984690956879510804e-01 4.435187765846179686e-01 -8.012859608691798030e-01
-2.550916373729705811e-01 -6.209754943847656250e-01 -1.912089467048645020e+00 4.924935796967883084e-02 3.984616396053555776e-01 4.435030665918320292e-01 -8.012998905119531612e-01
-2.550881206989288330e-01 -6.209772229194641113e-01 -1.912092685699462891e+00 4.924315498438965738e-02 3.984616001873003133e-01 4.435150555601435340e-01 -8.012973369449594152e-01
-2.550844252109527588e-01 -6.209793686866760254e-01 -1.912096977233886719e+00 4.924527316477525507e-02 3.984589855646096246e-01 4.435198833705633059e-01 -8.012946428716348768e-01
-2.550787329673767090e-01 -6.209817528724670410e-01 -1.912098050117492676e+00 4.925752656325767254e-02 3.984675596178650636e-01 4.435054498856327854e-01 -8.012957277155910996e-01
-2.551080286502838135e-01 -6.209647059440612793e-01 -1.912098646163940430e+00 4.928716415786192628e-02 3.984528873177026753e-01 4.435208362175171448e-01 -8.012930873233889972e-01
-2.551056742668151855e-01 -6.209659576416015625e-01 -1.912100672721862793e+00 4.927469132247849076e-02 3.984460891804754157e-01 4.435299822192488306e-01 -8.012926980048630243e-01
-2.551281452178955078e-01 -6.209647655487060547e-01 -1.912103295326232910e+00 4.928754207329692077e-02 3.984607160770708978e-01 4.434983886277526488e-01 -8.012993389352636164e-01
-2.551311254501342773e-01 -6.209641098976135254e-01 -1.912105917930603027e+00 4.928633273370482126e-02 3.984659580353909769e-01 4.435071543850748199e-01 -8.012936039878875150e-01
-2.551341354846954346e-01 -6.209627389907836914e-01 -1.912109851837158203e+00 4.928935602705050711e-02 3.984726560357336189e-01 4.435065548632725618e-01 -8.012887444091613132e-01
-2.551404833793640137e-01 -6.209560036659240723e-01 -1.912112832069396973e+00 4.930212739509544362e-02 3.984604092736032666e-01 4.434932208487766259e-01 -8.013037772646041113e-01
-2.551284730434417725e-01 -6.209375262260437012e-01 -1.912138938903808594e+00 4.931293135383030962e-02 3.984631589827114517e-01 4.434824782232368312e-01 -8.013054457538679731e-01
-2.551301419734954834e-01 -6.209340095520019531e-01 -1.912144184112548828e+00 4.931670840331323774e-02 3.984610439608505805e-01 4.434920228980964163e-01 -8.013057147613590336e-01
-2.551227211952209473e-01 -6.209355592727661133e-01 -1.912142038345336914e+00 4.931821914211182573e-02 3.984660602739599211e-01 4.434856890778036687e-01 -8.013054913113458744e-01
-2.551040053367614746e-01 -6.209251284599304199e-01 -1.912158370018005371e+00 4.937287676145211274e-02 3.984752419601098605e-01 4.435059976996962861e-01 -8.012855124388523764e-01
-2.551015913486480713e-01 -6.209194064140319824e-01 -1.912164807319641113e+00 4.937242404640424659e-02 3.984698413928351446e-01 4.435064426424973338e-01 -8.012866726047901400e-01
-2.550864517688751221e-01 -6.209314465522766113e-01 -1.912156462669372559e+00 4.937272585689739257e-02 3.984906449238285187e-01 4.434961862930812404e-01 -8.012823780393242279e-01
-2.550858259201049805e-01 -6.209359765052795410e-01 -1.912100672721862793e+00 4.933959113793196655e-02 3.984674193016994326e-01 4.435170773595965565e-01 -8.012859291651266425e-01
-2.550810277462005615e-01 -6.209331154823303223e-01 -1.912099838256835938e+00 4.933574033140530196e-02 3.984625786478133702e-01 4.435094102179176212e-01 -8.012900280677353049e-01
-2.550719976425170898e-01 -6.209278106689453125e-01 -1.912085294723510742e+00 4.932781125374583603e-02 3.984665137434111881e-01 4.435151487368192980e-01 -8.012866675464028754e-01
-2.551012635231018066e-01 -6.209680438041687012e-01 -1.912148952484130859e+00 4.931731270438609316e-02 3.984519314064872697e-01 4.434627188999605285e-01 -8.013224851861163733e-01
-2.551015913486480713e-01 -6.209727525711059570e-01 -1.912152528762817383e+00 4.932131601198247450e-02 3.984603766620290477e-01 4.434587491237954593e-01 -8.013211917214371205e-01
-2.551013231277465820e-01 -6.209723949432373047e-01 -1.912157535552978516e+00 4.933120958594099104e-02 3.984644374910159548e-01 4.434534832832962570e-01 -8.013220875187276881e-01
-2.551321387290954590e-01 -6.209740638732910156e-01 -1.912101745605468750e+00 4.930802075695982223e-02 3.984541869127741220e-01 4.434834293386585857e-01 -8.013121141822547866e-01
-2.551361024379730225e-01 -6.209761500358581543e-01 -1.912099003791809082e+00 4.930356302249931655e-02 3.984451800574734803e-01 4.434818183216396315e-01 -8.013164105203449683e-01
-2.550972700119018555e-01 -6.209574341773986816e-01 -1.912085413932800293e+00 4.929608218950534693e-02 3.984243323457236641e-01 4.434717346836541951e-01 -8.013343311321604601e-01
-2.550978958606719971e-01 -6.209601163864135742e-01 -1.912083864212036133e+00 4.930900291545693703e-02 3.984202611602918331e-01 4.434794310335277712e-01 -8.013290930505920784e-01
-2.550979554653167725e-01 -6.209604144096374512e-01 -1.912080764770507812e+00 4.929494863092477586e-02 3.984259371407987693e-01 4.434789096496086769e-01 -8.013282730134680953e-01
-2.551230788230895996e-01 -6.209486722946166992e-01 -1.912173986434936523e+00 4.928504777787392349e-02 3.983711302295961931e-01 4.434739701877095652e-01 -8.013607542636929093e-01
-2.551258206367492676e-01 -6.209461688995361328e-01 -1.912181615829467773e+00 4.928988508432047971e-02 3.983798001672825273e-01 4.434664233794310406e-01 -8.013582926040326848e-01
-2.551276981830596924e-01 -6.209430694580078125e-01 -1.912188291549682617e+00 4.929729128992806075e-02 3.983752650253787331e-01 4.434623691375193522e-01 -8.013636450031071945e-01
-2.550903558731079102e-01 -6.209921836853027344e-01 -1.912173032760620117e+00 4.927680814726387304e-02 3.983917779642119350e-01 4.434876445608291751e-01 -8.013456689548834611e-01
-2.550863325595855713e-01 -6.209924817085266113e-01 -1.912179231643676758e+00 4.926478639827173989e-02 3.983973461221911871e-01 4.434712478335336994e-01 -8.013465758756911361e-01
-2.550851106643676758e-01 -6.209924817085266113e-01 -1.912186622619628906e+00 4.927159152210392606e-02 3.983991783144723575e-01 4.434762299649475104e-01 -8.013464360737329040e-01
-2.551455497741699219e-01 -6.209653615951538086e-01 -1.912168264389038086e+00 4.929918044997239762e-02 3.983539539640664762e-01 4.434765082815713133e-01 -8.013683008955269083e-01
-2.551494836807250977e-01 -6.209596991539001465e-01 -1.912175774574279785e+00 4.930575416268240252e-02 3.983609849208626374e-01 4.434630167159294145e-01 -8.013672349232476844e-01
-2.551535367965698242e-01 -6.209546923637390137e-01 -1.912182211875915527e+00 4.931104272059816385e-02 3.983629848119846772e-01 4.434719647582239244e-01 -8.013628796409518751e-01
-2.551282644271850586e-01 -6.209847927093505859e-01 -1.912194013595581055e+00 4.926334964084352896e-02 3.983496793016300108e-01 4.434663352991105034e-01 -8.013776602470761290e-01
-2.551290094852447510e-01 -6.209782958030700684e-01 -1.912200808525085449e+00 4.926652557488775397e-02 3.983524312075669149e-01 4.434682960107236283e-01 -8.013734862103721879e-01
-2.551299631595611572e-01 -6.209730505943298340e-01 -1.912208199501037598e+00 4.927242319500461931e-02 3.983561628302300650e-01 4.434545305706546481e-01 -8.013773664092374016e-01
-2.551262974739074707e-01 -6.209359169006347656e-01 -1.912181735038757324e+00 4.926932325192984879e-02 3.983537044193490861e-01 4.434313191205014881e-01 -8.013905872401204666e-01
-2.551277577877044678e-01 -6.209284067153930664e-01 -1.912187337875366211e+00 4.927635454960796468e-02 3.983555284543345287e-01 4.434227797828760864e-01 -8.013925086627697869e-01
-2.551297247409820557e-01 -6.209232807159423828e-01 -1.912191629409790039e+00 4.927196955698084913e-02 3.983501527669344178e-01 4.434307901153111686e-01 -8.013954806935901232e-01
-2.550874650478363037e-01 -6.209462881088256836e-01 -1.912169814109802246e+00 4.928051237184431083e-02 3.983597157824510515e-01 4.434304217473337140e-01 -8.013891493056751747e-01
-2.550820410251617432e-01 -6.209412813186645508e-01 -1.912172436714172363e+00 4.926811346513691042e-02 3.983601591068746672e-01 4.434222459237844305e-01 -8.013919672705583919e-01
-2.550744414329528809e-01 -6.209353804588317871e-01 -1.912174224853515625e+00 4.927227198279408860e-02 3.983573853497838768e-01 4.434232296054863021e-01 -8.013943421594249550e-01
-2.551044821739196777e-01 -6.209566593170166016e-01 -1.912168264389038086e+00 4.923203304220608728e-02 3.983742502788321094e-01 4.434088270986002445e-01 -8.013964841515399673e-01
-2.551024258136749268e-01 -6.209536194801330566e-01 -1.912171959877014160e+00 4.923808611143030284e-02 3.983851979627262563e-01 4.434106068521186939e-01 -8.013910249359462723e-01
-2.551088035106658936e-01 -6.209397912025451660e-01 -1.912164807319641113e+00 4.922877920996217987e-02 3.983818143702570480e-01 4.434093789632994609e-01 -8.013958768683306921e-01
-2.551037073135375977e-01 -6.209214329719543457e-01 -1.912183761596679688e+00 4.924739125405575707e-02 3.983901073929173586e-01 4.433876438989624580e-01 -8.014002733204098616e-01
-2.551033794879913330e-01 -6.209161281585693359e-01 -1.912189841270446777e+00 4.925003873755776085e-02 3.984010656180252408e-01 4.433740962549660991e-01 -8.014021236425111772e-01
-2.551125884056091309e-01 -6.208961009979248047e-01 -1.912192225456237793e+00 4.924966053434232105e-02 3.984159250473628400e-01 4.433641882560400149e-01 -8.014016214525270243e-01
-2.551379501819610596e-01 -6.209630966186523438e-01 -1.912206172943115234e+00 4.924481927664830366e-02 3.984133354128780447e-01 4.433629915500736374e-01 -8.014005225594837967e-01
-2.551398575305938721e-01 -6.209641098976135254e-01 -1.912211894989013672e+00 4.924096105864820411e-02 3.984176196947316617e-01 4.433592983565791679e-01 -8.014041537012037697e-01
-2.551614642143249512e-01 -6.209365129470825195e-01 -1.912215113639831543e+00 4.921916779840344869e-02 3.984175270864224183e-01 4.433627564583340064e-01 -8.014034181231565190e-01
-2.551431357860565186e-01 -6.209444999694824219e-01 -1.912192225456237793e+00 4.920183224038206238e-02 3.984125320038348073e-01 4.433572428569891866e-01 -8.014098775900370120e-01
-2.551447749137878418e-01 -6.209422945976257324e-01 -1.912197113037109375e+00 4.921371797542242743e-02 3.984168348635436785e-01 4.433588661879435122e-01 -8.014058702001357615e-01
-2.551335394382476807e-01 -6.209605932235717773e-01 -1.912189960479736328e+00 4.922416293942226406e-02 3.984225047728325309e-01 4.433546970460117143e-01 -8.014036769361966295e-01
-2.551071941852569580e-01 -6.209585070610046387e-01 -1.912140250205993652e+00 4.922438997924283993e-02 3.984367112214969864e-01 4.433689989710105639e-01 -8.013887799814247703e-01
-2.551044821739196777e-01 -6.209577322006225586e-01 -1.912137866020202637e+00 4.922249794873945206e-02 3.984384035809067637e-01 4.433603092244720600e-01 -8.013917328016394448e-01
-2.550987303256988525e-01 -6.209646463394165039e-01 -1.912134647369384766e+00 4.922771977630943652e-02 3.984506249955257484e-01 4.433559603056355658e-01 -8.013907240770096196e-01
-2.551183998584747314e-01 -6.209822893142700195e-01 -1.912145256996154785e+00 4.923619460723688973e-02 3.984331885253666883e-01 4.433898105226067865e-01 -8.013789874535732771e-01
-2.551194131374359131e-01 -6.209843754768371582e-01 -1.912144899368286133e+00 4.923498400641714706e-02 3.984508542919599772e-01 4.434010153445522295e-01 -8.013640380651979589e-01
-2.551240324974060059e-01 -6.209719181060791016e-01 -1.912138104438781738e+00 4.920743479165391038e-02 3.984434819200293743e-01 4.434063929571349094e-01 -8.013676898225918777e-01
-2.551343142986297607e-01 -6.209850907325744629e-01 -1.912121653556823730e+00 4.922764410160464232e-02 3.984194541093308839e-01 4.434662189069284444e-01 -8.013424647119297139e-01
-2.551344931125640869e-01 -6.209872364997863770e-01 -1.912118434906005859e+00 4.922264931385605252e-02 3.984150790654942265e-01 4.434645985311897465e-01 -8.013479458197098060e-01
-2.551316916942596436e-01 -6.209911108016967773e-01 -1.912099719047546387e+00 4.922590355128609457e-02 3.984078112637483016e-01 4.434697907828747954e-01 -8.013476416214937448e-01
-2.551408112049102783e-01 -6.209551095962524414e-01 -1.912107467651367188e+00 4.921909211054992933e-02 3.983999746638328121e-01 4.435011902494991332e-01 -8.013356231252279915e-01
-2.551436722278594971e-01 -6.209545731544494629e-01 -1.912103652954101562e+00 4.921432354111140300e-02 3.983922517146623599e-01 4.434993512394629356e-01 -8.013415085939016302e-01
-2.551234960556030273e-01 -6.209821701049804688e-01 -1.912084221839904785e+00 4.923278971655822844e-02 3.984035396262414763e-01 4.434825217401485720e-01 -8.013392211238105078e-01
-2.551242113113403320e-01 -6.209892630577087402e-01 -1.912091851234436035e+00 4.925329116532831120e-02 3.984080368687490936e-01 4.434800541860356993e-01 -8.013361939883334450e-01
-2.551232576370239258e-01 -6.209936738014221191e-01 -1.912087202072143555e+00 4.925510638046510375e-02 3.984136237311287632e-01 4.434854926454852575e-01 -8.013329822083424814e-01
-2.551189959049224854e-01 -6.210022568702697754e-01 -1.912072777748107910e+00 4.927582534706537870e-02 3.984263353093507876e-01 4.434777408758989736e-01 -8.013323185959873030e-01
-2.551544010639190674e-01 -6.209986209869384766e-01 -1.912111759185791016e+00 4.925389624447372439e-02 3.983874105050699277e-01 4.435106080663298589e-01 -8.013317953329075483e-01
-2.551597952842712402e-01 -6.210023164749145508e-01 -1.912105679512023926e+00 4.925941724832885726e-02 3.983896472663222554e-01 4.435108124499912985e-01 -8.013321280632850208e-01
-2.551646530628204346e-01 -6.210056543350219727e-01 -1.912099599838256836e+00 4.926229095066166075e-02 3.983857664288983358e-01 4.435115591495050191e-01 -8.013325704125963123e-01
-2.551808655261993408e-01 -6.210043430328369141e-01 -1.912114024162292480e+00 4.926455954462141684e-02 3.983740754688566699e-01 4.435189632385507230e-01 -8.013336299471037760e-01
-2.551892697811126709e-01 -6.210113167762756348e-01 -1.912105917930603027e+00 4.927854689959901974e-02 3.983701613839533140e-01 4.435161448808482287e-01 -8.013355373253421288e-01
-2.551972270011901855e-01 -6.210183501243591309e-01 -1.912097454071044922e+00 4.928603039417026738e-02 3.983665136437278820e-01 4.435135031146935636e-01 -8.013408470968128583e-01
-2.551272809505462646e-01 -6.210115551948547363e-01 -1.912112116813659668e+00 4.927302803920624585e-02 3.983833294104981437e-01 4.435050347515095415e-01 -8.013356238770411588e-01
-2.551279067993164062e-01 -6.210197210311889648e-01 -1.912104725837707520e+00 4.927832010929542039e-02 3.983976977364164784e-01 4.434918783096651329e-01 -8.013396788397267878e-01
-2.551278471946716309e-01 -6.210284233093261719e-01 -1.912095665931701660e+00 4.926697926303835046e-02 3.983980634247319963e-01 4.434935505796732680e-01 -8.013390366133573695e-01
-2.550946176052093506e-01 -6.210206747055053711e-01 -1.912095665931701660e+00 4.927091105201619053e-02 3.983847199271650652e-01 4.434935447507931672e-01 -8.013404158211850925e-01
-2.550915479660034180e-01 -6.210270524024963379e-01 -1.912086009979248047e+00 4.926992813418679118e-02 3.983796626742606151e-01 4.434981581420493479e-01 -8.013433973934414034e-01
-2.550882697105407715e-01 -6.210322380065917969e-01 -1.912077307701110840e+00 4.926841591462011172e-02 3.983831193278404292e-01 4.434960433228976040e-01 -8.013412267208410711e-01
-2.551326751708984375e-01 -6.210199594497680664e-01 -1.912129282951354980e+00 4.932705603701892372e-02 3.983874253243203656e-01 4.435083451239195673e-01 -8.013300507293712460e-01
-2.551384866237640381e-01 -6.210263967514038086e-01 -1.912124156951904297e+00 4.932214684642594743e-02 3.984032106888316105e-01 4.435047541108724234e-01 -8.013223461941268999e-01
-2.551431655883789062e-01 -6.210326552391052246e-01 -1.912119030952453613e+00 4.932124048088452201e-02 3.983981449470792024e-01 4.435056533088143627e-01 -8.013264975560631109e-01
-2.551681995391845703e-01 -6.210083961486816406e-01 -1.912185430526733398e+00 4.932471479168126782e-02 3.983425913639189742e-01 4.435055305128333125e-01 -8.013523772621807817e-01
-2.551747262477874756e-01 -6.210111379623413086e-01 -1.912184238433837891e+00 4.933158716395633081e-02 3.983496250274641270e-01 4.434993251286228344e-01 -8.013531078306892486e-01
-2.551811933517456055e-01 -6.210142374038696289e-01 -1.912182211875915527e+00 4.932441268741385304e-02 3.983420100976933220e-01 4.435043195469266508e-01 -8.013545664726801077e-01
-2.551682591438293457e-01 -6.210416555404663086e-01 -1.912210941314697266e+00 4.933672193808189693e-02 3.983507525523305448e-01 4.434676648751501027e-01 -8.013680168221295474e-01
-2.551726996898651123e-01 -6.210481524467468262e-01 -1.912211537361145020e+00 4.933581584030458100e-02 3.983447790753335549e-01 4.434746014265144587e-01 -8.013671798637875821e-01
-2.551761567592620850e-01 -6.210526823997497559e-01 -1.912212133407592773e+00 4.933030338691292427e-02 3.983427737806445323e-01 4.434791495447594767e-01 -8.013686761193450359e-01
-2.551421821117401123e-01 -6.210420727729797363e-01 -1.912201166152954102e+00 4.934419660988217243e-02 3.984169416004433861e-01 4.434980291311229617e-01 -8.013218194182537557e-01
-2.551417648792266846e-01 -6.210464239120483398e-01 -1.912199378013610840e+00 4.934691439164354265e-02 3.984067755137300493e-01 4.434920234866848721e-01 -8.013308328803880887e-01
-2.551442384719848633e-01 -6.210510134696960449e-01 -1.912196874618530273e+00 4.934698988344469323e-02 3.984125073312261844e-01 4.434847017521927337e-01 -8.013252284707603756e-01
-2.550996243953704834e-01 -6.210333108901977539e-01 -1.912216663360595703e+00 4.935823687152667005e-02 3.984222553689678592e-01 4.434724054101306101e-01 -8.013293589445559251e-01
-2.550962865352630615e-01 -6.210352778434753418e-01 -1.912216424942016602e+00 4.935076432626590154e-02 3.984273275464930708e-01 4.434586337170697279e-01 -8.013359551676191295e-01
-2.550948858261108398e-01 -6.210399866104125977e-01 -1.912218093872070312e+00 4.935272692245241261e-02 3.984320147648488519e-01 4.434582089373935720e-01 -8.013329231569270572e-01
-2.551103234291076660e-01 -6.210395097732543945e-01 -1.912246823310852051e+00 4.936231232851606004e-02 3.984699609395195852e-01 4.434252258262303403e-01 -8.013320265954271271e-01
-2.551114559173583984e-01 -6.210452318191528320e-01 -1.912250161170959473e+00 4.935219853884911800e-02 3.984661721064005624e-01 4.434237052078887631e-01 -8.013365206059350765e-01
-2.551118731498718262e-01 -6.210504770278930664e-01 -1.912253379821777344e+00 4.935197208700164984e-02 3.984658869156181837e-01 4.434269476064245374e-01 -8.013337059092925374e-01
-2.551389038562774658e-01 -6.210579276084899902e-01 -1.912313222885131836e+00 4.938690886958371079e-02 3.984456019995260001e-01 4.433974860132968709e-01 -8.013610778494117959e-01
-2.551451623439788818e-01 -6.210646033287048340e-01 -1.912323236465454102e+00 4.939316922290075407e-02 3.984433704266818754e-01 4.433916687918575406e-01 -8.013623835458523192e-01
-2.551522552967071533e-01 -6.210722327232360840e-01 -1.912332773208618164e+00 4.938683343880197890e-02 3.984471157338882463e-01 4.433930339375917185e-01 -8.013642630068588124e-01
-2.551840841770172119e-01 -6.210675835609436035e-01 -1.912261724472045898e+00 4.937483847869336001e-02 3.984998508476536028e-01 4.434443144012709115e-01 -8.013060381943474253e-01
-2.551912665367126465e-01 -6.210733652114868164e-01 -1.912265300750732422e+00 4.936351980671069978e-02 3.985048901357031159e-01 4.434376228984647228e-01 -8.013066898079297395e-01
-2.552007436752319336e-01 -6.210792660713195801e-01 -1.912266612052917480e+00 4.936902855121918371e-02 3.985014729385710774e-01 4.434376432728943107e-01 -8.013087327489720746e-01
-2.551486194133758545e-01 -6.210274100303649902e-01 -1.912227272987365723e+00 4.937876167937080285e-02 3.984962544250674754e-01 4.434286974531976844e-01 -8.013173639981093777e-01
-2.551513910293579102e-01 -6.210283041000366211e-01 -1.912228226661682129e+00 4.938004419660077526e-02 3.985046139494128892e-01 4.434283458540677070e-01 -8.013129980635613769e-01
-2.551540136337280273e-01 -6.210307478904724121e-01 -1.912228584289550781e+00 4.938155299775599805e-02 3.984969643964715869e-01 4.434274711057514251e-01 -8.013165780646573921e-01
-2.551359832286834717e-01 -6.210101246833801270e-01 -1.912220239639282227e+00 4.937280130923240445e-02 3.984788690067568862e-01 4.434411828951433932e-01 -8.013158615538712448e-01
-2.551373541355133057e-01 -6.210110187530517578e-01 -1.912220358848571777e+00 4.937461213068176924e-02 3.984844752020245684e-01 4.434517796475664908e-01 -8.013089571261469146e-01
-2.551383376121520996e-01 -6.210104227066040039e-01 -1.912220001220703125e+00 4.936993403943596564e-02 3.984820910039080788e-01 4.434494307927533963e-01 -8.013136547701741330e-01
-2.551264166831970215e-01 -6.210134029388427734e-01 -1.912195920944213867e+00 4.939135908180482953e-02 3.984896510046423979e-01 4.434148576291364052e-01 -8.013264355086188173e-01
-2.551274001598358154e-01 -6.210163235664367676e-01 -1.912195563316345215e+00 4.939792052768736397e-02 3.984976547075739783e-01 4.434190055789990481e-01 -8.013225595309889648e-01
-2.551299333572387695e-01 -6.210188269615173340e-01 -1.912193894386291504e+00 4.939641222647428442e-02 3.985016777354582485e-01 4.434120320049754205e-01 -8.013213861074496291e-01
-2.551397979259490967e-01 -6.209904551506042480e-01 -1.912176251411437988e+00 4.940206811857725949e-02 3.984850110037023718e-01 4.433974627512107247e-01 -8.013365732113940654e-01
-2.551434934139251709e-01 -6.209906339645385742e-01 -1.912173986434936523e+00 4.940659236608373195e-02 3.984807925267810358e-01 4.433945604114797323e-01 -8.013422133340223352e-01
-2.551470994949340820e-01 -6.209911704063415527e-01 -1.912171483039855957e+00 4.940787416089170714e-02 3.984870424061771610e-01 4.433948195693843686e-01 -8.013393689048738944e-01
-2.551275789737701416e-01 -6.210204958915710449e-01 -1.912190794944763184e+00 4.946303522930491081e-02 3.984903207033007044e-01 4.434133899125211609e-01 -8.013226805736536340e-01
-2.551283240318298340e-01 -6.210247278213500977e-01 -1.912189960479736328e+00 4.946348711503305295e-02 3.984963203827973088e-01 4.434165691401748544e-01 -8.013186737087637512e-01
-2.551311254501342773e-01 -6.210302710533142090e-01 -1.912189722061157227e+00 4.946800574527798755e-02 3.985005857505277138e-01 4.434167312902479452e-01 -8.013174712089130569e-01
-2.551421225070953369e-01 -6.210578680038452148e-01 -1.912228584289550781e+00 4.946536992779861780e-02 3.985197115891190855e-01 4.433843278044675706e-01 -8.013253765875610890e-01
-2.551461160182952881e-01 -6.210847496986389160e-01 -1.912261843681335449e+00 4.948231201882417885e-02 3.985118509742128778e-01 4.433990499237361882e-01 -8.013221909680994237e-01
-2.551533877849578857e-01 -6.210970282554626465e-01 -1.912266492843627930e+00 4.947997811973815774e-02 3.985143858124455263e-01 4.433925592775498914e-01 -8.013236989559378021e-01
-2.551400661468505859e-01 -6.211123466491699219e-01 -1.912383913993835449e+00 4.950993401134102384e-02 3.984583639318926562e-01 4.433987729712600134e-01 -8.013411837735827659e-01
-2.551462352275848389e-01 -6.211227774620056152e-01 -1.912395477294921875e+00 4.952467950026874510e-02 3.984654961736169287e-01 4.433976396660340713e-01 -8.013396885083401422e-01
-2.551654279232025146e-01 -6.211204528808593750e-01 -1.912408709526062012e+00 4.951783392647561566e-02 3.984805588381187258e-01 4.433840066408852865e-01 -8.013407821893757665e-01
-2.551581859588623047e-01 -6.211007237434387207e-01 -1.912364959716796875e+00 4.950880534913348896e-02 3.984653408073364211e-01 4.433661420596430869e-01 -8.013609570100511670e-01
-2.551591992378234863e-01 -6.211291551589965820e-01 -1.912397861480712891e+00 4.954558649375627455e-02 3.984648751546582268e-01 4.433597122592615181e-01 -8.013598947463599353e-01
-2.551724016666412354e-01 -6.211364269256591797e-01 -1.912406921386718750e+00 4.956302730573235171e-02 3.984629580639831858e-01 4.433714608266622337e-01 -8.013540506583646250e-01
-2.551294863224029541e-01 -6.210933327674865723e-01 -1.912391066551208496e+00 4.955581116248089502e-02 3.984806877744894171e-01 4.433942264830509350e-01 -8.013322711923491770e-01
-2.551304399967193604e-01 -6.210955381393432617e-01 -1.912398934364318848e+00 4.956287698013077392e-02 3.984828070162199642e-01 4.433833283928568236e-01 -8.013381414365614575e-01
-2.551397383213043213e-01 -6.210908293724060059e-01 -1.912408351898193359e+00 4.955919386045668645e-02 3.984877660284489309e-01 4.433880162154311688e-01 -8.013348540865764535e-01
-2.551318109035491943e-01 -6.210716366767883301e-01 -1.912373065948486328e+00 4.952234759788589485e-02 3.984818518875470894e-01 4.433842159816601125e-01 -8.013408628235103581e-01
-2.551382780075073242e-01 -6.210830807685852051e-01 -1.912400245666503906e+00 4.956280181715900374e-02 3.984846139317587688e-01 4.433936216601478963e-01 -8.013333436394423082e-01
-2.551425397396087646e-01 -6.210767030715942383e-01 -1.912407755851745605e+00 4.956610888009310711e-02 3.984892926744088570e-01 4.433892914216850389e-01 -8.013311362477884003e-01
-2.551496326923370361e-01 -6.210893392562866211e-01 -1.912351965904235840e+00 4.955866767815847451e-02 3.985340917245024928e-01 4.434200854511162748e-01 -8.012910443165747187e-01
-2.551552653312683105e-01 -6.210926771163940430e-01 -1.912353873252868652e+00 4.955287930411497038e-02 3.985343356168515316e-01 4.434321882399718806e-01 -8.012836054374602446e-01
-2.551685273647308350e-01 -6.210871934890747070e-01 -1.912343144416809082e+00 4.954077415475136720e-02 3.985300507660801128e-01 4.434325575519779128e-01 -8.012886986467173678e-01
-2.551478445529937744e-01 -6.210702657699584961e-01 -1.912346124649047852e+00 4.951903761241296942e-02 3.985470049666322567e-01 4.434153575626388344e-01 -8.012885035239271092e-01
-2.551523745059967041e-01 -6.210742592811584473e-01 -1.912349581718444824e+00 4.952046695146272715e-02 3.985457323753048842e-01 4.434191090010090597e-01 -8.012867400005029284e-01
-2.551535069942474365e-01 -6.210849881172180176e-01 -1.912349581718444824e+00 4.951821008147411218e-02 3.985551699585110907e-01 4.434158465387074144e-01 -8.012847417732473776e-01
-2.551510930061340332e-01 -6.210623979568481445e-01 -1.912284255027770996e+00 4.950346266551469004e-02 3.985796853227934200e-01 4.434458998765363757e-01 -8.012575053648569590e-01
-2.551545798778533936e-01 -6.210771799087524414e-01 -1.912312388420104980e+00 4.951775869513302952e-02 3.985473678734478553e-01 4.434788699778285936e-01 -8.012535275243437560e-01
-2.551514208316802979e-01 -6.210912466049194336e-01 -1.912308096885681152e+00 4.953325393906995305e-02 3.985541556115703710e-01 4.434803261277767694e-01 -8.012471504755980245e-01
-2.551415562629699707e-01 -6.210595965385437012e-01 -1.912314176559448242e+00 4.951128837202772165e-02 3.985546077825032341e-01 4.434763315300329078e-01 -8.012557598198359887e-01
-2.551461756229400635e-01 -6.210618019104003906e-01 -1.912312984466552734e+00 4.951474934769987957e-02 3.985619600979832811e-01 4.434757288103500228e-01 -8.012527198706534959e-01
-2.551559507846832275e-01 -6.210568547248840332e-01 -1.912298917770385742e+00 4.949676468419810654e-02 3.985583584538609503e-01 4.434691791897196200e-01 -8.012560483800316158e-01
-2.551370263099670410e-01 -6.210268139839172363e-01 -1.912285327911376953e+00 4.944668925323440073e-02 3.985581648223734952e-01 4.434496754493488790e-01 -8.012714553699203934e-01
-2.551345229148864746e-01 -6.210491657257080078e-01 -1.912312150001525879e+00 4.946604772285063262e-02 3.985558221263124645e-01 4.434577798593397624e-01 -8.012680056567954567e-01
-2.551346123218536377e-01 -6.210496425628662109e-01 -1.912310004234313965e+00 4.946890942179763689e-02 3.985538518889639725e-01 4.434514047775167667e-01 -8.012686443071832532e-01
-2.551530301570892334e-01 -6.210799217224121094e-01 -1.912342309951782227e+00 4.947199685869262120e-02 3.985353043157882080e-01 4.434231275572819708e-01 -8.012951447246164927e-01
-2.551634311676025391e-01 -6.210792660713195801e-01 -1.912378311157226562e+00 4.948554918048236884e-02 3.985207118926312742e-01 4.434393023348719987e-01 -8.012893443285898920e-01
-2.551652789115905762e-01 -6.210798621177673340e-01 -1.912385106086730957e+00 4.948923778098818921e-02 3.985169033102960445e-01 4.434444908778409355e-01 -8.012922501168778799e-01
-2.551524937152862549e-01 -6.210814118385314941e-01 -1.912370204925537109e+00 4.948728059863128498e-02 3.984950254684739290e-01 4.434629320854877044e-01 -8.012911194927093694e-01
-2.551537156105041504e-01 -6.210841536521911621e-01 -1.912373900413513184e+00 4.949209813905520311e-02 3.984851399627525881e-01 4.434631213401452055e-01 -8.012945647243698843e-01
-2.551577985286712646e-01 -6.210802197456359863e-01 -1.912380456924438477e+00 4.950466670088344429e-02 3.984872147806854947e-01 4.434591949533804311e-01 -8.012998740219791083e-01
-2.551348805427551270e-01 -6.210625767707824707e-01 -1.912415742874145508e+00 4.948863557927631052e-02 3.984573166819807000e-01 4.434923424044013851e-01 -8.012949247163112521e-01
-2.551364302635192871e-01 -6.210633516311645508e-01 -1.912421107292175293e+00 4.949006579637730413e-02 3.984560388298152844e-01 4.434963871493692311e-01 -8.012929951605799461e-01
-2.551285028457641602e-01 -6.210754513740539551e-01 -1.912415146827697754e+00 4.949149597214753948e-02 3.984821601452372408e-01 4.434892918753730040e-01 -8.012854963077533643e-01
-2.551446259021759033e-01 -6.210930943489074707e-01 -1.912383437156677246e+00 4.946198081321755841e-02 3.984482030921271956e-01 4.434939409981815683e-01 -8.012983390062760058e-01
-2.551451921463012695e-01 -6.210956573486328125e-01 -1.912387251853942871e+00 4.945610579777326432e-02 3.984494367453490504e-01 4.434908841245032707e-01 -8.012984668723986958e-01
-2.551378011703491211e-01 -6.211071610450744629e-01 -1.912380933761596680e+00 4.944940140191199374e-02 3.984570522860859110e-01 4.434814031242392818e-01 -8.013037474992221743e-01
-2.551433742046356201e-01 -6.210880875587463379e-01 -1.912361502647399902e+00 4.944375092428411611e-02 3.984299567044793378e-01 4.435007414827719652e-01 -8.013053604893478621e-01
-2.551440894603729248e-01 -6.210880279541015625e-01 -1.912363052368164062e+00 4.945459927113557419e-02 3.984278279287934432e-01 4.435043941082126295e-01 -8.013035928500107374e-01
-2.551523745059967041e-01 -6.210776567459106445e-01 -1.912355303764343262e+00 4.942800151855109708e-02 3.984339091458331539e-01 4.435133270065969580e-01 -8.012984023484218676e-01
-2.551380991935729980e-01 -6.210847496986389160e-01 -1.912371397018432617e+00 4.942935812418196989e-02 3.983916217577673780e-01 4.435068824435641766e-01 -8.013193690286463111e-01
-2.551386058330535889e-01 -6.210872530937194824e-01 -1.912372231483459473e+00 4.942709709411150648e-02 3.983911544724368370e-01 4.435045597360084968e-01 -8.013249729909005525e-01
-2.551436424255371094e-01 -6.210802793502807617e-01 -1.912364125251770020e+00 4.941556423151917399e-02 3.983891454832635959e-01 4.435022238235419301e-01 -8.013280461618623729e-01
-2.551359832286834717e-01 -6.210896968841552734e-01 -1.912425637245178223e+00 4.941435802507046504e-02 3.983660006512864116e-01 4.435248103869125491e-01 -8.013293625162011269e-01
-2.551378607749938965e-01 -6.210944652557373047e-01 -1.912429451942443848e+00 4.941134238012532404e-02 3.983667907501013405e-01 4.435322770505795709e-01 -8.013244378891840602e-01
-2.551422417163848877e-01 -6.210943460464477539e-01 -1.912423849105834961e+00 4.939460220422321052e-02 3.983597106896093476e-01 4.435350737228096474e-01 -8.013220906221971696e-01
-2.551256716251373291e-01 -6.210719943046569824e-01 -1.912418246269226074e+00 4.939829759579474761e-02 3.983649019531476654e-01 4.435377904643874603e-01 -8.013202135257287972e-01
-2.551262080669403076e-01 -6.210753321647644043e-01 -1.912420272827148438e+00 4.939324464400680903e-02 3.983694527637278160e-01 4.435400237459104500e-01 -8.013204325379074122e-01
-2.551208138465881348e-01 -6.210829615592956543e-01 -1.912404656410217285e+00 4.935793497243728262e-02 3.983733693268712295e-01 4.435397245233127506e-01 -8.013164481956149832e-01
-2.551084458827972412e-01 -6.210690140724182129e-01 -1.912324428558349609e+00 4.939686472167398312e-02 3.983649943200071597e-01 4.435735826565079809e-01 -8.013012250418236615e-01
-2.551077008247375488e-01 -6.210717558860778809e-01 -1.912320256233215332e+00 4.939565805859669895e-02 3.983714074253132953e-01 4.435657149988019299e-01 -8.013014928039338125e-01
-2.551086544990539551e-01 -6.210694313049316406e-01 -1.912304997444152832e+00 4.936502911292019180e-02 3.983680393002098086e-01 4.435813323614533066e-01 -8.012996980200265407e-01
-2.551336884498596191e-01 -6.210571527481079102e-01 -1.912364125251770020e+00 4.936201045435225504e-02 3.983791183870918351e-01 4.435498951353797903e-01 -8.013103621465977877e-01
-2.551357448101043701e-01 -6.210581064224243164e-01 -1.912365198135375977e+00 4.936729298571439217e-02 3.983881050734263685e-01 4.435495206954547243e-01 -8.013053611330813730e-01
-2.551391124725341797e-01 -6.210544705390930176e-01 -1.912355065345764160e+00 4.935710474041990481e-02 3.983915427277659460e-01 4.435514119417710566e-01 -8.013013970461324575e-01
-2.551598846912384033e-01 -6.210573911666870117e-01 -1.912385702133178711e+00 4.933966664093801524e-02 3.983544611519689305e-01 4.435423716729768873e-01 -8.013275886560212724e-01
-2.551576197147369385e-01 -6.210655570030212402e-01 -1.912378787994384766e+00 4.933490972588563950e-02 3.983563238862576905e-01 4.435301669693208493e-01 -8.013319104808960258e-01
-2.551608681678771973e-01 -6.210672259330749512e-01 -1.912380695343017578e+00 4.933543829465249220e-02 3.983517539487062553e-01 4.435362884434578823e-01 -8.013287618696007808e-01
-2.551504075527191162e-01 -6.210752129554748535e-01 -1.912433385848999023e+00 4.933241782541766818e-02 3.983622491935239207e-01 4.434909512986078828e-01 -8.013509417175421756e-01
-2.551538944244384766e-01 -6.210781931877136230e-01 -1.912438750267028809e+00 4.932622528526421635e-02 3.983699674337583541e-01 4.434868136539453776e-01 -8.013500417444086033e-01
-2.551565766334533691e-01 -6.210822463035583496e-01 -1.912435054779052734e+00 4.932667842431943950e-02 3.983756726426904704e-01 4.434996566803025009e-01 -8.013422270130112768e-01
-2.551378011703491211e-01 -6.210840344429016113e-01 -1.912469387054443359e+00 4.929555319874489444e-02 3.983720810941286938e-01 4.434752844522243942e-01 -8.013589512027696760e-01
-2.551383972167968750e-01 -6.210874319076538086e-01 -1.912476897239685059e+00 4.929925601486839087e-02 3.983615043777485876e-01 4.434734104549889477e-01 -8.013617830358434890e-01
-2.551461160182952881e-01 -6.210962533950805664e-01 -1.912444472312927246e+00 4.930945621278054469e-02 3.983377251474815028e-01 4.434880464343780027e-01 -8.013656961437737314e-01
-2.551467120647430420e-01 -6.211012601852416992e-01 -1.912450671195983887e+00 4.930938066351599203e-02 3.983371266706359215e-01 4.434944676721661594e-01 -8.013643552775880918e-01
-2.551470398902893066e-01 -6.211063265800476074e-01 -1.912457585334777832e+00 4.931972983463416699e-02 3.983366270783142982e-01 4.434920456844920755e-01 -8.013628251304721894e-01
-2.551580965518951416e-01 -6.210702657699584961e-01 -1.912386536598205566e+00 4.930794520549587612e-02 3.983336127980585673e-01 4.435321596283133272e-01 -8.013434114881080594e-01
-2.551600039005279541e-01 -6.210705637931823730e-01 -1.912386655807495117e+00 4.930696302592995489e-02 3.983209970580474657e-01 4.435316260774438968e-01 -8.013528764425432716e-01
-2.551628351211547852e-01 -6.210706830024719238e-01 -1.912387371063232422e+00 4.930386525452086499e-02 3.983294009332512542e-01 4.435350125367554797e-01 -8.013467083842694683e-01
-2.551563382148742676e-01 -6.210783123970031738e-01 -1.912368893623352051e+00 4.928459425605261068e-02 3.983300483887753374e-01 4.435400326807979465e-01 -8.013418240797450798e-01
-2.551369667053222656e-01 -6.210772395133972168e-01 -1.912377715110778809e+00 4.932818885777339596e-02 3.983432348463666894e-01 4.435537430648005541e-01 -8.013279606342235128e-01
-2.551345527172088623e-01 -6.210770010948181152e-01 -1.912376642227172852e+00 4.932441268741385304e-02 3.983543964105891177e-01 4.435526563777394959e-01 -8.013240538482294673e-01
-2.551465034484863281e-01 -6.210572719573974609e-01 -1.912370204925537109e+00 4.930303411200352703e-02 3.983491120615795800e-01 4.435542767891592630e-01 -8.013268202575219989e-01
-2.551508247852325439e-01 -6.210411787033081055e-01 -1.912365674972534180e+00 4.930069172588635168e-02 3.983136334197233119e-01 4.435659812777364985e-01 -8.013354236581609058e-01
-2.551524937152862549e-01 -6.210400462150573730e-01 -1.912360906600952148e+00 4.929782026203791134e-02 3.983226275014136730e-01 4.435600796325081530e-01 -8.013341897628407651e-01
-2.551647126674652100e-01 -6.210204958915710449e-01 -1.912355661392211914e+00 4.928300689681179569e-02 3.983177824266527223e-01 4.435754838182817683e-01 -8.013327120795514791e-01
-2.551617622375488281e-01 -6.210408806800842285e-01 -1.912397742271423340e+00 4.927832010929542039e-02 3.983157506514797830e-01 4.435753373334382910e-01 -8.013349918293337648e-01
-2.551641166210174561e-01 -6.210405230522155762e-01 -1.912398338317871094e+00 4.927567414529503143e-02 3.983235308978171352e-01 4.435752661551067844e-01 -8.013282757877676632e-01
-2.551626861095428467e-01 -6.210625767707824707e-01 -1.912379384040832520e+00 4.926334964084352896e-02 3.983224561323322477e-01 4.435785552525489117e-01 -8.013274486237047523e-01
-2.551435828208923340e-01 -6.210610270500183105e-01 -1.912409782409667969e+00 4.923982623111453766e-02 3.983363173787274336e-01 4.435414069581631868e-01 -8.013413690303801129e-01
-2.551417052745819092e-01 -6.210672855377197266e-01 -1.912409067153930664e+00 4.922855219038452940e-02 3.983343124897566478e-01 4.435427927298199458e-01 -8.013441796350841972e-01
-2.551442384719848633e-01 -6.210650801658630371e-01 -1.912397623062133789e+00 4.922597922866662340e-02 3.983272835205357021e-01 4.435423646642435158e-01 -8.013477718644073100e-01
-2.551403641700744629e-01 -6.210998892784118652e-01 -1.912403702735900879e+00 4.924587834243703693e-02 3.983091497826636851e-01 4.435437839354318124e-01 -8.013522727367805576e-01
-2.551372349262237549e-01 -6.211057305335998535e-01 -1.912403225898742676e+00 4.924050713077321451e-02 3.983078100502073227e-01 4.435470758293876825e-01 -8.013563133687082729e-01
-2.551342248916625977e-01 -6.211112141609191895e-01 -1.912404537200927734e+00 4.925510638046510375e-02 3.983189317530494433e-01 4.435375278538866706e-01 -8.013541593280407715e-01
-2.551276981830596924e-01 -6.211202144622802734e-01 -1.912382364273071289e+00 4.927431330848307950e-02 3.983360436877168564e-01 4.435466909581010087e-01 -8.013383100335074172e-01
-2.551216483116149902e-01 -6.211252808570861816e-01 -1.912380456924438477e+00 4.927884928504690232e-02 3.983377808328443792e-01 4.435478952072192116e-01 -8.013345511596636772e-01
-2.551130652427673340e-01 -6.211402416229248047e-01 -1.912365674972534180e+00 4.930182515242039626e-02 3.983498129106969876e-01 4.435300931914681888e-01 -8.013396695913904688e-01
-2.550910115242004395e-01 -6.211772561073303223e-01 -1.912339806556701660e+00 4.929933157964856705e-02 3.983515237536559006e-01 4.435250214978617711e-01 -8.013389432180152427e-01
-2.550873458385467529e-01 -6.211891770362854004e-01 -1.912334322929382324e+00 4.930794520549587612e-02 3.983596025215672132e-01 4.435303463917895095e-01 -8.013337408933141059e-01
-2.551276385784149170e-01 -6.211540699005126953e-01 -1.912364959716796875e+00 4.930235407588578339e-02 3.983497707158199508e-01 4.435177789213867183e-01 -8.013454291095116755e-01
-2.551726400852203369e-01 -6.211363077163696289e-01 -1.912303090095520020e+00 4.933188922428785594e-02 3.983637991906039955e-01 4.435192640272100362e-01 -8.013361187502718863e-01
-2.551786899566650391e-01 -6.211401224136352539e-01 -1.912297606468200684e+00 4.932766021132545947e-02 3.983716707305269833e-01 4.435146942784986002e-01 -8.013336786866807060e-01
-2.551978230476379395e-01 -6.211390495300292969e-01 -1.912291169166564941e+00 4.933823206406518641e-02 3.983741984106555778e-01 4.435087571082478863e-01 -8.013366933894368049e-01
-2.551975548267364502e-01 -6.211113333702087402e-01 -1.912320017814636230e+00 4.937121678598174745e-02 3.983564429946898078e-01 4.435028002781060130e-01 -8.013465590507553582e-01
-2.552072405815124512e-01 -6.211125850677490234e-01 -1.912317514419555664e+00 4.936925492483035249e-02 3.983589925356456618e-01 4.435119731611414373e-01 -8.013405236133708254e-01
-2.552127838134765625e-01 -6.211105585098266602e-01 -1.912302970886230469e+00 4.936585921166595364e-02 3.983562091698444885e-01 4.435150123825707391e-01 -8.013401044756347513e-01
-2.551923692226409912e-01 -6.210770010948181152e-01 -1.912360191345214844e+00 4.931889895947331320e-02 3.983581426621976562e-01 4.435001214699533789e-01 -8.013483778301627725e-01
-2.551970183849334717e-01 -6.210737228393554688e-01 -1.912362217903137207e+00 4.932365741864996184e-02 3.983559645671028160e-01 4.435014431949603764e-01 -8.013494659041303647e-01
-2.551816105842590332e-01 -6.210877895355224609e-01 -1.912348866462707520e+00 4.932969924497915964e-02 3.983627559343659863e-01 4.434960596108884490e-01 -8.013503977275612256e-01
-2.551617622375488281e-01 -6.210583448410034180e-01 -1.912383675575256348e+00 4.930575416268240252e-02 3.983298563106419943e-01 4.435264828144376281e-01 -8.013497061912787656e-01
-2.551609575748443604e-01 -6.210532188415527344e-01 -1.912385582923889160e+00 4.930703857889885688e-02 3.983255243103997478e-01 4.435279243393482340e-01 -8.013516485328837646e-01
-2.551570236682891846e-01 -6.210657954216003418e-01 -1.912487387657165527e+00 4.928739090747064761e-02 3.983382843318760691e-01 4.435115398024241928e-01 -8.013574256524466088e-01
-2.551562190055847168e-01 -6.210622191429138184e-01 -1.912499666213989258e+00 4.928104152405546334e-02 3.983312487335299301e-01 4.435172788737498650e-01 -8.013572618657250901e-01
-2.551541626453399658e-01 -6.210577487945556641e-01 -1.912511348724365234e+00 4.927937845511595055e-02 3.983292700784304419e-01 4.435153132398628184e-01 -8.013546725184294006e-01
-2.551743686199188232e-01 -6.210662126541137695e-01 -1.912473201751708984e+00 4.924360888785671991e-02 3.983441494187371368e-01 4.435330573225195749e-01 -8.013444191436014385e-01
-2.551763057708740234e-01 -6.210660934448242188e-01 -1.912482857704162598e+00 4.923854006162457081e-02 3.983421829181989504e-01 4.435299927524442021e-01 -8.013447483643417746e-01
-2.551776468753814697e-01 -6.210653185844421387e-01 -1.912492275238037109e+00 4.924292803108715200e-02 3.983475388837642295e-01 4.435261778078303241e-01 -8.013486903080929702e-01
-2.551588416099548340e-01 -6.210562586784362793e-01 -1.912470936775207520e+00 4.924232281716667270e-02 3.983596973951852860e-01 4.435561402911007978e-01 -8.013198053739772897e-01
-2.551571726799011230e-01 -6.210545897483825684e-01 -1.912479281425476074e+00 4.924640786679052723e-02 3.983553984254175617e-01 4.435626162397127148e-01 -8.013200546281714631e-01
-2.551560401916503906e-01 -6.210523843765258789e-01 -1.912487626075744629e+00 4.923475701544957617e-02 3.983588681524990460e-01 4.435655854994134950e-01 -8.013165839091299647e-01
-2.551744878292083740e-01 -6.210458874702453613e-01 -1.912492156028747559e+00 4.921803246837932327e-02 3.983525417761317744e-01 4.435258765395164171e-01 -8.013430358815283316e-01
-2.551752328872680664e-01 -6.210421919822692871e-01 -1.912504076957702637e+00 4.922438997924283993e-02 3.983525553220813031e-01 4.435267156026492241e-01 -8.013447343578097293e-01
-2.551753818988800049e-01 -6.210377812385559082e-01 -1.912514805793762207e+00 4.923051965861149903e-02 3.983541096993757358e-01 4.435268828960365894e-01 -8.013400010811324581e-01
-2.551562786102294922e-01 -6.210571527481079102e-01 -1.912430644035339355e+00 4.922136269552790377e-02 3.983764499039607054e-01 4.435167572919337942e-01 -8.013393756737612339e-01
-2.551546990871429443e-01 -6.210564970970153809e-01 -1.912429690361022949e+00 4.921462632116167801e-02 3.983634589277249560e-01 4.435156978107870351e-01 -8.013438452497900766e-01
-2.551525831222534180e-01 -6.210554838180541992e-01 -1.912431359291076660e+00 4.921931917376132226e-02 3.983669534516763866e-01 4.435097405066813492e-01 -8.013435822126869779e-01
-2.551580071449279785e-01 -6.210871338844299316e-01 -1.912410259246826172e+00 4.922529812805348515e-02 3.984087760166553638e-01 4.435027919559446641e-01 -8.013288909934977999e-01
-2.551568150520324707e-01 -6.210883855819702148e-01 -1.912407398223876953e+00 4.921788108906403891e-02 3.984037222389282817e-01 4.434966620222462463e-01 -8.013342984837661387e-01
